0.9058999999999999 1600229072
0.8769 1600229072
1.0227 1600229072
0.9884 1600229072
1.096 1600229072
1.0293 1600229072
0.9231 1600229072
1.0225 1600229072
0.7806 1600229072
1.0349 1600229072
0.8491 1600229072
0.8800000000000001 1600229072
0.8578000000000001 1600229072
1.0813000000000001 1600229072
1.0196 1600229072
0.9587000000000001 1600229072
0.9753000000000001 1600229072
0.8929 1600229072
0.8313000000000001 1600229072
0.9830000000000001 1600229072
1.0050000000000001 1600229072
0.9312 1600229072
0.9970000000000001 1600229072
1.0112 1600229072
1.0421 1600229072
1.1318 1600229072
0.8244 1600229072
0.8646 1600229072
0.9057999999999999 1600229072
1.0271000000000001 1600229072
1.1327 1600229072
1.0695000000000001 1600229072
1.0094 1600229072
1.0598 1600229072
0.8778000000000001 1600229072
1.0866 1600229072
1.06 1600229072
0.8571 1600229072
0.9059999999999999 1600229072
1.0655000000000001 1600229072
1.1438000000000001 1600229072
1.0543 1600229072
0.833 1600229072
0.8324 1600229072
0.9523999999999999 1600229072
0.9818 1600229072
1.0091 1600229072
1.0602 1600229072
1.0327 1600229072
1.0576 1600229072
1.0639 1600229072
1.052 1600229072
1.0775 1600229072
1.1799 1600229072
1.0028 1600229072
1.0816000000000001 1600229072
1.1106 1600229072
0.9232 1600229072
0.9735 1600229072
1.0198 1600229072
0.8915 1600229072
1.0086000000000002 1600229072
1.1368 1600229072
1.0016 1600229072
1.0163 1600229072
0.9663000000000002 1600229072
0.9322 1600229072
1.1781000000000001 1600229072
1.0049 1600229072
0.9826999999999999 1600229072
0.9453 1600229072
0.9863 1600229072
1.0656 1600229072
0.9730000000000001 1600229072
0.9962 1600229072
1.0026 1600229072
1.0568 1600229072
1.022 1600229072
1.1082 1600229072
1.0662 1600229072
1.0272000000000001 1600229072
1.0412000000000001 1600229072
0.9371 1600229072
1.013 1600229072
0.9104000000000001 1600229072
1.0572 1600229072
0.8549 1600229072
1.1802 1600229072
1.0072 1600229072
1.0968 1600229072
1.0272000000000001 1600229072
1.0271 1600229072
0.9428000000000001 1600229072
0.9333 1600229072
0.9360000000000002 1600229072
0.8724000000000001 1600229072
1.0419 1600229072
1.0971 1600229072
1.0354 1600229072
1.0098 1600229072
1.0328 1600229072
0.9878 1600229072
0.9125000000000001 1600229072
0.8748 1600229072
0.8927 1600229072
0.9771000000000001 1600229072
1.0336 1600229072
1.0179 1600229072
1.0008 1600229072
0.8989 1600229072
1.0167000000000002 1600229072
1.0108 1600229072
1.0365 1600229072
0.9962 1600229072
0.9762 1600229072
0.9176 1600229072
0.8755999999999999 1600229072
1.1234 1600229072
1.0251 1600229072
1.077 1600229072
1.1559 1600229072
1.0315 1600229072
0.8571 1600229072
1.0766 1600229072
0.8785000000000001 1600229072
1.0359 1600229072
1.0726 1600229072
1.0792 1600229072
0.9391 1600229072
1.0476 1600229072
1.0673000000000001 1600229072
0.8547 1600229072
0.9718 1600229072
0.9391 1600229072
1.11 1600229072
1.0869 1600229072
0.9229 1600229072
0.8691 1600229072
1.0519 1600229072
0.8945000000000001 1600229072
1.0447 1600229072
1.0398 1600229072
1.0230000000000001 1600229072
1.0651 1600229072
0.8860000000000001 1600229072
0.8491 1600229072
0.8860000000000001 1600229072
1.0297 1600229072
0.9369000000000001 1600229072
1.0617 1600229072
0.8775 1600229072
1.0809 1600229072
0.9390000000000001 1600229072
0.8687 1600229072
1.024 1600229072
0.8773 1600229072
0.9737 1600229072
0.9738 1600229072
0.8494000000000002 1600229072
1.0110000000000001 1600229072
1.0134 1600229072
0.9359 1600229072
0.9471 1600229072
0.9742 1600229072
1.025 1600229072
1.1309 1600229072
0.9326000000000001 1600229072
0.8902000000000001 1600229072
1.0171000000000001 1600229072
1.0218 1600229072
1.0375 1600229072
0.9318 1600229072
1.0364 1600229072
1.0089000000000001 1600229072
0.9365000000000001 1600229072
1.0099 1600229072
1.0372 1600229072
1.0153 1600229072
0.9747000000000001 1600229072
1.0571 1600229072
0.9340999999999999 1600229072
0.9466000000000001 1600229072
0.8949 1600229072
1.0046 1600229072
0.9475 1600229072
1.0338 1600229072
0.9635 1600229072
1.0797 1600229072
1.0129 1600229072
1.0219 1600229072
1.0691000000000002 1600229072
1.0664 1600229072
1.0184 1600229072
0.9761 1600229072
1.0262 1600229072
0.9007000000000001 1600229072
1.0368 1600229072
1.0159 1600229072
0.827 1600229072
0.8582000000000001 1600229072
1.1234 1600229072
0.9878 1600229072
1.0699 1600229072
1.0274 1600229072
1.0914 1600229072
0.8594000000000002 1600229072
0.9859 1600229072
1.1617 1600229072
0.8639000000000001 1600229072
1.0312000000000001 1600229072
1.0467 1600229072
0.9739 1600229072
1.0686 1600229072
1.0092 1600229072
0.8309 1600229072
1.0802 1600229072
0.9772000000000001 1600229072
1.0010000000000001 1600229072
0.903 1600229072
1.0766 1600229072
0.8591 1600229072
0.9943 1600229072
1.0184 1600229072
1.1404 1600229072
1.1236 1600229072
1.0599 1600229072
1.1739000000000002 1600229072
0.9123000000000001 1600229072
0.9610000000000001 1600229072
0.8775999999999999 1600229072
0.9724999999999999 1600229072
0.8593 1600229072
1.0759 1600229072
1.0668 1600229072
0.9784999999999999 1600229072
1.0361 1600229072
0.7769999999999999 1600229072
0.9661 1600229072
1.0547 1600229072
1.0515 1600229072
0.9763999999999999 1600229072
1.0544 1600229072
1.0453000000000001 1600229072
1.0902 1600229072
1.0392 1600229072
0.8780000000000001 1600229072
1.018 1600229072
0.9386000000000001 1600229072
1.0295 1600229072
1.0337 1600229072
1.1101 1600229072
0.8366 1600229072
1.1748 1600229072
0.9361000000000002 1600229072
1.0322 1600229072
1.003 1600229072
0.9366000000000001 1600229072
1.0646 1600229072
1.0022 1600229072
0.8598000000000001 1600229072
1.077 1600229072
0.9945999999999999 1600229072
1.1438 1600229072
0.871 1600229072
0.9604999999999999 1600229072
0.9364000000000001 1600229072
0.9232 1600229072
1.1314 1600229072
0.9173 1600229072
0.9656 1600229072
0.9368000000000001 1600229072
1.0563 1600229072
0.7927 1600229072
0.8773 1600229072
0.9446000000000001 1600229072
0.9361999999999999 1600229072
1.0577 1600229072
0.9450000000000001 1600229072
1.1497 1600229072
1.0095 1600229072
1.0334 1600229072
1.1102 1600229072
1.1266 1600229072
1.0792 1600229072
0.8595999999999999 1600229072
1.0181 1600229072
0.8592 1600229072
1.1083 1600229072
1.0375 1600229072
1.0131000000000001 1600229072
1.0137 1600229072
0.9832000000000001 1600229072
0.8911 1600229072
0.9863 1600229072
1.0554000000000001 1600229072
1.0277 1600229072
1.079 1600229072
1.0184 1600229072
1.0993 1600229072
1.1817 1600229072
0.8976 1600229072
1.1045 1600229072
0.9819 1600229072
0.9717 1600229072
0.9556 1600229072
1.1734 1600229072
0.9123000000000001 1600229072
0.8645 1600229072
1.1022 1600229072
1.0396 1600229072
1.135 1600229072
1.058 1600229072
0.9753000000000001 1600229072
0.9861 1600229072
1.0907 1600229072
1.0087 1600229072
1.0070000000000001 1600229072
1.0084 1600229072
0.8593 1600229072
0.9926999999999999 1600229072
1.0742 1600229072
0.9437 1600229072
1.0270000000000001 1600229072
0.9904999999999999 1600229072
1.0873000000000002 1600229072
1.0643 1600229072
1.1735 1600229072
1.0096 1600229072
0.9604000000000001 1600229072
0.8567 1600229072
1.0295 1600229072
0.9964 1600229072
1.1466 1600229072
0.9654 1600229072
0.8187 1600229072
0.9699 1600229072
1.097 1600229072
0.9551000000000001 1600229072
0.9279 1600229072
1.0179 1600229072
1.0221 1600229072
1.0109 1600229072
1.0324 1600229072
1.1028 1600229072
0.8525 1600229072
1.1325 1600229072
1.0405 1600229072
1.06 1600229072
1.0982 1600229072
1.0576 1600229072
0.9094 1600229072
1.0328 1600229072
1.0926 1600229072
1.036 1600229072
0.9862 1600229072
1.0104 1600229072
0.921 1600229072
1.067 1600229072
1.0807 1600229072
1.0342 1600229072
1.0113 1600229072
0.9859 1600229072
0.9365000000000001 1600229072
1.0576 1600229072
0.9206000000000001 1600229072
0.8769 1600229072
1.0555 1600229072
0.9129 1600229072
1.0491 1600229072
1.1014000000000002 1600229072
0.9059000000000001 1600229072
0.9868000000000001 1600229072
1.0884 1600229072
1.014 1600229072
1.0223 1600229072
0.9863 1600229072
1.0635000000000001 1600229072
1.0629 1600229072
0.9738 1600229072
0.9349000000000001 1600229072
1.0322 1600229072
0.9945000000000002 1600229072
1.0099 1600229072
0.9284000000000001 1600229072
0.9639 1600229072
0.9657999999999999 1600229072
0.9748 1600229072
1.0105 1600229072
0.9274 1600229072
0.8863000000000001 1600229072
1.0139 1600229072
1.0127 1600229072
1.1572 1600229072
1.0554000000000001 1600229072
1.0274 1600229072
0.9744999999999999 1600229072
1.0371 1600229072
1.0238 1600229072
1.0143 1600229072
0.9857 1600229072
0.9918 1600229072
0.8615000000000002 1600229072
1.0989 1600229072
0.9537 1600229072
0.9692000000000001 1600229072
1.0764 1600229072
1.0514000000000001 1600229072
0.911 1600229072
0.9258 1600229072
1.067 1600229072
0.9378 1600229072
1.07 1600229072
1.0554000000000001 1600229072
1.0631000000000002 1600229072
0.9042000000000001 1600229072
1.0939 1600229072
1.1009 1600229072
1.1855 1600229072
1.1207 1600229072
1.0023 1600229072
0.9353 1600229072
1.0849 1600229072
1.1758 1600229072
0.9912000000000001 1600229072
1.0605 1600229072
1.0845 1600229072
1.1638 1600229072
0.9211 1600229072
0.9292 1600229072
1.0605 1600229072
1.0306 1600229072
1.0234 1600229072
1.0208 1600229072
1.0343 1600229072
0.9909 1600229072
1.1365 1600229072
1.0857 1600229072
1.1847 1600229072
1.1854 1600229072
1.0513 1600229072
1.1865999999999999 1600229072
1.0225 1600229072
0.9859999999999999 1600229072
1.0392 1600229072
1.1806 1600229072
0.9080000000000001 1600229072
1.1732999999999998 1600229072
0.9858 1600229072
0.8639000000000001 1600229072
1.0048000000000001 1600229072
1.1855 1600229072
1.0195 1600229072
0.9324000000000001 1600229072
1.0701 1600229072
1.0174 1600229072
1.1783 1600229072
0.9732000000000001 1600229072
1.0729 1600229072
0.9757 1600229072
1.0355 1600229072
1.0262 1600229072
1.0095 1600229072
0.859 1600229072
1.0137 1600229072
0.9964999999999999 1600229072
0.8797000000000001 1600229072
0.9066000000000001 1600229072
1.0535 1600229072
1.0663 1600229072
0.9138 1600229072
1.0824 1600229072
0.9851000000000001 1600229072
1.0211000000000001 1600229072
1.0096 1600229072
1.0567 1600229072
1.0075 1600229072
1.0406 1600229072
0.9125000000000001 1600229072
0.9995 1600229072
1.0033 1600229072
1.0169 1600229072
1.032 1600229072
1.149 1600229072
0.9658 1600229072
1.0341 1600229072
1.1661 1600229072
0.9356 1600229072
1.0532 1600229072
0.9497 1600229072
0.7811000000000001 1600229072
1.0833000000000002 1600229072
1.0128 1600229072
0.9783 1600229072
1.0571000000000002 1600229072
1.0149000000000001 1600229072
0.9332 1600229072
1.069 1600229072
0.9319999999999999 1600229072
1.1184 1600229072
0.8593 1600229072
0.8608 1600229072
0.9676 1600229072
0.7815000000000001 1600229072
1.1441000000000001 1600229072
0.9759 1600229072
1.1062 1600229072
1.0724 1600229072
1.021 1600229072
1.0578 1600229072
0.8554000000000002 1600229072
1.0816000000000001 1600229072
0.9982 1600229072
