0.8602 1600359565
0.9994 1600359565
1.0646999999999998 1600359565
0.9993 1600359565
0.8318 1600359565
0.8928000000000001 1600359565
0.8823 1600359565
1.0648 1600359565
1.0572 1600359565
0.9994 1600359565
0.9587999999999999 1600359565
1.0259999999999998 1600359565
0.9263 1600359565
0.9875000000000002 1600359565
1.0742000000000003 1600359565
0.9854999999999999 1600359565
0.9486 1600359565
1.0274999999999999 1600359565
0.9567999999999999 1600359565
1.0309999999999997 1600359565
0.8694000000000001 1600359565
0.9612 1600359565
0.9743 1600359565
0.7908000000000001 1600359565
0.8475 1600359565
0.9352999999999999 1600359565
0.7957 1600359565
1.064 1600359565
0.9745 1600359565
0.9112 1600359565
0.9372 1600359565
0.9349999999999999 1600359565
1.1197 1600359565
0.9986999999999999 1600359565
0.9553 1600359565
1.0142000000000002 1600359565
0.9995999999999999 1600359565
0.9888999999999999 1600359565
0.9326 1600359565
1.0053 1600359565
0.9385 1600359565
0.8894000000000001 1600359565
1.0511 1600359565
1.0486 1600359565
0.8608000000000001 1600359565
0.9133000000000001 1600359565
0.9868999999999999 1600359565
0.9553999999999999 1600359565
1.1189 1600359565
0.9585999999999999 1600359565
1.0396999999999998 1600359565
0.8697 1600359565
1.0570999999999997 1600359565
0.8529 1600359565
0.9159 1600359565
0.9419000000000001 1600359565
0.8936000000000001 1600359565
0.86 1600359565
0.9601000000000001 1600359565
1.1062000000000003 1600359565
0.9228 1600359565
0.9153 1600359565
0.9037 1600359565
0.9820000000000001 1600359565
0.9744 1600359565
0.9609999999999999 1600359565
0.9856 1600359565
0.8532000000000001 1600359565
0.9084 1600359565
0.9865999999999999 1600359565
0.9222 1600359565
0.8434 1600359565
0.9994999999999999 1600359565
1.0114999999999998 1600359565
0.8924 1600359565
1.0837000000000003 1600359565
0.9588 1600359565
1.0933000000000002 1600359565
0.9365999999999999 1600359565
1.0030999999999999 1600359565
0.9116000000000001 1600359565
0.944 1600359565
0.956 1600359565
0.9873 1600359565
0.9995999999999999 1600359565
0.8564999999999999 1600359565
0.8261 1600359565
1.0135 1600359565
1.0263999999999998 1600359565
0.9953 1600359565
0.8846999999999999 1600359565
0.9113000000000001 1600359565
0.8482 1600359565
0.9956000000000002 1600359565
0.9838000000000001 1600359565
0.9398000000000001 1600359565
0.9087999999999999 1600359565
1.0307 1600359565
1.1208 1600359565
1.0135 1600359565
1.0280999999999998 1600359565
0.9822000000000001 1600359565
0.9453999999999999 1600359565
0.9574999999999999 1600359565
0.8478 1600359565
0.9935999999999999 1600359565
0.9547 1600359565
1.1083000000000003 1600359565
0.7955 1600359565
1.0487000000000002 1600359565
0.8433 1600359565
0.8853000000000001 1600359565
0.908 1600359565
0.8808000000000001 1600359565
1.0258000000000003 1600359565
0.9923000000000001 1600359565
1.0234 1600359565
0.8529000000000001 1600359565
1.0053 1600359565
1.0554000000000001 1600359565
0.9358000000000001 1600359565
1.0467 1600359565
0.9892 1600359565
0.8736 1600359565
1.0261999999999998 1600359565
0.9072000000000001 1600359565
0.8444000000000002 1600359565
0.936 1600359565
1.0572999999999997 1600359565
0.8953000000000001 1600359565
0.8076999999999999 1600359565
0.8269000000000001 1600359565
0.9327 1600359565
0.7543000000000001 1600359565
0.9279000000000001 1600359565
1.0125000000000002 1600359565
1.0127000000000002 1600359565
0.8062999999999999 1600359565
0.9553999999999999 1600359565
0.9893 1600359565
1.0135999999999998 1600359565
1.0025 1600359565
0.8432 1600359565
0.9991 1600359565
0.9164 1600359565
0.8906000000000001 1600359565
0.9763999999999999 1600359565
0.9448 1600359565
0.9508 1600359565
0.9343 1600359565
0.9371999999999999 1600359565
1.0308000000000002 1600359565
0.9741000000000001 1600359565
0.8767999999999999 1600359565
0.9094000000000001 1600359565
1.0203000000000002 1600359565
0.9476000000000001 1600359565
0.9392000000000001 1600359565
0.9227 1600359565
0.9217000000000001 1600359565
0.8986 1600359565
0.9822 1600359565
0.8780999999999999 1600359565
0.9392999999999999 1600359565
0.8942 1600359565
0.9379 1600359565
0.9305 1600359565
0.8844 1600359565
0.8810000000000001 1600359565
1.0645000000000002 1600359565
0.8857 1600359565
1.0709 1600359565
1.1215000000000002 1600359565
0.9946 1600359565
1.0030999999999999 1600359565
0.9552999999999999 1600359565
0.9783000000000001 1600359565
0.8436999999999999 1600359565
1.0141 1600359565
0.9920000000000001 1600359565
0.9835999999999999 1600359565
0.9984000000000001 1600359565
0.9615999999999999 1600359565
1.1007000000000002 1600359565
0.9701000000000001 1600359565
1.0748000000000002 1600359565
1.0116999999999998 1600359565
0.8445999999999999 1600359565
0.9966 1600359565
1.0642 1600359565
0.9343 1600359565
1.0046 1600359565
1.0480999999999998 1600359565
0.8843999999999999 1600359565
0.8932 1600359565
1.0289000000000001 1600359565
0.8950999999999999 1600359565
0.8474 1600359565
0.8589000000000001 1600359565
1.0248 1600359565
0.8767999999999999 1600359565
0.9082 1600359565
0.9874999999999999 1600359565
0.9817999999999999 1600359565
0.9882000000000001 1600359565
0.9018999999999999 1600359565
0.8557999999999999 1600359565
0.8534 1600359565
1.0937000000000001 1600359565
0.7658000000000001 1600359565
0.9748999999999999 1600359565
1.0359000000000003 1600359565
0.9348 1600359565
0.8966 1600359565
0.8515 1600359565
0.9357000000000001 1600359565
0.9223 1600359565
0.8646999999999999 1600359565
1.0287000000000002 1600359565
0.8745999999999999 1600359565
1.0295999999999998 1600359565
1.0354 1600359565
0.8428 1600359565
1.0666000000000002 1600359565
0.8767999999999999 1600359565
0.9218999999999999 1600359565
0.853 1600359565
0.9560000000000001 1600359565
1.0735000000000001 1600359565
1.0411000000000001 1600359565
0.9194 1600359565
0.8742 1600359565
1.1105 1600359565
1.0121 1600359565
0.8601999999999999 1600359565
0.8924 1600359565
1.0504000000000002 1600359565
0.7890999999999999 1600359565
0.9757 1600359565
1.0053 1600359565
0.8626999999999999 1600359565
0.9342999999999999 1600359565
1.0393 1600359565
0.9949 1600359565
0.9438 1600359565
0.8586000000000001 1600359565
0.8452000000000001 1600359565
0.9747 1600359565
1.0137 1600359565
0.9523 1600359565
1.1126 1600359565
0.9841000000000001 1600359565
1.0137 1600359565
0.9506 1600359565
0.9555000000000001 1600359565
0.9829 1600359565
0.9527 1600359565
1.0877 1600359565
0.9073 1600359565
0.9862000000000001 1600359565
1.0819 1600359565
1.0354999999999999 1600359565
0.9369999999999999 1600359565
0.9531 1600359565
0.9621000000000001 1600359565
1.0467 1600359565
0.8933000000000001 1600359565
0.9352999999999999 1600359565
0.9594999999999999 1600359565
0.7346999999999999 1600359565
0.9828999999999999 1600359565
0.8956 1600359565
0.9986 1600359565
0.9527999999999999 1600359565
0.9448999999999999 1600359565
1.0328 1600359565
0.9490999999999999 1600359565
0.7661000000000001 1600359565
1.0663999999999998 1600359565
0.9563 1600359565
0.7883000000000001 1600359565
0.8758 1600359565
0.9213000000000001 1600359565
0.8342999999999999 1600359565
0.8778 1600359565
1.0648 1600359565
0.8644000000000001 1600359565
0.9209999999999999 1600359565
0.9505 1600359565
0.9985999999999999 1600359565
1.0177999999999998 1600359565
0.9703 1600359565
0.9840000000000001 1600359565
0.9273000000000001 1600359565
0.9764 1600359565
1.0204 1600359565
0.8341 1600359565
1.1105999999999998 1600359565
0.9946 1600359565
0.8573000000000001 1600359565
1.0312999999999999 1600359565
0.877 1600359565
0.9572 1600359565
0.9361 1600359565
1.0244 1600359565
0.8567 1600359565
0.9905999999999999 1600359565
1.0937000000000001 1600359565
0.949 1600359565
1.0280999999999998 1600359565
0.9277000000000001 1600359565
1.0849000000000002 1600359565
0.9346 1600359565
0.8932000000000001 1600359565
0.8443999999999999 1600359565
0.7125 1600359565
1.0165000000000002 1600359565
1.0861999999999998 1600359565
0.8791 1600359565
0.8465999999999999 1600359565
0.9329999999999999 1600359565
0.9447999999999999 1600359565
0.9111 1600359565
0.9859000000000001 1600359565
0.8279 1600359565
0.8078 1600359565
0.8536 1600359565
1.0345 1600359565
1.0307 1600359565
0.9899000000000001 1600359565
0.9358000000000001 1600359565
1.0579 1600359565
0.8578 1600359565
0.7452999999999999 1600359565
1.0495 1600359565
0.9700000000000001 1600359565
1.1128 1600359565
0.9071 1600359565
0.9487999999999999 1600359565
0.8436 1600359565
0.9623 1600359565
1.0333 1600359565
0.9557000000000001 1600359565
0.9380000000000001 1600359565
0.953 1600359565
0.9376000000000001 1600359565
0.8919 1600359565
1.0137 1600359565
0.8762 1600359565
0.9027000000000001 1600359565
1.0116 1600359565
0.9994 1600359565
1.1290999999999998 1600359565
1.1294999999999997 1600359565
0.9832999999999998 1600359565
0.922 1600359565
0.8719 1600359565
0.9281 1600359565
0.9875999999999999 1600359565
0.7434999999999999 1600359565
1.0238999999999998 1600359565
0.8475 1600359565
0.9511999999999999 1600359565
0.957 1600359565
0.9176000000000001 1600359565
0.9645999999999999 1600359565
0.8799999999999999 1600359565
0.8762 1600359565
0.9328 1600359565
0.9352 1600359565
1.0484999999999998 1600359565
0.9913 1600359565
0.8077 1600359565
0.8439999999999999 1600359565
1.1101999999999999 1600359565
0.8352 1600359565
0.9954999999999999 1600359565
0.9701000000000001 1600359565
0.7603000000000001 1600359565
0.8583999999999999 1600359565
0.9565 1600359565
1.0354 1600359565
0.8938999999999999 1600359565
0.9602 1600359565
0.9364 1600359565
0.9605999999999999 1600359565
0.9341999999999999 1600359565
0.7173999999999999 1600359565
0.9617000000000001 1600359565
1.0219999999999998 1600359565
1.069 1600359565
0.9969 1600359565
1.0116999999999998 1600359565
0.9767 1600359565
1.0131999999999999 1600359565
0.9705 1600359565
0.8864 1600359565
0.9988999999999999 1600359565
0.8359999999999999 1600359565
0.9608 1600359565
0.7952 1600359565
0.9264999999999999 1600359565
0.9317 1600359565
0.9726 1600359565
0.9433999999999999 1600359565
0.9416000000000001 1600359565
0.892 1600359565
0.9604 1600359565
0.9833 1600359565
1.0425 1600359565
1.0377999999999998 1600359565
1.1109 1600359565
1.0112 1600359565
0.9743999999999999 1600359565
0.9813999999999999 1600359565
0.9034000000000001 1600359565
0.9956999999999999 1600359565
0.8575999999999999 1600359565
0.8956 1600359565
0.9521000000000001 1600359565
1.0513 1600359565
1.0057 1600359565
1.0139 1600359565
0.9338000000000001 1600359565
0.8564999999999999 1600359565
1.0267 1600359565
1.1183 1600359565
0.9079 1600359565
0.963 1600359565
0.9852999999999998 1600359565
0.9947999999999999 1600359565
0.8436 1600359565
1.1103 1600359565
0.9451 1600359565
0.9546999999999999 1600359565
1.0125000000000002 1600359565
0.9184 1600359565
0.8578 1600359565
0.9354000000000001 1600359565
0.9363 1600359565
0.8531000000000001 1600359565
0.9621000000000001 1600359565
0.9819000000000001 1600359565
0.9917999999999999 1600359565
1.0137 1600359565
0.7956999999999999 1600359565
0.8565 1600359565
0.912 1600359565
0.9433999999999999 1600359565
0.9083999999999999 1600359565
0.8576999999999999 1600359565
1.0619 1600359565
0.9498000000000001 1600359565
0.9444 1600359565
0.9365 1600359565
0.936 1600359565
0.8482 1600359565
0.8886 1600359565
0.9488 1600359565
1.0226000000000002 1600359565
0.8949999999999999 1600359565
0.9343999999999999 1600359565
1.0255 1600359565
0.7912 1600359565
0.9743 1600359565
1.0263 1600359565
1.0516999999999999 1600359565
0.9442 1600359565
0.8881 1600359565
0.9993 1600359565
1.0137 1600359565
0.9873999999999999 1600359565
1.0625999999999998 1600359565
0.9344 1600359565
0.9374000000000001 1600359565
1.0166 1600359565
0.9518000000000001 1600359565
0.9986999999999999 1600359565
0.8941999999999999 1600359565
1.033 1600359565
0.8981 1600359565
0.8434999999999999 1600359565
0.8437999999999999 1600359565
0.9618000000000001 1600359565
0.9968 1600359565
0.9367 1600359565
1.0509 1600359565
0.9327 1600359565
0.9693999999999999 1600359565
1.0502000000000002 1600359565
0.9357000000000001 1600359565
0.9851 1600359565
0.9221 1600359565
0.9176 1600359565
0.9778 1600359565
1.0127000000000002 1600359565
0.9793999999999999 1600359565
0.9522 1600359565
1.0928999999999998 1600359565
1.0449000000000002 1600359565
1.0249000000000001 1600359565
0.77 1600359565
1.0505 1600359565
1.0113999999999999 1600359565
0.9996999999999999 1600359565
0.9222 1600359565
1.0556 1600359565
1.0599000000000003 1600359565
0.9572999999999999 1600359565
0.8259 1600359565
0.9869999999999999 1600359565
0.8766999999999999 1600359565
