0.4375 1600529851
0.4376 1600529851
0.498 1600529851
0.5107999999999999 1600529851
0.49739999999999995 1600529851
0.5408000000000001 1600529851
0.5107 1600529851
0.4376 1600529851
0.5392 1600529851
0.5539000000000001 1600529851
0.5538 1600529851
0.5538000000000001 1600529851
0.5538 1600529851
0.5389999999999999 1600529851
0.5392 1600529851
0.5391 1600529851
0.3514999999999999 1600529851
0.3103 1600529851
0.3272999999999999 1600529851
0.32730000000000004 1600529851
0.3173 1600529851
0.3346 1600529851
0.35150000000000003 1600529851
0.34359999999999996 1600529851
0.5549000000000001 1600529851
0.4625 1600529851
0.46240000000000003 1600529851
0.5547000000000001 1600529851
0.4625 1600529851
0.4476 1600529851
0.4625 1600529851
0.5549 1600529851
0.5581 1600529851
0.5665 1600529851
0.5638 1600529851
0.5664 1600529851
0.5664 1600529851
0.4514 1600529851
0.5639000000000001 1600529851
0.4514 1600529851
0.6229 1600529851
0.4529000000000001 1600529851
0.5705 1600529851
0.45299999999999996 1600529851
0.474 1600529851
0.5705 1600529851
0.4524 1600529851
0.4529000000000001 1600529851
0.5178 1600529851
0.5421 1600529851
0.5183 1600529851
0.5465 1600529851
0.5184 1600529851
0.5466 1600529851
0.5185000000000001 1600529851
0.5183 1600529851
0.47509999999999997 1600529851
0.47509999999999997 1600529851
0.4484 1600529851
0.47509999999999997 1600529851
0.44809999999999994 1600529851
0.4479000000000001 1600529851
0.4751000000000001 1600529851
0.4749 1600529851
0.5475 1600529851
0.5547 1600529851
0.5545 1600529851
0.5547 1600529851
0.5546 1600529851
0.5544 1600529851
0.5475 1600529851
0.5548 1600529851
0.5765 1600529851
0.4779 1600529851
0.6376 1600529851
0.4779 1600529851
0.478 1600529851
0.6375000000000001 1600529851
0.4776 1600529851
0.4777 1600529851
0.43810000000000004 1600529851
0.4383 1600529851
0.48339999999999994 1600529851
0.48340000000000005 1600529851
0.48340000000000005 1600529851
0.43810000000000004 1600529851
0.43220000000000003 1600529851
0.48339999999999994 1600529851
0.4566 1600529851
0.4838 1600529851
0.4566 1600529851
0.5773999999999999 1600529851
0.4837 1600529851
0.6371 1600529851
0.5762 1600529851
0.48969999999999997 1600529851
0.5287000000000001 1600529851
0.5287 1600529851
0.5286 1600529851
0.5287000000000001 1600529851
0.5237 1600529851
0.5286000000000001 1600529851
0.5287000000000001 1600529851
0.5345 1600529851
0.47709999999999997 1600529851
0.47719999999999996 1600529851
0.47420000000000007 1600529851
0.4771000000000001 1600529851
0.4741000000000001 1600529851
0.477 1600529851
0.47709999999999997 1600529851
0.47709999999999997 1600529851
0.49019999999999997 1600529851
0.4616 1600529851
0.46140000000000003 1600529851
0.49019999999999997 1600529851
0.4901000000000001 1600529851
0.6401 1600529851
0.4902000000000001 1600529851
0.5784 1600529851
0.4918 1600529851
0.4918 1600529851
0.4918 1600529851
0.4918 1600529851
0.4655 1600529851
0.4877 1600529851
0.4919 1600529851
0.4897 1600529851
0.653 1600529851
0.5053 1600529851
0.5383 1600529851
0.5556 1600529851
0.5383 1600529851
0.6485 1600529851
0.4205 1600529851
0.6485 1600529851
0.4909 1600529851
0.5054000000000001 1600529851
0.4909 1600529851
0.4908 1600529851
0.5052 1600529851
0.5054 1600529851
0.5054000000000001 1600529851
0.5053000000000001 1600529851
0.5428000000000001 1600529851
0.5383 1600529851
0.5358 1600529851
0.5192 1600529851
0.5383 1600529851
0.5357000000000001 1600529851
0.5384 1600529851
0.5394000000000001 1600529851
0.5265000000000001 1600529851
0.5265000000000001 1600529851
0.5263 1600529851
0.6022 1600529851
0.5265000000000001 1600529851
0.6027 1600529851
0.514 1600529851
0.6485000000000001 1600529851
0.3619 1600529851
0.3618 1600529851
0.3619 1600529851
0.49739999999999995 1600529851
0.49739999999999995 1600529851
0.49260000000000004 1600529851
0.3619 1600529851
0.3618 1600529851
0.5508000000000001 1600529851
0.5509000000000001 1600529851
0.5182 1600529851
0.5194 1600529851
0.5509999999999999 1600529851
0.5509 1600529851
0.5509000000000001 1600529851
0.551 1600529851
0.5322 1600529851
0.5252 1600529851
0.5252 1600529851
0.5253 1600529851
0.5323 1600529851
0.5323 1600529851
0.5253 1600529851
0.5322 1600529851
0.5153 1600529851
0.5054000000000001 1600529851
0.516 1600529851
0.516 1600529851
0.5046 1600529851
0.5161 1600529851
0.5386 1600529851
0.5153 1600529851
0.4993000000000001 1600529851
0.5012 1600529851
0.4992 1600529851
0.5012 1600529851
0.4991 1600529851
0.4991 1600529851
0.5012 1600529851
0.4992000000000001 1600529851
0.4696 1600529851
0.6334 1600529851
0.5759 1600529851
0.47329999999999994 1600529851
0.4696 1600529851
0.5756 1600529851
0.5756 1600529851
0.5805 1600529851
0.6229 1600529851
0.474 1600529851
0.4683 1600529851
0.47409999999999997 1600529851
0.6229 1600529851
0.4741 1600529851
0.6306 1600529851
0.6229 1600529851
0.5767 1600529851
0.4568 1600529851
0.5702 1600529851
0.5702 1600529851
0.44289999999999996 1600529851
0.4568 1600529851
0.5702 1600529851
0.57 1600529851
0.4828 1600529851
0.3589 1600529851
0.4905999999999999 1600529851
0.34230000000000005 1600529851
0.3529 1600529851
0.3589 1600529851
0.49060000000000004 1600529851
0.49060000000000004 1600529851
0.4446 1600529851
0.43209999999999993 1600529851
0.4447 1600529851
0.4383 1600529851
0.4446 1600529851
0.4382999999999999 1600529851
0.43810000000000004 1600529851
0.4383 1600529851
0.5225 1600529851
0.5418000000000001 1600529851
0.5228 1600529851
0.5226999999999999 1600529851
0.5228999999999999 1600529851
0.5226 1600529851
0.5629000000000001 1600529851
0.5228 1600529851
0.3829 1600529851
0.38299999999999995 1600529851
0.373 1600529851
0.38020000000000004 1600529851
0.3854000000000001 1600529851
0.3802 1600529851
0.39449999999999996 1600529851
0.37970000000000004 1600529851
0.3398 1600529851
0.4506 1600529851
0.44389999999999996 1600529851
0.34719999999999995 1600529851
0.33440000000000003 1600529851
0.4436 1600529851
0.44389999999999996 1600529851
0.4439000000000001 1600529851
0.4889 1600529851
0.4887 1600529851
0.4889 1600529851
0.4885999999999999 1600529851
0.48830000000000007 1600529851
0.4818 1600529851
0.49019999999999997 1600529851
0.4887 1600529851
0.41590000000000005 1600529851
0.41900000000000004 1600529851
0.41600000000000004 1600529851
0.41600000000000004 1600529851
0.41900000000000004 1600529851
0.41899999999999993 1600529851
0.41690000000000005 1600529851
0.41579999999999995 1600529851
0.543 1600529851
0.5439 1600529851
0.5429999999999999 1600529851
0.544 1600529851
0.543 1600529851
0.5439999999999999 1600529851
0.5441 1600529851
0.544 1600529851
0.536 1600529851
0.5195 1600529851
0.5334 1600529851
0.5335 1600529851
0.5449999999999999 1600529851
0.536 1600529851
0.5196 1600529851
0.5449 1600529851
0.5278 1600529851
0.5436 1600529851
0.5435 1600529851
0.5272 1600529851
0.5436 1600529851
0.5284 1600529851
0.5273 1600529851
0.5235 1600529851
0.5529 1600529851
0.5481 1600529851
0.548 1600529851
0.5481 1600529851
0.5529 1600529851
0.5528000000000001 1600529851
0.5528 1600529851
0.5528 1600529851
0.589 1600529851
0.5882000000000001 1600529851
0.5882000000000001 1600529851
0.5185 1600529851
0.5185 1600529851
0.53 1600529851
0.5891 1600529851
0.5129 1600529851
0.54 1600529851
0.5482 1600529851
0.5483 1600529851
0.5401 1600529851
0.5482 1600529851
0.54 1600529851
0.5264 1600529851
0.5482 1600529851
0.38860000000000006 1600529851
0.38849999999999996 1600529851
0.3496 1600529851
0.3406 1600529851
0.3496 1600529851
0.3791 1600529851
0.38860000000000006 1600529851
0.3791 1600529851
0.5064 1600529851
0.5064000000000001 1600529851
0.4633 1600529851
0.48729999999999996 1600529851
0.48739999999999994 1600529851
0.6384 1600529851
0.4639 1600529851
0.5833 1600529851
0.48340000000000005 1600529851
0.48339999999999994 1600529851
0.4809 1600529851
0.4809 1600529851
0.48329999999999995 1600529851
0.48330000000000006 1600529851
0.4809 1600529851
0.48330000000000006 1600529851
0.5424 1600529851
0.5424 1600529851
0.49760000000000004 1600529851
0.5424 1600529851
0.5425 1600529851
0.5424 1600529851
0.5425 1600529851
0.5426 1600529851
0.43799999999999994 1600529851
0.43789999999999996 1600529851
0.43790000000000007 1600529851
0.4435 1600529851
0.41590000000000005 1600529851
0.4255 1600529851
0.44420000000000004 1600529851
0.43800000000000006 1600529851
0.49030000000000007 1600529851
0.4901 1600529851
0.49030000000000007 1600529851
0.4959 1600529851
0.4959 1600529851
0.4902000000000001 1600529851
0.4959 1600529851
0.49019999999999997 1600529851
0.4516 1600529851
0.45109999999999995 1600529851
0.4514 1600529851
0.4514 1600529851
0.4515 1600529851
0.4515 1600529851
0.4516 1600529851
0.4516 1600529851
0.4917 1600529851
0.4917 1600529851
0.48330000000000006 1600529851
0.48939999999999995 1600529851
0.5011 1600529851
0.5011 1600529851
0.5012 1600529851
0.4917 1600529851
0.548 1600529851
0.5478999999999999 1600529851
0.5478000000000001 1600529851
0.5385 1600529851
0.5479 1600529851
0.5537 1600529851
0.5385 1600529851
0.5537 1600529851
0.4789 1600529851
0.4791000000000001 1600529851
0.4791000000000001 1600529851
0.47939999999999994 1600529851
0.47840000000000005 1600529851
0.47929999999999995 1600529851
0.47940000000000005 1600529851
0.47939999999999994 1600529851
0.5558000000000001 1600529851
0.5558 1600529851
0.5556 1600529851
0.5208 1600529851
0.5559000000000001 1600529851
0.5373 1600529851
0.5557 1600529851
0.5555 1600529851
0.5664 1600529851
0.47619999999999996 1600529851
0.5561 1600529851
0.5663 1600529851
0.47609999999999997 1600529851
0.45319999999999994 1600529851
0.5665 1600529851
0.47609999999999997 1600529851
0.49800000000000005 1600529851
0.49160000000000004 1600529851
0.4981 1600529851
0.49149999999999994 1600529851
0.49139999999999995 1600529851
0.49139999999999995 1600529851
0.4981 1600529851
0.49149999999999994 1600529851
0.6507 1600529851
0.505 1600529851
0.6448 1600529851
0.6449 1600529851
0.4686 1600529851
0.4685999999999999 1600529851
0.5003000000000001 1600529851
0.5003 1600529851
0.49639999999999995 1600529851
0.49640000000000006 1600529851
0.5085999999999999 1600529851
0.49060000000000004 1600529851
0.49640000000000006 1600529851
0.49060000000000004 1600529851
0.5085999999999999 1600529851
0.49640000000000006 1600529851
0.4791000000000001 1600529851
0.5311 1600529851
0.4791000000000001 1600529851
0.5389 1600529851
0.5387000000000001 1600529851
0.4487 1600529851
0.43200000000000005 1600529851
0.5388999999999999 1600529851
0.4583 1600529851
0.3556 1600529851
0.4583 1600529851
0.3556 1600529851
0.4534 1600529851
0.35569999999999996 1600529851
0.3557 1600529851
0.3510000000000001 1600529851
0.3907999999999999 1600529851
0.39070000000000005 1600529851
0.28770000000000007 1600529851
0.29529999999999995 1600529851
0.2953 1600529851
0.3907 1600529851
0.39070000000000005 1600529851
0.37789999999999996 1600529851
0.5228 1600529851
0.5353 1600529851
0.5354 1600529851
0.5352 1600529851
0.5001 1600529851
0.5353 1600529851
0.5353 1600529851
0.5456 1600529851
0.43890000000000007 1600529851
0.44309999999999994 1600529851
0.43900000000000006 1600529851
0.43889999999999996 1600529851
0.43890000000000007 1600529851
0.44299999999999995 1600529851
0.43900000000000006 1600529851
0.4332999999999999 1600529851
0.41309999999999997 1600529851
0.4071 1600529851
0.41309999999999997 1600529851
0.4081 1600529851
0.4061 1600529851
0.40889999999999993 1600529851
0.4131 1600529851
0.3992 1600529851
0.575 1600529851
0.6191 1600529851
0.5685 1600529851
0.4865999999999999 1600529851
0.6191 1600529851
0.48660000000000003 1600529851
0.4865999999999999 1600529851
0.48119999999999996 1600529851
0.3889 1600529851
0.39770000000000005 1600529851
0.43409999999999993 1600529851
0.3888999999999999 1600529851
0.44530000000000003 1600529851
0.39769999999999994 1600529851
0.44520000000000004 1600529851
0.39770000000000005 1600529851
0.5203 1600529851
0.5304 1600529851
0.5539999999999999 1600529851
0.5204 1600529851
0.554 1600529851
0.5539999999999999 1600529851
0.5304 1600529851
0.554 1600529851
0.4154 1600529851
0.46730000000000005 1600529851
0.44179999999999997 1600529851
0.44179999999999997 1600529851
0.4154 1600529851
0.47219999999999995 1600529851
0.41000000000000003 1600529851
0.47219999999999995 1600529851
0.45699999999999996 1600529851
0.5235 1600529851
0.5275 1600529851
0.45030000000000003 1600529851
0.45020000000000004 1600529851
0.45719999999999994 1600529851
0.5387000000000001 1600529851
0.5276 1600529851
0.49460000000000004 1600529851
0.49460000000000004 1600529851
0.43139999999999995 1600529851
0.49460000000000004 1600529851
0.43000000000000005 1600529851
0.49460000000000004 1600529851
0.4316 1600529851
0.4317 1600529851
0.5039 1600529851
0.504 1600529851
0.5038 1600529851
0.5053 1600529851
0.5053 1600529851
0.5053 1600529851
0.5039 1600529851
0.5039 1600529851
0.5897 1600529851
0.5899 1600529851
0.48449999999999993 1600529851
0.49060000000000004 1600529851
0.48460000000000003 1600529851
0.5844 1600529851
0.4971 1600529851
0.6424000000000001 1600529851
0.5391 1600529851
0.4545 1600529851
0.45520000000000005 1600529851
0.5178 1600529851
0.5256 1600529851
0.5255000000000001 1600529851
0.4607 1600529851
0.43810000000000004 1600529851
0.44380000000000003 1600529851
0.5604 1600529851
0.5786 1600529851
0.5786 1600529851
0.3027000000000001 1600529851
0.5785 1600529851
0.30900000000000005 1600529851
0.5599 1600529851
0.4438 1600529851
0.4437 1600529851
0.49449999999999994 1600529851
0.49470000000000003 1600529851
0.48430000000000006 1600529851
0.49470000000000003 1600529851
0.49470000000000003 1600529851
0.4839 1600529851
0.4939 1600529851
0.49539999999999995 1600529851
0.49539999999999995 1600529851
0.4978 1600529851
0.49460000000000004 1600529851
0.49549999999999994 1600529851
0.49770000000000003 1600529851
0.49529999999999996 1600529851
0.4240999999999999 1600529851
0.42410000000000003 1600529851
0.45310000000000006 1600529851
0.4240999999999999 1600529851
0.42400000000000004 1600529851
0.42410000000000003 1600529851
0.42410000000000003 1600529851
0.45310000000000006 1600529851
0.4956999999999999 1600529851
0.49179999999999996 1600529851
0.49570000000000003 1600529851
0.49570000000000003 1600529851
0.49950000000000006 1600529851
0.4913 1600529851
0.49119999999999997 1600529851
0.49570000000000003 1600529851
0.5455 1600529851
0.5044 1600529851
0.5455 1600529851
0.5456 1600529851
0.5043 1600529851
0.5456000000000001 1600529851
0.5175 1600529851
0.5455 1600529851
0.5434 1600529851
0.5433000000000001 1600529851
0.5434 1600529851
0.5434 1600529851
0.5434 1600529851
0.5434 1600529851
0.5433 1600529851
0.5612999999999999 1600529851
0.5392 1600529851
0.5462 1600529851
0.5393 1600529851
0.5393000000000001 1600529851
0.5461 1600529851
0.5393 1600529851
0.5461 1600529851
0.5462 1600529851
0.5961 1600529851
0.5962000000000001 1600529851
0.5234 1600529851
0.5234 1600529851
0.5234 1600529851
0.5961 1600529851
0.6443 1600529851
0.5887 1600529851
0.6054 1600529851
0.6053999999999999 1600529851
0.5183 1600529851
0.6002000000000001 1600529851
0.542 1600529851
0.5207999999999999 1600529851
0.5419 1600529851
0.5419999999999999 1600529851
0.31309999999999993 1600529851
0.2965 1600529851
0.2966 1600529851
0.2965 1600529851
0.2965 1600529851
0.3066 1600529851
0.3066 1600529851
0.3067 1600529851
0.5292 1600529851
0.5293 1600529851
0.5306000000000001 1600529851
0.5305 1600529851
0.5306 1600529851
0.5307 1600529851
0.5172 1600529851
0.5229 1600529851
0.482 1600529851
0.4828 1600529851
0.489 1600529851
0.489 1600529851
0.4891 1600529851
0.4827 1600529851
0.48910000000000003 1600529851
0.4827 1600529851
0.42910000000000004 1600529851
0.39959999999999996 1600529851
0.4292 1600529851
0.39969999999999994 1600529851
0.39970000000000006 1600529851
0.4433 1600529851
0.39970000000000006 1600529851
0.4434 1600529851
0.5499999999999999 1600529851
0.5470999999999999 1600529851
0.55 1600529851
0.5345 1600529851
0.547 1600529851
0.5470999999999999 1600529851
0.5471 1600529851
0.5345 1600529851
0.586 1600529851
0.46950000000000003 1600529851
0.6486000000000001 1600529851
0.46599999999999997 1600529851
0.6486 1600529851
0.46939999999999993 1600529851
0.6485 1600529851
0.5859 1600529851
0.4855999999999999 1600529851
0.48560000000000003 1600529851
0.4857 1600529851
0.4858 1600529851
0.48550000000000004 1600529851
0.48579999999999995 1600529851
0.4858 1600529851
0.48549999999999993 1600529851
0.4606 1600529851
0.4606 1600529851
0.46080000000000004 1600529851
0.4607 1600529851
0.5644 1600529851
0.5645 1600529851
0.5575 1600529851
0.4607 1600529851
0.48930000000000007 1600529851
0.40349999999999997 1600529851
0.48119999999999996 1600529851
0.4033 1600529851
0.39860000000000007 1600529851
0.40349999999999997 1600529851
0.3671 1600529851
0.48940000000000006 1600529851
0.5477 1600529851
0.5433 1600529851
0.5435 1600529851
0.5435 1600529851
0.5433 1600529851
0.5432 1600529851
0.5478000000000001 1600529851
0.5287 1600529851
0.501 1600529851
0.3619 1600529851
0.362 1600529851
0.362 1600529851
0.49649999999999994 1600529851
0.362 1600529851
0.362 1600529851
0.5009999999999999 1600529851
0.4924 1600529851
0.4978 1600529851
0.4891 1600529851
0.49770000000000003 1600529851
0.5017 1600529851
0.5017 1600529851
0.4977 1600529851
0.49239999999999995 1600529851
0.5169 1600529851
0.544 1600529851
0.5158 1600529851
0.5169 1600529851
0.5159 1600529851
0.5117999999999999 1600529851
0.5439 1600529851
0.5117 1600529851
0.42680000000000007 1600529851
0.42679999999999996 1600529851
0.4053 1600529851
0.4 1600529851
0.4354 1600529851
0.4354 1600529851
0.4001 1600529851
0.4353 1600529851
0.5525 1600529851
0.5526 1600529851
0.5526 1600529851
0.5525 1600529851
0.5125 1600529851
0.5526 1600529851
0.5526 1600529851
0.5125000000000001 1600529851
0.49229999999999996 1600529851
0.5929 1600529851
0.49249999999999994 1600529851
0.5975 1600529851
0.49249999999999994 1600529851
0.49230000000000007 1600529851
0.49239999999999995 1600529851
0.4797 1600529851
0.41070000000000007 1600529851
0.34230000000000005 1600529851
0.34230000000000005 1600529851
0.34240000000000004 1600529851
0.41079999999999994 1600529851
0.34240000000000004 1600529851
0.34219999999999995 1600529851
0.41070000000000007 1600529851
0.5488 1600529851
0.5228 1600529851
0.5358 1600529851
0.5488 1600529851
0.5375 1600529851
0.5488 1600529851
0.5488 1600529851
0.5374 1600529851
0.4868 1600529851
0.4868 1600529851
0.49119999999999997 1600529851
0.4867 1600529851
0.4913 1600529851
0.4869 1600529851
0.49130000000000007 1600529851
0.4911 1600529851
0.5146000000000001 1600529851
0.598 1600529851
0.5144 1600529851
0.5143 1600529851
0.598 1600529851
0.5145 1600529851
0.5118 1600529851
0.5025 1600529851
0.3116 1600529851
0.3116 1600529851
0.30979999999999996 1600529851
0.3115 1600529851
0.3097 1600529851
0.2972 1600529851
0.3117 1600529851
0.3117 1600529851
0.4394 1600529851
0.4493 1600529851
0.44430000000000003 1600529851
0.4444 1600529851
0.4433 1600529851
0.43820000000000003 1600529851
0.4433 1600529851
0.44430000000000003 1600529851
0.5369 1600529851
0.4385 1600529851
0.40090000000000003 1600529851
0.5122 1600529851
0.5369 1600529851
0.4514 1600529851
0.4386 1600529851
0.5368999999999999 1600529851
0.5246 1600529851
0.5246 1600529851
0.5162 1600529851
0.5239 1600529851
0.5246 1600529851
0.5509999999999999 1600529851
0.5239 1600529851
0.5245 1600529851
0.3631 1600529851
0.3631 1600529851
0.3519 1600529851
0.31379999999999997 1600529851
0.3417 1600529851
0.34340000000000004 1600529851
0.3435 1600529851
0.36319999999999997 1600529851
0.38970000000000005 1600529851
0.44709999999999994 1600529851
0.43979999999999997 1600529851
0.44709999999999994 1600529851
0.37560000000000004 1600529851
0.43479999999999996 1600529851
0.3943 1600529851
0.39430000000000004 1600529851
0.5426 1600529851
0.5101 1600529851
0.5428 1600529851
0.5427000000000001 1600529851
0.5427 1600529851
0.5425 1600529851
0.5002 1600529851
0.5425000000000001 1600529851
0.41809999999999997 1600529851
0.409 1600529851
0.4091 1600529851
0.42910000000000004 1600529851
0.42389999999999994 1600529851
0.4034 1600529851
0.42900000000000005 1600529851
0.40900000000000003 1600529851
0.5548 1600529851
0.5549 1600529851
0.5547 1600529851
0.5550999999999999 1600529851
0.555 1600529851
0.5216999999999999 1600529851
0.5358 1600529851
0.5551 1600529851
0.603 1600529851
0.5409999999999999 1600529851
0.6031 1600529851
0.6031 1600529851
0.5237999999999999 1600529851
0.5236999999999999 1600529851
0.5237 1600529851
0.5238 1600529851
0.39390000000000003 1600529851
0.47509999999999997 1600529851
0.47509999999999997 1600529851
0.4467 1600529851
0.3991 1600529851
0.47509999999999997 1600529851
0.3991 1600529851
0.39379999999999993 1600529851
0.5853 1600529851
0.5853 1600529851
0.5035 1600529851
0.4812 1600529851
0.5036 1600529851
0.48119999999999996 1600529851
0.5036 1600529851
0.5654 1600529851
0.486 1600529851
0.47739999999999994 1600529851
0.48229999999999995 1600529851
0.4861 1600529851
0.48600000000000004 1600529851
0.4861 1600529851
0.486 1600529851
0.4859 1600529851
0.4495 1600529851
0.4495 1600529851
0.4495 1600529851
0.4497 1600529851
0.538 1600529851
0.5435 1600529851
0.4496 1600529851
0.44430000000000003 1600529851
0.4931 1600529851
0.4931 1600529851
0.4931 1600529851
0.49329999999999996 1600529851
0.49319999999999997 1600529851
0.4895 1600529851
0.4897 1600529851
0.48969999999999997 1600529851
0.48730000000000007 1600529851
0.48160000000000003 1600529851
0.48160000000000003 1600529851
0.48729999999999996 1600529851
0.48140000000000005 1600529851
0.48729999999999996 1600529851
0.48719999999999997 1600529851
0.48739999999999994 1600529851
0.3849 1600529851
0.3627 1600529851
0.3627 1600529851
0.38499999999999995 1600529851
0.3849 1600529851
0.3791 1600529851
0.3789 1600529851
0.38499999999999995 1600529851
0.533 1600529851
0.5331 1600529851
0.5317000000000001 1600529851
0.5329999999999999 1600529851
0.5317000000000001 1600529851
0.5316 1600529851
0.533 1600529851
0.5329999999999999 1600529851
0.6514 1600529851
0.6514 1600529851
0.4961 1600529851
0.6514 1600529851
0.4962 1600529851
0.6465 1600529851
0.5847 1600529851
0.6465000000000001 1600529851
0.48930000000000007 1600529851
0.4892 1600529851
0.49440000000000006 1600529851
0.4944 1600529851
0.4942 1600529851
0.4892000000000001 1600529851
0.49429999999999996 1600529851
0.48919999999999997 1600529851
0.5209 1600529851
0.6042000000000001 1600529851
0.6027 1600529851
0.6077 1600529851
0.5206999999999999 1600529851
0.5208999999999999 1600529851
0.6495 1600529851
0.521 1600529851
0.30920000000000003 1600529851
0.30920000000000003 1600529851
0.28769999999999996 1600529851
0.35119999999999996 1600529851
0.35120000000000007 1600529851
0.33629999999999993 1600529851
0.35120000000000007 1600529851
0.3354999999999999 1600529851
0.5337999999999999 1600529851
0.5339 1600529851
0.5289999999999999 1600529851
0.5337000000000001 1600529851
0.5338999999999999 1600529851
0.5289 1600529851
0.5289 1600529851
0.5424 1600529851
0.2995 1600529851
0.3092999999999999 1600529851
0.3082 1600529851
0.31210000000000004 1600529851
0.31209999999999993 1600529851
0.2995 1600529851
0.3047000000000001 1600529851
0.30469999999999997 1600529851
0.34230000000000005 1600529851
0.42490000000000006 1600529851
0.33459999999999995 1600529851
0.34220000000000006 1600529851
0.43089999999999995 1600529851
0.43079999999999996 1600529851
0.43089999999999995 1600529851
0.34229999999999994 1600529851
0.5384 1600529851
0.5264 1600529851
0.5525 1600529851
0.5265 1600529851
0.5253 1600529851
0.5525 1600529851
0.5253 1600529851
0.5525 1600529851
0.4664 1600529851
0.4415 1600529851
0.4415 1600529851
0.4415 1600529851
0.47440000000000004 1600529851
0.47439999999999993 1600529851
0.39060000000000006 1600529851
0.47440000000000004 1600529851
0.5294 1600529851
0.5294 1600529851
0.5259 1600529851
0.5294 1600529851
0.5258 1600529851
0.526 1600529851
0.5259 1600529851
0.5256000000000001 1600529851
0.45249999999999996 1600529851
0.4527 1600529851
0.44870000000000004 1600529851
0.38739999999999997 1600529851
0.38739999999999997 1600529851
0.4477 1600529851
0.4526 1600529851
0.3822 1600529851
0.3547 1600529851
0.3482 1600529851
0.3547 1600529851
0.39440000000000003 1600529851
0.3547 1600529851
0.3546 1600529851
0.39449999999999996 1600529851
0.39430000000000004 1600529851
0.4842000000000001 1600529851
0.4839 1600529851
0.48419999999999996 1600529851
0.4839 1600529851
0.4847 1600529851
0.4842000000000001 1600529851
0.4841000000000001 1600529851
0.4847 1600529851
0.2613 1600529851
0.40790000000000004 1600529851
0.40800000000000003 1600529851
0.42510000000000003 1600529851
0.4081 1600529851
0.4295 1600529851
0.4295 1600529851
0.4081 1600529851
0.6443 1600529851
0.5279 1600529851
0.644 1600529851
0.5862999999999999 1600529851
0.5617000000000001 1600529851
0.6441 1600529851
0.6442 1600529851
0.5618 1600529851
0.362 1600529851
0.38939999999999997 1600529851
0.3568 1600529851
0.3892 1600529851
0.3891 1600529851
0.3893 1600529851
0.37960000000000005 1600529851
0.38939999999999997 1600529851
0.607 1600529851
0.4988 1600529851
0.6505000000000001 1600529851
0.6028 1600529851
0.6505000000000001 1600529851
0.607 1600529851
0.4988 1600529851
0.6028 1600529851
0.5249 1600529851
0.5855 1600529851
0.6477 1600529851
0.6521 1600529851
0.3992 1600529851
0.5572 1600529851
0.3953 1600529851
0.6477 1600529851
0.5368 1600529851
0.5226999999999999 1600529851
0.537 1600529851
0.5449 1600529851
0.5365 1600529851
0.5369 1600529851
0.5367000000000001 1600529851
0.5368999999999999 1600529851
0.5031 1600529851
0.4689 1600529851
0.5098 1600529851
0.5677 1600529851
0.5099 1600529851
0.5033 1600529851
0.5033000000000001 1600529851
0.5676 1600529851
0.46330000000000005 1600529851
0.5544 1600529851
0.36839999999999995 1600529851
0.4879 1600529851
0.5706 1600529851
0.3471000000000001 1600529851
0.4879 1600529851
0.5706 1600529851
0.42700000000000005 1600529851
0.44289999999999996 1600529851
0.42190000000000005 1600529851
0.4685 1600529851
0.44290000000000007 1600529851
0.4234 1600529851
0.42699999999999994 1600529851
0.4686 1600529851
0.48929999999999996 1600529851
0.48929999999999996 1600529851
0.4892 1600529851
0.4895999999999999 1600529851
0.48329999999999995 1600529851
0.48960000000000004 1600529851
0.48929999999999996 1600529851
0.4897 1600529851
0.551 1600529851
0.5511 1600529851
0.5511 1600529851
0.5512 1600529851
0.5509999999999999 1600529851
0.5074000000000001 1600529851
0.5073 1600529851
0.5511 1600529851
0.45820000000000005 1600529851
0.45640000000000003 1600529851
0.45810000000000006 1600529851
0.45630000000000004 1600529851
0.45820000000000005 1600529851
0.4535 1600529851
0.45640000000000003 1600529851
0.45809999999999995 1600529851
0.4937 1600529851
0.46299999999999997 1600529851
0.5612 1600529851
0.49369999999999997 1600529851
0.3981 1600529851
0.4936999999999999 1600529851
0.5610999999999999 1600529851
0.4937999999999999 1600529851
0.5027 1600529851
0.5027 1600529851
0.43439999999999995 1600529851
0.5081 1600529851
0.4497 1600529851
0.4497 1600529851
0.5027 1600529851
0.4497 1600529851
0.45799999999999996 1600529851
0.4766 1600529851
0.47650000000000003 1600529851
0.47650000000000003 1600529851
0.4766 1600529851
0.4766 1600529851
0.46140000000000003 1600529851
0.46140000000000003 1600529851
0.41779999999999995 1600529851
0.4174 1600529851
0.4175 1600529851
0.41790000000000005 1600529851
0.41459999999999997 1600529851
0.4178 1600529851
0.41779999999999995 1600529851
0.4146 1600529851
0.4921 1600529851
0.5731 1600529851
0.49219999999999997 1600529851
0.4583 1600529851
0.573 1600529851
0.5544 1600529851
0.3288000000000001 1600529851
0.3194 1600529851
0.38439999999999996 1600529851
0.38439999999999996 1600529851
0.38439999999999996 1600529851
0.3843 1600529851
0.3792 1600529851
0.38999999999999996 1600529851
0.3843 1600529851
0.39 1600529851
0.4558 1600529851
0.5944 1600529851
0.5946 1600529851
0.5945 1600529851
0.45520000000000005 1600529851
0.4701000000000001 1600529851
0.4473999999999999 1600529851
0.4474 1600529851
0.5358999999999999 1600529851
0.5357 1600529851
0.536 1600529851
0.5358 1600529851
0.5359 1600529851
0.5275000000000001 1600529851
0.5274 1600529851
0.5355 1600529851
0.5816 1600529851
0.5751000000000001 1600529851
0.5752 1600529851
0.6308 1600529851
0.4527 1600529851
0.4776 1600529851
0.3408 1600529851
0.6308 1600529851
0.4687 1600529851
0.44320000000000004 1600529851
0.44780000000000003 1600529851
0.4431999999999999 1600529851
0.4687 1600529851
0.4334 1600529851
0.44320000000000004 1600529851
0.30929999999999996 1600529851
0.6545000000000001 1600529851
0.6502 1600529851
0.5279 1600529851
0.6546 1600529851
0.49950000000000006 1600529851
0.6546 1600529851
0.5278 1600529851
0.6545000000000001 1600529851
0.5522 1600529851
0.641 1600529851
0.5523 1600529851
0.5819 1600529851
0.5521 1600529851
0.3473 1600529851
0.641 1600529851
0.5523 1600529851
0.39089999999999997 1600529851
0.4448000000000001 1600529851
0.4448 1600529851
0.39080000000000004 1600529851
0.38349999999999995 1600529851
0.4448 1600529851
0.4448 1600529851
0.4314 1600529851
0.5618000000000001 1600529851
0.5654 1600529851
0.4061 1600529851
0.5654 1600529851
0.5654 1600529851
0.5259 1600529851
0.5553999999999999 1600529851
0.5619 1600529851
0.5553 1600529851
0.5559 1600529851
0.556 1600529851
0.5301 1600529851
0.5559000000000001 1600529851
0.5226 1600529851
0.5554 1600529851
0.5554 1600529851
0.5198999999999999 1600529851
0.5136000000000001 1600529851
0.5205000000000001 1600529851
0.5201 1600529851
0.5359 1600529851
0.52 1600529851
0.5254000000000001 1600529851
0.5199 1600529851
0.5264 1600529851
0.536 1600529851
0.5265000000000001 1600529851
0.536 1600529851
0.5265000000000001 1600529851
0.5209 1600529851
0.5265 1600529851
0.5262 1600529851
0.3345 1600529851
0.49449999999999994 1600529851
0.49439999999999995 1600529851
0.49449999999999994 1600529851
0.4945 1600529851
0.3248 1600529851
0.47320000000000007 1600529851
0.3348 1600529851
0.4983000000000001 1600529851
0.4982 1600529851
0.5968 1600529851
0.5968 1600529851
0.4983000000000001 1600529851
0.4895999999999999 1600529851
0.4982 1600529851
0.49829999999999997 1600529851
0.5659 1600529851
0.5655 1600529851
0.5593 1600529851
0.5658000000000001 1600529851
0.5659000000000001 1600529851
0.5690999999999999 1600529851
0.5501 1600529851
0.5692 1600529851
0.3599 1600529851
0.3965000000000001 1600529851
0.3901 1600529851
0.4943 1600529851
0.3965 1600529851
0.49439999999999995 1600529851
0.39 1600529851
0.49429999999999996 1600529851
0.5648 1600529851
0.5648 1600529851
0.553 1600529851
0.5037 1600529851
0.5119 1600529851
0.5530999999999999 1600529851
0.5648 1600529851
0.5529 1600529851
0.43820000000000003 1600529851
0.37460000000000004 1600529851
0.3994000000000001 1600529851
0.3994 1600529851
0.4043 1600529851
0.43810000000000004 1600529851
0.3994 1600529851
0.37939999999999996 1600529851
0.5242 1600529851
0.5156000000000001 1600529851
0.5242 1600529851
0.524 1600529851
0.5326 1600529851
0.5410999999999999 1600529851
0.5242 1600529851
0.5324 1600529851
0.5373 1600529851
0.5373 1600529851
0.5294 1600529851
0.5416 1600529851
0.5203 1600529851
0.5265 1600529851
0.5203 1600529851
0.5203 1600529851
0.4769 1600529851
0.4769 1600529851
0.36719999999999997 1600529851
0.477 1600529851
0.36719999999999997 1600529851
0.4851 1600529851
0.4851 1600529851
0.3672 1600529851
0.34850000000000003 1600529851
0.3344999999999999 1600529851
0.34850000000000003 1600529851
0.33809999999999996 1600529851
0.3297 1600529851
0.3346 1600529851
0.3346 1600529851
0.3347 1600529851
0.45039999999999997 1600529851
0.45030000000000003 1600529851
0.45030000000000003 1600529851
0.44199999999999995 1600529851
0.4504 1600529851
0.44189999999999996 1600529851
0.44199999999999995 1600529851
0.44289999999999996 1600529851
0.4185000000000001 1600529851
0.41259999999999997 1600529851
0.4125 1600529851
0.41800000000000004 1600529851
0.41869999999999996 1600529851
0.41870000000000007 1600529851
0.41869999999999996 1600529851
0.41870000000000007 1600529851
0.4861 1600529851
0.4861000000000001 1600529851
0.5884999999999999 1600529851
0.46990000000000004 1600529851
0.5884 1600529851
0.4917 1600529851
0.4861000000000001 1600529851
0.4619 1600529851
0.6317 1600529851
0.48719999999999997 1600529851
0.48719999999999997 1600529851
0.4798 1600529851
0.6318 1600529851
0.6317 1600529851
0.48719999999999997 1600529851
0.48719999999999997 1600529851
0.39259999999999995 1600529851
0.46699999999999997 1600529851
0.39250000000000007 1600529851
0.46319999999999995 1600529851
0.3871 1600529851
0.4975 1600529851
0.4670000000000001 1600529851
0.467 1600529851
0.5399999999999999 1600529851
0.5403 1600529851
0.5402 1600529851
0.5402 1600529851
0.5402 1600529851
0.5402 1600529851
0.5401 1600529851
0.5399999999999999 1600529851
0.5858 1600529851
0.45719999999999994 1600529851
0.5859000000000001 1600529851
0.5920000000000001 1600529851
0.586 1600529851
0.5921000000000001 1600529851
0.5648 1600529851
0.5922000000000001 1600529851
0.44989999999999997 1600529851
0.44989999999999997 1600529851
0.4498 1600529851
0.4498 1600529851
0.4498 1600529851
0.44989999999999997 1600529851
0.44989999999999997 1600529851
0.4498 1600529851
0.3319 1600529851
0.3504 1600529851
0.3883 1600529851
0.3883 1600529851
0.31199999999999994 1600529851
0.35050000000000003 1600529851
0.31189999999999996 1600529851
0.31190000000000007 1600529851
0.31610000000000005 1600529851
0.3888 1600529851
0.31620000000000004 1600529851
0.3162 1600529851
0.3123 1600529851
0.3344 1600529851
0.31620000000000004 1600529851
0.31620000000000004 1600529851
0.4854 1600529851
0.48360000000000003 1600529851
0.48360000000000003 1600529851
0.48539999999999994 1600529851
0.4809 1600529851
0.48550000000000004 1600529851
0.4835999999999999 1600529851
0.48360000000000003 1600529851
0.44120000000000004 1600529851
0.44120000000000004 1600529851
0.4226 1600529851
0.4304 1600529851
0.4303 1600529851
0.44110000000000005 1600529851
0.44120000000000004 1600529851
0.42269999999999996 1600529851
0.47920000000000007 1600529851
0.47919999999999996 1600529851
0.47929999999999995 1600529851
0.6466999999999999 1600529851
0.591 1600529851
0.47930000000000006 1600529851
0.5911000000000001 1600529851
0.47929999999999995 1600529851
0.5405 1600529851
0.5405 1600529851
0.5331 1600529851
0.5405 1600529851
0.5181 1600529851
0.5216 1600529851
0.5404 1600529851
0.5330999999999999 1600529851
0.3972 1600529851
0.3434999999999999 1600529851
0.40959999999999996 1600529851
0.34340000000000004 1600529851
0.34330000000000005 1600529851
0.3433999999999999 1600529851
0.4053 1600529851
0.3434999999999999 1600529851
0.30709999999999993 1600529851
0.2645 1600529851
0.2984 1600529851
0.29840000000000005 1600529851
0.2984 1600529851
0.27379999999999993 1600529851
0.27390000000000003 1600529851
0.2935 1600529851
0.6013999999999999 1600529851
0.5646 1600529851
0.6014999999999999 1600529851
0.44710000000000005 1600529851
0.4638 1600529851
0.4472 1600529851
0.5653 1600529851
0.5645 1600529851
0.43509999999999993 1600529851
0.4353 1600529851
0.44270000000000004 1600529851
0.4427 1600529851
0.4353 1600529851
0.4428 1600529851
0.3003 1600529851
0.43529999999999996 1600529851
0.46840000000000004 1600529851
0.4758 1600529851
0.48729999999999996 1600529851
0.4873 1600529851
0.48719999999999997 1600529851
0.4873 1600529851
0.48729999999999996 1600529851
0.4759 1600529851
0.4969 1600529851
0.49629999999999996 1600529851
0.43310000000000004 1600529851
0.4273 1600529851
0.4272 1600529851
0.4386 1600529851
0.4911000000000001 1600529851
0.4969 1600529851
0.5569999999999999 1600529851
0.4675 1600529851
0.5558000000000001 1600529851
0.5557 1600529851
0.5499999999999999 1600529851
0.4675 1600529851
0.4675 1600529851
0.4476 1600529851
0.5395 1600529851
0.5344 1600529851
0.521 1600529851
0.5395 1600529851
0.5395 1600529851
0.5346 1600529851
0.5347000000000001 1600529851
0.5347 1600529851
0.5297000000000001 1600529851
0.5492 1600529851
0.5297000000000001 1600529851
0.5254 1600529851
0.5155 1600529851
0.5491999999999999 1600529851
0.5493 1600529851
0.5297000000000001 1600529851
0.5082 1600529851
0.49360000000000004 1600529851
0.49360000000000004 1600529851
0.5086 1600529851
0.4891 1600529851
0.5087 1600529851
0.5086 1600529851
0.5085999999999999 1600529851
0.531 1600529851
0.5302 1600529851
0.5242 1600529851
0.5303 1600529851
0.547 1600529851
0.5468999999999999 1600529851
0.547 1600529851
0.5309999999999999 1600529851
0.5251 1600529851
0.5252 1600529851
0.589 1600529851
0.5964 1600529851
0.5890000000000001 1600529851
0.5252 1600529851
0.5251 1600529851
0.5163 1600529851
0.3963 1600529851
0.3504999999999999 1600529851
0.35050000000000003 1600529851
0.3963 1600529851
0.3873 1600529851
0.34320000000000006 1600529851
0.3504 1600529851
0.39640000000000003 1600529851
0.5107999999999999 1600529851
0.5039 1600529851
0.5038 1600529851
0.5039 1600529851
0.5035000000000001 1600529851
0.5038 1600529851
0.5015000000000001 1600529851
0.5087 1600529851
0.513 1600529851
0.5221 1600529851
0.5221 1600529851
0.5325 1600529851
0.5324 1600529851
0.5325 1600529851
0.5133 1600529851
0.5221 1600529851
0.6034999999999999 1600529851
0.547 1600529851
0.5471 1600529851
0.547 1600529851
0.6035 1600529851
0.6034999999999999 1600529851
0.6033000000000001 1600529851
0.5218999999999999 1600529851
0.2987 1600529851
0.2911 1600529851
0.29800000000000004 1600529851
0.2980999999999999 1600529851
0.29810000000000003 1600529851
0.29869999999999997 1600529851
0.2911 1600529851
0.2984 1600529851
0.2966 1600529851
0.34919999999999995 1600529851
0.3347 1600529851
0.3107 1600529851
0.3107 1600529851
0.3059 1600529851
0.34940000000000004 1600529851
0.31060000000000004 1600529851
0.37529999999999997 1600529851
0.43069999999999997 1600529851
0.37539999999999996 1600529851
0.3753 1600529851
0.37529999999999997 1600529851
0.4205 1600529851
0.37529999999999997 1600529851
0.4204 1600529851
0.49749999999999994 1600529851
0.49739999999999995 1600529851
0.49740000000000006 1600529851
0.49760000000000004 1600529851
0.49739999999999995 1600529851
0.49759999999999993 1600529851
0.4976999999999999 1600529851
0.49740000000000006 1600529851
0.5401 1600529851
0.5327 1600529851
0.5399999999999999 1600529851
0.5328 1600529851
0.5401 1600529851
0.5401 1600529851
0.5401 1600529851
0.5327 1600529851
0.6027 1600529851
0.6027 1600529851
0.5224 1600529851
0.5137 1600529851
0.5313 1600529851
0.5313 1600529851
0.6026 1600529851
0.5224 1600529851
0.501 1600529851
0.5011 1600529851
0.4993000000000001 1600529851
0.4992 1600529851
0.493 1600529851
0.49929999999999997 1600529851
0.501 1600529851
0.501 1600529851
0.6033 1600529851
0.5221 1600529851
0.5292 1600529851
0.5292 1600529851
0.522 1600529851
0.6082 1600529851
0.6033 1600529851
0.6032 1600529851
0.5304 1600529851
0.5194 1600529851
0.5194 1600529851
0.5304 1600529851
0.5194 1600529851
0.5304 1600529851
0.5534 1600529851
0.5534 1600529851
0.4401999999999999 1600529851
0.4816999999999999 1600529851
0.4398000000000001 1600529851
0.48249999999999993 1600529851
0.48260000000000003 1600529851
0.44009999999999994 1600529851
0.43999999999999995 1600529851
0.44700000000000006 1600529851
0.5383 1600529851
0.5264 1600529851
0.5383 1600529851
0.5383 1600529851
0.5383 1600529851
0.5383 1600529851
0.5289 1600529851
0.529 1600529851
0.6316 1600529851
0.5764 1600529851
0.3066 1600529851
0.6317 1600529851
0.4897 1600529851
0.4657 1600529851
0.48940000000000006 1600529851
0.3265 1600529851
0.4628 1600529851
0.4626 1600529851
0.4627 1600529851
0.4629 1600529851
0.4629 1600529851
0.4627 1600529851
0.45680000000000004 1600529851
0.4628 1600529851
0.48350000000000004 1600529851
0.47329999999999994 1600529851
0.3338 1600529851
0.48950000000000005 1600529851
0.47330000000000005 1600529851
0.48360000000000003 1600529851
0.48350000000000004 1600529851
0.4061 1600529851
0.5013 1600529851
0.5013000000000001 1600529851
0.49970000000000003 1600529851
0.5013 1600529851
0.49970000000000003 1600529851
0.5012 1600529851
0.49959999999999993 1600529851
0.49970000000000003 1600529851
0.5455 1600529851
0.5402 1600529851
0.462 1600529851
0.5401 1600529851
0.5403 1600529851
0.32319999999999993 1600529851
0.49760000000000004 1600529851
0.5455 1600529851
0.4065 1600529851
0.4571 1600529851
0.43950000000000006 1600529851
0.4387 1600529851
0.45709999999999995 1600529851
0.4571 1600529851
0.4064 1600529851
0.4064 1600529851
0.5454 1600529851
0.5453 1600529851
0.5453 1600529851
0.5453 1600529851
0.5361 1600529851
0.5361 1600529851
0.5453 1600529851
0.5453 1600529851
0.5277 1600529851
0.5231 1600529851
0.5279 1600529851
0.5278999999999999 1600529851
0.5281 1600529851
0.5278 1600529851
0.5281 1600529851
0.5281 1600529851
0.404 1600529851
0.40959999999999996 1600529851
0.40959999999999996 1600529851
0.4206 1600529851
0.404 1600529851
0.40959999999999996 1600529851
0.41200000000000003 1600529851
0.42069999999999996 1600529851
0.4037 1600529851
0.40879999999999994 1600529851
0.4367 1600529851
0.4491 1600529851
0.4013 1600529851
0.44920000000000004 1600529851
0.4385 1600529851
0.40879999999999994 1600529851
0.6024 1600529851
0.5257999999999999 1600529851
0.5317 1600529851
0.5317 1600529851
0.6023000000000001 1600529851
0.5317000000000001 1600529851
0.5258 1600529851
0.5257000000000001 1600529851
0.48860000000000003 1600529851
0.4887 1600529851
0.4889 1600529851
0.48549999999999993 1600529851
0.48550000000000004 1600529851
0.48560000000000003 1600529851
0.4887 1600529851
0.4889 1600529851
0.5359999999999999 1600529851
0.5305 1600529851
0.5328 1600529851
0.5327999999999999 1600529851
0.5327999999999999 1600529851
0.5305 1600529851
0.5306 1600529851
0.5327 1600529851
0.5327999999999999 1600529851
0.5387 1600529851
0.5327999999999999 1600529851
0.5388 1600529851
0.5353 1600529851
0.5354000000000001 1600529851
0.5389 1600529851
0.5389 1600529851
0.3578 1600529851
0.3578 1600529851
0.3578 1600529851
0.5326 1600529851
0.5326 1600529851
0.5326 1600529851
0.5327 1600529851
0.5326000000000001 1600529851
0.49160000000000004 1600529851
0.4915999999999999 1600529851
0.4336 1600529851
0.49160000000000004 1600529851
0.43889999999999996 1600529851
0.48109999999999997 1600529851
0.43900000000000006 1600529851
0.43890000000000007 1600529851
0.5443 1600529851
0.5326 1600529851
0.5257 1600529851
0.5443 1600529851
0.5443 1600529851
0.5326 1600529851
0.5442 1600529851
0.5156000000000001 1600529851
0.5495 1600529851
0.5176999999999999 1600529851
0.4291 1600529851
0.5238999999999999 1600529851
0.5239 1600529851
0.5239 1600529851
0.5373 1600529851
0.4292 1600529851
0.6161000000000001 1600529851
0.3732 1600529851
0.5686 1600529851
0.6161000000000001 1600529851
0.6161 1600529851
0.5267000000000001 1600529851
0.5614 1600529851
0.5614 1600529851
0.5449 1600529851
0.5449 1600529851
0.5133000000000001 1600529851
0.5448 1600529851
0.5549000000000001 1600529851
0.5329999999999999 1600529851
0.34730000000000005 1600529851
0.5448999999999999 1600529851
0.4717 1600529851
0.46950000000000003 1600529851
0.4714999999999999 1600529851
0.4776 1600529851
0.47029999999999994 1600529851
0.4776 1600529851
0.4717 1600529851
0.4713 1600529851
0.5666 1600529851
0.6032 1600529851
0.6031 1600529851
0.6032 1600529851
0.46120000000000005 1600529851
0.6032 1600529851
0.49649999999999994 1600529851
0.49650000000000005 1600529851
0.5546 1600529851
0.5453 1600529851
0.5453 1600529851
0.5546 1600529851
0.5453 1600529851
0.5189 1600529851
0.5546 1600529851
0.5544 1600529851
0.30489999999999995 1600529851
0.30000000000000004 1600529851
0.30490000000000006 1600529851
0.33440000000000003 1600529851
0.3427 1600529851
0.34280000000000005 1600529851
0.3126 1600529851
0.3427 1600529851
0.4363 1600529851
0.4376 1600529851
0.4376 1600529851
0.43620000000000003 1600529851
0.4377 1600529851
0.4378 1600529851
0.4361999999999999 1600529851
0.43279999999999996 1600529851
0.43879999999999997 1600529851
0.4403 1600529851
0.4576 1600529851
0.4576 1600529851
0.5398999999999999 1600529851
0.5399 1600529851
0.5399 1600529851
0.5399 1600529851
0.5392 1600529851
0.5568 1600529851
0.5992999999999999 1600529851
0.37879999999999997 1600529851
0.4952 1600529851
0.5992999999999999 1600529851
0.4114 1600529851
0.5569 1600529851
0.4303 1600529851
0.4375 1600529851
0.5353 1600529851
0.4232 1600529851
0.5353 1600529851
0.5353 1600529851
0.4304 1600529851
0.5121 1600529851
0.5339999999999999 1600529851
0.5435 1600529851
0.5434 1600529851
0.5434 1600529851
0.5435 1600529851
0.5434 1600529851
0.5341 1600529851
0.5341 1600529851
0.4809 1600529851
0.4683999999999999 1600529851
0.48050000000000004 1600529851
0.481 1600529851
0.46840000000000004 1600529851
0.481 1600529851
0.48030000000000006 1600529851
0.48090000000000005 1600529851
0.5731 1600529851
0.5896 1600529851
0.3339 1600529851
0.5896 1600529851
0.5697 1600529851
0.5896 1600529851
0.5896 1600529851
0.5697 1600529851
0.3599 1600529851
0.3601 1600529851
0.5492 1600529851
0.3881 1600529851
0.5852 1600529851
0.6439 1600529851
0.5149 1600529851
0.5492 1600529851
0.5284 1600529851
0.52 1600529851
0.5285000000000001 1600529851
0.5286 1600529851
0.5286 1600529851
0.5285 1600529851
0.52 1600529851
0.5286000000000001 1600529851
0.5294 1600529851
0.42499999999999993 1600529851
0.5234000000000001 1600529851
0.5105 1600529851
0.5053000000000001 1600529851
0.35120000000000007 1600529851
0.5292 1600529851
0.5054 1600529851
0.5105 1600529851
0.34720000000000006 1600529851
0.5068 1600529851
0.5067999999999999 1600529851
0.5105999999999999 1600529851
0.4869 1600529851
0.4959 1600529851
0.5105 1600529851
0.6532 1600529851
0.5077 1600529851
0.5011 1600529851
0.6004 1600529851
0.5011 1600529851
0.6484 1600529851
0.5078 1600529851
0.5075000000000001 1600529851
0.5561 1600529851
0.5561 1600529851
0.38170000000000004 1600529851
0.5246000000000001 1600529851
0.6306 1600529851
0.5232 1600529851
0.35330000000000006 1600529851
0.5736 1600529851
0.5418000000000001 1600529851
0.5194 1600529851
0.5194 1600529851
0.5427000000000001 1600529851
0.5194 1600529851
0.5417 1600529851
0.5195 1600529851
0.5194 1600529851
0.4779 1600529851
0.47650000000000003 1600529851
0.4786 1600529851
0.4779 1600529851
0.4786 1600529851
0.4779 1600529851
0.4779 1600529851
0.478 1600529851
0.4919 1600529851
0.46430000000000005 1600529851
0.4687 1600529851
0.4642 1600529851
0.48919999999999997 1600529851
0.4687 1600529851
0.4845 1600529851
0.48919999999999997 1600529851
0.5094000000000001 1600529851
0.5115999999999999 1600529851
0.5095 1600529851
0.5095000000000001 1600529851
0.5095 1600529851
0.5115999999999999 1600529851
0.5043000000000001 1600529851
0.5043 1600529851
0.5642 1600529851
0.5287 1600529851
0.5642 1600529851
0.5643 1600529851
0.5287000000000001 1600529851
0.5445 1600529851
0.5643 1600529851
0.5446 1600529851
0.4337000000000001 1600529851
0.4255 1600529851
0.5997 1600529851
0.6503 1600529851
0.4424 1600529851
0.4338000000000001 1600529851
0.4423 1600529851
0.6505 1600529851
0.5381 1600529851
0.5549 1600529851
0.6033000000000001 1600529851
0.5678000000000001 1600529851
0.5686 1600529851
0.6034 1600529851
0.5381 1600529851
0.5683 1600529851
0.44399999999999995 1600529851
0.444 1600529851
0.2989 1600529851
0.3075 1600529851
0.46159999999999995 1600529851
0.4613999999999999 1600529851
0.444 1600529851
0.44409999999999994 1600529851
0.484 1600529851
0.45410000000000006 1600529851
0.4657 1600529851
0.45520000000000005 1600529851
0.4841 1600529851
0.4657 1600529851
0.4841 1600529851
0.41019999999999995 1600529851
0.489 1600529851
0.4992 1600529851
0.48140000000000005 1600529851
0.48910000000000003 1600529851
0.4992 1600529851
0.4992 1600529851
0.4817 1600529851
0.4992 1600529851
0.49660000000000004 1600529851
0.4966999999999999 1600529851
0.49239999999999995 1600529851
0.49670000000000003 1600529851
0.4968 1600529851
0.4917 1600529851
0.49670000000000003 1600529851
0.49629999999999996 1600529851
0.5734 1600529851
0.5616 1600529851
0.39280000000000004 1600529851
0.5578 1600529851
0.5578000000000001 1600529851
0.39280000000000004 1600529851
0.5579 1600529851
0.5616000000000001 1600529851
0.4421 1600529851
0.43690000000000007 1600529851
0.4367 1600529851
0.44220000000000004 1600529851
0.44209999999999994 1600529851
0.4365 1600529851
0.44909999999999994 1600529851
0.4496 1600529851
0.5343 1600529851
0.5342 1600529851
0.5076 1600529851
0.5076 1600529851
0.5076 1600529851
0.5075 1600529851
0.5076 1600529851
0.5342 1600529851
0.3858 1600529851
0.3858 1600529851
0.3856 1600529851
0.34909999999999997 1600529851
0.3858999999999999 1600529851
0.38550000000000006 1600529851
0.38560000000000005 1600529851
0.38580000000000003 1600529851
0.4306 1600529851
0.4829 1600529851
0.4252 1600529851
0.47390000000000004 1600529851
0.4071 1600529851
0.4829 1600529851
0.4829 1600529851
0.4739 1600529851
0.3442 1600529851
0.33919999999999995 1600529851
0.34429999999999994 1600529851
0.31210000000000004 1600529851
0.38960000000000006 1600529851
0.34419999999999995 1600529851
0.32249999999999995 1600529851
0.3228 1600529851
0.5025000000000001 1600529851
0.5068 1600529851
0.51 1600529851
0.5067999999999999 1600529851
0.5025000000000001 1600529851
0.5101 1600529851
0.51 1600529851
0.5101 1600529851
0.5645 1600529851
0.5058 1600529851
0.3803000000000001 1600529851
0.5768 1600529851
0.6378 1600529851
0.5644 1600529851
0.5383 1600529851
0.6377999999999999 1600529851
0.6332 1600529851
0.5008 1600529851
0.5780000000000001 1600529851
0.5009 1600529851
0.5135000000000001 1600529851
0.40879999999999994 1600529851
0.6332 1600529851
0.5008 1600529851
0.5269 1600529851
0.2925 1600529851
0.5363 1600529851
0.5269 1600529851
0.39080000000000004 1600529851
0.39080000000000004 1600529851
0.4979 1600529851
0.5363 1600529851
0.5333 1600529851
0.5385000000000001 1600529851
0.4467 1600529851
0.4427000000000001 1600529851
0.4468 1600529851
0.4468 1600529851
0.43810000000000004 1600529851
0.5334 1600529851
0.6556000000000001 1600529851
0.6492 1600529851
0.4956 1600529851
0.49560000000000004 1600529851
0.6493 1600529851
0.49570000000000003 1600529851
0.4956 1600529851
0.5997 1600529851
0.5528000000000001 1600529851
0.5873 1600529851
0.6466 1600529851
0.5268999999999999 1600529851
0.5527000000000001 1600529851
0.41769999999999996 1600529851
0.6465000000000001 1600529851
0.4941 1600529851
0.5112 1600529851
0.5855 1600529851
0.5844 1600529851
0.5623 1600529851
0.6425000000000001 1600529851
0.5417000000000001 1600529851
0.6425000000000001 1600529851
0.5842999999999999 1600529851
0.6069 1600529851
0.6069 1600529851
0.6014999999999999 1600529851
0.602 1600529851
0.6069 1600529851
0.4474 1600529851
0.6013000000000001 1600529851
0.6013 1600529851
0.5319 1600529851
0.5317 1600529851
0.518 1600529851
0.536 1600529851
0.5319 1600529851
0.536 1600529851
0.536 1600529851
0.5359999999999999 1600529851
0.3198 1600529851
0.3248 1600529851
0.3248000000000001 1600529851
0.2980999999999999 1600529851
0.30410000000000004 1600529851
0.30419999999999997 1600529851
0.3040999999999999 1600529851
0.3248000000000001 1600529851
0.4617 1600529851
0.4581 1600529851
0.4630000000000001 1600529851
0.4616 1600529851
0.46299999999999997 1600529851
0.45799999999999996 1600529851
0.4616 1600529851
0.4630000000000001 1600529851
0.42490000000000006 1600529851
0.6486000000000001 1600529851
0.6486 1600529851
0.4897 1600529851
0.4852000000000001 1600529851
0.6487 1600529851
0.6487 1600529851
0.5880000000000001 1600529851
0.6236 1600529851
0.5703 1600529851
0.6236 1600529851
0.47609999999999997 1600529851
0.4699 1600529851
0.476 1600529851
0.5715 1600529851
0.44299999999999995 1600529851
0.4760000000000001 1600529851
0.4759 1600529851
0.4718 1600529851
0.47600000000000003 1600529851
0.4761 1600529851
0.47590000000000005 1600529851
0.47619999999999996 1600529851
0.476 1600529851
0.5337 1600529851
0.5523 1600529851
0.5337 1600529851
0.5337 1600529851
0.5332 1600529851
0.5523 1600529851
0.5336 1600529851
0.5334 1600529851
0.5014000000000001 1600529851
0.5531 1600529851
0.5018 1600529851
0.5018 1600529851
0.5533 1600529851
0.5532 1600529851
0.5532999999999999 1600529851
0.5533 1600529851
0.42510000000000003 1600529851
0.42510000000000003 1600529851
0.42500000000000004 1600529851
0.3961 1600529851
0.4252 1600529851
0.4134 1600529851
0.4134 1600529851
0.3962 1600529851
0.5564 1600529851
0.5153000000000001 1600529851
0.6396999999999999 1600529851
0.5774 1600529851
0.5563 1600529851
0.5564 1600529851
0.35140000000000005 1600529851
0.5565 1600529851
0.5633 1600529851
0.515 1600529851
0.539 1600529851
0.5148 1600529851
0.5631999999999999 1600529851
0.5633 1600529851
0.5633 1600529851
0.5391 1600529851
0.5155000000000001 1600529851
0.5512 1600529851
0.5022 1600529851
0.5513 1600529851
0.5513 1600529851
0.5156000000000001 1600529851
0.5021 1600529851
0.5513 1600529851
0.4451 1600529851
0.44509999999999994 1600529851
0.44510000000000005 1600529851
0.44520000000000004 1600529851
0.5268 1600529851
0.5228 1600529851
0.44510000000000005 1600529851
0.44499999999999995 1600529851
0.5158 1600529851
0.5157 1600529851
0.5610999999999999 1600529851
0.5156000000000001 1600529851
0.5158 1600529851
0.5157 1600529851
0.5387 1600529851
0.5408999999999999 1600529851
0.5282 1600529851
0.37960000000000005 1600529851
0.5262 1600529851
0.4969 1600529851
0.4969 1600529851
0.479 1600529851
0.5026999999999999 1600529851
0.4969 1600529851
0.5943 1600529851
0.5943 1600529851
0.5943 1600529851
0.4899 1600529851
0.4899 1600529851
0.4897 1600529851
0.4899 1600529851
0.479 1600529851
0.5538000000000001 1600529851
0.5083 1600529851
0.5539000000000001 1600529851
0.5538000000000001 1600529851
0.5538 1600529851
0.5083 1600529851
0.5539000000000001 1600529851
0.5538 1600529851
0.5479 1600529851
0.41429999999999995 1600529851
0.548 1600529851
0.548 1600529851
0.5106 1600529851
0.5105 1600529851
0.548 1600529851
0.38280000000000003 1600529851
0.5018 1600529851
0.5035000000000001 1600529851
0.49760000000000004 1600529851
0.5035000000000001 1600529851
0.5034000000000001 1600529851
0.5019 1600529851
0.5018 1600529851
0.5034 1600529851
0.559 1600529851
0.38249999999999995 1600529851
0.3538 1600529851
0.559 1600529851
0.4578 1600529851
0.5381 1600529851
0.538 1600529851
0.5590999999999999 1600529851
0.5882 1600529851
0.6448 1600529851
0.5056999999999999 1600529851
0.5428 1600529851
0.40009999999999996 1600529851
0.5132 1600529851
0.5428000000000001 1600529851
0.6447 1600529851
0.5065 1600529851
0.5124000000000001 1600529851
0.5124 1600529851
0.5038 1600529851
0.5065000000000001 1600529851
0.5065 1600529851
0.5406000000000001 1600529851
0.5065 1600529851
0.5727 1600529851
0.5727 1600529851
0.5726 1600529851
0.403 1600529851
0.5727 1600529851
0.38710000000000006 1600529851
0.46640000000000004 1600529851
0.5727 1600529851
0.5563 1600529851
0.5598000000000001 1600529851
0.5486 1600529851
0.5563 1600529851
0.3556 1600529851
0.5005999999999999 1600529851
0.5383 1600529851
0.5383 1600529851
0.6149 1600529851
0.6149 1600529851
0.5682 1600529851
0.5615 1600529851
0.6149 1600529851
0.5615 1600529851
0.5614 1600529851
0.5271 1600529851
0.5214000000000001 1600529851
0.5214 1600529851
0.5011 1600529851
0.501 1600529851
0.5214000000000001 1600529851
0.5011 1600529851
0.501 1600529851
0.5214000000000001 1600529851
0.35440000000000005 1600529851
0.3827999999999999 1600529851
0.6425000000000001 1600529851
0.565 1600529851
0.5913 1600529851
0.5596 1600529851
0.5596 1600529851
0.584 1600529851
0.49860000000000004 1600529851
0.5336000000000001 1600529851
0.4986999999999999 1600529851
0.49319999999999997 1600529851
0.49860000000000004 1600529851
0.4988 1600529851
0.4983000000000001 1600529851
0.4986999999999999 1600529851
0.47240000000000004 1600529851
0.3076 1600529851
0.44759999999999994 1600529851
0.576 1600529851
0.4726 1600529851
0.47239999999999993 1600529851
0.6311 1600529851
0.6312 1600529851
0.4615 1600529851
0.46149999999999997 1600529851
0.4615 1600529851
0.4614 1600529851
0.4615 1600529851
0.44399999999999995 1600529851
0.44410000000000005 1600529851
0.4615 1600529851
0.45300000000000007 1600529851
0.3196 1600529851
0.44899999999999995 1600529851
0.45320000000000005 1600529851
0.45320000000000005 1600529851
0.44910000000000005 1600529851
0.397 1600529851
0.45319999999999994 1600529851
0.4385 1600529851
0.43839999999999996 1600529851
0.4385 1600529851
0.4384 1600529851
0.41859999999999997 1600529851
0.43299999999999994 1600529851
0.4384 1600529851
0.4385 1600529851
0.4834 1600529851
0.48430000000000006 1600529851
0.4844 1600529851
0.48430000000000006 1600529851
0.48440000000000005 1600529851
0.4845 1600529851
0.4844 1600529851
0.48429999999999995 1600529851
0.2722 1600529851
0.2992 1600529851
0.2991 1600529851
0.2908 1600529851
0.304 1600529851
0.2722 1600529851
0.30410000000000004 1600529851
0.29080000000000006 1600529851
0.5618 1600529851
0.5207 1600529851
0.5132 1600529851
0.49 1600529851
0.5434 1600529851
0.49 1600529851
0.5433 1600529851
0.5433 1600529851
0.5155 1600529851
0.5416000000000001 1600529851
0.5155 1600529851
0.5154000000000001 1600529851
0.5339 1600529851
0.534 1600529851
0.549 1600529851
0.5416000000000001 1600529851
0.5645 1600529851
0.5507 1600529851
0.5646 1600529851
0.5646 1600529851
0.5645 1600529851
0.5646 1600529851
0.5646 1600529851
0.5107 1600529851
0.5055000000000001 1600529851
0.5056 1600529851
0.48969999999999997 1600529851
0.5054 1600529851
0.4864 1600529851
0.5055000000000001 1600529851
0.4898 1600529851
0.4898 1600529851
0.4939 1600529851
0.42769999999999997 1600529851
0.42769999999999997 1600529851
0.5123 1600529851
0.42510000000000003 1600529851
0.49369999999999997 1600529851
0.49399999999999994 1600529851
0.48830000000000007 1600529851
0.636 1600529851
0.5799 1600529851
0.5388999999999999 1600529851
0.6361 1600529851
0.5592 1600529851
0.5591999999999999 1600529851
0.4651 1600529851
0.5593 1600529851
0.6154000000000001 1600529851
0.4726 1600529851
0.4726 1600529851
0.5774 1600529851
0.4727 1600529851
0.4726 1600529851
0.47269999999999995 1600529851
0.5760000000000001 1600529851
0.5291999999999999 1600529851
0.6485 1600529851
0.5 1600529851
0.5818000000000001 1600529851
0.6486000000000001 1600529851
0.41700000000000004 1600529851
0.6486000000000001 1600529851
0.5293 1600529851
0.5413 1600529851
0.5591 1600529851
0.5694 1600529851
0.5382 1600529851
0.5414 1600529851
0.5413 1600529851
0.46830000000000005 1600529851
0.5694 1600529851
0.5198 1600529851
0.5125 1600529851
0.3901 1600529851
0.5914 1600529851
0.5199 1600529851
0.5967 1600529851
0.49 1600529851
0.5914 1600529851
0.5945 1600529851
0.48850000000000005 1600529851
0.6492 1600529851
0.5065 1600529851
0.5068999999999999 1600529851
0.4902 1600529851
0.5069 1600529851
0.5118 1600529851
0.5532 1600529851
0.5533 1600529851
0.5533 1600529851
0.43479999999999996 1600529851
0.5533 1600529851
0.4273 1600529851
0.5534 1600529851
0.5533 1600529851
0.5271999999999999 1600529851
0.5385 1600529851
0.5273 1600529851
0.5384 1600529851
0.5274 1600529851
0.5271 1600529851
0.5273000000000001 1600529851
0.5273 1600529851
0.4525 1600529851
0.5999 1600529851
0.352 1600529851
0.6474 1600529851
0.5999000000000001 1600529851
0.45149999999999996 1600529851
0.6062 1600529851
0.5111000000000001 1600529851
0.43700000000000006 1600529851
0.42860000000000004 1600529851
0.5517000000000001 1600529851
0.5186 1600529851
0.5517000000000001 1600529851
0.5517 1600529851
0.4399 1600529851
0.4285 1600529851
0.6485000000000001 1600529851
0.6485000000000001 1600529851
0.6086 1600529851
0.6086 1600529851
0.6086 1600529851
0.6485 1600529851
0.5055000000000001 1600529851
0.5054 1600529851
0.40280000000000005 1600529851
0.5416000000000001 1600529851
0.5872 1600529851
0.6483 1600529851
0.6482 1600529851
0.5041 1600529851
0.40280000000000005 1600529851
0.5416000000000001 1600529851
0.34720000000000006 1600529851
0.49539999999999995 1600529851
0.4578 1600529851
0.49 1600529851
0.34030000000000005 1600529851
0.33440000000000003 1600529851
0.4954 1600529851
0.4969 1600529851
0.5513 1600529851
0.5516000000000001 1600529851
0.5515 1600529851
0.5516000000000001 1600529851
0.4983 1600529851
0.49829999999999997 1600529851
0.5515000000000001 1600529851
0.5516 1600529851
0.5397 1600529851
0.42700000000000005 1600529851
0.4351 1600529851
0.5327 1600529851
0.5397 1600529851
0.5029999999999999 1600529851
0.4988 1600529851
0.3517 1600529851
0.5547 1600529851
0.5728 1600529851
0.5729 1600529851
0.5547 1600529851
0.3822 1600529851
0.5264000000000001 1600529851
0.5595 1600529851
0.5729000000000001 1600529851
0.5611 1600529851
0.38370000000000004 1600529851
0.5665 1600529851
0.5858 1600529851
0.5609 1600529851
0.5391 1600529851
0.41029999999999994 1600529851
0.5841000000000001 1600529851
0.5287 1600529851
0.6447 1600529851
0.6446 1600529851
0.6447 1600529851
0.5622 1600529851
0.5273 1600529851
0.5875 1600529851
0.5653999999999999 1600529851
0.5626 1600529851
0.5882000000000001 1600529851
0.5682 1600529851
0.5628 1600529851
0.5894 1600529851
0.6473 1600529851
0.5682 1600529851
0.42490000000000006 1600529851
0.46120000000000005 1600529851
0.46109999999999995 1600529851
0.46110000000000007 1600529851
0.4608 1600529851
0.46099999999999997 1600529851
0.46099999999999997 1600529851
0.46099999999999997 1600529851
0.4609 1600529851
0.47020000000000006 1600529851
0.4737 1600529851
0.4701000000000001 1600529851
0.4700000000000001 1600529851
0.4737 1600529851
0.4737 1600529851
0.47009999999999996 1600529851
0.47009999999999996 1600529851
0.637 1600529851
0.4141 1600529851
0.46109999999999995 1600529851
0.6315 1600529851
0.5724 1600529851
0.6368 1600529851
0.5259 1600529851
0.538 1600529851
0.5637 1600529851
0.5005000000000001 1600529851
0.5005000000000001 1600529851
0.5005000000000001 1600529851
0.5634 1600529851
0.5636 1600529851
0.5637 1600529851
0.5636 1600529851
0.5438000000000001 1600529851
0.6496 1600529851
0.5438000000000001 1600529851
0.4185 1600529851
0.37360000000000004 1600529851
0.5011 1600529851
0.5992000000000001 1600529851
0.5368 1600529851
0.4515 1600529851
0.5383 1600529851
0.543 1600529851
0.5429 1600529851
0.5376000000000001 1600529851
0.4403 1600529851
0.5428999999999999 1600529851
0.4515 1600529851
0.45100000000000007 1600529851
0.4517 1600529851
0.4517 1600529851
0.4508 1600529851
0.4516 1600529851
0.4517 1600529851
0.4517 1600529851
0.4517 1600529851
0.45589999999999997 1600529851
0.4658 1600529851
0.4912000000000001 1600529851
0.4962 1600529851
0.49629999999999996 1600529851
0.4969 1600529851
0.47109999999999996 1600529851
0.47119999999999995 1600529851
0.5165 1600529851
0.5334000000000001 1600529851
0.5277000000000001 1600529851
0.5278 1600529851
0.5336000000000001 1600529851
0.5318 1600529851
0.5317 1600529851
0.5278 1600529851
0.651 1600529851
0.6508999999999999 1600529851
0.6509 1600529851
0.4829 1600529851
0.33440000000000003 1600529851
0.6508999999999999 1600529851
0.651 1600529851
0.48290000000000005 1600529851
0.36429999999999996 1600529851
0.4072 1600529851
0.4072 1600529851
0.4338000000000001 1600529851
0.4334 1600529851
0.43889999999999996 1600529851
0.26 1600529851
0.4072 1600529851
0.6152 1600529851
0.5383 1600529851
0.5044000000000001 1600529851
0.5699000000000001 1600529851
0.5382 1600529851
0.6152 1600529851
0.6152 1600529851
0.5706 1600529851
0.6053000000000001 1600529851
0.4962 1600529851
0.6048 1600529851
0.6053 1600529851
0.6102 1600529851
0.6053 1600529851
0.42500000000000004 1600529851
0.6053 1600529851
0.48939999999999995 1600529851
0.5617 1600529851
0.5617 1600529851
0.5617 1600529851
0.48940000000000006 1600529851
0.4942 1600529851
0.5617 1600529851
0.5618 1600529851
0.6482 1600529851
0.563 1600529851
0.5693 1600529851
0.5630999999999999 1600529851
0.6015 1600529851
0.6483 1600529851
0.5631 1600529851
0.6483 1600529851
0.46280000000000004 1600529851
0.4628 1600529851
0.4404 1600529851
0.44289999999999996 1600529851
0.4629 1600529851
0.5457 1600529851
0.4629 1600529851
0.46299999999999997 1600529851
0.6603 1600529851
0.6022000000000001 1600529851
0.49889999999999995 1600529851
0.4989 1600529851
0.6478 1600529851
0.6479 1600529851
0.6603 1600529851
0.499 1600529851
0.4979 1600529851
0.4982 1600529851
0.4981 1600529851
0.49970000000000003 1600529851
0.4947999999999999 1600529851
0.4981 1600529851
0.4982000000000001 1600529851
0.4982 1600529851
0.5397000000000001 1600529851
0.496 1600529851
0.49620000000000003 1600529851
0.5204 1600529851
0.49599999999999994 1600529851
0.5106 1600529851
0.5474 1600529851
0.5472999999999999 1600529851
0.5104 1600529851
0.5056 1600529851
0.5146000000000001 1600529851
0.5147 1600529851
0.5502 1600529851
0.5119 1600529851
0.5502 1600529851
0.5146 1600529851
0.4865 1600529851
0.47950000000000004 1600529851
0.48660000000000003 1600529851
0.4952 1600529851
0.4867 1600529851
0.4769 1600529851
0.3344 1600529851
0.3418 1600529851
0.5048 1600529851
0.5097 1600529851
0.5098 1600529851
0.5098 1600529851
0.5095999999999999 1600529851
0.49760000000000004 1600529851
0.5437 1600529851
0.5098 1600529851
0.5488000000000001 1600529851
0.5546000000000001 1600529851
0.5553 1600529851
0.5487 1600529851
0.5546 1600529851
0.5488000000000001 1600529851
0.4446 1600529851
0.4438000000000001 1600529851
0.6402 1600529851
0.5838 1600529851
0.5789 1600529851
0.35819999999999996 1600529851
0.6401 1600529851
0.5339 1600529851
0.534 1600529851
0.5082 1600529851
0.44290000000000007 1600529851
0.4589 1600529851
0.31310000000000004 1600529851
0.43179999999999996 1600529851
0.45130000000000003 1600529851
0.44279999999999997 1600529851
0.44289999999999996 1600529851
0.4589 1600529851
0.46869999999999995 1600529851
0.5665 1600529851
0.4688 1600529851
0.4508 1600529851
0.5665 1600529851
0.4436 1600529851
0.4687 1600529851
0.5665 1600529851
0.5521 1600529851
0.5521 1600529851
0.44279999999999997 1600529851
0.31200000000000006 1600529851
0.552 1600529851
0.3076 1600529851
0.4035000000000001 1600529851
0.40359999999999996 1600529851
0.47529999999999994 1600529851
0.4908 1600529851
0.6269 1600529851
0.6223 1600529851
0.4908 1600529851
0.6223000000000001 1600529851
0.4961 1600529851
0.6223 1600529851
0.46630000000000005 1600529851
0.4663999999999999 1600529851
0.4665 1600529851
0.46609999999999996 1600529851
0.4663999999999999 1600529851
0.46640000000000004 1600529851
0.46640000000000004 1600529851
0.4663999999999999 1600529851
0.5298 1600529851
0.5665 1600529851
0.5587 1600529851
0.5243 1600529851
0.3941 1600529851
0.5666 1600529851
0.5566 1600529851
0.5565 1600529851
0.4424 1600529851
0.5817 1600529851
0.5592 1600529851
0.5591999999999999 1600529851
0.4425 1600529851
0.5592999999999999 1600529851
0.4323 1600529851
0.5605 1600529851
0.44819999999999993 1600529851
0.4518 1600529851
0.4512 1600529851
0.4435 1600529851
0.32120000000000004 1600529851
0.4517 1600529851
0.3993 1600529851
0.4518 1600529851
0.5109 1600529851
0.5376 1600529851
0.5095000000000001 1600529851
0.5036 1600529851
0.5108 1600529851
0.46540000000000004 1600529851
0.49319999999999997 1600529851
0.5144 1600529851
0.6004 1600529851
0.5629000000000001 1600529851
0.5384 1600529851
0.5384 1600529851
0.5384 1600529851
0.5069 1600529851
0.5384 1600529851
0.601 1600529851
0.6446000000000001 1600529851
0.6462 1600529851
0.6496 1600529851
0.41290000000000004 1600529851
0.543 1600529851
0.3876 1600529851
0.5431 1600529851
0.5613999999999999 1600529851
0.5518000000000001 1600529851
0.5517 1600529851
0.5518000000000001 1600529851
0.5032 1600529851
0.5518000000000001 1600529851
0.5519 1600529851
0.5518000000000001 1600529851
0.5032 1600529851
0.4746 1600529851
0.4639 1600529851
0.4744 1600529851
0.46019999999999994 1600529851
0.46390000000000003 1600529851
0.47450000000000003 1600529851
0.46410000000000007 1600529851
0.4639000000000001 1600529851
0.43470000000000003 1600529851
0.511 1600529851
0.549 1600529851
0.4386 1600529851
0.4386 1600529851
0.4346 1600529851
0.4435 1600529851
0.5489999999999999 1600529851
0.5176 1600529851
0.5136000000000001 1600529851
0.5136 1600529851
0.5174 1600529851
0.5176000000000001 1600529851
0.5177 1600529851
0.5177 1600529851
0.5176000000000001 1600529851
0.598 1600529851
0.5405 1600529851
0.5086999999999999 1600529851
0.5029 1600529851
0.4204 1600529851
0.4936 1600529851
0.5979000000000001 1600529851
0.5980000000000001 1600529851
0.4726 1600529851
0.4487 1600529851
0.38580000000000003 1600529851
0.44880000000000003 1600529851
0.4726 1600529851
0.3164 1600529851
0.30879999999999996 1600529851
0.4475 1600529851
0.396 1600529851
0.39080000000000004 1600529851
0.39060000000000006 1600529851
0.4011 1600529851
0.39080000000000004 1600529851
0.3869 1600529851
0.39060000000000006 1600529851
0.39059999999999995 1600529851
0.6448 1600529851
0.6448 1600529851
0.5812 1600529851
0.45010000000000006 1600529851
0.6448 1600529851
0.45010000000000006 1600529851
0.6448 1600529851
0.34929999999999994 1600529851
0.5105000000000001 1600529851
0.5106999999999999 1600529851
0.5504 1600529851
0.5505 1600529851
0.504 1600529851
0.504 1600529851
0.5099 1600529851
0.5505 1600529851
0.6157 1600529851
0.5439999999999999 1600529851
0.5439 1600529851
0.6158 1600529851
0.45720000000000005 1600529851
0.544 1600529851
0.5698 1600529851
0.5067 1600529851
0.5331 1600529851
0.5514 1600529851
0.5514000000000001 1600529851
0.5331 1600529851
0.5514 1600529851
0.5183 1600529851
0.5331 1600529851
0.5515 1600529851
0.5751 1600529851
0.4666 1600529851
0.49750000000000005 1600529851
0.6342 1600529851
0.4666 1600529851
0.40159999999999996 1600529851
0.6343000000000001 1600529851
0.4666 1600529851
0.6335 1600529851
0.5821000000000001 1600529851
0.37029999999999996 1600529851
0.47509999999999997 1600529851
0.6336 1600529851
0.47109999999999996 1600529851
0.475 1600529851
0.6336 1600529851
0.5969 1600529851
0.4726 1600529851
0.5031 1600529851
0.4726 1600529851
0.5031 1600529851
0.5971 1600529851
0.5031 1600529851
0.5031 1600529851
0.6017 1600529851
0.5967 1600529851
0.41009999999999996 1600529851
0.6492 1600529851
0.5588000000000001 1600529851
0.5588 1600529851
0.5255000000000001 1600529851
0.6546 1600529851
0.39760000000000006 1600529851
0.3425 1600529851
0.5713 1600529851
0.34850000000000003 1600529851
0.6211 1600529851
0.39749999999999996 1600529851
0.6211 1600529851
0.6211 1600529851
0.3516 1600529851
0.4083 1600529851
0.3515999999999999 1600529851
0.40280000000000005 1600529851
0.4083 1600529851
0.4083 1600529851
0.40279999999999994 1600529851
0.39770000000000005 1600529851
0.48340000000000005 1600529851
0.4861 1600529851
0.486 1600529851
0.486 1600529851
0.48350000000000004 1600529851
0.486 1600529851
0.48340000000000005 1600529851
0.48330000000000006 1600529851
0.4608 1600529851
0.4608 1600529851
0.47040000000000004 1600529851
0.4554 1600529851
0.46059999999999995 1600529851
0.4609 1600529851
0.46059999999999995 1600529851
0.4608 1600529851
0.5724 1600529851
0.6259 1600529851
0.5732999999999999 1600529851
0.33899999999999997 1600529851
0.47550000000000003 1600529851
0.4759 1600529851
0.6259 1600529851
0.6259 1600529851
0.3902 1600529851
0.3869 1600529851
0.3901 1600529851
0.42790000000000006 1600529851
0.4279 1600529851
0.3901 1600529851
0.4172 1600529851
0.3901 1600529851
0.5831000000000001 1600529851
0.392 1600529851
0.5658000000000001 1600529851
0.583 1600529851
0.5144 1600529851
0.5085999999999999 1600529851
0.5383 1600529851
0.5382 1600529851
0.5687 1600529851
0.5994 1600529851
0.4079999999999999 1600529851
0.3153 1600529851
0.5688 1600529851
0.5994 1600529851
0.5687 1600529851
0.40769999999999995 1600529851
0.5621 1600529851
0.5621 1600529851
0.5619999999999999 1600529851
0.5619999999999999 1600529851
0.648 1600529851
0.53 1600529851
0.648 1600529851
0.648 1600529851
0.4254 1600529851
0.4251999999999999 1600529851
0.46509999999999996 1600529851
0.28569999999999995 1600529851
0.4526 1600529851
0.46499999999999997 1600529851
0.45320000000000005 1600529851
0.4526 1600529851
0.536 1600529851
0.5516 1600529851
0.536 1600529851
0.5468000000000001 1600529851
0.5467 1600529851
0.5468000000000001 1600529851
0.5517000000000001 1600529851
0.5516 1600529851
0.5878 1600529851
0.5879000000000001 1600529851
0.5878 1600529851
0.5389 1600529851
0.5388 1600529851
0.5559000000000001 1600529851
0.5938 1600529851
0.5559 1600529851
0.555 1600529851
0.5456000000000001 1600529851
0.5549 1600529851
0.5456 1600529851
0.5457000000000001 1600529851
0.5548000000000001 1600529851
0.5549 1600529851
0.5547 1600529851
0.5125000000000001 1600529851
0.5124 1600529851
0.5747 1600529851
0.6343 1600529851
0.48160000000000003 1600529851
0.6342 1600529851
0.6343000000000001 1600529851
0.48149999999999993 1600529851
0.47950000000000004 1600529851
0.5465 1600529851
0.5465 1600529851
0.47340000000000004 1600529851
0.48650000000000004 1600529851
0.5465 1600529851
0.4509 1600529851
0.5465 1600529851
0.5036 1600529851
0.49759999999999993 1600529851
0.5035000000000001 1600529851
0.5035000000000001 1600529851
0.5033 1600529851
0.5035999999999999 1600529851
0.5036 1600529851
0.49759999999999993 1600529851
0.5497 1600529851
0.5747 1600529851
0.6364000000000001 1600529851
0.5549 1600529851
0.3516 1600529851
0.5497000000000001 1600529851
0.6364 1600529851
0.5497000000000001 1600529851
0.6471 1600529851
0.6471 1600529851
0.4085 1600529851
0.6472 1600529851
0.5632 1600529851
0.5631 1600529851
0.5631999999999999 1600529851
0.5957 1600529851
0.491 1600529851
0.5059 1600529851
0.47909999999999997 1600529851
0.4792 1600529851
0.47909999999999997 1600529851
0.5059 1600529851
0.34819999999999995 1600529851
0.52 1600529851
0.46409999999999996 1600529851
0.46420000000000006 1600529851
0.46399999999999997 1600529851
0.4642 1600529851
0.46420000000000006 1600529851
0.45859999999999995 1600529851
0.46410000000000007 1600529851
0.4642 1600529851
0.5583 1600529851
0.6496999999999999 1600529851
0.5388000000000001 1600529851
0.5387000000000001 1600529851
0.6498 1600529851
0.5583 1600529851
0.5387 1600529851
0.6003000000000001 1600529851
0.5504 1600529851
0.5135000000000001 1600529851
0.5503 1600529851
0.5504 1600529851
0.5503 1600529851
0.5136000000000001 1600529851
0.5503 1600529851
0.5136 1600529851
0.46040000000000003 1600529851
0.4898 1600529851
0.334 1600529851
0.4634 1600529851
0.33089999999999997 1600529851
0.4898 1600529851
0.48979999999999996 1600529851
0.46340000000000003 1600529851
0.4764999999999999 1600529851
0.6312 1600529851
0.4764999999999999 1600529851
0.471 1600529851
0.4766 1600529851
0.47639999999999993 1600529851
0.5723 1600529851
0.47650000000000003 1600529851
0.562 1600529851
0.562 1600529851
0.3862 1600529851
0.6663000000000001 1600529851
0.5619 1600529851
0.5963 1600529851
0.6603 1600529851
0.4011 1600529851
0.3547 1600529851
0.35469999999999996 1600529851
0.3547 1600529851
0.3547 1600529851
0.3417 1600529851
0.3418 1600529851
0.3547 1600529851
0.33430000000000004 1600529851
0.5131 1600529851
0.5053 1600529851
0.5048999999999999 1600529851
0.5516 1600529851
0.5052000000000001 1600529851
0.5516 1600529851
0.5052000000000001 1600529851
0.5131 1600529851
0.6474 1600529851
0.6474 1600529851
0.5638 1600529851
0.593 1600529851
0.5413 1600529851
0.6474 1600529851
0.5413000000000001 1600529851
0.5998 1600529851
0.46630000000000005 1600529851
0.6362 1600529851
0.5795 1600529851
0.4981 1600529851
0.46640000000000004 1600529851
0.4749 1600529851
0.6362 1600529851
0.4981 1600529851
0.6437999999999999 1600529851
0.5047 1600529851
0.6437 1600529851
0.5556000000000001 1600529851
0.5882000000000001 1600529851
0.6438 1600529851
0.5556 1600529851
0.5384 1600529851
0.4626 1600529851
0.5509000000000001 1600529851
0.5509000000000001 1600529851
0.34690000000000004 1600529851
0.5509 1600529851
0.5508 1600529851
0.5126999999999999 1600529851
0.4888 1600529851
0.5594 1600529851
0.5382 1600529851
0.5475 1600529851
0.5595 1600529851
0.5381 1600529851
0.5554 1600529851
0.5595 1600529851
0.5382 1600529851
0.6424000000000001 1600529851
0.532 1600529851
0.6423000000000001 1600529851
0.6476 1600529851
0.5319 1600529851
0.5319 1600529851
0.6423000000000001 1600529851
0.5065999999999999 1600529851
0.3477 1600529851
0.46199999999999997 1600529851
0.6463000000000001 1600529851
0.6413 1600529851
0.6464 1600529851
0.48560000000000003 1600529851
0.4857 1600529851
0.39790000000000003 1600529851
0.5055000000000001 1600529851
0.6481 1600529851
0.38270000000000004 1600529851
0.595 1600529851
0.648 1600529851
0.5055000000000001 1600529851
0.5055000000000001 1600529851
0.5056 1600529851
0.378 1600529851
0.36959999999999993 1600529851
0.37800000000000006 1600529851
0.42979999999999996 1600529851
0.42980000000000007 1600529851
0.426 1600529851
0.378 1600529851
0.4254 1600529851
0.5253 1600529851
0.5895 1600529851
0.5251999999999999 1600529851
0.5055 1600529851
0.5253000000000001 1600529851
0.654 1600529851
0.6488 1600529851
0.34719999999999995 1600529851
0.5546 1600529851
0.5237999999999999 1600529851
0.5352 1600529851
0.5236000000000001 1600529851
0.5271 1600529851
0.5270999999999999 1600529851
0.5271 1600529851
0.5164000000000001 1600529851
0.5475 1600529851
0.5475 1600529851
0.499 1600529851
0.5475 1600529851
0.5048 1600529851
0.5473 1600529851
0.5475 1600529851
0.5474 1600529851
0.5248999999999999 1600529851
0.5406 1600529851
0.5407000000000001 1600529851
0.5248 1600529851
0.5406 1600529851
0.5406 1600529851
0.5248 1600529851
0.5248 1600529851
0.6475 1600529851
0.5977 1600529851
0.49970000000000003 1600529851
0.5977 1600529851
0.6474 1600529851
0.49110000000000004 1600529851
0.49970000000000003 1600529851
0.6041000000000001 1600529851
0.6428 1600529851
0.6427 1600529851
0.5858 1600529851
0.5074000000000001 1600529851
0.49539999999999995 1600529851
0.6427999999999999 1600529851
0.5024000000000001 1600529851
0.4113 1600529851
0.4236 1600529851
0.49240000000000006 1600529851
0.49229999999999996 1600529851
0.4923 1600529851
0.4994 1600529851
0.49929999999999997 1600529851
0.49229999999999996 1600529851
0.4237000000000001 1600529851
0.5667 1600529851
0.4917 1600529851
0.4577 1600529851
0.5667 1600529851
0.49119999999999997 1600529851
0.5667 1600529851
0.45640000000000003 1600529851
0.4535 1600529851
0.5610999999999999 1600529851
0.5612 1600529851
0.41009999999999996 1600529851
0.5385 1600529851
0.5544 1600529851
0.5739000000000001 1600529851
0.5693 1600529851
0.5739000000000001 1600529851
0.5598 1600529851
0.5847 1600529851
0.4851 1600529851
0.45499999999999996 1600529851
0.4851 1600529851
0.5597 1600529851
0.46120000000000005 1600529851
0.4852 1600529851
0.47539999999999993 1600529851
0.4664999999999999 1600529851
0.4754 1600529851
0.41910000000000003 1600529851
0.41440000000000005 1600529851
0.4190999999999999 1600529851
0.41910000000000003 1600529851
0.47329999999999994 1600529851
0.6456999999999999 1600529851
0.5842 1600529851
0.41980000000000006 1600529851
0.6456999999999999 1600529851
0.6456 1600529851
0.6458 1600529851
0.5843 1600529851
0.5842 1600529851
0.43500000000000005 1600529851
0.5269 1600529851
0.2921 1600529851
0.37560000000000004 1600529851
0.435 1600529851
0.43489999999999995 1600529851
0.5252 1600529851
0.527 1600529851
0.45740000000000003 1600529851
0.4556 1600529851
0.4573999999999999 1600529851
0.4556 1600529851
0.4538000000000001 1600529851
0.4555 1600529851
0.4575 1600529851
0.4573999999999999 1600529851
0.642 1600529851
0.5800000000000001 1600529851
0.49219999999999997 1600529851
0.506 1600529851
0.5061 1600529851
0.5062 1600529851
0.38950000000000007 1600529851
0.5061 1600529851
0.6362 1600529851
0.5851000000000001 1600529851
0.6363 1600529851
0.48519999999999996 1600529851
0.48519999999999996 1600529851
0.40480000000000005 1600529851
0.5777 1600529851
0.6362 1600529851
0.6485 1600529851
0.6485 1600529851
0.47650000000000003 1600529851
0.6485 1600529851
0.654 1600529851
0.47640000000000005 1600529851
0.5009 1600529851
0.4881 1600529851
0.4708 1600529851
0.40379999999999994 1600529851
0.4709 1600529851
0.40380000000000005 1600529851
0.40380000000000005 1600529851
0.4709 1600529851
0.40380000000000005 1600529851
0.4709 1600529851
0.5170999999999999 1600529851
0.5412 1600529851
0.5028 1600529851
0.5412 1600529851
0.5171 1600529851
0.5113 1600529851
0.3622000000000001 1600529851
0.5028 1600529851
0.5355 1600529851
0.5357000000000001 1600529851
0.555 1600529851
0.5549999999999999 1600529851
0.5278 1600529851
0.5358 1600529851
0.5357000000000001 1600529851
0.5355 1600529851
0.5986 1600529851
0.6665 1600529851
0.6665 1600529851
0.6666000000000001 1600529851
0.48560000000000003 1600529851
0.6665 1600529851
0.6665000000000001 1600529851
0.6666 1600529851
0.29490000000000005 1600529851
0.3999 1600529851
0.39449999999999996 1600529851
0.44680000000000003 1600529851
0.4468000000000001 1600529851
0.39449999999999996 1600529851
0.37929999999999997 1600529851
0.2863 1600529851
0.4315 1600529851
0.5 1600529851
0.5881 1600529851
0.3984 1600529851
0.5882000000000001 1600529851
0.6452 1600529851
0.5 1600529851
0.5141 1600529851
0.6242 1600529851
0.4887 1600529851
0.34519999999999995 1600529851
0.4887 1600529851
0.6242000000000001 1600529851
0.5725 1600529851
0.6311 1600529851
0.6311 1600529851
0.49850000000000005 1600529851
0.5909000000000001 1600529851
0.5912 1600529851
0.5912000000000001 1600529851
0.5912000000000001 1600529851
0.5315 1600529851
0.48120000000000007 1600529851
0.3702 1600529851
0.46049999999999996 1600529851
0.48750000000000004 1600529851
0.4928 1600529851
0.4875999999999999 1600529851
0.4928 1600529851
0.4818 1600529851
0.4617 1600529851
0.46049999999999996 1600529851
0.4397 1600529851
0.4397 1600529851
0.5548 1600529851
0.5548 1600529851
0.5548000000000001 1600529851
0.5548000000000001 1600529851
0.5548 1600529851
0.4314 1600529851
0.4971 1600529851
0.481 1600529851
0.4971 1600529851
0.4858 1600529851
0.4972 1600529851
0.4859 1600529851
0.4857 1600529851
0.49720000000000003 1600529851
0.4452 1600529851
0.5715 1600529851
0.5713999999999999 1600529851
0.5714 1600529851
0.5533 1600529851
0.5714 1600529851
0.44530000000000003 1600529851
0.43779999999999997 1600529851
0.6032000000000001 1600529851
0.6032000000000001 1600529851
0.5056 1600529851
0.5097 1600529851
0.48829999999999996 1600529851
0.5098 1600529851
0.4882 1600529851
0.4196 1600529851
0.4785 1600529851
0.4797 1600529851
0.47850000000000004 1600529851
0.4766 1600529851
0.4787 1600529851
0.4797 1600529851
0.4798 1600529851
0.4798 1600529851
0.3226 1600529851
0.30460000000000004 1600529851
0.31220000000000003 1600529851
0.3227 1600529851
0.3226 1600529851
0.31220000000000003 1600529851
0.31600000000000006 1600529851
0.3046 1600529851
0.4344 1600529851
0.42700000000000005 1600529851
0.4345 1600529851
0.4345 1600529851
0.42710000000000004 1600529851
0.4346 1600529851
0.4346 1600529851
0.4346 1600529851
0.4738 1600529851
0.6474000000000001 1600529851
0.6475000000000001 1600529851
0.5984 1600529851
0.6475 1600529851
0.5058 1600529851
0.5058 1600529851
0.5058 1600529851
0.6483 1600529851
0.5442 1600529851
0.352 1600529851
0.6483 1600529851
0.5441 1600529851
0.5441 1600529851
0.5442 1600529851
0.6483 1600529851
0.4906999999999999 1600529851
0.4907 1600529851
0.4906999999999999 1600529851
0.49 1600529851
0.48339999999999994 1600529851
0.4901 1600529851
0.49060000000000004 1600529851
0.4907 1600529851
0.4757 1600529851
0.3094 1600529851
0.4475 1600529851
0.4728 1600529851
0.4728 1600529851
0.47109999999999996 1600529851
0.4726 1600529851
0.47119999999999995 1600529851
0.44310000000000005 1600529851
0.5153 1600529851
0.4437 1600529851
0.5154 1600529851
0.5153000000000001 1600529851
0.5568 1600529851
0.379 1600529851
0.5569 1600529851
0.5879 1600529851
0.5388999999999999 1600529851
0.6445000000000001 1600529851
0.5388 1600529851
0.5646 1600529851
0.5646 1600529851
0.5646 1600529851
0.6444000000000001 1600529851
0.45399999999999996 1600529851
0.45400000000000007 1600529851
0.45389999999999997 1600529851
0.45400000000000007 1600529851
0.4538 1600529851
0.45409999999999995 1600529851
0.45399999999999996 1600529851
0.45400000000000007 1600529851
0.5382 1600529851
0.5088 1600529851
0.536 1600529851
0.5293 1600529851
0.5383 1600529851
0.34900000000000003 1600529851
0.49750000000000005 1600529851
0.5116 1600529851
0.6365000000000001 1600529851
0.5248 1600529851
0.5830000000000001 1600529851
0.5172 1600529851
0.6365 1600529851
0.3922 1600529851
0.3922 1600529851
0.5568 1600529851
0.5504 1600529851
0.4415 1600529851
0.5506000000000001 1600529851
0.4416 1600529851
0.4417 1600529851
0.4416 1600529851
0.5505 1600529851
0.4415 1600529851
0.5023000000000001 1600529851
0.4879 1600529851
0.5023 1600529851
0.4878 1600529851
0.4878 1600529851
0.4878 1600529851
0.4819 1600529851
0.4878 1600529851
0.5425 1600529851
0.5364 1600529851
0.5386000000000001 1600529851
0.5388000000000001 1600529851
0.5386 1600529851
0.5387000000000001 1600529851
0.5387 1600529851
0.5387 1600529851
0.47440000000000004 1600529851
0.46390000000000003 1600529851
0.4638 1600529851
0.4636 1600529851
0.46559999999999996 1600529851
0.47439999999999993 1600529851
0.4639 1600529851
0.47440000000000004 1600529851
0.5215 1600529851
0.5276 1600529851
0.5425 1600529851
0.5431 1600529851
0.5483 1600529851
0.5215 1600529851
0.5276000000000001 1600529851
0.5626 1600529851
0.5705 1600529851
0.4071 1600529851
0.5633 1600529851
0.5705 1600529851
0.5705 1600529851
0.5704 1600529851
0.5703 1600529851
0.5705 1600529851
0.4348000000000001 1600529851
0.4507 1600529851
0.4496 1600529851
0.43479999999999996 1600529851
0.44430000000000003 1600529851
0.4444 1600529851
0.4444 1600529851
0.44430000000000003 1600529851
0.5929 1600529851
0.5928 1600529851
0.5385000000000001 1600529851
0.5929 1600529851
0.5929 1600529851
0.5608 1600529851
0.5987 1600529851
0.5607 1600529851
0.5048 1600529851
0.538 1600529851
0.5103 1600529851
0.538 1600529851
0.648 1600529851
0.5942 1600529851
0.648 1600529851
0.5379999999999999 1600529851
0.5132 1600529851
0.5385 1600529851
0.5245 1600529851
0.5384 1600529851
0.5633 1600529851
0.5632999999999999 1600529851
0.5633 1600529851
0.5132000000000001 1600529851
0.5161 1600529851
0.5105000000000001 1600529851
0.5187 1600529851
0.43810000000000004 1600529851
0.42789999999999995 1600529851
0.42769999999999997 1600529851
0.4263 1600529851
0.43800000000000006 1600529851
0.4766 1600529851
0.46340000000000003 1600529851
0.4767 1600529851
0.4635 1600529851
0.4767 1600529851
0.45829999999999993 1600529851
0.4767 1600529851
0.45829999999999993 1600529851
0.5614 1600529851
0.5535 1600529851
0.5748 1600529851
0.5536 1600529851
0.5614 1600529851
0.5546 1600529851
0.5693 1600529851
0.5243 1600529851
0.5521 1600529851
0.5206000000000001 1600529851
0.5299 1600529851
0.5521 1600529851
0.5521 1600529851
0.53 1600529851
0.5205 1600529851
0.53 1600529851
0.4546 1600529851
0.6164999999999999 1600529851
0.6165 1600529851
0.4849 1600529851
0.5693 1600529851
0.4849 1600529851
0.39170000000000005 1600529851
0.4546 1600529851
0.5574 1600529851
0.5227 1600529851
0.5574 1600529851
0.5491 1600529851
0.5492 1600529851
0.4935999999999999 1600529851
0.5226999999999999 1600529851
0.38170000000000004 1600529851
0.5321 1600529851
0.3597 1600529851
0.5319 1600529851
0.5293 1600529851
0.4628 1600529851
0.5380999999999999 1600529851
0.5321 1600529851
0.5509000000000001 1600529851
0.5282 1600529851
0.5282 1600529851
0.49639999999999995 1600529851
0.49629999999999996 1600529851
0.4962 1600529851
0.49639999999999995 1600529851
0.4961 1600529851
0.5283 1600529851
0.5416000000000001 1600529851
0.5017 1600529851
0.5016 1600529851
0.5422 1600529851
0.5018 1600529851
0.5394 1600529851
0.5016 1600529851
0.5016 1600529851
0.5581 1600529851
0.5236000000000001 1600529851
0.35430000000000006 1600529851
0.5581 1600529851
0.3821 1600529851
0.5740999999999999 1600529851
0.5581 1600529851
0.5741 1600529851
0.5422 1600529851
0.5224 1600529851
0.5224 1600529851
0.4569 1600529851
0.5561 1600529851
0.5561 1600529851
0.542 1600529851
0.5560999999999999 1600529851
0.4312 1600529851
0.39780000000000004 1600529851
0.40149999999999997 1600529851
0.4418000000000001 1600529851
0.40160000000000007 1600529851
0.4015 1600529851
0.42500000000000004 1600529851
0.4313 1600529851
0.5148 1600529851
0.45120000000000005 1600529851
0.5985 1600529851
0.5149 1600529851
0.6603 1600529851
0.4072 1600529851
0.6603 1600529851
0.5494 1600529851
0.5278 1600529851
0.38550000000000006 1600529851
0.5277 1600529851
0.5824 1600529851
0.5277000000000001 1600529851
0.4327 1600529851
0.3789 1600529851
0.6391 1600529851
0.5975 1600529851
0.6482000000000001 1600529851
0.5913999999999999 1600529851
0.648 1600529851
0.47630000000000006 1600529851
0.47629999999999995 1600529851
0.49140000000000006 1600529851
0.6482 1600529851
0.5113000000000001 1600529851
0.36019999999999996 1600529851
0.5602 1600529851
0.5644 1600529851
0.5602 1600529851
0.5112 1600529851
0.5644 1600529851
0.4427 1600529851
0.5431 1600529851
0.5134000000000001 1600529851
0.5610999999999999 1600529851
0.5133 1600529851
0.5431 1600529851
0.5133000000000001 1600529851
0.5204 1600529851
0.5611 1600529851
0.5052000000000001 1600529851
0.5051000000000001 1600529851
0.5052000000000001 1600529851
0.519 1600529851
0.5423 1600529851
0.5423 1600529851
0.5423 1600529851
0.5423 1600529851
0.5212 1600529851
0.5102 1600529851
0.519 1600529851
0.5059 1600529851
0.5119 1600529851
0.5211 1600529851
0.5212 1600529851
0.519 1600529851
0.5376000000000001 1600529851
0.4827 1600529851
0.5308 1600529851
0.47830000000000006 1600529851
0.48269999999999996 1600529851
0.4828 1600529851
0.5307999999999999 1600529851
0.47850000000000004 1600529851
0.5590999999999999 1600529851
0.524 1600529851
0.5657 1600529851
0.559 1600529851
0.5106 1600529851
0.5651 1600529851
0.521 1600529851
0.5589 1600529851
0.47969999999999996 1600529851
0.5017 1600529851
0.4794999999999999 1600529851
0.5017 1600529851
0.5016 1600529851
0.48589999999999994 1600529851
0.5017 1600529851
0.48589999999999994 1600529851
0.5218 1600529851
0.5445 1600529851
0.5445 1600529851
0.5099 1600529851
0.5217999999999999 1600529851
0.5219 1600529851
0.5446 1600529851
0.5218 1600529851
0.6444 1600529851
0.5048999999999999 1600529851
0.5212 1600529851
0.6444000000000001 1600529851
0.5880000000000001 1600529851
0.5948 1600529851
0.5880000000000001 1600529851
0.6444 1600529851
0.593 1600529851
0.5259 1600529851
0.5554 1600529851
0.5929 1600529851
0.593 1600529851
0.41409999999999997 1600529851
0.526 1600529851
0.3911 1600529851
0.5861000000000001 1600529851
0.5923 1600529851
0.5860000000000001 1600529851
0.47030000000000005 1600529851
0.5049 1600529851
0.5861000000000001 1600529851
0.41159999999999997 1600529851
0.49060000000000004 1600529851
0.5144000000000001 1600529851
0.5494000000000001 1600529851
0.5640999999999999 1600529851
0.5494000000000001 1600529851
0.5494 1600529851
0.5641 1600529851
0.5494 1600529851
0.5426 1600529851
0.5476 1600529851
0.5475000000000001 1600529851
0.5042 1600529851
0.5476000000000001 1600529851
0.5474 1600529851
0.5042 1600529851
0.5477000000000001 1600529851
0.5476 1600529851
0.4942 1600529851
0.5989 1600529851
0.49410000000000004 1600529851
0.4871 1600529851
0.4871 1600529851
0.4538 1600529851
0.649 1600529851
0.4942 1600529851
0.4566 1600529851
0.4498 1600529851
0.4498 1600529851
0.5298 1600529851
0.5365 1600529851
0.5373 1600529851
0.5373 1600529851
0.5297000000000001 1600529851
0.5611 1600529851
0.5156 1600529851
0.5156 1600529851
0.5610999999999999 1600529851
0.5445 1600529851
0.5611 1600529851
0.5445 1600529851
0.5505 1600529851
0.4778 1600529851
0.5461 1600529851
0.4725 1600529851
0.5460999999999999 1600529851
0.5095999999999999 1600529851
0.4769 1600529851
0.5461 1600529851
0.4768 1600529851
0.5417000000000001 1600529851
0.5416 1600529851
0.5417000000000001 1600529851
0.41979999999999995 1600529851
0.5417000000000001 1600529851
0.4918 1600529851
0.4918 1600529851
0.5416 1600529851
0.5271999999999999 1600529851
0.5725 1600529851
0.5724 1600529851
0.561 1600529851
0.6308 1600529851
0.6308 1600529851
0.5700000000000001 1600529851
0.5725 1600529851
0.45500000000000007 1600529851
0.4547 1600529851
0.4549 1600529851
0.4548 1600529851
0.4547 1600529851
0.4547 1600529851
0.45410000000000006 1600529851
0.45489999999999997 1600529851
0.4912000000000001 1600529851
0.49119999999999997 1600529851
0.49130000000000007 1600529851
0.4879 1600529851
0.4912000000000001 1600529851
0.4879 1600529851
0.4912 1600529851
0.48739999999999994 1600529851
0.5624 1600529851
0.5623 1600529851
0.5867 1600529851
0.5866 1600529851
0.5624 1600529851
0.5935 1600529851
0.5867 1600529851
0.5115999999999999 1600529851
0.4375 1600529851
0.4374 1600529851
0.4164 1600529851
0.42339999999999994 1600529851
0.4165 1600529851
0.44239999999999996 1600529851
0.42550000000000004 1600529851
0.4374 1600529851
0.5166999999999999 1600529851
0.5167999999999999 1600529851
0.5167 1600529851
0.5507 1600529851
0.5507000000000001 1600529851
0.5166999999999999 1600529851
0.5043 1600529851
0.5506 1600529851
0.48550000000000004 1600529851
0.4878 1600529851
0.48549999999999993 1600529851
0.48550000000000004 1600529851
0.4879 1600529851
0.4878 1600529851
0.4879 1600529851
0.4878 1600529851
0.5545 1600529851
0.5546 1600529851
0.6514 1600529851
0.5546 1600529851
0.6514 1600529851
0.5546 1600529851
0.6455 1600529851
0.5826 1600529851
