94.8367 1600518162
94.8366 1600518162
94.8368 1600518162
94.8368 1600518162
91.1005 1600518162
91.10100000000001 1600518162
91.10119999999999 1600518162
91.1012 1600518162
97.9807 1600518162
97.9808 1600518162
97.98100000000001 1600518162
97.9811 1600518162
91.2282 1600518162
91.2282 1600518162
91.2281 1600518162
91.2278 1600518162
92.4115 1600518162
92.41109999999999 1600518162
92.41090000000001 1600518162
92.411 1600518162
96.6885 1600518162
96.6889 1600518162
96.6889 1600518162
96.6889 1600518162
95.2072 1600518162
95.2072 1600518162
95.2069 1600518162
95.20729999999999 1600518162
61.6062 1600518162
61.632000000000005 1600518162
61.6318 1600518162
61.6321 1600518162
93.1473 1600518162
93.14720000000001 1600518162
93.1474 1600518162
93.1472 1600518162
91.6455 1600518162
91.6454 1600518162
91.6456 1600518162
91.6456 1600518162
97.12610000000001 1600518162
97.1263 1600518162
97.1259 1600518162
97.1303 1600518162
92.7582 1600518162
92.7582 1600518162
92.7582 1600518162
92.75840000000001 1600518162
91.3957 1600518162
91.39590000000001 1600518162
91.3956 1600518162
91.3954 1600518162
94.2228 1600518162
94.22319999999999 1600518162
94.2232 1600518162
94.22330000000001 1600518162
90.7118 1600518162
90.71159999999999 1600518162
90.7119 1600518162
90.7119 1600518162
91.6392 1600518162
91.6393 1600518162
91.6397 1600518162
91.6397 1600518162
95.4268 1600518162
95.4268 1600518162
95.42660000000001 1600518162
95.4268 1600518162
96.1708 1600518162
96.17060000000001 1600518162
96.1708 1600518162
96.1708 1600518162
92.3527 1600518162
92.3523 1600518162
92.3525 1600518162
92.35279999999999 1600518162
93.5426 1600518162
93.5423 1600518162
93.5425 1600518162
93.54270000000001 1600518162
91.8047 1600518162
91.80460000000001 1600518162
91.8044 1600518162
91.804 1600518162
94.5322 1600518162
94.5323 1600518162
94.532 1600518162
94.53219999999999 1600518162
94.5208 1600518162
94.52040000000001 1600518162
94.5205 1600518162
94.5208 1600518162
95.42920000000001 1600518162
95.429 1600518162
95.432 1600518162
95.42920000000001 1600518162
92.80690000000001 1600518162
92.8071 1600518162
92.807 1600518162
92.8068 1600518162
88.6473 1600518162
88.6479 1600518162
88.64789999999999 1600518162
88.6476 1600518162
97.29979999999999 1600518162
97.29950000000001 1600518162
97.30000000000001 1600518162
97.2999 1600518162
89.8262 1600518162
89.8262 1600518162
89.8257 1600518162
89.8257 1600518162
96.6529 1600518162
96.65230000000001 1600518162
96.65249999999999 1600518162
96.6529 1600518162
92.16449999999999 1600518162
92.16460000000001 1600518162
92.1647 1600518162
92.16470000000001 1600518162
90.8002 1600518162
90.8002 1600518162
90.8004 1600518162
90.80069999999999 1600518162
91.9784 1600518162
91.9782 1600518162
91.9785 1600518162
91.9786 1600518162
97.30730000000001 1600518162
97.30760000000001 1600518162
97.30770000000001 1600518162
97.30770000000001 1600518162
90.6474 1600518162
90.6474 1600518162
90.6469 1600518162
90.647 1600518162
92.8661 1600518162
92.866 1600518162
92.86590000000001 1600518162
92.86540000000001 1600518162
97.9334 1600518162
97.9333 1600518162
97.93299999999999 1600518162
97.9328 1600518162
92.2719 1600518162
91.15039999999999 1600518162
91.1505 1600518162
91.1499 1600518162
99.15599999999999 1600518162
99.1561 1600518162
99.1561 1600518162
99.16029999999999 1600518162
95.5088 1600518162
95.50869999999999 1600518162
95.5085 1600518162
95.5086 1600518162
90.3405 1600518162
90.34049999999999 1600518162
90.34030000000001 1600518162
90.34020000000001 1600518162
95.6818 1600518162
95.68140000000001 1600518162
95.68130000000001 1600518162
95.68119999999999 1600518162
96.9975 1600518162
96.9979 1600518162
96.99780000000001 1600518162
96.9979 1600518162
98.35300000000001 1600518162
98.3531 1600518162
98.353 1600518162
98.35300000000001 1600518162
94.51780000000001 1600518162
94.51820000000001 1600518162
94.5184 1600518162
94.5184 1600518162
97.9789 1600518162
97.97879999999999 1600518162
97.97879999999999 1600518162
97.9785 1600518162
88.4421 1600518162
88.44210000000001 1600518162
88.4419 1600518162
88.44200000000001 1600518162
91.84599999999999 1600518162
91.84580000000001 1600518162
91.8465 1600518162
91.8464 1600518162
95.1052 1600518162
95.1056 1600518162
95.1055 1600518162
95.10560000000001 1600518162
91.152 1600518162
91.1525 1600518162
91.1526 1600518162
91.1522 1600518162
97.1434 1600518162
97.14349999999999 1600518162
97.14359999999999 1600518162
97.1433 1600518162
93.38119999999999 1600518162
93.38140000000001 1600518162
93.381 1600518162
93.38140000000001 1600518162
96.6196 1600518162
95.84580000000001 1600518162
96.6195 1600518162
96.6193 1600518162
91.4788 1600518162
91.4787 1600518162
91.4786 1600518162
91.4784 1600518162
98.0035 1600518162
98.00330000000001 1600518162
98.0036 1600518162
98.0038 1600518162
98.5232 1600518162
98.5232 1600518162
98.523 1600518162
98.5233 1600518162
93.33460000000001 1600518162
93.33500000000001 1600518162
93.3348 1600518162
93.3342 1600518162
96.2261 1600518162
96.22630000000001 1600518162
96.2264 1600518162
96.2259 1600518162
92.1772 1600518162
92.1773 1600518162
92.17710000000001 1600518162
92.17720000000001 1600518162
97.21 1600518162
97.2099 1600518162
97.2094 1600518162
97.20989999999999 1600518162
97.12509999999999 1600518162
97.12540000000001 1600518162
97.12509999999999 1600518162
97.12519999999999 1600518162
89.6151 1600518162
89.6148 1600518162
89.6151 1600518162
89.6153 1600518162
92.58730000000001 1600518162
92.58749999999999 1600518162
92.5872 1600518162
92.58709999999999 1600518162
97.3384 1600518162
97.33840000000001 1600518162
97.3382 1600518162
97.33810000000001 1600518162
89.5143 1600518162
89.5142 1600518162
89.5142 1600518162
89.5137 1600518162
95.9837 1600518162
95.9841 1600518162
95.98400000000001 1600518162
95.9838 1600518162
97.1844 1600518162
97.1842 1600518162
97.18430000000001 1600518162
97.1841 1600518162
94.77420000000001 1600518162
94.7744 1600518162
94.77430000000001 1600518162
94.774 1600518162
96.1678 1600518162
96.1677 1600518162
96.1677 1600518162
96.1674 1600518162
92.5893 1600518162
92.5894 1600518162
92.58919999999999 1600518162
92.589 1600518162
92.09259999999999 1600518162
92.09280000000001 1600518162
92.0927 1600518162
92.09259999999999 1600518162
95.7282 1600518162
95.7283 1600518162
95.7285 1600518162
95.7279 1600518162
93.071 1600518162
93.0708 1600518162
93.0706 1600518162
93.071 1600518162
92.26530000000001 1600518162
92.26530000000001 1600518162
92.2649 1600518162
92.26490000000001 1600518162
91.5701 1600518162
91.5702 1600518162
91.5699 1600518162
91.5697 1600518162
98.3661 1600518162
98.3665 1600518162
98.3662 1600518162
98.366 1600518162
94.74780000000001 1600518162
94.7476 1600518162
94.7479 1600518162
94.74770000000001 1600518162
91.6974 1600518162
91.6972 1600518162
91.6975 1600518162
91.6974 1600518162
98.36869999999999 1600518162
98.3688 1600518162
98.3686 1600518162
98.3686 1600518162
94.60300000000001 1600518162
94.6028 1600518162
94.6029 1600518162
94.60249999999999 1600518162
99.1053 1600518162
99.1053 1600518162
99.1058 1600518162
99.1057 1600518162
92.95800000000001 1600518162
92.95800000000001 1600518162
92.9578 1600518162
92.9579 1600518162
99.1362 1600518162
99.1363 1600518162
99.1363 1600518162
99.136 1600518162
95.4394 1600518162
95.4393 1600518162
95.4393 1600518162
95.4389 1600518162
92.5981 1600518162
92.5981 1600518162
92.598 1600518162
92.5982 1600518162
99.08930000000001 1600518162
99.0893 1600518162
99.0891 1600518162
99.0889 1600518162
92.4751 1600518162
92.4752 1600518162
92.47500000000001 1600518162
92.4748 1600518162
96.724 1600518162
96.724 1600518162
96.72380000000001 1600518162
96.72359999999999 1600518162
95.6867 1600518162
95.6864 1600518162
95.6864 1600518162
95.68660000000001 1600518162
94.7448 1600518162
94.74510000000001 1600518162
94.74520000000001 1600518162
94.745 1600518162
90.6199 1600518162
90.62 1600518162
90.6198 1600518162
90.6196 1600518162
93.3757 1600518162
93.3757 1600518162
93.3756 1600518162
93.3758 1600518162
98.1699 1600518162
98.1695 1600518162
98.1698 1600518162
98.1697 1600518162
97.37010000000001 1600518162
97.3703 1600518162
97.3704 1600518162
97.37 1600518162
95.4706 1600518162
95.4705 1600518162
95.47099999999999 1600518162
95.47099999999999 1600518162
97.82870000000001 1600518162
97.8288 1600518162
97.82860000000001 1600518162
97.8288 1600518162
93.1488 1600518162
93.149 1600518162
93.149 1600518162
93.1486 1600518162
90.7959 1600518162
90.7962 1600518162
90.79599999999999 1600518162
90.7962 1600518162
97.16850000000001 1600518162
97.1683 1600518162
97.1682 1600518162
97.16850000000001 1600518162
91.546 1600518162
91.54639999999999 1600518162
91.5464 1600518162
91.54620000000001 1600518162
95.38780000000001 1600518162
95.38799999999999 1600518162
95.3876 1600518162
95.38770000000001 1600518162
91.7401 1600518162
91.74000000000001 1600518162
91.7399 1600518162
91.74010000000001 1600518162
99.26310000000001 1600518162
99.2635 1600518162
99.26350000000001 1600518162
99.26350000000001 1600518162
92.8235 1600518162
92.8235 1600518162
92.82329999999999 1600518162
92.8232 1600518162
99.1075 1600518162
99.10730000000001 1600518162
99.1069 1600518162
99.10730000000001 1600518162
96.0981 1600518162
96.0981 1600518162
96.09830000000001 1600518162
96.0984 1600518162
91.8848 1600518162
91.8843 1600518162
91.8839 1600518162
91.8844 1600518162
95.68900000000001 1600518162
95.6893 1600518162
95.68929999999999 1600518162
95.6891 1600518162
95.646 1600518162
95.646 1600518162
95.64620000000001 1600518162
95.6464 1600518162
95.9903 1600518162
95.9901 1600518162
95.99010000000001 1600518162
95.9898 1600518162
95.03790000000001 1600518162
95.0378 1600518162
95.0381 1600518162
95.0381 1600518162
94.8708 1600518162
94.8704 1600518162
94.87 1600518162
94.87049999999999 1600518162
91.456 1600518162
91.45599999999999 1600518162
91.4558 1600518162
91.456 1600518162
94.2256 1600518162
94.2256 1600518162
94.22540000000001 1600518162
94.2255 1600518162
97.7728 1600518162
97.77300000000001 1600518162
97.77310000000001 1600518162
97.77260000000001 1600518162
89.9196 1600518162
89.91940000000001 1600518162
89.9196 1600518162
89.9196 1600518162
94.5171 1600518162
94.5174 1600518162
94.5176 1600518162
94.5177 1600518162
98.3733 1600518162
98.37320000000001 1600518162
98.3733 1600518162
98.373 1600518162
96.2274 1600518162
96.2278 1600518162
96.2277 1600518162
96.22760000000001 1600518162
92.5249 1600518162
92.525 1600518162
92.5252 1600518162
92.5252 1600518162
99.13419999999999 1600518162
99.134 1600518162
99.1341 1600518162
99.1342 1600518162
94.2102 1600518162
94.2105 1600518162
94.21050000000001 1600518162
94.21000000000001 1600518162
99.0698 1600518162
99.0699 1600518162
99.07000000000001 1600518162
99.0694 1600518162
94.7463 1600518162
94.7463 1600518162
94.7465 1600518162
94.7465 1600518162
97.1395 1600518162
97.1396 1600518162
97.1392 1600518162
97.13940000000001 1600518162
95.9914 1600518162
95.9915 1600518162
95.991 1600518162
95.9916 1600518162
95.107 1600518162
95.1068 1600518162
95.1067 1600518162
95.1069 1600518162
91.1357 1600518162
91.1356 1600518162
91.1356 1600518162
91.1357 1600518162
92.043 1600518162
92.0435 1600518162
92.04339999999999 1600518162
92.0431 1600518162
92.7494 1600518162
92.7493 1600518162
92.74910000000001 1600518162
92.74940000000001 1600518162
95.81110000000001 1600518162
95.8109 1600518162
95.811 1600518162
95.81099999999999 1600518162
97.9876 1600518162
97.9873 1600518162
97.9879 1600518162
97.98780000000001 1600518162
94.7523 1600518162
94.7525 1600518162
94.75240000000001 1600518162
94.7522 1600518162
98.2391 1600518162
98.239 1600518162
98.23910000000001 1600518162
98.2387 1600518162
97.8177 1600518162
97.8174 1600518162
97.8178 1600518162
97.8177 1600518162
93.0754 1600518162
93.0753 1600518162
93.07520000000001 1600518162
93.0749 1600518162
96.6861 1600518162
96.68610000000001 1600518162
96.6863 1600518162
96.6861 1600518162
95.3853 1600518162
95.3853 1600518162
95.38510000000001 1600518162
95.3854 1600518162
94.6692 1600518162
94.6693 1600518162
94.6692 1600518162
94.6694 1600518162
97.7715 1600518162
97.7715 1600518162
97.77170000000001 1600518162
97.7718 1600518162
93.49730000000001 1600518162
93.4974 1600518162
93.4971 1600518162
93.49719999999999 1600518162
86.1106 1600518162
86.111 1600518162
86.11070000000001 1600518162
86.1105 1600518162
91.2639 1600518162
91.2644 1600518162
91.2643 1600518162
91.26410000000001 1600518162
93.7424 1600518162
93.7426 1600518162
93.74239999999999 1600518162
93.7426 1600518162
96.7796 1600518162
96.7795 1600518162
96.7793 1600518162
96.7795 1600518162
96.2992 1600518162
96.2994 1600518162
96.2992 1600518162
96.29899999999999 1600518162
94.5394 1600518162
94.5398 1600518162
94.5399 1600518162
94.53960000000001 1600518162
89.9888 1600518162
89.989 1600518162
89.9891 1600518162
89.98920000000001 1600518162
98.77340000000001 1600518162
98.77329999999999 1600518162
98.7731 1600518162
98.7732 1600518162
97.1491 1600518162
97.1493 1600518162
97.14970000000001 1600518162
97.14959999999999 1600518162
93.6322 1600518162
93.63220000000001 1600518162
93.6322 1600518162
93.6319 1600518162
87.51610000000001 1600518162
87.5162 1600518162
87.516 1600518162
87.5162 1600518162
94.0639 1600518162
94.0639 1600518162
94.0634 1600518162
94.0636 1600518162
93.34 1600518162
93.3399 1600518162
93.3403 1600518162
93.3404 1600518162
99.1707 1600518162
99.1706 1600518162
99.1703 1600518162
99.1703 1600518162
95.2397 1600518162
95.2397 1600518162
95.23949999999999 1600518162
95.2393 1600518162
98.2073 1600518162
98.2072 1600518162
98.2073 1600518162
98.20739999999999 1600518162
95.5015 1600518162
95.50179999999999 1600518162
95.5018 1600518162
95.5015 1600518162
92.0851 1600518162
92.0852 1600518162
92.085 1600518162
92.08500000000001 1600518162
99.1046 1600518162
99.1046 1600518162
99.1045 1600518162
99.1049 1600518162
92.08930000000001 1600518162
92.0898 1600518162
92.09009999999999 1600518162
92.0899 1600518162
93.07360000000001 1600518162
93.0736 1600518162
93.07430000000001 1600518162
93.07430000000001 1600518162
95.8635 1600518162
95.8632 1600518162
95.86370000000001 1600518162
95.8636 1600518162
97.9952 1600518162
97.995 1600518162
97.9952 1600518162
97.99520000000001 1600518162
95.1625 1600518162
95.16290000000001 1600518162
95.16300000000001 1600518162
95.1625 1600518162
95.316 1600518162
95.316 1600518162
95.31580000000001 1600518162
95.316 1600518162
92.4661 1600518162
92.4662 1600518162
92.4661 1600518162
92.46589999999999 1600518162
97.2592 1600518162
97.2593 1600518162
97.25940000000001 1600518162
97.2595 1600518162
94.384 1600518162
94.38419999999999 1600518162
94.3839 1600518162
94.3836 1600518162
93.01650000000001 1600518162
93.0163 1600518162
93.0163 1600518162
93.01580000000001 1600518162
96.9431 1600518162
96.9435 1600518162
96.9434 1600518162
96.9434 1600518162
93.736 1600518162
93.736 1600518162
93.73649999999999 1600518162
93.73649999999999 1600518162
94.7511 1600518162
94.7509 1600518162
94.75099999999999 1600518162
94.75110000000001 1600518162
91.2942 1600518162
91.2942 1600518162
91.2943 1600518162
91.2944 1600518162
95.6387 1600518162
95.6388 1600518162
95.63940000000001 1600518162
95.6395 1600518162
98.0022 1600518162
98.0022 1600518162
98.00250000000001 1600518162
98.00229999999999 1600518162
97.9965 1600518162
97.9965 1600518162
97.99629999999999 1600518162
97.9965 1600518162
98.20870000000001 1600518162
98.2086 1600518162
98.2087 1600518162
98.2084 1600518162
99.1252 1600518162
99.12530000000001 1600518162
99.1255 1600518162
98.9764 1600518162
92.9499 1600518162
92.9501 1600518162
92.9498 1600518162
92.95009999999999 1600518162
97.1369 1600518162
97.1367 1600518162
97.1364 1600518162
97.1367 1600518162
91.1818 1600518162
91.1815 1600518162
91.1817 1600518162
91.18159999999999 1600518162
93.7377 1600518162
93.7378 1600518162
93.7376 1600518162
93.7377 1600518162
91.22370000000001 1600518162
91.22370000000001 1600518162
91.2239 1600518162
91.2239 1600518162
97.8085 1600518162
97.8088 1600518162
97.80890000000001 1600518162
97.8089 1600518162
92.5292 1600518162
92.5293 1600518162
92.529 1600518162
92.52900000000001 1600518162
94.6675 1600518162
94.66770000000001 1600518162
94.6677 1600518162
94.6674 1600518162
94.71090000000001 1600518162
94.7114 1600518162
94.7114 1600518162
94.7112 1600518162
98.1729 1600518162
98.17309999999999 1600518162
98.1731 1600518162
98.1727 1600518162
90.5965 1600518162
90.5965 1600518162
90.5963 1600518162
90.5961 1600518162
95.8828 1600518162
95.8824 1600518162
95.8825 1600518162
95.8824 1600518162
92.2665 1600518162
92.2665 1600518162
92.2663 1600518162
92.26639999999999 1600518162
94.6018 1600518162
94.6016 1600518162
94.60140000000001 1600518162
94.6012 1600518162
91.7646 1600518162
91.76490000000001 1600518162
91.76490000000001 1600518162
91.765 1600518162
98.3509 1600518162
98.3511 1600518162
98.3514 1600518162
98.3509 1600518162
98.34700000000001 1600518162
98.3472 1600518162
98.34700000000001 1600518162
98.3473 1600518162
93.20739999999999 1600518162
93.2076 1600518162
93.2077 1600518162
93.2077 1600518162
96.9234 1600518162
96.9233 1600518162
96.9231 1600518162
96.9232 1600518162
94.5132 1600518162
94.5132 1600518162
94.51350000000001 1600518162
94.5135 1600518162
96.6136 1600518162
96.61370000000001 1600518162
96.6133 1600518162
96.6136 1600518162
95.03689999999999 1600518162
95.03670000000001 1600518162
95.03659999999999 1600518162
95.0368 1600518162
95.4985 1600518162
95.49820000000001 1600518162
95.4983 1600518162
95.4985 1600518162
95.49640000000001 1600518162
95.4966 1600518162
95.4968 1600518162
95.49680000000001 1600518162
94.55990000000001 1600518162
94.56030000000001 1600518162
94.56020000000001 1600518162
94.56030000000001 1600518162
92.7817 1600518162
92.7818 1600518162
92.78160000000001 1600518162
92.7818 1600518162
96.816 1600518162
96.8163 1600518162
96.8164 1600518162
96.8161 1600518162
97.4825 1600518162
97.4824 1600518162
97.4825 1600518162
97.4821 1600518162
94.97879999999999 1600518162
94.979 1600518162
94.9792 1600518162
94.9793 1600518162
93.74480000000001 1600518162
93.7452 1600518162
93.7452 1600518162
93.7447 1600518162
85.82419999999999 1600518162
85.824 1600518162
85.8241 1600518162
85.824 1600518162
94.7431 1600518162
94.7437 1600518162
94.7436 1600518162
94.7436 1600518162
94.1371 1600518162
94.1372 1600518162
94.1371 1600518162
94.1373 1600518162
95.4512 1600518162
95.451 1600518162
95.4512 1600518162
95.4512 1600518162
91.807 1600518162
91.8078 1600518162
91.8082 1600518162
91.808 1600518162
90.8769 1600518162
90.8773 1600518162
90.87750000000001 1600518162
90.87740000000001 1600518162
97.2608 1600518162
97.2607 1600518162
97.2606 1600518162
97.2605 1600518162
94.6204 1600518162
94.6207 1600518162
94.62049999999999 1600518162
94.6208 1600518162
94.5448 1600518162
94.54480000000001 1600518162
94.5446 1600518162
94.5444 1600518162
97.95460000000001 1600518162
97.9549 1600518162
97.9547 1600518162
97.9551 1600518162
97.6078 1600518162
97.6079 1600518162
97.607 1600518162
97.6076 1600518162
92.291 1600518162
92.2912 1600518162
92.2915 1600518162
92.2912 1600518162
97.9831 1600518162
97.9831 1600518162
97.9833 1600518162
97.9832 1600518162
97.03020000000001 1600518162
97.0297 1600518162
97.03059999999999 1600518162
97.03049999999999 1600518162
99.109 1600518162
99.1083 1600518162
99.10860000000001 1600518162
99.10889999999999 1600518162
92.56360000000001 1600518162
92.5638 1600518162
92.5635 1600518162
92.5634 1600518162
98.11420000000001 1600518162
98.11410000000001 1600518162
98.1143 1600518162
98.1139 1600518162
94.1336 1600518162
94.1335 1600518162
94.1333 1600518162
94.1331 1600518162
97.5388 1600518162
97.5387 1600518162
97.5385 1600518162
97.53880000000001 1600518162
95.5452 1600518162
95.5451 1600518162
95.54490000000001 1600518162
95.5447 1600518162
95.4204 1600518162
95.4204 1600518162
95.42020000000001 1600518162
95.42020000000001 1600518162
93.4106 1600518162
93.4106 1600518162
93.4104 1600518162
93.4102 1600518162
89.3804 1600518162
89.3803 1600518162
89.38069999999999 1600518162
89.38010000000001 1600518162
4.794300000000001 1600518162
4.794300000000001 1600518162
4.7942 1600518162
4.7943 1600518162
97.7649 1600518162
97.7646 1600518162
97.76429999999999 1600518162
97.7645 1600518162
97.08109999999999 1600518162
97.0809 1600518162
97.08070000000001 1600518162
97.0807 1600518162
97.498 1600518162
97.4978 1600518162
97.4978 1600518162
97.4981 1600518162
89.471 1600518162
89.47149999999999 1600518162
89.4715 1600518162
89.4711 1600518162
95.43520000000001 1600518162
95.4351 1600518162
95.4354 1600518162
95.4353 1600518162
97.4314 1600518162
97.43180000000001 1600518162
97.43180000000001 1600518162
97.4316 1600518162
97.8146 1600518162
97.8147 1600518162
97.81439999999999 1600518162
97.8146 1600518162
95.46900000000001 1600518162
95.4691 1600518162
95.4694 1600518162
95.4693 1600518162
95.6207 1600518162
95.6208 1600518162
95.62049999999999 1600518162
95.621 1600518162
93.1248 1600518162
93.12519999999999 1600518162
93.1251 1600518162
93.1252 1600518162
94.8392 1600518162
94.8394 1600518162
94.839 1600518162
94.8389 1600518162
95.50999999999999 1600518162
95.5099 1600518162
95.51 1600518162
95.5099 1600518162
95.3231 1600518162
95.3234 1600518162
95.3234 1600518162
95.3232 1600518162
96.81179999999999 1600518162
96.8117 1600518162
96.8115 1600518162
96.81139999999999 1600518162
95.5466 1600518162
95.5464 1600518162
95.54650000000001 1600518162
95.5466 1600518162
95.6832 1600518162
95.6836 1600518162
95.68360000000001 1600518162
95.6834 1600518162
95.61919999999999 1600518162
95.61940000000001 1600518162
95.6192 1600518162
95.6197 1600518162
89.333 1600518162
89.3332 1600518162
89.3332 1600518162
89.3331 1600518162
92.32900000000001 1600518162
92.32950000000001 1600518162
92.3291 1600518162
92.32950000000001 1600518162
97.8254 1600518162
97.82549999999999 1600518162
97.8251 1600518162
97.8251 1600518162
94.21310000000001 1600518162
94.2132 1600518162
94.21300000000001 1600518162
94.2129 1600518162
93.2927 1600518162
93.2928 1600518162
93.29260000000001 1600518162
93.2924 1600518162
97.6122 1600518162
97.61240000000001 1600518162
97.6122 1600518162
97.6119 1600518162
93.42760000000001 1600518162
93.42760000000001 1600518162
93.4276 1600518162
93.4273 1600518162
95.50059999999999 1600518162
95.50030000000001 1600518162
95.5005 1600518162
95.5005 1600518162
92.0988 1600518162
92.09909999999999 1600518162
92.0989 1600518162
92.0989 1600518162
96.45660000000001 1600518162
96.4568 1600518162
96.4574 1600518162
96.4573 1600518162
95.7339 1600518162
95.7338 1600518162
95.7336 1600518162
95.734 1600518162
97.07639999999999 1600518162
97.0766 1600518162
97.0769 1600518162
97.0766 1600518162
97.37150000000001 1600518162
97.37140000000001 1600518162
97.3712 1600518162
97.3713 1600518162
96.27459999999999 1600518162
96.2744 1600518162
96.2746 1600518162
97.8306 1600518162
92.8405 1600518162
92.8405 1600518162
92.8407 1600518162
92.84060000000001 1600518162
93.0724 1600518162
93.07249999999999 1600518162
93.0728 1600518162
93.0728 1600518162
98.0871 1600518162
98.0873 1600518162
97.5367 1600518162
97.5368 1600518162
96.7474 1600518162
96.74730000000001 1600518162
96.7474 1600518162
96.7475 1600518162
95.42190000000001 1600518162
95.4217 1600518162
95.4219 1600518162
95.4218 1600518162
99.2624 1600518162
99.2621 1600518162
99.262 1600518162
99.26230000000001 1600518162
96.91390000000001 1600518162
96.9139 1600518162
96.9141 1600518162
96.9141 1600518162
92.2697 1600518162
92.2692 1600518162
92.2697 1600518162
92.2697 1600518162
94.8443 1600518162
94.844 1600518162
94.8436 1600518162
94.8439 1600518162
98.6559 1600518162
98.65559999999999 1600518162
98.6558 1600518162
98.6558 1600518162
97.8189 1600518162
97.8188 1600518162
97.81890000000001 1600518162
96.956 1600518162
98.086 1600518162
98.0859 1600518162
98.0865 1600518162
98.0862 1600518162
97.5963 1600518162
97.5967 1600518162
95.7248 1600518162
95.7248 1600518162
98.52430000000001 1600518162
98.5244 1600518162
98.5245 1600518162
98.5244 1600518162
90.8163 1600518162
90.81620000000001 1600518162
90.8163 1600518162
90.8159 1600518162
95.1006 1600518162
95.1007 1600518162
95.1005 1600518162
95.1006 1600518162
92.6395 1600518162
92.63940000000001 1600518162
92.6395 1600518162
92.6391 1600518162
94.5188 1600518162
94.51910000000001 1600518162
94.5192 1600518162
94.5188 1600518162
94.7757 1600518162
94.7757 1600518162
94.77550000000001 1600518162
94.77550000000001 1600518162
94.5153 1600518162
94.5151 1600518162
94.51530000000001 1600518162
94.51520000000001 1600518162
92.6132 1600518162
92.6135 1600518162
92.6134 1600518162
92.6135 1600518162
95.6178 1600518162
95.6176 1600518162
95.618 1600518162
95.61749999999999 1600518162
97.8165 1600518162
97.8166 1600518162
97.8163 1600518162
97.8165 1600518162
99.1031 1600518162
99.10310000000001 1600518162
99.1032 1600518162
99.10249999999999 1600518162
96.4163 1600518162
96.4163 1600518162
96.4166 1600518162
96.4167 1600518162
93.931 1600518162
93.9306 1600518162
93.93050000000001 1600518162
93.931 1600518162
97.7434 1600518162
97.74350000000001 1600518162
97.7432 1600518162
97.7431 1600518162
96.815 1600518162
96.81490000000001 1600518162
96.8146 1600518162
96.81450000000001 1600518162
97.0779 1600518162
97.078 1600518162
97.0782 1600518162
97.0779 1600518162
93.90589999999999 1600518162
93.90570000000001 1600518162
93.9057 1600518162
93.9055 1600518162
96.5853 1600518162
96.58539999999999 1600518162
96.5852 1600518162
96.5854 1600518162
95.50280000000001 1600518162
95.50319999999999 1600518162
95.5031 1600518162
95.5029 1600518162
94.43180000000001 1600518162
94.43190000000001 1600518162
94.4317 1600518162
94.43169999999999 1600518162
97.26549999999999 1600518162
97.26549999999999 1600518162
97.2654 1600518162
97.2652 1600518162
94.5579 1600518162
94.5579 1600518162
94.55799999999999 1600518162
94.5575 1600518162
93.35199999999999 1600518162
93.3524 1600518162
93.3521 1600518162
93.3524 1600518162
92.0768 1600518162
92.0767 1600518162
92.0766 1600518162
92.0761 1600518162
98.4871 1600518162
98.4868 1600518162
98.48700000000001 1600518162
98.4871 1600518162
96.9953 1600518162
96.9957 1600518162
96.9957 1600518162
96.9953 1600518162
94.5277 1600518162
94.52770000000001 1600518162
94.5279 1600518162
94.5279 1600518162
94.8427 1600518162
94.84259999999999 1600518162
94.84230000000001 1600518162
94.8427 1600518162
99.2009 1600518162
99.20089999999999 1600518162
99.2007 1600518162
99.20089999999999 1600518162
94.945 1600518162
94.94539999999999 1600518162
94.9454 1600518162
94.945 1600518162
95.9815 1600518162
95.9815 1600518162
95.9812 1600518162
95.9811 1600518162
97.9483 1600518162
97.9482 1600518162
97.9478 1600518162
97.9481 1600518162
98.37 1600518162
98.37010000000001 1600518162
98.3701 1600518162
98.3698 1600518162
97.1409 1600518162
97.1407 1600518162
97.1408 1600518162
97.1409 1600518162
96.6093 1600518162
96.6095 1600518162
96.6095 1600518162
96.6095 1600518162
92.181 1600518162
92.1801 1600518162
92.1802 1600518162
92.1811 1600518162
99.2534 1600518162
99.2535 1600518162
99.2538 1600518162
99.25359999999999 1600518162
95.57889999999999 1600518162
95.5793 1600518162
95.5796 1600518162
95.5793 1600518162
93.70020000000001 1600518162
93.7005 1600518162
93.70060000000001 1600518162
93.7006 1600518162
94.9757 1600518162
94.9759 1600518162
94.976 1600518162
94.976 1600518162
99.06830000000001 1600518162
99.0684 1600518162
99.0686 1600518162
99.06859999999999 1600518162
94.17930000000001 1600518162
94.1795 1600518162
94.17970000000001 1600518162
94.1793 1600518162
92.10199999999999 1600518162
92.10159999999999 1600518162
92.1016 1600518162
92.1017 1600518162
97.6056 1600518162
97.6059 1600518162
97.6058 1600518162
97.6061 1600518162
93.2914 1600518162
93.29140000000001 1600518162
93.2912 1600518162
93.2915 1600518162
97.7202 1600518162
97.7202 1600518162
97.72000000000001 1600518162
97.72030000000001 1600518162
94.9147 1600518162
94.9148 1600518162
94.91470000000001 1600518162
94.9148 1600518162
94.8355 1600518162
94.8355 1600518162
94.83539999999999 1600518162
94.8352 1600518162
95.2778 1600518162
95.278 1600518162
95.2777 1600518162
95.2774 1600518162
95.4809 1600518162
95.4813 1600518162
95.4813 1600518162
95.48110000000001 1600518162
94.74940000000001 1600518162
94.7495 1600518162
94.7498 1600518162
94.7498 1600518162
94.366 1600518162
94.366 1600518162
94.3659 1600518162
94.3661 1600518162
96.225 1600518162
96.2249 1600518162
96.22510000000001 1600518162
96.22500000000001 1600518162
95.9828 1600518162
95.9828 1600518162
95.9826 1600518162
95.98280000000001 1600518162
97.94690000000001 1600518162
95.7776 1600518162
95.7778 1600518162
95.7779 1600518162
96.94189999999999 1600518162
96.9419 1600518162
96.9421 1600518162
96.9421 1600518162
96.17240000000001 1600518162
96.1728 1600518162
96.17269999999999 1600518162
96.1726 1600518162
94.99210000000001 1600518162
94.99220000000001 1600518162
94.99239999999999 1600518162
94.9924 1600518162
97.345 1600518162
97.3448 1600518162
97.3449 1600518162
97.3449 1600518162
95.3806 1600518162
95.381 1600518162
95.3809 1600518162
95.3807 1600518162
96.1038 1600518162
96.1038 1600518162
96.1036 1600518162
96.10369999999999 1600518162
95.4498 1600518162
95.4499 1600518162
95.4496 1600518162
95.44940000000001 1600518162
94.9467 1600518162
94.94669999999999 1600518162
94.9468 1600518162
94.9467 1600518162
98.1649 1600518162
98.16470000000001 1600518162
98.1648 1600518162
98.1649 1600518162
96.22890000000001 1600518162
96.2288 1600518162
96.22890000000001 1600518162
96.2286 1600518162
95.9795 1600518162
95.98020000000001 1600518162
95.9796 1600518162
95.9797 1600518162
99.26469999999999 1600518162
99.2645 1600518162
99.26450000000001 1600518162
99.26450000000001 1600518162
95.72659999999999 1600518162
95.727 1600518162
95.7269 1600518162
95.7267 1600518162
93.4052 1600518162
93.405 1600518162
93.4052 1600518162
93.4053 1600518162
92.4707 1600518162
92.47059999999999 1600518162
92.4705 1600518162
92.4702 1600518162
92.1746 1600518162
92.1747 1600518162
92.1746 1600518162
92.1746 1600518162
93.9343 1600518162
93.9341 1600518162
93.9341 1600518162
93.9345 1600518162
98.2444 1600518162
98.2444 1600518162
98.2445 1600518162
98.2443 1600518162
97.2562 1600518162
97.2564 1600518162
97.2564 1600518162
97.2561 1600518162
98.24090000000001 1600518162
98.2407 1600518162
98.2413 1600518162
98.2413 1600518162
96.91539999999999 1600518162
95.438 1600518162
96.9156 1600518162
96.9152 1600518162
98.11070000000001 1600518162
98.11099999999999 1600518162
98.1106 1600518162
98.1109 1600518162
91.17139999999999 1600518162
91.17179999999999 1600518162
91.1721 1600518162
91.1719 1600518162
96.72189999999999 1600518162
97.7369 1600518162
96.7226 1600518162
97.73660000000001 1600518162
98.3482 1600518162
98.3486 1600518162
98.34870000000001 1600518162
98.34870000000001 1600518162
95.7236 1600518162
95.72370000000001 1600518162
95.7235 1600518162
95.7237 1600518162
96.45530000000001 1600518162
96.4551 1600518162
96.4556 1600518162
96.4556 1600518162
98.34570000000001 1600518162
98.3458 1600518162
98.34580000000001 1600518162
98.3455 1600518162
91.9527 1600518162
91.9517 1600518162
91.95160000000001 1600518162
91.95230000000001 1600518162
92.42999999999999 1600518162
92.4302 1600518162
92.4303 1600518162
92.4304 1600518162
96.94940000000001 1600518162
96.9495 1600518162
96.9492 1600518162
96.9494 1600518162
93.6305 1600518162
93.63040000000001 1600518162
93.6306 1600518162
93.6307 1600518162
94.16090000000001 1600518162
94.1611 1600518162
94.161 1600518162
94.1614 1600518162
90.8083 1600518162
90.8079 1600518162
90.80760000000001 1600518162
90.80789999999999 1600518162
92.2629 1600518162
92.2633 1600518162
92.26350000000001 1600518162
92.26350000000001 1600518162
95.141 1600518162
95.1422 1600518162
95.14229999999999 1600518162
95.1414 1600518162
97.5487 1600518162
97.5488 1600518162
97.54809999999999 1600518162
97.5479 1600518162
97.5496 1600518162
97.5502 1600518162
97.54990000000001 1600518162
97.551 1600518162
94.3762 1600518162
94.37710000000001 1600518162
94.3768 1600518162
94.376 1600518162
99.20219999999999 1600518162
99.2027 1600518162
99.20190000000001 1600518162
99.20230000000001 1600518162
99.2082 1600518162
99.20800000000001 1600518162
99.2082 1600518162
99.2081 1600518162
98.0819 1600518162
98.082 1600518162
98.082 1600518162
98.0822 1600518162
93.69890000000001 1600518162
93.6994 1600518162
93.6987 1600518162
93.69879999999999 1600518162
99.0604 1600518162
99.05999999999999 1600518162
99.05990000000001 1600518162
99.061 1600518162
95.881 1600518162
95.881 1600518162
95.8809 1600518162
95.8812 1600518162
98.3497 1600518162
98.34970000000001 1600518162
98.3499 1600518162
98.3499 1600518162
93.3114 1600518162
93.31190000000001 1600518162
93.3111 1600518162
93.3112 1600518162
96.5545 1600518162
96.5537 1600518162
96.55390000000001 1600518162
96.5539 1600518162
97.25779999999999 1600518162
97.2581 1600518162
97.25800000000001 1600518162
97.2579 1600518162
97.8272 1600518162
97.8265 1600518162
97.8266 1600518162
97.82719999999999 1600518162
98.3531 1600518162
98.3532 1600518162
98.35300000000001 1600518162
98.3537 1600518162
94.0218 1600518162
94.0222 1600518162
94.02239999999999 1600518162
94.0226 1600518162
99.2144 1600518162
99.2146 1600518162
99.21440000000001 1600518162
99.2142 1600518162
94.13820000000001 1600518162
94.1383 1600518162
94.1384 1600518162
94.138 1600518162
93.8091 1600518162
93.8093 1600518162
93.8091 1600518162
93.8084 1600518162
93.3301 1600518162
93.3306 1600518162
93.3297 1600518162
93.32939999999999 1600518162
95.9492 1600518162
95.9496 1600518162
95.9497 1600518162
95.94969999999999 1600518162
90.4618 1600518162
90.4617 1600518162
90.4615 1600518162
90.4618 1600518162
94.059 1600518162
94.0598 1600518162
94.0598 1600518162
94.0587 1600518162
95.13990000000001 1600518162
95.14 1600518162
95.1402 1600518162
95.1401 1600518162
96.6079 1600518162
96.6083 1600518162
96.60820000000001 1600518162
96.6082 1600518162
95.1461 1600518162
95.14659999999999 1600518162
95.14580000000001 1600518162
95.1459 1600518162
93.9143 1600518162
93.9147 1600518162
93.9147 1600518162
93.9148 1600518162
93.8724 1600518162
93.87240000000001 1600518162
93.8722 1600518162
93.8724 1600518162
97.5433 1600518162
97.54379999999999 1600518162
97.5436 1600518162
97.5437 1600518162
97.1425 1600518162
97.1424 1600518162
97.142 1600518162
97.1419 1600518162
98.76490000000001 1600518162
98.76480000000001 1600518162
98.765 1600518162
98.7646 1600518162
98.76639999999999 1600518162
98.76610000000001 1600518162
98.7664 1600518162
98.76610000000001 1600518162
94.7789 1600518162
94.7791 1600518162
94.7788 1600518162
94.7789 1600518162
96.9047 1600518162
96.9051 1600518162
96.9051 1600518162
96.90509999999999 1600518162
98.9328 1600518162
98.93390000000001 1600518162
98.9341 1600518162
98.9341 1600518162
92.91499999999999 1600518162
92.9148 1600518162
92.9148 1600518162
92.9147 1600518162
97.9997 1600518162
97.9997 1600518162
97.9995 1600518162
97.9999 1600518162
98.4925 1600518162
98.4924 1600518162
98.4923 1600518162
98.4923 1600518162
98.6814 1600518162
98.6812 1600518162
98.6813 1600518162
98.68130000000001 1600518162
93.46430000000001 1600518162
93.46430000000001 1600518162
93.4641 1600518162
93.4641 1600518162
90.8108 1600518162
90.8099 1600518162
90.8098 1600518162
90.81049999999999 1600518162
98.1625 1600518162
98.1627 1600518162
98.1622 1600518162
98.1623 1600518162
97.35010000000001 1600518162
97.3494 1600518162
97.3492 1600518162
97.3499 1600518162
95.35940000000001 1600518162
95.3586 1600518162
95.3585 1600518162
95.359 1600518162
97.34819999999999 1600518162
97.3481 1600518162
97.34790000000001 1600518162
97.3478 1600518162
94.2117 1600518162
94.21180000000001 1600518162
94.2115 1600518162
94.2118 1600518162
96.0258 1600518162
96.0258 1600518162
96.02640000000001 1600518162
96.026 1600518162
97.9934 1600518162
97.9933 1600518162
97.9931 1600518162
97.99390000000001 1600518162
94.59230000000001 1600518162
94.5925 1600518162
94.593 1600518162
94.5928 1600518162
98.0011 1600518162
98.0012 1600518162
98.001 1600518162
98.00110000000001 1600518162
91.2062 1600518162
91.2054 1600518162
91.2051 1600518162
91.20450000000001 1600518162
96.7044 1600518162
96.7055 1600518162
96.706 1600518162
96.70460000000001 1600518162
94.7811 1600518162
94.7804 1600518162
94.7807 1600518162
94.7805 1600518162
98.65339999999999 1600518162
98.65440000000001 1600518162
98.6538 1600518162
98.6534 1600518162
97.1379 1600518162
97.1378 1600518162
97.1381 1600518162
97.138 1600518162
98.7924 1600518162
98.7918 1600518162
98.79180000000001 1600518162
98.7915 1600518162
96.27550000000001 1600518162
96.2759 1600518162
96.27640000000001 1600518162
96.2757 1600518162
93.6271 1600518162
95.4481 1600518162
93.62700000000001 1600518162
93.627 1600518162
99.2045 1600518162
99.2047 1600518162
99.2047 1600518162
99.20439999999999 1600518162
94.872 1600518162
94.8719 1600518162
94.8724 1600518162
94.8724 1600518162
93.3382 1600518162
93.3386 1600518162
93.3386 1600518162
93.33869999999999 1600518162
97.6033 1600518162
97.6032 1600518162
97.6031 1600518162
97.603 1600518162
94.83409999999999 1600518162
94.8341 1600518162
94.8341 1600518162
94.8337 1600518162
93.4255 1600518162
93.42519999999999 1600518162
93.4258 1600518162
93.4259 1600518162
93.4666 1600518162
93.467 1600518162
93.4668 1600518162
93.467 1600518162
92.5955 1600518162
92.59530000000001 1600518162
92.5951 1600518162
92.5956 1600518162
97.15140000000001 1600518162
97.15060000000001 1600518162
97.1513 1600518162
97.1512 1600518162
99.25240000000001 1600518162
99.25240000000001 1600518162
99.252 1600518162
99.2519 1600518162
98.6521 1600518162
98.6526 1600518162
98.65270000000001 1600518162
98.6524 1600518162
96.0103 1600518162
96.0103 1600518162
96.01010000000001 1600518162
96.01 1600518162
98.42399999999999 1600518162
98.4238 1600518162
98.4235 1600518162
98.4241 1600518162
98.1446 1600518162
98.14450000000001 1600518162
98.1443 1600518162
98.1446 1600518162
99.25909999999999 1600518162
99.2598 1600518162
99.2506 1600518162
99.25070000000001 1600518162
93.98150000000001 1600518162
93.9804 1600518162
93.9809 1600518162
93.98110000000001 1600518162
95.14410000000001 1600518162
95.1438 1600518162
95.1441 1600518162
95.14330000000001 1600518162
98.2803 1600518162
98.2805 1600518162
98.28020000000001 1600518162
98.2804 1600518162
88.0277 1600518162
88.0285 1600518162
88.02980000000001 1600518162
88.02940000000001 1600518162
90.6174 1600518162
90.617 1600518162
90.61680000000001 1600518162
90.6168 1600518162
98.8443 1600518162
98.8441 1600518162
98.8444 1600518162
98.8442 1600518162
95.03410000000001 1600518162
95.03389999999999 1600518162
95.0339 1600518162
95.0336 1600518162
94.9769 1600518162
94.9772 1600518162
94.9778 1600518162
94.9778 1600518162
97.6084 1600518162
97.6092 1600518162
97.6087 1600518162
97.6087 1600518162
93.5248 1600518162
93.5254 1600518162
93.52430000000001 1600518162
93.5241 1600518162
96.4993 1600518162
96.49940000000001 1600518162
96.4992 1600518162
96.4995 1600518162
97.9494 1600518162
97.9493 1600518162
97.9492 1600518162
97.94940000000001 1600518162
95.43650000000001 1600518162
95.4368 1600518162
95.4368 1600518162
95.4366 1600518162
95.755 1600518162
95.7547 1600518162
95.75489999999999 1600518162
95.7546 1600518162
95.42490000000001 1600518162
95.42490000000001 1600518162
95.4247 1600518162
95.4247 1600518162
90.795 1600518162
90.795 1600518162
90.7945 1600518162
90.79440000000001 1600518162
94.0954 1600518162
94.0964 1600518162
94.0964 1600518162
94.0952 1600518162
95.27640000000001 1600518162
95.276 1600518162
95.2765 1600518162
95.2757 1600518162
91.4734 1600518162
91.4731 1600518162
91.47330000000001 1600518162
91.4735 1600518162
94.2202 1600518162
94.22070000000001 1600518162
94.2205 1600518162
94.2206 1600518162
95.7752 1600518162
95.7753 1600518162
95.7756 1600518162
95.7756 1600518162
97.8882 1600518162
97.10459999999999 1600518162
97.88820000000001 1600518162
97.1047 1600518162
94.70410000000001 1600518162
94.7041 1600518162
94.7042 1600518162
94.7038 1600518162
96.4118 1600518162
96.41199999999999 1600518162
96.4113 1600518162
96.4114 1600518162
94.05560000000001 1600518162
94.0564 1600518162
94.056 1600518162
94.0566 1600518162
90.8647 1600518162
90.8646 1600518162
90.86449999999999 1600518162
90.8642 1600518162
96.762 1600518162
96.7614 1600518162
96.762 1600518162
96.7621 1600518162
93.6287 1600518162
93.6288 1600518162
93.6285 1600518162
93.62849999999999 1600518162
97.8997 1600518162
97.8997 1600518162
97.8995 1600518162
97.8993 1600518162
93.2533 1600518162
93.2539 1600518162
93.25450000000001 1600518162
93.25439999999999 1600518162
99.2124 1600518162
99.2124 1600518162
99.2124 1600518162
99.2128 1600518162
92.00189999999999 1600518162
92.00200000000001 1600518162
92.0017 1600518162
92.001 1600518162
92.5278 1600518162
92.52799999999999 1600518162
92.528 1600518162
92.5273 1600518162
94.0189 1600518162
95.6269 1600518162
94.0184 1600518162
94.01859999999999 1600518162
96.0278 1600518162
96.0278 1600518162
96.0275 1600518162
96.0271 1600518162
94.22160000000001 1600518162
94.2218 1600518162
94.222 1600518162
94.222 1600518162
97.5467 1600518162
97.5463 1600518162
97.5461 1600518162
97.5468 1600518162
94.5558 1600518162
94.5568 1600518162
94.55680000000001 1600518162
94.5557 1600518162
93.5446 1600518162
93.5454 1600518162
93.5456 1600518162
93.54440000000001 1600518162
95.649 1600518162
95.6499 1600518162
95.6501 1600518162
95.6491 1600518162
96.4149 1600518162
96.4139 1600518162
96.4148 1600518162
96.41539999999999 1600518162
93.2616 1600518162
93.2611 1600518162
93.2599 1600518162
93.2604 1600518162
95.7046 1600518162
95.7048 1600518162
95.70540000000001 1600518162
95.70450000000001 1600518162
99.148 1600518162
99.1489 1600518162
99.1483 1600518162
99.1482 1600518162
99.1319 1600518162
99.1317 1600518162
99.13220000000001 1600518162
99.13210000000001 1600518162
97.91640000000001 1600518162
97.91680000000001 1600518162
97.9168 1600518162
97.9165 1600518162
94.77250000000001 1600518162
94.7728 1600518162
94.773 1600518162
94.7731 1600518162
95.5437 1600518162
95.5437 1600518162
95.5438 1600518162
95.5434 1600518162
98.45439999999999 1600518162
98.4545 1600518162
98.45389999999999 1600518162
98.4545 1600518162
94.0626 1600518162
94.06190000000001 1600518162
94.0625 1600518162
94.06190000000001 1600518162
90.8031 1600518162
90.803 1600518162
90.80290000000001 1600518162
90.8032 1600518162
99.26129999999999 1600518162
99.26060000000001 1600518162
99.2608 1600518162
99.2608 1600518162
96.96199999999999 1600518162
96.9621 1600518162
96.9618 1600518162
96.9617 1600518162
90.8434 1600518162
90.8429 1600518162
90.84309999999999 1600518162
90.84360000000001 1600518162
97.1669 1600518162
97.16690000000001 1600518162
97.9504 1600518162
97.9508 1600518162
94.8663 1600518162
94.866 1600518162
94.866 1600518162
94.8659 1600518162
95.7296 1600518162
95.7295 1600518162
95.72970000000001 1600518162
95.72970000000001 1600518162
92.9762 1600518162
92.9761 1600518162
92.9771 1600518162
92.9772 1600518162
97.30420000000001 1600518162
97.3043 1600518162
97.3039 1600518162
97.30390000000001 1600518162
90.81790000000001 1600518162
90.81800000000001 1600518162
90.8181 1600518162
90.8173 1600518162
94.02 1600518162
94.0201 1600518162
94.02040000000001 1600518162
94.0209 1600518162
94.2155 1600518162
94.2153 1600518162
94.2149 1600518162
94.2159 1600518162
89.45259999999999 1600518162
89.45240000000001 1600518162
89.453 1600518162
89.4529 1600518162
93.74900000000001 1600518162
93.749 1600518162
93.7487 1600518162
93.74870000000001 1600518162
94.4144 1600518162
94.414 1600518162
94.4138 1600518162
94.41460000000001 1600518162
99.2067 1600518162
99.2066 1600518162
99.2065 1600518162
99.2062 1600518162
89.8867 1600518162
89.8865 1600518162
89.88589999999999 1600518162
89.8867 1600518162
95.16810000000001 1600518162
95.168 1600518162
95.16820000000001 1600518162
95.1673 1600518162
93.1503 1600518162
93.15020000000001 1600518162
93.1503 1600518162
93.1502 1600518162
98.11280000000001 1600518162
98.11240000000001 1600518162
98.1128 1600518162
98.11269999999999 1600518162
95.0979 1600518162
95.09939999999999 1600518162
95.0989 1600518162
95.0977 1600518162
94.3791 1600518162
94.3794 1600518162
94.37899999999999 1600518162
94.3789 1600518162
