49.1331 1600583130
49.2345 1600583130
49.2345 1600583130
49.234500000000004 1600583130
239.6157 1600583130
239.6167 1600583130
239.6158 1600583130
239.6156 1600583130
231.15630000000002 1600583130
231.1561 1600583130
231.15560000000002 1600583130
231.15560000000002 1600583130
219.8779 1600583130
219.87800000000001 1600583130
219.8783 1600583130
219.87840000000003 1600583130
226.43820000000002 1600583130
226.4381 1600583130
226.4384 1600583130
226.43800000000002 1600583130
230.12810000000002 1600583130
230.1274 1600583130
230.12730000000002 1600583130
230.1275 1600583130
233.0846 1600583130
233.0847 1600583130
233.0839 1600583130
233.0836 1600583130
231.1577 1600583130
231.1577 1600583130
231.1577 1600583130
231.15730000000002 1600583130
231.50320000000002 1600583130
231.5043 1600583130
231.5035 1600583130
231.50480000000002 1600583130
204.6994 1600583130
204.6996 1600583130
204.6996 1600583130
204.69920000000002 1600583130
233.7787 1600583130
233.778 1600583130
233.77700000000002 1600583130
233.7777 1600583130
234.687 1600583130
234.688 1600583130
234.6868 1600583130
234.687 1600583130
232.4374 1600583130
232.4374 1600583130
232.43710000000002 1600583130
232.4372 1600583130
232.5312 1600583130
232.5312 1600583130
232.53150000000002 1600583130
232.53140000000002 1600583130
233.9873 1600583130
233.9879 1600583130
233.9866 1600583130
233.98639999999997 1600583130
235.3496 1600583130
235.3493 1600583130
235.34980000000002 1600583130
235.35 1600583130
231.881 1600583130
231.881 1600583130
231.8816 1600583130
231.88150000000002 1600583130
226.53990000000002 1600583130
226.54 1600583130
226.5402 1600583130
226.5402 1600583130
231.36450000000002 1600583130
231.3655 1600583130
231.3649 1600583130
231.36509999999998 1600583130
233.76180000000002 1600583130
233.76170000000002 1600583130
233.7622 1600583130
233.7622 1600583130
213.02540000000002 1600583130
213.0244 1600583130
213.02550000000002 1600583130
213.0242 1600583130
234.64090000000002 1600583130
234.6404 1600583130
234.6396 1600583130
234.63930000000002 1600583130
194.47150000000002 1600583130
194.4712 1600583130
194.47140000000002 1600583130
194.4715 1600583130
235.1645 1600583130
235.1636 1600583130
235.16510000000002 1600583130
235.16330000000002 1600583130
230.161 1600583130
230.16060000000002 1600583130
230.1609 1600583130
230.16 1600583130
235.1763 1600583130
235.1763 1600583130
235.1764 1600583130
235.1765 1600583130
215.22660000000002 1600583130
215.2269 1600583130
215.22750000000002 1600583130
215.22799999999998 1600583130
236.96790000000001 1600583130
236.96759999999998 1600583130
236.9678 1600583130
236.9686 1600583130
235.17860000000002 1600583130
235.17870000000002 1600583130
235.17800000000003 1600583130
235.1792 1600583130
234.22660000000002 1600583130
234.2277 1600583130
234.2269 1600583130
234.22570000000002 1600583130
236.51739999999998 1600583130
236.5174 1600583130
236.5171 1600583130
236.5172 1600583130
234.6038 1600583130
234.6042 1600583130
234.6041 1600583130
234.6042 1600583130
233.8547 1600583130
233.8547 1600583130
233.85399999999998 1600583130
233.8553 1600583130
235.4081 1600583130
235.40699999999998 1600583130
235.40709999999999 1600583130
235.4082 1600583130
232.3795 1600583130
232.3799 1600583130
232.3798 1600583130
232.3799 1600583130
233.8569 1600583130
233.85670000000002 1600583130
233.8569 1600583130
233.857 1600583130
218.56550000000001 1600583130
218.5666 1600583130
218.5657 1600583130
218.5671 1600583130
233.1718 1600583130
233.1713 1600583130
233.1704 1600583130
233.1703 1600583130
230.8367 1600583130
230.8369 1600583130
230.8376 1600583130
230.8381 1600583130
202.7527 1600583130
202.7536 1600583130
202.7526 1600583130
202.7547 1600583130
231.8299 1600583130
231.8303 1600583130
231.8301 1600583130
231.8302 1600583130
237.4316 1600583130
237.4317 1600583130
237.4316 1600583130
237.4316 1600583130
237.97809999999998 1600583130
237.9779 1600583130
237.9781 1600583130
237.978 1600583130
228.2601 1600583130
228.2602 1600583130
228.2603 1600583130
228.2599 1600583130
230.493 1600583130
230.4936 1600583130
230.4923 1600583130
230.4921 1600583130
213.0805 1600583130
213.0806 1600583130
213.0804 1600583130
213.0804 1600583130
241.37179999999998 1600583130
241.37189999999998 1600583130
241.37189999999998 1600583130
241.3721 1600583130
234.9863 1600583130
234.9865 1600583130
234.9876 1600583130
234.9861 1600583130
240.3489 1600583130
240.3489 1600583130
240.34969999999998 1600583130
240.34969999999998 1600583130
228.1798 1600583130
228.1799 1600583130
228.1799 1600583130
228.1795 1600583130
202.9998 1600583130
203.0 1600583130
203.0001 1600583130
202.99960000000002 1600583130
216.8797 1600583130
216.88090000000003 1600583130
216.8809 1600583130
216.87969999999999 1600583130
231.7311 1600583130
231.73250000000002 1600583130
231.73250000000002 1600583130
231.7311 1600583130
210.29850000000002 1600583130
210.2983 1600583130
210.29840000000002 1600583130
210.29850000000002 1600583130
233.9926 1600583130
233.99409999999997 1600583130
233.994 1600583130
233.9928 1600583130
232.58280000000002 1600583130
232.58429999999998 1600583130
232.58270000000002 1600583130
232.5837 1600583130
202.6866 1600583130
202.6861 1600583130
202.6865 1600583130
202.68740000000003 1600583130
232.4324 1600583130
232.4327 1600583130
232.4335 1600583130
232.4333 1600583130
229.5419 1600583130
229.542 1600583130
229.5416 1600583130
229.5414 1600583130
230.846 1600583130
230.8463 1600583130
230.8463 1600583130
230.846 1600583130
222.2698 1600583130
222.2715 1600583130
222.27100000000002 1600583130
222.27 1600583130
235.97570000000002 1600583130
235.9762 1600583130
235.9762 1600583130
235.976 1600583130
235.2142 1600583130
235.21450000000002 1600583130
235.2144 1600583130
235.2152 1600583130
234.18800000000002 1600583130
234.18810000000002 1600583130
234.1883 1600583130
234.1884 1600583130
225.3629 1600583130
225.36280000000002 1600583130
225.36290000000002 1600583130
225.3621 1600583130
220.97570000000002 1600583130
220.97639999999998 1600583130
220.9775 1600583130
220.977 1600583130
207.471 1600583130
207.47070000000002 1600583130
207.4709 1600583130
207.4708 1600583130
233.0541 1600583130
233.05540000000002 1600583130
233.0553 1600583130
233.0543 1600583130
230.9013 1600583130
230.90269999999998 1600583130
230.9016 1600583130
230.9018 1600583130
230.4587 1600583130
230.4594 1600583130
230.45950000000002 1600583130
230.45950000000002 1600583130
208.6268 1600583130
208.6278 1600583130
208.6281 1600583130
208.6277 1600583130
230.0552 1600583130
230.0548 1600583130
230.0541 1600583130
230.0538 1600583130
232.5671 1600583130
232.5675 1600583130
232.56719999999999 1600583130
232.56740000000002 1600583130
233.7653 1600583130
233.766 1600583130
233.76620000000003 1600583130
233.7665 1600583130
230.8153 1600583130
230.8154 1600583130
230.8154 1600583130
230.81560000000002 1600583130
225.1771 1600583130
225.1766 1600583130
225.1777 1600583130
225.17669999999998 1600583130
233.0824 1600583130
233.0823 1600583130
233.0822 1600583130
233.08180000000002 1600583130
235.9779 1600583130
235.9777 1600583130
235.9779 1600583130
235.9779 1600583130
233.77540000000002 1600583130
233.7746 1600583130
233.77550000000002 1600583130
233.7743 1600583130
233.7639 1600583130
233.7637 1600583130
233.7641 1600583130
233.764 1600583130
215.0343 1600583130
215.03459999999998 1600583130
215.0348 1600583130
215.035 1600583130
232.6963 1600583130
232.6963 1600583130
232.6961 1600583130
232.6961 1600583130
237.7734 1600583130
237.7729 1600583130
237.77370000000002 1600583130
237.77390000000003 1600583130
217.2806 1600583130
217.28160000000003 1600583130
217.2802 1600583130
217.2821 1600583130
234.4043 1600583130
234.4043 1600583130
234.404 1600583130
234.4043 1600583130
231.1667 1600583130
231.1677 1600583130
231.16670000000002 1600583130
231.1679 1600583130
232.3305 1600583130
232.33169999999998 1600583130
232.3304 1600583130
232.3309 1600583130
231.98690000000002 1600583130
231.9871 1600583130
231.98690000000002 1600583130
231.9871 1600583130
240.01520000000002 1600583130
240.01569999999998 1600583130
240.01590000000002 1600583130
240.0124 1600583130
240.28269999999998 1600583130
240.282 1600583130
240.2825 1600583130
240.2825 1600583130
235.2123 1600583130
235.21220000000002 1600583130
235.2133 1600583130
235.2119 1600583130
233.7679 1600583130
233.769 1600583130
233.76870000000002 1600583130
233.7689 1600583130
235.41 1600583130
235.4102 1600583130
235.41580000000002 1600583130
235.4152 1600583130
234.4022 1600583130
234.4008 1600583130
234.4026 1600583130
234.40120000000002 1600583130
230.15970000000002 1600583130
230.1599 1600583130
230.1604 1600583130
230.1602 1600583130
204.29240000000001 1600583130
204.293 1600583130
204.2843 1600583130
204.2846 1600583130
230.7567 1600583130
230.75809999999998 1600583130
230.7578 1600583130
230.7573 1600583130
242.1179 1600583130
242.11800000000002 1600583130
242.118 1600583130
242.1182 1600583130
242.1446 1600583130
242.1446 1600583130
242.1447 1600583130
242.1444 1600583130
242.17880000000002 1600583130
242.17870000000002 1600583130
242.17909999999998 1600583130
242.1791 1600583130
223.8656 1600583130
223.8656 1600583130
223.8663 1600583130
223.8663 1600583130
240.9745 1600583130
240.9762 1600583130
240.9747 1600583130
240.9747 1600583130
232.7547 1600583130
232.755 1600583130
232.7551 1600583130
232.7541 1600583130
228.6275 1600583130
228.6283 1600583130
228.62890000000002 1600583130
228.6288 1600583130
227.3206 1600583130
227.321 1600583130
227.3214 1600583130
227.3214 1600583130
217.0528 1600583130
217.0528 1600583130
217.0452 1600583130
217.0535 1600583130
242.17690000000002 1600583130
242.1767 1600583130
242.1764 1600583130
242.17600000000002 1600583130
237.69490000000002 1600583130
237.6948 1600583130
237.6944 1600583130
237.6943 1600583130
236.21630000000002 1600583130
236.2175 1600583130
236.20850000000002 1600583130
236.21630000000002 1600583130
232.75140000000002 1600583130
232.7514 1600583130
232.75250000000003 1600583130
232.7525 1600583130
242.4838 1600583130
242.4838 1600583130
242.4838 1600583130
242.4839 1600583130
242.3057 1600583130
242.30540000000002 1600583130
242.3048 1600583130
242.3059 1600583130
242.10060000000001 1600583130
242.1004 1600583130
242.1003 1600583130
242.1001 1600583130
237.1434 1600583130
237.1442 1600583130
237.144 1600583130
237.144 1600583130
235.76420000000002 1600583130
235.7654 1600583130
235.7652 1600583130
235.7654 1600583130
234.4088 1600583130
234.40900000000002 1600583130
234.4084 1600583130
234.4084 1600583130
242.51270000000002 1600583130
242.5139 1600583130
242.51389999999998 1600583130
242.5129 1600583130
242.23870000000002 1600583130
242.2395 1600583130
242.2397 1600583130
242.23930000000001 1600583130
233.2214 1600583130
233.2232 1600583130
233.2232 1600583130
233.2209 1600583130
233.08 1600583130
233.0816 1600583130
233.0815 1600583130
233.08100000000002 1600583130
234.68720000000002 1600583130
234.6876 1600583130
234.6877 1600583130
234.6878 1600583130
199.4443 1600583130
199.4439 1600583130
199.4443 1600583130
199.44420000000002 1600583130
238.3667 1600583130
238.3673 1600583130
238.3588 1600583130
238.35070000000002 1600583130
235.9353 1600583130
235.93529999999998 1600583130
235.93640000000002 1600583130
235.9365 1600583130
235.727 1600583130
235.7269 1600583130
235.7263 1600583130
235.7271 1600583130
220.231 1600583130
220.2312 1600583130
220.22310000000002 1600583130
220.2233 1600583130
227.33030000000002 1600583130
227.33020000000002 1600583130
227.33030000000002 1600583130
227.32950000000002 1600583130
212.94320000000002 1600583130
212.94320000000002 1600583130
212.9437 1600583130
212.9445 1600583130
226.2444 1600583130
226.244 1600583130
226.2449 1600583130
226.2448 1600583130
239.0746 1600583130
239.0735 1600583130
239.07420000000002 1600583130
239.07459999999998 1600583130
227.8256 1600583130
227.82559999999998 1600583130
227.8268 1600583130
227.82670000000002 1600583130
231.5728 1600583130
231.5728 1600583130
231.5734 1600583130
231.5726 1600583130
233.7253 1600583130
233.72560000000001 1600583130
233.72570000000002 1600583130
233.7253 1600583130
233.7096 1600583130
233.7102 1600583130
233.7112 1600583130
233.7116 1600583130
215.5875 1600583130
215.5875 1600583130
215.5881 1600583130
215.5881 1600583130
234.5824 1600583130
234.58130000000003 1600583130
234.5819 1600583130
234.5824 1600583130
234.2238 1600583130
234.226 1600583130
234.2251 1600583130
234.22539999999998 1600583130
223.57500000000002 1600583130
223.5745 1600583130
223.5749 1600583130
223.57500000000002 1600583130
227.3278 1600583130
227.328 1600583130
227.32760000000002 1600583130
227.328 1600583130
1.6090999999999998 1600583130
1.7876999999999998 1600583130
1.7874000000000003 1600583130
1.7881 1600583130
233.78699999999998 1600583130
233.80349999999999 1600583130
233.8039 1600583130
233.7954 1600583130
217.4334 1600583130
217.43490000000003 1600583130
217.43449999999999 1600583130
217.435 1600583130
241.078 1600583130
241.078 1600583130
241.07840000000002 1600583130
241.0784 1600583130
241.0267 1600583130
241.02620000000002 1600583130
241.0267 1600583130
241.0267 1600583130
242.5114 1600583130
242.51160000000002 1600583130
242.5117 1600583130
242.5115 1600583130
230.7654 1600583130
230.7661 1600583130
230.7665 1600583130
230.76649999999998 1600583130
220.3375 1600583130
220.337 1600583130
220.33759999999998 1600583130
220.3375 1600583130
227.7523 1600583130
227.7522 1600583130
227.7527 1600583130
227.7526 1600583130
229.6824 1600583130
229.6841 1600583130
229.68400000000003 1600583130
229.682 1600583130
227.1749 1600583130
227.1763 1600583130
227.1767 1600583130
227.1768 1600583130
232.98370000000003 1600583130
232.98499999999999 1600583130
232.9854 1600583130
232.9854 1600583130
229.4649 1600583130
229.46480000000003 1600583130
229.46609999999998 1600583130
229.466 1600583130
235.1842 1600583130
235.1847 1600583130
235.183 1600583130
235.18290000000002 1600583130
228.5229 1600583130
228.5216 1600583130
228.52120000000002 1600583130
228.5228 1600583130
235.3524 1600583130
235.3531 1600583130
235.371 1600583130
235.37 1600583130
202.4486 1600583130
202.44740000000002 1600583130
202.4478 1600583130
202.4478 1600583130
229.0107 1600583130
229.0101 1600583130
229.0106 1600583130
229.0107 1600583130
240.1493 1600583130
240.1494 1600583130
240.1483 1600583130
240.14800000000002 1600583130
242.50670000000002 1600583130
242.5068 1600583130
242.5079 1600583130
242.5079 1600583130
235.00750000000002 1600583130
235.0077 1600583130
235.0077 1600583130
235.0061 1600583130
239.37650000000002 1600583130
239.37640000000002 1600583130
239.376 1600583130
239.37640000000002 1600583130
232.4366 1600583130
232.4369 1600583130
232.43820000000002 1600583130
232.43800000000002 1600583130
231.5394 1600583130
231.5386 1600583130
231.5377 1600583130
231.5395 1600583130
235.1867 1600583130
235.1872 1600583130
235.187 1600583130
235.1859 1600583130
242.1895 1600583130
242.1895 1600583130
242.1892 1600583130
242.1887 1600583130
235.3503 1600583130
235.3486 1600583130
235.34980000000002 1600583130
235.3477 1600583130
242.116 1600583130
242.11550000000003 1600583130
242.11599999999999 1600583130
242.11599999999999 1600583130
232.4576 1600583130
232.45759999999999 1600583130
232.4709 1600583130
232.47080000000003 1600583130
235.4042 1600583130
235.40380000000002 1600583130
235.4039 1600583130
235.4042 1600583130
231.4553 1600583130
231.455 1600583130
231.4477 1600583130
231.45510000000002 1600583130
235.196 1600583130
235.1964 1600583130
235.19670000000002 1600583130
235.1973 1600583130
233.763 1600583130
233.7631 1600583130
233.7618 1600583130
233.7607 1600583130
235.1791 1600583130
235.1805 1600583130
235.1804 1600583130
235.18030000000002 1600583130
234.4305 1600583130
234.42929999999998 1600583130
234.4299 1600583130
234.4298 1600583130
226.57330000000002 1600583130
226.5733 1600583130
226.56580000000002 1600583130
226.57340000000002 1600583130
239.1346 1600583130
239.1346 1600583130
239.13600000000002 1600583130
239.136 1600583130
212.5705 1600583130
212.57059999999998 1600583130
212.56230000000002 1600583130
212.5541 1600583130
242.5179 1600583130
242.5173 1600583130
242.5174 1600583130
242.51690000000002 1600583130
197.901 1600583130
197.90959999999998 1600583130
197.9093 1600583130
197.89319999999998 1600583130
242.4819 1600583130
242.4815 1600583130
242.482 1600583130
242.4825 1600583130
230.0067 1600583130
230.00789999999998 1600583130
230.0078 1600583130
230.00789999999998 1600583130
199.66930000000002 1600583130
199.66930000000002 1600583130
199.6688 1600583130
199.6688 1600583130
235.8675 1600583130
235.86749999999998 1600583130
235.86690000000002 1600583130
235.86700000000002 1600583130
239.30620000000002 1600583130
239.3076 1600583130
239.3083 1600583130
239.30599999999998 1600583130
228.64780000000002 1600583130
228.65040000000002 1600583130
228.6499 1600583130
228.6483 1600583130
204.51090000000002 1600583130
204.5107 1600583130
204.5096 1600583130
204.51110000000003 1600583130
240.1038 1600583130
240.10469999999998 1600583130
240.10459999999998 1600583130
240.1046 1600583130
229.6173 1600583130
229.61610000000002 1600583130
229.61659999999998 1600583130
229.6172 1600583130
199.6663 1600583130
199.6665 1600583130
199.6597 1600583130
199.6663 1600583130
228.8109 1600583130
228.8122 1600583130
228.812 1600583130
228.8122 1600583130
240.2437 1600583130
240.2439 1600583130
240.24450000000002 1600583130
240.2445 1600583130
235.1904 1600583130
235.1899 1600583130
235.1893 1600583130
235.18900000000002 1600583130
234.7065 1600583130
234.70540000000003 1600583130
234.7059 1600583130
234.7066 1600583130
199.9125 1600583130
199.9119 1600583130
199.908 1600583130
199.9082 1600583130
218.8787 1600583130
218.8792 1600583130
218.8793 1600583130
218.8796 1600583130
216.71790000000001 1600583130
216.7199 1600583130
216.7185 1600583130
216.7199 1600583130
214.6156 1600583130
214.6174 1600583130
214.6151 1600583130
214.6168 1600583130
235.4077 1600583130
235.4074 1600583130
235.4069 1600583130
235.40750000000003 1600583130
234.9241 1600583130
234.9237 1600583130
234.9253 1600583130
234.9242 1600583130
242.4453 1600583130
242.4454 1600583130
242.4444 1600583130
242.4444 1600583130
229.00660000000002 1600583130
229.00719999999998 1600583130
229.0076 1600583130
229.0076 1600583130
235.2343 1600583130
235.2343 1600583130
235.2355 1600583130
235.23530000000002 1600583130
234.9597 1600583130
234.9598 1600583130
234.95170000000002 1600583130
234.9518 1600583130
234.5277 1600583130
234.5275 1600583130
234.52790000000002 1600583130
234.52790000000002 1600583130
217.25820000000002 1600583130
217.25930000000002 1600583130
217.25930000000002 1600583130
217.2583 1600583130
224.3028 1600583130
224.3037 1600583130
224.3053 1600583130
224.30409999999998 1600583130
238.4637 1600583130
238.4635 1600583130
238.6516 1600583130
238.4635 1600583130
219.6593 1600583130
219.6646 1600583130
219.6644 1600583130
219.65879999999999 1600583130
217.0928 1600583130
217.09120000000001 1600583130
217.0933 1600583130
217.0918 1600583130
242.1805 1600583130
242.1814 1600583130
242.1812 1600583130
242.18110000000001 1600583130
210.3498 1600583130
210.3483 1600583130
210.34720000000002 1600583130
210.3479 1600583130
204.5074 1600583130
204.5073 1600583130
204.4992 1600583130
204.49069999999998 1600583130
234.3277 1600583130
234.3274 1600583130
234.32770000000002 1600583130
234.3279 1600583130
229.76670000000001 1600583130
229.7672 1600583130
229.7689 1600583130
229.7683 1600583130
241.02280000000002 1600583130
241.0234 1600583130
241.0241 1600583130
241.0241 1600583130
239.6806 1600583130
239.6807 1600583130
239.67950000000002 1600583130
239.6796 1600583130
235.6427 1600583130
235.6429 1600583130
235.64350000000002 1600583130
235.8032 1600583130
227.2469 1600583130
227.24679999999998 1600583130
227.2474 1600583130
227.24699999999999 1600583130
233.9956 1600583130
233.9973 1600583130
233.9961 1600583130
233.9959 1600583130
218.12130000000002 1600583130
218.1215 1600583130
218.12120000000002 1600583130
218.1212 1600583130
227.06380000000001 1600583130
227.0642 1600583130
227.0642 1600583130
227.06400000000002 1600583130
235.2039 1600583130
235.2044 1600583130
235.20440000000002 1600583130
235.2042 1600583130
230.81980000000001 1600583130
230.8197 1600583130
230.81969999999998 1600583130
230.8194 1600583130
228.752 1600583130
228.75250000000003 1600583130
228.7524 1600583130
228.7525 1600583130
234.70950000000002 1600583130
234.7094 1600583130
234.7106 1600583130
234.70960000000002 1600583130
229.5864 1600583130
229.5864 1600583130
229.58679999999998 1600583130
229.586 1600583130
232.11180000000002 1600583130
232.11200000000002 1600583130
232.1117 1600583130
232.1115 1600583130
241.393 1600583130
241.39319999999998 1600583130
241.3934 1600583130
241.39339999999999 1600583130
222.3129 1600583130
222.313 1600583130
222.31300000000002 1600583130
222.3131 1600583130
232.7526 1600583130
232.7531 1600583130
232.75310000000002 1600583130
232.7531 1600583130
233.1403 1600583130
233.1404 1600583130
233.1407 1600583130
233.1404 1600583130
227.5966 1600583130
227.5958 1600583130
227.59560000000002 1600583130
227.59660000000002 1600583130
237.8813 1600583130
237.8813 1600583130
237.8811 1600583130
237.8806 1600583130
222.9146 1600583130
222.9147 1600583130
222.9163 1600583130
222.915 1600583130
226.82410000000002 1600583130
226.82420000000002 1600583130
226.8239 1600583130
226.82399999999998 1600583130
242.17350000000002 1600583130
242.1736 1600583130
242.1734 1600583130
242.1736 1600583130
230.9636 1600583130
230.96370000000002 1600583130
230.9635 1600583130
230.9634 1600583130
218.6179 1600583130
218.6174 1600583130
218.6166 1600583130
218.6168 1600583130
232.5879 1600583130
232.588 1600583130
232.589 1600583130
232.5881 1600583130
235.61169999999998 1600583130
235.6123 1600583130
235.6124 1600583130
235.612 1600583130
233.14180000000002 1600583130
233.14319999999998 1600583130
233.1423 1600583130
233.1431 1600583130
241.7284 1600583130
241.7287 1600583130
241.7286 1600583130
241.72820000000002 1600583130
234.1704 1600583130
234.16979999999998 1600583130
234.16889999999998 1600583130
234.1697 1600583130
242.5171 1600583130
242.5172 1600583130
242.51700000000002 1600583130
242.5172 1600583130
208.4264 1600583130
208.4263 1600583130
208.4263 1600583130
208.4263 1600583130
234.0292 1600583130
234.0284 1600583130
234.0285 1600583130
234.029 1600583130
235.8052 1600583130
235.8046 1600583130
235.80450000000002 1600583130
235.8047 1600583130
224.4615 1600583130
224.46269999999998 1600583130
224.46200000000002 1600583130
224.4607 1600583130
232.9717 1600583130
232.973 1600583130
232.9725 1600583130
232.9735 1600583130
232.6922 1600583130
232.6935 1600583130
232.6935 1600583130
232.6924 1600583130
234.7371 1600583130
234.73710000000003 1600583130
234.73690000000002 1600583130
234.7372 1600583130
232.47490000000002 1600583130
232.476 1600583130
232.4761 1600583130
232.4747 1600583130
223.86180000000002 1600583130
223.8611 1600583130
223.8609 1600583130
223.86090000000002 1600583130
239.2465 1600583130
239.2477 1600583130
239.24779999999998 1600583130
239.2465 1600583130
242.4109 1600583130
242.4124 1600583130
242.41080000000002 1600583130
242.4119 1600583130
233.6296 1600583130
233.6295 1600583130
233.6296 1600583130
233.6286 1600583130
230.35090000000002 1600583130
230.35080000000002 1600583130
230.35060000000001 1600583130
230.35049999999998 1600583130
215.0258 1600583130
215.0257 1600583130
215.02599999999998 1600583130
215.0252 1600583130
234.96280000000002 1600583130
234.9629 1600583130
234.96259999999998 1600583130
234.9629 1600583130
232.5865 1600583130
232.5865 1600583130
232.5857 1600583130
232.58560000000003 1600583130
234.7066 1600583130
234.7069 1600583130
234.7081 1600583130
234.7074 1600583130
242.5055 1600583130
242.50529999999998 1600583130
242.5052 1600583130
242.50500000000002 1600583130
242.33960000000002 1600583130
242.33980000000003 1600583130
242.341 1600583130
242.34050000000002 1600583130
235.8803 1600583130
235.8804 1600583130
235.8803 1600583130
235.8804 1600583130
207.4515 1600583130
207.4507 1600583130
207.4499 1600583130
207.45069999999998 1600583130
223.4368 1600583130
223.4357 1600583130
223.4361 1600583130
223.4368 1600583130
233.9856 1600583130
233.9854 1600583130
233.98559999999998 1600583130
233.9849 1600583130
219.8769 1600583130
219.8781 1600583130
219.87800000000001 1600583130
219.8778 1600583130
233.14520000000002 1600583130
233.14520000000002 1600583130
233.145 1600583130
233.14520000000002 1600583130
223.8067 1600583130
223.80679999999998 1600583130
223.8064 1600583130
223.8066 1600583130
239.57840000000002 1600583130
239.57840000000002 1600583130
239.5786 1600583130
239.57860000000002 1600583130
231.64540000000002 1600583130
231.6455 1600583130
231.64579999999998 1600583130
231.6454 1600583130
239.4892 1600583130
239.4892 1600583130
239.48860000000002 1600583130
239.7467 1600583130
232.4959 1600583130
232.4945 1600583130
232.4954 1600583130
232.49480000000003 1600583130
113.6314 1600583130
113.6309 1600583130
113.6308 1600583130
113.63069999999999 1600583130
233.10240000000002 1600583130
233.10219999999998 1600583130
233.10240000000002 1600583130
233.1024 1600583130
234.7329 1600583130
234.7326 1600583130
234.73270000000002 1600583130
234.73360000000002 1600583130
232.6117 1600583130
232.6108 1600583130
232.6117 1600583130
232.6105 1600583130
226.9194 1600583130
226.9191 1600583130
226.9193 1600583130
226.91940000000002 1600583130
242.4651 1600583130
242.46550000000002 1600583130
242.46519999999998 1600583130
242.46550000000002 1600583130
233.1704 1600583130
233.1703 1600583130
233.17020000000002 1600583130
233.1704 1600583130
232.55190000000002 1600583130
232.5505 1600583130
232.5515 1600583130
232.54999999999998 1600583130
220.0012 1600583130
219.9998 1600583130
220.0013 1600583130
220.0001 1600583130
231.7028 1600583130
231.70299999999997 1600583130
231.7022 1600583130
231.703 1600583130
242.3445 1600583130
242.34470000000002 1600583130
242.34480000000002 1600583130
242.3445 1600583130
229.74460000000002 1600583130
229.74450000000002 1600583130
229.74460000000002 1600583130
229.74409999999997 1600583130
224.5172 1600583130
224.517 1600583130
224.5173 1600583130
224.5171 1600583130
217.6524 1600583130
217.6518 1600583130
217.6525 1600583130
217.6533 1600583130
230.8015 1600583130
230.80190000000002 1600583130
230.8029 1600583130
230.8017 1600583130
224.7205 1600583130
224.71980000000002 1600583130
224.71980000000002 1600583130
224.721 1600583130
239.0074 1600583130
239.007 1600583130
239.0075 1600583130
239.0077 1600583130
238.4659 1600583130
238.466 1600583130
238.46720000000002 1600583130
238.4661 1600583130
241.46710000000002 1600583130
241.4685 1600583130
241.46800000000002 1600583130
241.46900000000002 1600583130
225.943 1600583130
225.943 1600583130
225.9427 1600583130
225.943 1600583130
235.97910000000002 1600583130
235.97910000000002 1600583130
235.979 1600583130
235.9788 1600583130
224.5388 1600583130
224.5394 1600583130
224.5388 1600583130
224.5394 1600583130
230.691 1600583130
230.692 1600583130
230.6912 1600583130
230.6922 1600583130
216.4823 1600583130
216.4821 1600583130
216.48260000000002 1600583130
216.4824 1600583130
231.16140000000001 1600583130
231.1602 1600583130
231.1613 1600583130
231.1603 1600583130
224.6038 1600583130
224.6039 1600583130
224.6036 1600583130
224.6039 1600583130
232.9828 1600583130
232.9832 1600583130
232.98350000000002 1600583130
232.98350000000002 1600583130
235.6138 1600583130
235.6147 1600583130
235.6147 1600583130
235.6148 1600583130
234.3784 1600583130
234.3779 1600583130
234.3777 1600583130
234.37840000000003 1600583130
226.2776 1600583130
226.2774 1600583130
226.2774 1600583130
226.2784 1600583130
234.95970000000003 1600583130
234.9609 1600583130
234.96130000000002 1600583130
234.95950000000002 1600583130
229.4779 1600583130
229.47820000000002 1600583130
229.47840000000002 1600583130
229.47850000000003 1600583130
230.2869 1600583130
230.28920000000002 1600583130
230.2886 1600583130
230.2878 1600583130
232.97580000000002 1600583130
232.97500000000002 1600583130
232.97500000000002 1600583130
232.9751 1600583130
233.27880000000002 1600583130
233.2775 1600583130
233.2785 1600583130
233.27710000000002 1600583130
96.2739 1600583130
96.2739 1600583130
96.2739 1600583130
96.2738 1600583130
235.21210000000002 1600583130
235.2114 1600583130
235.2112 1600583130
235.21110000000002 1600583130
230.6988 1600583130
230.6989 1600583130
230.6987 1600583130
230.6987 1600583130
232.1449 1600583130
232.145 1600583130
232.14520000000002 1600583130
232.14530000000002 1600583130
242.2603 1600583130
242.2602 1600583130
242.2605 1600583130
242.2605 1600583130
234.37570000000002 1600583130
234.3754 1600583130
234.3758 1600583130
234.3759 1600583130
242.4275 1600583130
242.429 1600583130
242.4289 1600583130
242.4276 1600583130
242.2219 1600583130
242.222 1600583130
242.2217 1600583130
242.2219 1600583130
231.6645 1600583130
231.6635 1600583130
231.66320000000002 1600583130
231.66400000000002 1600583130
220.866 1600583130
220.8657 1600583130
220.866 1600583130
220.8658 1600583130
229.50920000000002 1600583130
229.5106 1600583130
229.5096 1600583130
229.5106 1600583130
208.4315 1600583130
208.4308 1600583130
208.4313 1600583130
208.432 1600583130
231.66660000000002 1600583130
231.66580000000002 1600583130
231.666 1600583130
231.666 1600583130
225.6814 1600583130
225.6808 1600583130
225.68130000000002 1600583130
225.6813 1600583130
212.4773 1600583130
212.4785 1600583130
212.4771 1600583130
212.47760000000002 1600583130
239.471 1600583130
239.4708 1600583130
239.471 1600583130
239.471 1600583130
235.6106 1600583130
235.6108 1600583130
235.6104 1600583130
235.6105 1600583130
240.88840000000002 1600583130
240.8904 1600583130
240.88909999999998 1600583130
240.88899999999998 1600583130
237.8776 1600583130
237.8789 1600583130
237.87779999999998 1600583130
237.8794 1600583130
238.1987 1600583130
238.19989999999999 1600583130
238.19989999999999 1600583130
238.1985 1600583130
224.0514 1600583130
224.0513 1600583130
224.0524 1600583130
224.0516 1600583130
232.6078 1600583130
232.6095 1600583130
232.6079 1600583130
232.609 1600583130
241.01100000000002 1600583130
241.01090000000002 1600583130
241.0112 1600583130
241.0112 1600583130
231.7004 1600583130
231.6997 1600583130
231.6999 1600583130
231.7004 1600583130
223.68720000000002 1600583130
223.6874 1600583130
223.6877 1600583130
223.6876 1600583130
227.0584 1600583130
227.0582 1600583130
227.0574 1600583130
227.0574 1600583130
218.28300000000002 1600583130
218.2842 1600583130
218.28320000000002 1600583130
218.2829 1600583130
233.1219 1600583130
233.1219 1600583130
233.1217 1600583130
233.1217 1600583130
230.705 1600583130
230.70430000000002 1600583130
230.70450000000002 1600583130
230.7057 1600583130
229.4267 1600583130
229.4265 1600583130
229.4263 1600583130
229.4263 1600583130
232.9042 1600583130
232.90480000000002 1600583130
232.9051 1600583130
232.9041 1600583130
241.3673 1600583130
241.3683 1600583130
241.36860000000001 1600583130
241.3672 1600583130
234.741 1600583130
234.7415 1600583130
234.7416 1600583130
234.7416 1600583130
230.7527 1600583130
230.7537 1600583130
230.7527 1600583130
230.7541 1600583130
203.9284 1600583130
203.9285 1600583130
203.9283 1600583130
203.9291 1600583130
242.0875 1600583130
242.0877 1600583130
242.08790000000002 1600583130
242.08790000000002 1600583130
233.12220000000002 1600583130
233.1212 1600583130
233.12230000000002 1600583130
233.121 1600583130
242.37220000000002 1600583130
242.3719 1600583130
242.37220000000002 1600583130
242.37210000000002 1600583130
232.646 1600583130
232.64499999999998 1600583130
232.646 1600583130
232.64509999999999 1600583130
234.9855 1600583130
234.9859 1600583130
234.98579999999998 1600583130
234.98569999999998 1600583130
222.5265 1600583130
222.526 1600583130
222.5267 1600583130
222.5267 1600583130
208.0039 1600583130
208.0039 1600583130
208.00359999999998 1600583130
208.00359999999998 1600583130
241.6248 1600583130
241.625 1600583130
241.6251 1600583130
241.6251 1600583130
234.3879 1600583130
234.38799999999998 1600583130
234.3877 1600583130
234.3878 1600583130
233.1754 1600583130
233.1754 1600583130
233.1752 1600583130
233.1755 1600583130
233.34230000000002 1600583130
233.3417 1600583130
233.3415 1600583130
233.3416 1600583130
232.0444 1600583130
232.04330000000002 1600583130
232.0431 1600583130
232.0439 1600583130
235.87230000000002 1600583130
235.8735 1600583130
235.8726 1600583130
235.8737 1600583130
233.6457 1600583130
233.6458 1600583130
233.6455 1600583130
233.6457 1600583130
231.8126 1600583130
231.8132 1600583130
231.8132 1600583130
231.8118 1600583130
218.73680000000002 1600583130
218.73690000000002 1600583130
218.7371 1600583130
218.7372 1600583130
233.11960000000002 1600583130
233.1194 1600583130
233.11960000000002 1600583130
233.1198 1600583130
199.6173 1600583130
199.6174 1600583130
199.61870000000002 1600583130
199.6176 1600583130
216.39090000000002 1600583130
216.3904 1600583130
216.39010000000002 1600583130
216.39010000000002 1600583130
210.10500000000002 1600583130
210.1045 1600583130
210.1036 1600583130
210.1035 1600583130
234.7861 1600583130
234.7875 1600583130
234.7875 1600583130
234.78640000000001 1600583130
232.1137 1600583130
232.1129 1600583130
232.1131 1600583130
232.1131 1600583130
234.4076 1600583130
234.40900000000002 1600583130
234.40890000000002 1600583130
234.4077 1600583130
232.5886 1600583130
232.5884 1600583130
232.5886 1600583130
232.5883 1600583130
230.9204 1600583130
230.9204 1600583130
230.9198 1600583130
230.9196 1600583130
238.8205 1600583130
238.8206 1600583130
238.7482 1600583130
238.7481 1600583130
228.74620000000002 1600583130
228.74620000000002 1600583130
228.7461 1600583130
228.74630000000002 1600583130
234.7115 1600583130
234.7109 1600583130
234.7124 1600583130
234.7122 1600583130
235.3548 1600583130
235.3548 1600583130
235.35500000000002 1600583130
235.35500000000002 1600583130
233.12390000000002 1600583130
233.1243 1600583130
233.1242 1600583130
233.1242 1600583130
214.90030000000002 1600583130
214.9016 1600583130
214.9015 1600583130
214.9001 1600583130
234.2636 1600583130
234.2637 1600583130
234.2638 1600583130
234.264 1600583130
233.0156 1600583130
233.0149 1600583130
233.0148 1600583130
233.016 1600583130
197.3698 1600583130
197.36960000000002 1600583130
197.3708 1600583130
197.3697 1600583130
233.1776 1600583130
233.1776 1600583130
233.1775 1600583130
233.1776 1600583130
235.1789 1600583130
235.1792 1600583130
235.18050000000002 1600583130
235.1793 1600583130
221.105 1600583130
221.1066 1600583130
221.10500000000002 1600583130
221.10490000000001 1600583130
227.7559 1600583130
227.7572 1600583130
227.7578 1600583130
227.7559 1600583130
228.8314 1600583130
228.8315 1600583130
228.8311 1600583130
228.8314 1600583130
241.7603 1600583130
241.7605 1600583130
241.7604 1600583130
241.7602 1600583130
222.3307 1600583130
222.3316 1600583130
222.3316 1600583130
222.3317 1600583130
233.056 1600583130
233.0565 1600583130
233.05550000000002 1600583130
233.05530000000002 1600583130
201.4959 1600583130
201.4939 1600583130
201.49540000000002 1600583130
201.494 1600583130
242.2384 1600583130
241.9995 1600583130
242.1034 1600583130
242.156 1600583130
196.7937 1600583130
196.7938 1600583130
196.7939 1600583130
196.7939 1600583130
232.22650000000002 1600583130
232.2269 1600583130
232.2269 1600583130
232.22670000000002 1600583130
236.9966 1600583130
236.9969 1600583130
236.9968 1600583130
236.9977 1600583130
234.20440000000002 1600583130
234.20420000000001 1600583130
234.20430000000002 1600583130
234.20440000000002 1600583130
240.9231 1600583130
240.92360000000002 1600583130
240.9224 1600583130
240.9241 1600583130
232.4567 1600583130
232.4571 1600583130
232.45680000000002 1600583130
232.45680000000002 1600583130
227.4997 1600583130
227.4987 1600583130
227.49960000000002 1600583130
227.4995 1600583130
232.4005 1600583130
232.3991 1600583130
232.40030000000002 1600583130
232.3994 1600583130
213.2021 1600583130
213.20080000000002 1600583130
213.2028 1600583130
213.2007 1600583130
232.3056 1600583130
232.30530000000002 1600583130
232.305 1600583130
232.3057 1600583130
202.7301 1600583130
202.7303 1600583130
202.7306 1600583130
202.731 1600583130
228.7269 1600583130
228.7254 1600583130
228.7273 1600583130
228.72580000000002 1600583130
230.86360000000002 1600583130
230.8647 1600583130
230.8642 1600583130
230.8628 1600583130
232.95250000000001 1600583130
232.95270000000002 1600583130
232.9522 1600583130
232.95309999999998 1600583130
227.0558 1600583130
227.0557 1600583130
227.0565 1600583130
227.05700000000002 1600583130
234.6048 1600583130
234.6047 1600583130
234.6045 1600583130
234.6051 1600583130
221.87800000000001 1600583130
221.87720000000002 1600583130
221.87720000000002 1600583130
221.8769 1600583130
234.2652 1600583130
234.2654 1600583130
234.2654 1600583130
234.2655 1600583130
213.4189 1600583130
213.4178 1600583130
213.4194 1600583130
213.41740000000001 1600583130
232.3616 1600583130
232.3616 1600583130
232.36190000000002 1600583130
232.36180000000002 1600583130
239.5131 1600583130
239.5146 1600583130
239.5145 1600583130
239.5138 1600583130
222.1994 1600583130
222.2014 1600583130
222.20139999999998 1600583130
222.2001 1600583130
217.22000000000003 1600583130
217.2207 1600583130
217.221 1600583130
217.2209 1600583130
211.10229999999999 1600583130
211.1026 1600583130
211.10240000000002 1600583130
211.10240000000002 1600583130
232.3632 1600583130
232.36350000000002 1600583130
232.36360000000002 1600583130
232.36360000000002 1600583130
224.63400000000001 1600583130
224.63400000000001 1600583130
224.6336 1600583130
224.6338 1600583130
230.1831 1600583130
230.1825 1600583130
230.1823 1600583130
230.18220000000002 1600583130
241.05870000000002 1600583130
241.05800000000002 1600583130
241.05790000000002 1600583130
241.05790000000002 1600583130
239.8376 1600583130
239.8376 1600583130
239.8374 1600583130
239.8372 1600583130
205.39339999999999 1600583130
205.39360000000002 1600583130
205.39440000000002 1600583130
205.3945 1600583130
235.3578 1600583130
235.3581 1600583130
235.3581 1600583130
235.3583 1600583130
229.5475 1600583130
229.54760000000002 1600583130
229.5483 1600583130
229.5482 1600583130
224.67000000000002 1600583130
224.67010000000002 1600583130
224.6703 1600583130
224.6704 1600583130
232.3265 1600583130
232.3257 1600583130
232.3255 1600583130
232.3256 1600583130
234.6082 1600583130
234.6082 1600583130
234.6079 1600583130
234.6078 1600583130
232.4951 1600583130
232.49530000000001 1600583130
232.4959 1600583130
232.4959 1600583130
240.5087 1600583130
240.5086 1600583130
240.50900000000001 1600583130
240.50820000000002 1600583130
229.2307 1600583130
229.2307 1600583130
229.2308 1600583130
229.2309 1600583130
230.18460000000002 1600583130
230.18470000000002 1600583130
230.18460000000002 1600583130
230.1844 1600583130
236.7503 1600583130
236.7503 1600583130
236.7501 1600583130
236.7501 1600583130
230.50130000000001 1600583130
230.50130000000001 1600583130
230.5011 1600583130
230.50140000000002 1600583130
234.93820000000002 1600583130
234.9384 1600583130
234.9385 1600583130
234.9386 1600583130
215.1659 1600583130
215.16490000000002 1600583130
215.1658 1600583130
215.1646 1600583130
230.2887 1600583130
230.2896 1600583130
230.2885 1600583130
230.2887 1600583130
228.85250000000002 1600583130
228.8526 1600583130
228.85240000000002 1600583130
228.8523 1600583130
231.5712 1600583130
231.57010000000002 1600583130
231.57180000000002 1600583130
231.57 1600583130
235.87640000000002 1600583130
235.8762 1600583130
235.8762 1600583130
235.876 1600583130
217.8837 1600583130
217.8838 1600583130
217.883 1600583130
217.8829 1600583130
224.0692 1600583130
224.0703 1600583130
224.0692 1600583130
224.0694 1600583130
230.6558 1600583130
230.655 1600583130
230.656 1600583130
230.6559 1600583130
235.16490000000002 1600583130
235.1647 1600583130
235.1646 1600583130
235.1648 1600583130
217.0513 1600583130
217.05130000000003 1600583130
217.0516 1600583130
217.0513 1600583130
231.8146 1600583130
231.81560000000002 1600583130
231.81560000000002 1600583130
231.8144 1600583130
239.3184 1600583130
239.3186 1600583130
239.3186 1600583130
239.3193 1600583130
232.6482 1600583130
232.6485 1600583130
232.6484 1600583130
232.6485 1600583130
232.6575 1600583130
232.6587 1600583130
232.6577 1600583130
232.65730000000002 1600583130
232.9721 1600583130
232.97320000000002 1600583130
232.97310000000002 1600583130
232.973 1600583130
230.8591 1600583130
230.8443 1600583130
230.8443 1600583130
230.8587 1600583130
228.7487 1600583130
228.7486 1600583130
228.7485 1600583130
228.7483 1600583130
235.3562 1600583130
235.3563 1600583130
235.357 1600583130
235.357 1600583130
224.5402 1600583130
224.54070000000002 1600583130
224.5402 1600583130
224.54080000000002 1600583130
235.34550000000002 1600583130
235.3457 1600583130
235.3455 1600583130
235.3458 1600583130
212.81740000000002 1600583130
212.8168 1600583130
212.8166 1600583130
212.8175 1600583130
241.9211 1600583130
242.08110000000002 1600583130
241.888 1600583130
241.8879 1600583130
232.4313 1600583130
232.4307 1600583130
232.4308 1600583130
232.4308 1600583130
234.97379999999998 1600583130
234.9735 1600583130
234.97359999999998 1600583130
234.9736 1600583130
220.2225 1600583130
220.2225 1600583130
220.22230000000002 1600583130
220.22230000000002 1600583130
234.246 1600583130
234.2463 1600583130
234.24630000000002 1600583130
234.2458 1600583130
234.7132 1600583130
234.71339999999998 1600583130
234.71359999999999 1600583130
234.7136 1600583130
217.4171 1600583130
217.4156 1600583130
217.4163 1600583130
217.41639999999998 1600583130
220.6155 1600583130
220.6152 1600583130
220.615 1600583130
220.6152 1600583130
222.28040000000001 1600583130
222.2799 1600583130
222.2794 1600583130
222.28050000000002 1600583130
231.4562 1600583130
231.4554 1600583130
231.4563 1600583130
231.455 1600583130
235.3526 1600583130
235.3519 1600583130
235.3517 1600583130
235.3517 1600583130
227.0203 1600583130
227.0215 1600583130
227.0197 1600583130
227.02110000000002 1600583130
225.5762 1600583130
225.5752 1600583130
225.5772 1600583130
225.5758 1600583130
233.70600000000002 1600583130
233.7066 1600583130
233.70510000000002 1600583130
233.70510000000002 1600583130
235.9861 1600583130
235.8879 1600583130
235.8879 1600583130
235.8874 1600583130
233.143 1600583130
233.1423 1600583130
233.1431 1600583130
233.1432 1600583130
235.1617 1600583130
235.162 1600583130
235.1627 1600583130
235.1625 1600583130
209.7252 1600583130
209.7252 1600583130
209.7268 1600583130
209.7254 1600583130
226.4311 1600583130
226.43130000000002 1600583130
226.4329 1600583130
226.43210000000002 1600583130
215.3829 1600583130
215.3826 1600583130
215.38279999999997 1600583130
215.3828 1600583130
235.1766 1600583130
235.1767 1600583130
235.1764 1600583130
235.1764 1600583130
232.6997 1600583130
232.6994 1600583130
232.6996 1600583130
232.6993 1600583130
234.601 1600583130
234.601 1600583130
234.6009 1600583130
234.6015 1600583130
235.1737 1600583130
235.17419999999998 1600583130
235.1739 1600583130
235.1751 1600583130
217.1568 1600583130
217.1574 1600583130
217.1574 1600583130
217.15730000000002 1600583130
234.9255 1600583130
234.92559999999997 1600583130
234.9258 1600583130
234.9259 1600583130
232.6541 1600583130
232.6533 1600583130
232.6543 1600583130
232.6544 1600583130
234.59900000000002 1600583130
234.59840000000003 1600583130
234.5982 1600583130
234.59900000000002 1600583130
232.30530000000002 1600583130
232.3054 1600583130
232.30710000000002 1600583130
232.3063 1600583130
236.3133 1600583130
236.3137 1600583130
236.51590000000002 1600583130
236.3135 1600583130
238.0482 1600583130
238.0482 1600583130
238.048 1600583130
238.048 1600583130
233.01780000000002 1600583130
233.0162 1600583130
233.01770000000002 1600583130
233.0172 1600583130
233.0197 1600583130
233.0196 1600583130
233.0199 1600583130
233.0205 1600583130
222.2777 1600583130
222.2781 1600583130
222.2782 1600583130
222.27800000000002 1600583130
233.2238 1600583130
233.22390000000001 1600583130
233.223 1600583130
233.2228 1600583130
228.6251 1600583130
228.6251 1600583130
228.6251 1600583130
228.62470000000002 1600583130
217.78480000000002 1600583130
217.78480000000002 1600583130
217.7845 1600583130
217.7845 1600583130
232.4343 1600583130
232.4341 1600583130
232.43439999999998 1600583130
232.4345 1600583130
232.4315 1600583130
232.43040000000002 1600583130
232.4305 1600583130
232.4307 1600583130
240.0816 1600583130
240.0816 1600583130
240.0814 1600583130
240.0812 1600583130
234.60590000000002 1600583130
234.6063 1600583130
234.6062 1600583130
234.60610000000003 1600583130
232.4421 1600583130
232.44330000000002 1600583130
232.4438 1600583130
232.4421 1600583130
231.81050000000002 1600583130
231.81210000000002 1600583130
231.8113 1600583130
231.8131 1600583130
239.779 1600583130
239.7791 1600583130
239.77880000000002 1600583130
239.77790000000002 1600583130
234.6412 1600583130
234.64010000000002 1600583130
234.6413 1600583130
234.6402 1600583130
235.7578 1600583130
235.7576 1600583130
235.7579 1600583130
235.7576 1600583130
233.5951 1600583130
233.59640000000002 1600583130
233.59529999999998 1600583130
233.5968 1600583130
216.8332 1600583130
216.83370000000002 1600583130
216.83370000000002 1600583130
216.8338 1600583130
227.709 1600583130
227.7091 1600583130
227.7089 1600583130
227.7092 1600583130
234.9366 1600583130
234.93630000000002 1600583130
234.9365 1600583130
234.9366 1600583130
205.7345 1600583130
205.7345 1600583130
205.73450000000003 1600583130
205.7347 1600583130
240.43650000000002 1600583130
240.4368 1600583130
240.43800000000002 1600583130
240.4377 1600583130
230.0585 1600583130
230.0575 1600583130
230.05790000000002 1600583130
230.0584 1600583130
230.18370000000002 1600583130
230.18310000000002 1600583130
230.18290000000002 1600583130
230.18390000000002 1600583130
224.44490000000002 1600583130
224.4445 1600583130
224.4445 1600583130
224.44539999999998 1600583130
194.46820000000002 1600583130
194.46790000000001 1600583130
194.46800000000002 1600583130
194.4682 1600583130
234.0571 1600583130
234.057 1600583130
234.0569 1600583130
234.0569 1600583130
230.2485 1600583130
230.24859999999998 1600583130
230.2484 1600583130
230.2486 1600583130
232.3253 1600583130
232.3252 1600583130
232.3253 1600583130
232.3243 1600583130
231.4628 1600583130
231.46280000000002 1600583130
231.46280000000002 1600583130
231.4629 1600583130
241.8544 1600583130
241.8535 1600583130
241.8536 1600583130
241.8536 1600583130
