131.3867 1600584373
131.3872 1600584373
131.3872 1600584373
131.3876 1600584373
129.5645 1600584373
129.56429999999997 1600584373
129.56480000000002 1600584373
129.5648 1600584373
130.94379999999998 1600584373
130.94369999999998 1600584373
130.9432 1600584373
130.9432 1600584373
131.4665 1600584373
131.4667 1600584373
131.4668 1600584373
131.4664 1600584373
130.04919999999998 1600584373
130.0507 1600584373
130.0496 1600584373
130.0494 1600584373
132.2274 1600584373
132.2273 1600584373
132.2271 1600584373
132.2273 1600584373
128.3581 1600584373
128.3578 1600584373
128.35809999999998 1600584373
128.3581 1600584373
132.1706 1600584373
132.1695 1600584373
132.16969999999998 1600584373
132.1702 1600584373
131.787 1600584373
131.78810000000001 1600584373
131.787 1600584373
131.78810000000001 1600584373
130.2157 1600584373
130.217 1600584373
130.2155 1600584373
130.2167 1600584373
129.66979999999998 1600584373
129.6699 1600584373
129.6692 1600584373
129.67000000000002 1600584373
130.0174 1600584373
130.0173 1600584373
130.0174 1600584373
130.0171 1600584373
130.8143 1600584373
130.8147 1600584373
130.81470000000002 1600584373
130.8148 1600584373
129.5739 1600584373
129.5734 1600584373
129.5746 1600584373
129.5745 1600584373
131.936 1600584373
131.9361 1600584373
131.9357 1600584373
131.9358 1600584373
132.1651 1600584373
132.165 1600584373
132.165 1600584373
132.1656 1600584373
128.0222 1600584373
128.0223 1600584373
128.0211 1600584373
128.0223 1600584373
119.7436 1600584373
119.7437 1600584373
119.7428 1600584373
119.7435 1600584373
130.1297 1600584373
130.1309 1600584373
130.13049999999998 1600584373
130.13139999999999 1600584373
127.22680000000001 1600584373
127.2272 1600584373
127.22720000000001 1600584373
127.22719999999998 1600584373
122.54129999999999 1600584373
122.5405 1600584373
122.5419 1600584373
122.542 1600584373
131.1671 1600584373
131.16660000000002 1600584373
131.1663 1600584373
131.1664 1600584373
131.13639999999998 1600584373
131.1363 1600584373
131.1363 1600584373
131.136 1600584373
131.3972 1600584373
131.39849999999998 1600584373
131.3981 1600584373
131.3977 1600584373
113.9216 1600584373
113.9213 1600584373
113.9205 1600584373
113.9207 1600584373
128.5383 1600584373
128.5384 1600584373
128.5387 1600584373
128.5387 1600584373
130.06889999999999 1600584373
130.06910000000002 1600584373
130.0689 1600584373
130.0692 1600584373
131.4646 1600584373
131.4641 1600584373
131.46529999999998 1600584373
131.4653 1600584373
130.0742 1600584373
130.0736 1600584373
130.0736 1600584373
130.0733 1600584373
124.58229999999999 1600584373
124.5824 1600584373
124.5821 1600584373
124.5819 1600584373
132.5301 1600584373
132.5295 1600584373
132.5296 1600584373
132.5293 1600584373
132.0346 1600584373
132.03470000000002 1600584373
132.0355 1600584373
132.0359 1600584373
131.89499999999998 1600584373
131.8951 1600584373
131.8948 1600584373
131.89499999999998 1600584373
129.36030000000002 1600584373
129.3599 1600584373
129.3606 1600584373
129.3615 1600584373
130.56380000000001 1600584373
130.5651 1600584373
130.5651 1600584373
130.564 1600584373
127.7772 1600584373
127.7766 1600584373
127.77629999999999 1600584373
127.77780000000001 1600584373
131.7748 1600584373
131.7748 1600584373
131.7758 1600584373
131.7759 1600584373
129.5236 1600584373
129.5236 1600584373
129.5222 1600584373
129.5228 1600584373
127.74900000000001 1600584373
127.7508 1600584373
127.75070000000001 1600584373
127.7492 1600584373
131.69979999999998 1600584373
131.6996 1600584373
131.6996 1600584373
131.69969999999998 1600584373
128.9944 1600584373
128.9967 1600584373
128.9947 1600584373
128.9963 1600584373
130.9566 1600584373
130.9566 1600584373
130.9569 1600584373
130.95690000000002 1600584373
132.03040000000001 1600584373
132.0303 1600584373
132.0312 1600584373
132.0311 1600584373
130.9096 1600584373
130.9091 1600584373
130.9093 1600584373
130.9091 1600584373
130.2485 1600584373
130.2489 1600584373
130.2502 1600584373
130.249 1600584373
130.8296 1600584373
130.8295 1600584373
130.8305 1600584373
130.8305 1600584373
132.52609999999999 1600584373
132.5252 1600584373
132.52620000000002 1600584373
132.5245 1600584373
130.5541 1600584373
130.554 1600584373
130.5541 1600584373
130.5541 1600584373
122.5468 1600584373
122.5475 1600584373
122.5461 1600584373
122.5475 1600584373
129.49429999999998 1600584373
129.49439999999998 1600584373
129.49409999999997 1600584373
129.4948 1600584373
123.8592 1600584373
123.8586 1600584373
123.85849999999999 1600584373
123.86 1600584373
132.15560000000002 1600584373
132.1568 1600584373
132.1558 1600584373
132.1555 1600584373
124.7723 1600584373
124.7718 1600584373
124.7722 1600584373
124.7723 1600584373
130.9539 1600584373
130.95260000000002 1600584373
130.9529 1600584373
130.95329999999998 1600584373
129.7035 1600584373
129.7028 1600584373
129.7026 1600584373
129.7039 1600584373
130.50629999999998 1600584373
130.5068 1600584373
130.5068 1600584373
130.5066 1600584373
131.4624 1600584373
131.46280000000002 1600584373
131.4627 1600584373
131.46280000000002 1600584373
131.23790000000002 1600584373
131.2381 1600584373
131.238 1600584373
131.2379 1600584373
130.6222 1600584373
130.6231 1600584373
130.62310000000002 1600584373
130.6217 1600584373
130.5454 1600584373
130.5457 1600584373
130.5456 1600584373
130.5452 1600584373
132.2469 1600584373
132.2474 1600584373
132.2456 1600584373
132.24620000000002 1600584373
132.5277 1600584373
132.5277 1600584373
132.5276 1600584373
132.5284 1600584373
120.6598 1600584373
120.66019999999999 1600584373
120.66 1600584373
120.6597 1600584373
130.8916 1600584373
130.89159999999998 1600584373
130.8913 1600584373
130.8914 1600584373
130.8942 1600584373
130.893 1600584373
130.8942 1600584373
130.8932 1600584373
131.026 1600584373
131.02700000000002 1600584373
131.02700000000002 1600584373
131.0257 1600584373
130.45489999999998 1600584373
130.4548 1600584373
130.455 1600584373
130.4544 1600584373
130.4564 1600584373
130.45770000000002 1600584373
130.4566 1600584373
130.4581 1600584373
126.1473 1600584373
126.14580000000001 1600584373
126.1468 1600584373
126.14750000000001 1600584373
130.5083 1600584373
130.5087 1600584373
130.5086 1600584373
130.5085 1600584373
130.65619999999998 1600584373
130.6567 1600584373
130.6566 1600584373
130.6566 1600584373
132.13639999999998 1600584373
131.8058 1600584373
132.13670000000002 1600584373
132.13649999999998 1600584373
132.1721 1600584373
132.1722 1600584373
132.173 1600584373
132.1729 1600584373
119.4867 1600584373
119.4867 1600584373
119.4867 1600584373
119.4855 1600584373
130.1222 1600584373
130.1223 1600584373
130.123 1600584373
130.1231 1600584373
129.8005 1600584373
129.80010000000001 1600584373
129.80020000000002 1600584373
129.8005 1600584373
118.8313 1600584373
118.83070000000001 1600584373
118.8313 1600584373
118.8314 1600584373
132.4007 1600584373
132.4008 1600584373
132.4016 1600584373
132.4022 1600584373
125.4264 1600584373
125.4286 1600584373
125.428 1600584373
125.4262 1600584373
100.5936 1600584373
100.5931 1600584373
100.5055 1600584373
100.5056 1600584373
126.5585 1600584373
126.5594 1600584373
126.5604 1600584373
126.5604 1600584373
131.8398 1600584373
131.8411 1600584373
131.84040000000002 1600584373
131.8392 1600584373
131.459 1600584373
131.459 1600584373
131.4587 1600584373
131.4586 1600584373
131.382 1600584373
131.3803 1600584373
131.381 1600584373
131.3815 1600584373
125.7601 1600584373
125.7601 1600584373
125.7598 1600584373
125.76010000000001 1600584373
130.5629 1600584373
130.5624 1600584373
130.5623 1600584373
130.5625 1600584373
131.1165 1600584373
131.1166 1600584373
131.11669999999998 1600584373
131.11679999999998 1600584373
129.2986 1600584373
129.2988 1600584373
129.299 1600584373
129.2987 1600584373
132.1633 1600584373
132.1635 1600584373
132.1637 1600584373
132.1637 1600584373
126.0013 1600584373
126.0014 1600584373
126.00110000000001 1600584373
126.00099999999999 1600584373
130.9881 1600584373
130.9885 1600584373
130.9886 1600584373
130.9883 1600584373
130.6654 1600584373
130.6655 1600584373
130.6658 1600584373
130.66570000000002 1600584373
132.5352 1600584373
132.5351 1600584373
132.5349 1600584373
132.5319 1600584373
124.1852 1600584373
124.186 1600584373
124.18629999999999 1600584373
124.18629999999999 1600584373
132.4761 1600584373
132.47500000000002 1600584373
132.4761 1600584373
132.4747 1600584373
131.9789 1600584373
131.9792 1600584373
131.98000000000002 1600584373
131.97979999999998 1600584373
131.4328 1600584373
131.4344 1600584373
131.43390000000002 1600584373
131.4325 1600584373
120.9692 1600584373
120.9686 1600584373
120.9699 1600584373
120.9702 1600584373
121.9479 1600584373
121.9482 1600584373
121.9491 1600584373
121.9497 1600584373
122.9803 1600584373
122.98 1600584373
122.98020000000001 1600584373
122.9801 1600584373
131.7348 1600584373
131.735 1600584373
131.7335 1600584373
131.73420000000002 1600584373
125.1796 1600584373
125.1794 1600584373
125.1796 1600584373
125.1797 1600584373
132.1211 1600584373
132.1208 1600584373
132.12120000000002 1600584373
132.1206 1600584373
119.1657 1600584373
119.1673 1600584373
119.1663 1600584373
119.1672 1600584373
130.95680000000002 1600584373
130.9573 1600584373
130.9572 1600584373
130.9573 1600584373
129.5448 1600584373
129.545 1600584373
129.5449 1600584373
129.5453 1600584373
131.4354 1600584373
131.4356 1600584373
131.4354 1600584373
131.4354 1600584373
122.9646 1600584373
122.96470000000001 1600584373
122.96430000000001 1600584373
122.9644 1600584373
132.4013 1600584373
132.40089999999998 1600584373
132.401 1600584373
132.4009 1600584373
132.0556 1600584373
132.056 1600584373
132.0571 1600584373
132.0558 1600584373
126.4752 1600584373
126.47540000000001 1600584373
126.4751 1600584373
126.4754 1600584373
129.1949 1600584373
129.1948 1600584373
129.1943 1600584373
129.1944 1600584373
122.3693 1600584373
122.37049999999999 1600584373
122.3692 1600584373
122.37060000000001 1600584373
123.45859999999999 1600584373
123.4575 1600584373
123.4588 1600584373
123.4572 1600584373
132.05800000000002 1600584373
132.0583 1600584373
132.0584 1600584373
132.0584 1600584373
122.7856 1600584373
122.7856 1600584373
122.786 1600584373
122.7859 1600584373
115.1896 1600584373
115.1897 1600584373
115.1895 1600584373
115.1897 1600584373
131.23600000000002 1600584373
131.236 1600584373
131.2373 1600584373
131.2369 1600584373
132.06040000000002 1600584373
132.0603 1600584373
132.0602 1600584373
132.06 1600584373
122.7971 1600584373
122.7958 1600584373
122.79769999999999 1600584373
122.79599999999999 1600584373
130.3745 1600584373
130.375 1600584373
130.375 1600584373
130.3748 1600584373
119.46430000000001 1600584373
119.4645 1600584373
119.46419999999999 1600584373
119.4639 1600584373
131.3436 1600584373
131.3452 1600584373
131.3447 1600584373
131.3435 1600584373
132.2294 1600584373
132.2296 1600584373
132.2296 1600584373
132.2291 1600584373
132.119 1600584373
132.1191 1600584373
132.1189 1600584373
132.1192 1600584373
126.8326 1600584373
126.832 1600584373
126.8318 1600584373
126.8326 1600584373
126.7947 1600584373
126.7946 1600584373
126.7948 1600584373
126.7949 1600584373
111.704 1600584373
111.7049 1600584373
111.7049 1600584373
111.70339999999999 1600584373
132.1347 1600584373
132.1347 1600584373
132.1354 1600584373
132.1354 1600584373
121.2072 1600584373
121.2069 1600584373
121.207 1600584373
121.207 1600584373
130.3641 1600584373
130.36360000000002 1600584373
130.3633 1600584373
130.3633 1600584373
125.2703 1600584373
125.27029999999999 1600584373
125.2705 1600584373
125.2705 1600584373
132.12969999999999 1600584373
132.1293 1600584373
132.1296 1600584373
132.12959999999998 1600584373
94.7784 1600584373
94.85210000000001 1600584373
94.77810000000001 1600584373
94.7781 1600584373
130.6294 1600584373
130.6286 1600584373
130.6284 1600584373
130.6282 1600584373
128.3545 1600584373
128.3544 1600584373
128.3544 1600584373
128.3544 1600584373
131.9009 1600584373
131.9007 1600584373
131.9008 1600584373
131.9008 1600584373
130.723 1600584373
130.7233 1600584373
130.7234 1600584373
130.7226 1600584373
132.4673 1600584373
132.46679999999998 1600584373
132.4667 1600584373
132.4665 1600584373
132.3624 1600584373
132.36169999999998 1600584373
132.36309999999997 1600584373
132.36309999999997 1600584373
130.5853 1600584373
130.5849 1600584373
130.5849 1600584373
130.58509999999998 1600584373
119.4174 1600584373
119.4186 1600584373
119.4173 1600584373
119.41730000000001 1600584373
127.51319999999998 1600584373
127.5143 1600584373
127.51310000000001 1600584373
127.5127 1600584373
132.1269 1600584373
132.1282 1600584373
132.1272 1600584373
132.1266 1600584373
121.045 1600584373
121.0453 1600584373
121.0455 1600584373
121.0449 1600584373
127.19669999999999 1600584373
127.19800000000001 1600584373
127.19829999999999 1600584373
127.1968 1600584373
132.1175 1600584373
132.1175 1600584373
132.1171 1600584373
132.1172 1600584373
126.488 1600584373
126.4882 1600584373
126.48819999999999 1600584373
126.48780000000001 1600584373
118.2959 1600584373
118.29610000000001 1600584373
118.2976 1600584373
118.297 1600584373
132.0251 1600584373
132.0263 1600584373
132.0268 1600584373
132.0253 1600584373
118.59740000000001 1600584373
118.5975 1600584373
118.5979 1600584373
118.5979 1600584373
132.1311 1600584373
132.1312 1600584373
132.131 1600584373
132.131 1600584373
127.2346 1600584373
127.235 1600584373
127.2358 1600584373
127.2356 1600584373
131.526 1600584373
131.5256 1600584373
131.5257 1600584373
131.52609999999999 1600584373
132.24620000000002 1600584373
132.2464 1600584373
132.2463 1600584373
132.2461 1600584373
131.3399 1600584373
131.3396 1600584373
131.3402 1600584373
131.3402 1600584373
113.6461 1600584373
113.6474 1600584373
113.6459 1600584373
113.64569999999999 1600584373
129.358 1600584373
129.3579 1600584373
129.3587 1600584373
129.3588 1600584373
131.8956 1600584373
131.8958 1600584373
131.8955 1600584373
131.8957 1600584373
129.29489999999998 1600584373
129.2953 1600584373
129.2964 1600584373
129.29590000000002 1600584373
130.33190000000002 1600584373
130.3333 1600584373
130.3322 1600584373
130.3334 1600584373
131.5598 1600584373
131.5599 1600584373
131.56119999999999 1600584373
131.56070000000003 1600584373
131.9061 1600584373
131.9062 1600584373
131.9064 1600584373
131.90720000000002 1600584373
131.3911 1600584373
131.3921 1600584373
131.3912 1600584373
131.3907 1600584373
131.9464 1600584373
131.94539999999998 1600584373
131.94650000000001 1600584373
131.9456 1600584373
132.3568 1600584373
132.357 1600584373
132.3572 1600584373
132.3572 1600584373
131.2945 1600584373
131.2966 1600584373
131.29600000000002 1600584373
131.2948 1600584373
132.2522 1600584373
132.25230000000002 1600584373
132.25209999999998 1600584373
132.25230000000002 1600584373
116.0563 1600584373
116.05630000000001 1600584373
116.0566 1600584373
116.0566 1600584373
131.8069 1600584373
131.808 1600584373
131.8066 1600584373
131.8064 1600584373
132.3603 1600584373
132.3613 1600584373
132.35999999999999 1600584373
132.3599 1600584373
131.3425 1600584373
131.3421 1600584373
131.3417 1600584373
131.342 1600584373
129.2987 1600584373
129.30010000000001 1600584373
129.30010000000001 1600584373
129.2995 1600584373
125.0862 1600584373
125.08630000000001 1600584373
125.08630000000001 1600584373
125.08519999999999 1600584373
127.59200000000001 1600584373
127.59219999999999 1600584373
127.59330000000001 1600584373
127.5924 1600584373
129.6915 1600584373
129.6913 1600584373
129.6912 1600584373
129.69129999999998 1600584373
126.5559 1600584373
126.5562 1600584373
126.5556 1600584373
126.557 1600584373
130.9877 1600584373
130.98930000000001 1600584373
130.98940000000002 1600584373
130.988 1600584373
128.6532 1600584373
128.6535 1600584373
128.654 1600584373
128.6542 1600584373
128.2931 1600584373
128.2931 1600584373
128.2932 1600584373
128.29330000000002 1600584373
126.8197 1600584373
126.8198 1600584373
126.82 1600584373
126.8198 1600584373
130.9591 1600584373
130.9592 1600584373
130.959 1600584373
130.9586 1600584373
132.1365 1600584373
132.1361 1600584373
132.13660000000002 1600584373
132.1361 1600584373
126.8835 1600584373
126.8835 1600584373
126.88430000000001 1600584373
126.884 1600584373
118.30359999999999 1600584373
118.3037 1600584373
118.3049 1600584373
118.3036 1600584373
132.2499 1600584373
132.25 1600584373
132.24970000000002 1600584373
132.2501 1600584373
132.2637 1600584373
132.2637 1600584373
132.2636 1600584373
132.2629 1600584373
129.02710000000002 1600584373
129.0261 1600584373
129.02700000000002 1600584373
129.02669999999998 1600584373
129.6672 1600584373
129.6663 1600584373
129.6674 1600584373
129.6664 1600584373
128.99 1600584373
128.9898 1600584373
128.9899 1600584373
128.9901 1600584373
125.9986 1600584373
125.9987 1600584373
125.99900000000001 1600584373
125.9997 1600584373
127.6632 1600584373
127.66479999999999 1600584373
127.66350000000001 1600584373
127.66439999999999 1600584373
131.7051 1600584373
131.7058 1600584373
131.7058 1600584373
131.7057 1600584373
127.4317 1600584373
127.4317 1600584373
127.43249999999999 1600584373
127.43130000000001 1600584373
130.7254 1600584373
130.7268 1600584373
130.7263 1600584373
130.7269 1600584373
132.2313 1600584373
132.232 1600584373
132.23219999999998 1600584373
132.2329 1600584373
131.5237 1600584373
131.5235 1600584373
131.52349999999998 1600584373
131.52370000000002 1600584373
125.2385 1600584373
125.2383 1600584373
125.2385 1600584373
125.2384 1600584373
130.0305 1600584373
130.0298 1600584373
130.0296 1600584373
130.0304 1600584373
125.1824 1600584373
125.1817 1600584373
125.1815 1600584373
125.1823 1600584373
128.65890000000002 1600584373
128.659 1600584373
128.6583 1600584373
128.65810000000002 1600584373
132.3083 1600584373
132.30769999999998 1600584373
132.3069 1600584373
132.3074 1600584373
128.7422 1600584373
128.7426 1600584373
128.7425 1600584373
128.7425 1600584373
131.9298 1600584373
131.929 1600584373
131.9295 1600584373
131.93019999999999 1600584373
129.6563 1600584373
129.6569 1600584373
129.6569 1600584373
129.6575 1600584373
115.8878 1600584373
115.8869 1600584373
115.8877 1600584373
115.8865 1600584373
121.04050000000001 1600584373
121.04100000000001 1600584373
121.04090000000001 1600584373
121.0407 1600584373
106.2671 1600584373
106.26740000000001 1600584373
106.26729999999999 1600584373
106.2675 1600584373
129.19050000000001 1600584373
129.19039999999998 1600584373
129.18959999999998 1600584373
129.1902 1600584373
131.7861 1600584373
131.7861 1600584373
131.78619999999998 1600584373
131.7857 1600584373
130.1512 1600584373
130.1523 1600584373
130.1509 1600584373
130.151 1600584373
131.3374 1600584373
131.3385 1600584373
131.3386 1600584373
131.3384 1600584373
127.44639999999998 1600584373
127.4462 1600584373
127.44640000000001 1600584373
127.44650000000001 1600584373
123.69149999999999 1600584373
123.6916 1600584373
123.6918 1600584373
123.6919 1600584373
123.5986 1600584373
123.599 1600584373
123.599 1600584373
123.59989999999999 1600584373
120.4978 1600584373
120.4988 1600584373
120.5 1600584373
120.49889999999999 1600584373
131.9116 1600584373
131.91140000000001 1600584373
131.91170000000002 1600584373
131.9117 1600584373
131.3986 1600584373
131.39770000000001 1600584373
131.3983 1600584373
131.3984 1600584373
131.3294 1600584373
131.331 1600584373
131.3306 1600584373
131.3296 1600584373
129.7185 1600584373
129.7201 1600584373
129.7198 1600584373
129.7192 1600584373
131.58180000000002 1600584373
131.5824 1600584373
131.5811 1600584373
131.5807 1600584373
130.9307 1600584373
130.9321 1600584373
130.9312 1600584373
130.9319 1600584373
119.9459 1600584373
119.94640000000001 1600584373
119.9465 1600584373
119.9461 1600584373
131.0461 1600584373
131.04610000000002 1600584373
131.0464 1600584373
131.0463 1600584373
131.5388 1600584373
131.5383 1600584373
131.5375 1600584373
131.5373 1600584373
127.1208 1600584373
127.12049999999999 1600584373
127.12080000000002 1600584373
127.12079999999999 1600584373
129.94989999999999 1600584373
129.9504 1600584373
129.9503 1600584373
129.9502 1600584373
108.2323 1600584373
108.28599999999999 1600584373
108.23219999999999 1600584373
108.23219999999999 1600584373
129.5036 1600584373
129.5019 1600584373
129.5037 1600584373
129.50240000000002 1600584373
126.0968 1600584373
126.0982 1600584373
126.09819999999999 1600584373
126.09660000000001 1600584373
130.024 1600584373
130.0235 1600584373
130.024 1600584373
130.0239 1600584373
123.45479999999999 1600584373
123.45559999999999 1600584373
123.4541 1600584373
123.456 1600584373
132.5248 1600584373
132.5261 1600584373
132.52439999999999 1600584373
132.5247 1600584373
127.5965 1600584373
127.59549999999999 1600584373
127.59660000000001 1600584373
127.59669999999998 1600584373
116.1609 1600584373
116.16 1600584373
116.1601 1600584373
116.16019999999999 1600584373
128.1762 1600584373
128.1761 1600584373
128.1759 1600584373
128.1758 1600584373
115.1477 1600584373
115.14710000000001 1600584373
115.1469 1600584373
115.1469 1600584373
130.912 1600584373
130.9121 1600584373
130.9109 1600584373
130.91119999999998 1600584373
116.05330000000001 1600584373
116.0546 1600584373
116.0535 1600584373
116.0531 1600584373
132.117 1600584373
132.1187 1600584373
132.1169 1600584373
132.118 1600584373
129.6644 1600584373
129.6646 1600584373
129.6644 1600584373
129.6645 1600584373
130.0737 1600584373
130.0732 1600584373
130.0723 1600584373
130.0721 1600584373
131.64399999999998 1600584373
131.64389999999997 1600584373
131.6433 1600584373
131.64350000000002 1600584373
124.8168 1600584373
124.81540000000001 1600584373
124.8165 1600584373
124.8147 1600584373
119.7062 1600584373
119.7067 1600584373
119.7079 1600584373
119.70739999999999 1600584373
131.1408 1600584373
131.1427 1600584373
131.1411 1600584373
131.1423 1600584373
126.4711 1600584373
126.4714 1600584373
126.4714 1600584373
126.4715 1600584373
132.25930000000002 1600584373
132.26 1600584373
132.2606 1600584373
132.2606 1600584373
132.0302 1600584373
132.03019999999998 1600584373
132.0308 1600584373
132.03 1600584373
130.94959999999998 1600584373
130.9497 1600584373
130.94989999999999 1600584373
130.9499 1600584373
130.31439999999998 1600584373
130.3144 1600584373
130.31470000000002 1600584373
130.31459999999998 1600584373
129.7164 1600584373
129.7162 1600584373
129.7156 1600584373
129.7157 1600584373
127.6808 1600584373
127.68059999999998 1600584373
127.68190000000001 1600584373
127.6808 1600584373
129.2494 1600584373
129.2507 1600584373
129.2498 1600584373
129.2496 1600584373
131.5412 1600584373
131.5402 1600584373
131.5411 1600584373
131.54039999999998 1600584373
131.7755 1600584373
131.7755 1600584373
131.7763 1600584373
131.77640000000002 1600584373
129.1318 1600584373
129.1316 1600584373
129.13150000000002 1600584373
129.1318 1600584373
129.22039999999998 1600584373
129.21980000000002 1600584373
129.2191 1600584373
129.221 1600584373
131.3279 1600584373
131.327 1600584373
131.327 1600584373
131.3272 1600584373
129.2995 1600584373
129.2997 1600584373
129.2988 1600584373
129.29850000000002 1600584373
131.0264 1600584373
131.0264 1600584373
131.0267 1600584373
131.0268 1600584373
129.27110000000002 1600584373
129.27100000000002 1600584373
129.2708 1600584373
129.2708 1600584373
128.9975 1600584373
128.9976 1600584373
128.9973 1600584373
128.9977 1600584373
132.4725 1600584373
132.4725 1600584373
132.4723 1600584373
132.47220000000002 1600584373
130.0258 1600584373
130.0258 1600584373
130.0257 1600584373
130.0259 1600584373
120.69000000000001 1600584373
120.6902 1600584373
120.69170000000001 1600584373
120.6911 1600584373
117.25649999999999 1600584373
117.25630000000001 1600584373
117.2564 1600584373
117.256 1600584373
129.739 1600584373
129.7389 1600584373
129.7388 1600584373
129.739 1600584373
128.7713 1600584373
128.7714 1600584373
128.7714 1600584373
128.77100000000002 1600584373
124.3327 1600584373
124.3332 1600584373
124.3333 1600584373
124.3329 1600584373
129.9463 1600584373
129.94609999999997 1600584373
129.9463 1600584373
129.9461 1600584373
128.8517 1600584373
128.8518 1600584373
128.8529 1600584373
128.8527 1600584373
129.8021 1600584373
129.8009 1600584373
129.8011 1600584373
129.80110000000002 1600584373
130.36169999999998 1600584373
130.3614 1600584373
130.3615 1600584373
130.3615 1600584373
130.9136 1600584373
130.9135 1600584373
130.91340000000002 1600584373
130.9136 1600584373
115.90520000000001 1600584373
115.9049 1600584373
115.9051 1600584373
115.9052 1600584373
130.8304 1600584373
130.8305 1600584373
130.8296 1600584373
130.8289 1600584373
126.987 1600584373
126.9872 1600584373
126.98849999999999 1600584373
126.98740000000001 1600584373
130.8108 1600584373
130.8108 1600584373
130.8102 1600584373
130.8108 1600584373
129.5465 1600584373
129.54670000000002 1600584373
129.5474 1600584373
129.54739999999998 1600584373
131.0872 1600584373
131.0862 1600584373
131.0865 1600584373
131.0876 1600584373
129.4399 1600584373
129.4392 1600584373
129.4389 1600584373
129.439 1600584373
129.4567 1600584373
129.4565 1600584373
129.4567 1600584373
129.4567 1600584373
129.5539 1600584373
129.5534 1600584373
129.553 1600584373
129.5529 1600584373
130.7321 1600584373
130.7335 1600584373
130.7335 1600584373
130.7325 1600584373
119.7816 1600584373
119.78269999999999 1600584373
119.78110000000001 1600584373
119.7812 1600584373
131.723 1600584373
131.723 1600584373
131.72220000000002 1600584373
131.72230000000002 1600584373
126.8942 1600584373
126.89330000000001 1600584373
126.89320000000001 1600584373
126.89479999999999 1600584373
129.8844 1600584373
129.8844 1600584373
129.8841 1600584373
129.8842 1600584373
131.24030000000002 1600584373
131.2408 1600584373
131.2408 1600584373
131.2406 1600584373
129.94 1600584373
129.94050000000001 1600584373
129.94050000000001 1600584373
129.9403 1600584373
130.4529 1600584373
130.4529 1600584373
130.4527 1600584373
130.4525 1600584373
129.4333 1600584373
129.43359999999998 1600584373
129.4335 1600584373
129.43370000000002 1600584373
130.5845 1600584373
130.5857 1600584373
130.58429999999998 1600584373
130.5856 1600584373
132.468 1600584373
132.46800000000002 1600584373
132.4681 1600584373
132.467 1600584373
132.0582 1600584373
132.0586 1600584373
132.0595 1600584373
132.06 1600584373
131.8059 1600584373
131.806 1600584373
131.8059 1600584373
131.8068 1600584373
131.2047 1600584373
131.2029 1600584373
131.2036 1600584373
131.2042 1600584373
131.2057 1600584373
131.206 1600584373
131.2071 1600584373
131.2062 1600584373
131.7204 1600584373
131.7206 1600584373
131.7207 1600584373
131.7203 1600584373
131.7777 1600584373
131.7788 1600584373
131.7775 1600584373
131.7773 1600584373
109.222 1600584373
109.2219 1600584373
109.2217 1600584373
109.2215 1600584373
119.28020000000001 1600584373
119.2805 1600584373
119.2805 1600584373
119.28 1600584373
115.2765 1600584373
115.2765 1600584373
115.2837 1600584373
115.2761 1600584373
129.8717 1600584373
129.8714 1600584373
129.8724 1600584373
129.8725 1600584373
129.6582 1600584373
129.65820000000002 1600584373
129.6583 1600584373
129.6584 1600584373
122.9592 1600584373
122.9593 1600584373
122.95899999999999 1600584373
122.9588 1600584373
121.73010000000001 1600584373
121.7311 1600584373
121.7296 1600584373
121.732 1600584373
121.4778 1600584373
121.47919999999999 1600584373
121.4793 1600584373
121.4776 1600584373
124.85390000000001 1600584373
124.854 1600584373
124.8529 1600584373
124.8528 1600584373
132.1629 1600584373
132.16240000000002 1600584373
132.16400000000002 1600584373
132.1632 1600584373
129.43529999999998 1600584373
129.4359 1600584373
129.4369 1600584373
129.4357 1600584373
117.1476 1600584373
117.1472 1600584373
117.1475 1600584373
117.1477 1600584373
126.3319 1600584373
126.3324 1600584373
126.3324 1600584373
126.3321 1600584373
132.0616 1600584373
132.0614 1600584373
132.0614 1600584373
132.0615 1600584373
130.0152 1600584373
130.0151 1600584373
130.0153 1600584373
130.0149 1600584373
131.4173 1600584373
131.4173 1600584373
131.418 1600584373
131.41830000000002 1600584373
130.7105 1600584373
130.7105 1600584373
130.7107 1600584373
130.7103 1600584373
130.8025 1600584373
130.8023 1600584373
130.8024 1600584373
130.80210000000002 1600584373
129.5216 1600584373
129.5217 1600584373
129.522 1600584373
129.522 1600584373
129.7672 1600584373
129.7666 1600584373
129.768 1600584373
129.76889999999997 1600584373
120.4655 1600584373
120.4653 1600584373
120.46509999999999 1600584373
120.465 1600584373
131.3238 1600584373
131.324 1600584373
131.32500000000002 1600584373
131.3256 1600584373
129.65560000000002 1600584373
129.6566 1600584373
129.65540000000001 1600584373
129.6565 1600584373
130.7293 1600584373
130.7312 1600584373
130.7295 1600584373
130.7306 1600584373
132.2461 1600584373
132.2461 1600584373
132.2458 1600584373
132.2459 1600584373
129.1594 1600584373
129.1607 1600584373
129.1612 1600584373
129.1591 1600584373
130.248 1600584373
130.2483 1600584373
130.2481 1600584373
130.2483 1600584373
130.6339 1600584373
130.63330000000002 1600584373
130.6346 1600584373
130.6341 1600584373
130.4546 1600584373
130.4546 1600584373
130.4545 1600584373
130.4542 1600584373
129.5591 1600584373
129.55880000000002 1600584373
129.559 1600584373
129.5595 1600584373
129.6602 1600584373
129.661 1600584373
129.65990000000002 1600584373
129.6599 1600584373
129.22469999999998 1600584373
129.2258 1600584373
129.22459999999998 1600584373
129.2244 1600584373
130.2602 1600584373
130.2597 1600584373
130.2587 1600584373
130.25900000000001 1600584373
118.0395 1600584373
118.0396 1600584373
118.0398 1600584373
118.0394 1600584373
130.374 1600584373
130.37490000000003 1600584373
130.3747 1600584373
130.375 1600584373
123.3446 1600584373
123.345 1600584373
123.3442 1600584373
123.345 1600584373
130.9213 1600584373
130.9214 1600584373
130.9204 1600584373
130.9205 1600584373
130.9187 1600584373
130.9182 1600584373
130.9179 1600584373
130.91920000000002 1600584373
129.36190000000002 1600584373
129.362 1600584373
129.3607 1600584373
129.36100000000002 1600584373
130.9004 1600584373
130.9 1600584373
130.55610000000001 1600584373
130.9005 1600584373
132.0554 1600584373
132.05509999999998 1600584373
132.0552 1600584373
132.0554 1600584373
130.2199 1600584373
130.2199 1600584373
130.2191 1600584373
130.2206 1600584373
131.67770000000002 1600584373
131.67800000000003 1600584373
131.679 1600584373
131.679 1600584373
132.2078 1600584373
132.2079 1600584373
132.2076 1600584373
132.2087 1600584373
130.7125 1600584373
130.71359999999999 1600584373
130.7123 1600584373
130.7123 1600584373
130.5488 1600584373
130.548 1600584373
130.5482 1600584373
130.5489 1600584373
131.8987 1600584373
131.89780000000002 1600584373
131.8987 1600584373
131.8974 1600584373
129.9386 1600584373
129.9392 1600584373
129.9378 1600584373
129.9378 1600584373
127.45859999999999 1600584373
127.45849999999999 1600584373
127.4587 1600584373
127.4586 1600584373
118.9853 1600584373
118.9854 1600584373
118.9852 1600584373
118.986 1600584373
129.02620000000002 1600584373
129.0268 1600584373
129.0267 1600584373
129.0268 1600584373
131.2095 1600584373
131.2095 1600584373
131.20929999999998 1600584373
131.2092 1600584373
130.1962 1600584373
130.1964 1600584373
130.1969 1600584373
130.1971 1600584373
128.1662 1600584373
128.1661 1600584373
128.1663 1600584373
128.1672 1600584373
130.9272 1600584373
130.9272 1600584373
130.927 1600584373
130.92780000000002 1600584373
132.3576 1600584373
132.4754 1600584373
132.3579 1600584373
132.4751 1600584373
132.0094 1600584373
132.0105 1600584373
132.0102 1600584373
132.0091 1600584373
116.2898 1600584373
116.29079999999999 1600584373
116.29090000000001 1600584373
116.291 1600584373
128.0515 1600584373
128.0506 1600584373
128.0515 1600584373
128.05020000000002 1600584373
131.1613 1600584373
131.16140000000001 1600584373
131.1619 1600584373
131.1626 1600584373
131.5096 1600584373
131.5096 1600584373
131.5094 1600584373
131.5097 1600584373
127.83530000000002 1600584373
127.83510000000001 1600584373
127.8368 1600584373
127.8354 1600584373
131.89450000000002 1600584373
131.8944 1600584373
131.89409999999998 1600584373
131.894 1600584373
130.9824 1600584373
130.98180000000002 1600584373
130.98250000000002 1600584373
130.9833 1600584373
116.9961 1600584373
116.9962 1600584373
116.9954 1600584373
116.99520000000001 1600584373
125.64909999999999 1600584373
125.65039999999999 1600584373
125.6504 1600584373
125.649 1600584373
129.0548 1600584373
129.0552 1600584373
129.05509999999998 1600584373
129.0552 1600584373
130.94830000000002 1600584373
130.94740000000002 1600584373
130.9483 1600584373
130.9471 1600584373
123.8145 1600584373
123.81389999999999 1600584373
123.8137 1600584373
123.8135 1600584373
116.8546 1600584373
116.85589999999999 1600584373
116.85579999999999 1600584373
116.8542 1600584373
117.64569999999999 1600584373
117.6455 1600584373
117.64659999999999 1600584373
117.64670000000001 1600584373
132.2646 1600584373
132.2645 1600584373
132.264 1600584373
132.2643 1600584373
47.8912 1600584373
47.8915 1600584373
47.8915 1600584373
47.890899999999995 1600584373
130.1487 1600584373
130.1497 1600584373
130.1498 1600584373
130.14960000000002 1600584373
125.77359999999999 1600584373
125.77329999999999 1600584373
125.7735 1600584373
125.7735 1600584373
131.7437 1600584373
131.74179999999998 1600584373
131.7432 1600584373
131.7423 1600584373
130.2305 1600584373
130.2304 1600584373
130.2302 1600584373
130.2299 1600584373
123.16019999999999 1600584373
123.1605 1600584373
123.1606 1600584373
123.16069999999999 1600584373
130.1284 1600584373
130.1282 1600584373
130.1283 1600584373
130.12800000000001 1600584373
131.87230000000002 1600584373
131.8735 1600584373
131.8731 1600584373
131.8716 1600584373
127.9484 1600584373
127.9493 1600584373
127.9493 1600584373
127.94930000000001 1600584373
132.13230000000001 1600584373
132.13309999999998 1600584373
132.1316 1600584373
132.1324 1600584373
131.89600000000002 1600584373
131.8959 1600584373
131.8963 1600584373
131.89620000000002 1600584373
130.62800000000001 1600584373
130.628 1600584373
130.6279 1600584373
130.6279 1600584373
130.3978 1600584373
130.398 1600584373
130.39759999999998 1600584373
130.3976 1600584373
130.5454 1600584373
130.54670000000002 1600584373
130.5453 1600584373
130.54500000000002 1600584373
132.3598 1600584373
132.361 1600584373
132.36100000000002 1600584373
132.35989999999998 1600584373
132.154 1600584373
132.154 1600584373
132.1541 1600584373
132.15370000000001 1600584373
115.7752 1600584373
115.7755 1600584373
115.77619999999999 1600584373
115.7764 1600584373
128.29059999999998 1600584373
128.2897 1600584373
128.2907 1600584373
128.2892 1600584373
128.8564 1600584373
128.85660000000001 1600584373
128.8563 1600584373
128.8563 1600584373
129.0004 1600584373
129.0002 1600584373
129.0006 1600584373
129.0005 1600584373
124.3389 1600584373
124.3388 1600584373
124.3391 1600584373
124.339 1600584373
125.274 1600584373
125.274 1600584373
125.2748 1600584373
125.2756 1600584373
123.9649 1600584373
123.9651 1600584373
123.9653 1600584373
123.965 1600584373
130.922 1600584373
130.9234 1600584373
130.923 1600584373
130.92340000000002 1600584373
131.8401 1600584373
131.8398 1600584373
131.84050000000002 1600584373
131.84099999999998 1600584373
130.81140000000002 1600584373
130.8116 1600584373
130.8117 1600584373
130.8118 1600584373
130.4314 1600584373
130.4313 1600584373
130.43120000000002 1600584373
130.4321 1600584373
126.264 1600584373
126.26339999999999 1600584373
126.2631 1600584373
126.2632 1600584373
4.4551 1600584373
4.6068999999999996 1600584373
4.4557 1600584373
4.6076 1600584373
131.1344 1600584373
131.1356 1600584373
131.1347 1600584373
131.1356 1600584373
132.255 1600584373
132.254 1600584373
132.25480000000002 1600584373
132.2554 1600584373
130.9255 1600584373
130.9254 1600584373
130.92510000000001 1600584373
130.925 1600584373
132.12369999999999 1600584373
132.1252 1600584373
132.1234 1600584373
132.12470000000002 1600584373
126.3288 1600584373
126.3309 1600584373
126.3294 1600584373
126.3301 1600584373
128.4255 1600584373
128.4252 1600584373
128.4254 1600584373
128.4254 1600584373
124.31030000000001 1600584373
124.3112 1600584373
124.3098 1600584373
124.3096 1600584373
132.13459999999998 1600584373
132.13569999999999 1600584373
132.1361 1600584373
132.13479999999998 1600584373
130.5107 1600584373
130.5109 1600584373
130.5111 1600584373
130.5111 1600584373
131.2551 1600584373
131.2546 1600584373
131.2544 1600584373
131.2546 1600584373
121.8568 1600584373
121.8569 1600584373
121.8559 1600584373
121.85650000000001 1600584373
131.9382 1600584373
131.9381 1600584373
131.938 1600584373
131.9383 1600584373
118.8521 1600584373
118.8507 1600584373
118.8518 1600584373
118.8509 1600584373
132.13060000000002 1600584373
132.1297 1600584373
132.13 1600584373
132.13 1600584373
129.5895 1600584373
129.58960000000002 1600584373
129.5893 1600584373
129.5894 1600584373
131.73069999999998 1600584373
131.7312 1600584373
131.7309 1600584373
131.7317 1600584373
132.52960000000002 1600584373
132.5314 1600584373
132.5301 1600584373
132.5315 1600584373
117.0664 1600584373
117.06649999999999 1600584373
117.0656 1600584373
117.0664 1600584373
125.1171 1600584373
125.1168 1600584373
125.117 1600584373
125.11720000000001 1600584373
126.0416 1600584373
126.0416 1600584373
126.0411 1600584373
126.04140000000001 1600584373
129.823 1600584373
129.8234 1600584373
129.8231 1600584373
129.8229 1600584373
114.0166 1600584373
114.018 1600584373
114.0174 1600584373
114.0175 1600584373
131.52880000000002 1600584373
131.5282 1600584373
131.528 1600584373
131.52870000000001 1600584373
119.7032 1600584373
119.7024 1600584373
119.703 1600584373
119.7039 1600584373
129.3011 1600584373
129.301 1600584373
129.3007 1600584373
129.30089999999998 1600584373
131.1384 1600584373
131.1399 1600584373
131.1399 1600584373
131.1388 1600584373
130.2236 1600584373
130.2238 1600584373
130.2239 1600584373
130.2242 1600584373
132.1688 1600584373
132.1686 1600584373
132.1687 1600584373
132.1688 1600584373
130.6056 1600584373
130.6051 1600584373
130.60490000000001 1600584373
130.6055 1600584373
114.3941 1600584373
114.3941 1600584373
114.39309999999999 1600584373
114.3931 1600584373
128.3584 1600584373
128.3597 1600584373
128.3597 1600584373
128.3585 1600584373
129.6659 1600584373
129.6661 1600584373
129.6658 1600584373
129.6661 1600584373
132.2276 1600584373
132.2281 1600584373
132.2292 1600584373
132.228 1600584373
118.5568 1600584373
118.5577 1600584373
118.5573 1600584373
118.5561 1600584373
123.7762 1600584373
123.7765 1600584373
123.7756 1600584373
123.7765 1600584373
132.0254 1600584373
132.0263 1600584373
132.0268 1600584373
132.0256 1600584373
123.2336 1600584373
123.23490000000001 1600584373
123.2354 1600584373
123.2334 1600584373
130.7664 1600584373
130.76670000000001 1600584373
130.7673 1600584373
130.76729999999998 1600584373
129.5288 1600584373
129.5292 1600584373
129.528 1600584373
129.5297 1600584373
131.7456 1600584373
131.746 1600584373
131.7459 1600584373
131.7459 1600584373
128.0414 1600584373
128.0415 1600584373
128.0414 1600584373
128.0416 1600584373
130.9879 1600584373
130.988 1600584373
130.9882 1600584373
130.9878 1600584373
112.8071 1600584373
112.8081 1600584373
112.8068 1600584373
112.8071 1600584373
131.2978 1600584373
131.2979 1600584373
131.2981 1600584373
131.2981 1600584373
131.1325 1600584373
131.1329 1600584373
131.1315 1600584373
131.1328 1600584373
131.9356 1600584373
131.9355 1600584373
131.9356 1600584373
131.9357 1600584373
118.43230000000001 1600584373
118.4325 1600584373
118.4327 1600584373
118.4327 1600584373
132.3122 1600584373
132.3125 1600584373
132.3133 1600584373
132.31380000000001 1600584373
129.0571 1600584373
129.05700000000002 1600584373
129.0573 1600584373
129.0573 1600584373
119.9577 1600584373
119.9586 1600584373
119.9587 1600584373
119.9587 1600584373
130.671 1600584373
130.6713 1600584373
130.6709 1600584373
130.6712 1600584373
128.9973 1600584373
128.99810000000002 1600584373
128.9969 1600584373
128.997 1600584373
129.47639999999998 1600584373
129.47650000000002 1600584373
129.4766 1600584373
129.4755 1600584373
110.7611 1600584373
110.7598 1600584373
110.7616 1600584373
110.7604 1600584373
128.3899 1600584373
128.3914 1600584373
128.3902 1600584373
128.3903 1600584373
130.21620000000001 1600584373
130.21630000000002 1600584373
130.2176 1600584373
130.2164 1600584373
131.39540000000002 1600584373
131.3949 1600584373
131.3939 1600584373
131.39450000000002 1600584373
126.8426 1600584373
126.8415 1600584373
126.8426 1600584373
126.8412 1600584373
131.1646 1600584373
131.1651 1600584373
131.1635 1600584373
131.1638 1600584373
131.4415 1600584373
131.4415 1600584373
131.44129999999998 1600584373
131.4416 1600584373
132.028 1600584373
132.028 1600584373
132.0283 1600584373
132.0283 1600584373
126.0706 1600584373
126.0707 1600584373
126.0718 1600584373
126.07039999999999 1600584373
124.00349999999999 1600584373
124.0024 1600584373
124.0022 1600584373
124.003 1600584373
132.5325 1600584373
132.53189999999998 1600584373
132.5332 1600584373
132.5331 1600584373
120.28 1600584373
120.279 1600584373
120.2788 1600584373
120.2795 1600584373
130.5645 1600584373
130.5661 1600584373
130.5653 1600584373
130.56640000000002 1600584373
130.8949 1600584373
130.895 1600584373
130.8947 1600584373
130.8945 1600584373
131.7278 1600584373
131.728 1600584373
131.728 1600584373
131.7276 1600584373
131.4696 1600584373
131.4697 1600584373
131.4695 1600584373
131.4695 1600584373
128.64 1600584373
128.6399 1600584373
128.6402 1600584373
128.64 1600584373
130.943 1600584373
130.9434 1600584373
130.94340000000003 1600584373
130.9432 1600584373
117.62289999999999 1600584373
117.62209999999999 1600584373
117.622 1600584373
117.62180000000001 1600584373
129.5465 1600584373
129.54780000000002 1600584373
129.5479 1600584373
129.54760000000002 1600584373
126.0998 1600584373
126.0998 1600584373
126.099 1600584373
126.1004 1600584373
131.43949999999998 1600584373
131.439 1600584373
131.4387 1600584373
131.4401 1600584373
126.73769999999999 1600584373
126.7381 1600584373
126.7392 1600584373
126.7393 1600584373
116.2673 1600584373
116.266 1600584373
116.2662 1600584373
116.2662 1600584373
130.568 1600584373
130.56810000000002 1600584373
130.5678 1600584373
130.5678 1600584373
132.53070000000002 1600584373
132.53 1600584373
132.5301 1600584373
132.5298 1600584373
131.3391 1600584373
131.3381 1600584373
131.3391 1600584373
131.339 1600584373
130.3568 1600584373
130.3569 1600584373
130.3567 1600584373
130.3565 1600584373
124.96809999999999 1600584373
124.96860000000001 1600584373
124.9686 1600584373
124.9686 1600584373
131.3457 1600584373
131.34580000000003 1600584373
131.3455 1600584373
131.3453 1600584373
131.68110000000001 1600584373
131.6798 1600584373
131.6812 1600584373
131.6804 1600584373
125.8145 1600584373
125.8159 1600584373
125.8146 1600584373
125.8142 1600584373
123.7223 1600584373
123.7223 1600584373
123.7226 1600584373
123.7226 1600584373
129.4933 1600584373
129.4928 1600584373
129.4934 1600584373
129.4929 1600584373
117.497 1600584373
117.49860000000001 1600584373
117.4973 1600584373
117.49839999999999 1600584373
130.3994 1600584373
130.3988 1600584373
130.39870000000002 1600584373
130.3995 1600584373
122.6257 1600584373
122.6246 1600584373
122.6258 1600584373
122.6241 1600584373
131.3246 1600584373
131.3257 1600584373
131.3244 1600584373
131.3261 1600584373
131.63909999999998 1600584373
131.6393 1600584373
131.64000000000001 1600584373
131.64 1600584373
127.17589999999998 1600584373
127.17620000000001 1600584373
127.17609999999999 1600584373
127.1757 1600584373
131.7424 1600584373
131.7425 1600584373
131.7417 1600584373
131.7413 1600584373
132.5239 1600584373
132.5241 1600584373
132.5248 1600584373
132.5254 1600584373
111.7481 1600584373
111.7479 1600584373
111.7486 1600584373
111.7487 1600584373
123.21350000000001 1600584373
123.2135 1600584373
123.2132 1600584373
123.2133 1600584373
130.6262 1600584373
130.6262 1600584373
130.6258 1600584373
130.6259 1600584373
130.2629 1600584373
130.2632 1600584373
130.2634 1600584373
130.26319999999998 1600584373
131.4592 1600584373
131.459 1600584373
131.45940000000002 1600584373
131.4596 1600584373
130.94559999999998 1600584373
130.9463 1600584373
130.9462 1600584373
130.9463 1600584373
130.05040000000002 1600584373
130.0503 1600584373
130.0508 1600584373
130.0508 1600584373
130.808 1600584373
130.80790000000002 1600584373
130.8077 1600584373
130.80780000000001 1600584373
111.4071 1600584373
111.4067 1600584373
111.40660000000001 1600584373
111.4072 1600584373
131.3486 1600584373
131.3473 1600584373
131.3474 1600584373
131.34830000000002 1600584373
131.70059999999998 1600584373
131.7004 1600584373
131.7019 1600584373
131.7015 1600584373
129.8046 1600584373
129.8048 1600584373
129.8048 1600584373
129.8045 1600584373
130.4542 1600584373
130.4524 1600584373
130.4536 1600584373
130.4526 1600584373
123.9253 1600584373
123.9271 1600584373
123.9252 1600584373
123.927 1600584373
132.5199 1600584373
132.52030000000002 1600584373
132.5203 1600584373
132.52 1600584373
