104.41340000000001 1600579559
105.2307 1600579559
103.11240000000001 1600579559
76.9862 1600579559
104.8116 1600579559
53.9525 1600579559
86.4092 1600579559
104.9396 1600579559
105.0347 1600579559
104.7598 1600579559
99.9109 1600579559
104.9024 1600579559
105.2562 1600579559
104.75290000000001 1600579559
75.901 1600579559
80.51429999999999 1600579559
105.2572 1600579559
92.9896 1600579559
94.56099999999999 1600579559
104.76979999999999 1600579559
81.38759999999999 1600579559
93.29599999999999 1600579559
62.6201 1600579559
104.40270000000001 1600579559
104.4215 1600579559
104.4055 1600579559
103.9648 1600579559
104.5169 1600579559
105.0214 1600579559
94.8268 1600579559
101.93709999999999 1600579559
105.46879999999999 1600579559
105.23129999999999 1600579559
100.2939 1600579559
99.0426 1600579559
105.25240000000001 1600579559
77.51689999999999 1600579559
104.2555 1600579559
105.2113 1600579559
104.7547 1600579559
104.5184 1600579559
104.75689999999999 1600579559
99.71249999999999 1600579559
96.60249999999999 1600579559
104.5834 1600579559
103.489 1600579559
103.657 1600579559
100.73920000000001 1600579559
105.26180000000001 1600579559
99.6358 1600579559
102.5919 1600579559
105.23589999999999 1600579559
37.48909999999999 1600579559
104.6978 1600579559
78.5168 1600579559
105.0977 1600579559
83.14399999999999 1600579559
105.1032 1600579559
96.0152 1600579559
104.431 1600579559
105.28939999999999 1600579559
104.4207 1600579559
80.875 1600579559
88.6494 1600579559
103.9635 1600579559
99.09299999999999 1600579559
104.4345 1600579559
105.24050000000001 1600579559
76.9613 1600579559
101.39049999999999 1600579559
74.25460000000001 1600579559
68.3784 1600579559
104.02499999999999 1600579559
39.2848 1600579559
78.4287 1600579559
105.34570000000001 1600579559
105.2709 1600579559
104.3453 1600579559
47.4458 1600579559
105.24 1600579559
89.8934 1600579559
57.537499999999994 1600579559
89.85940000000001 1600579559
101.896 1600579559
104.78790000000001 1600579559
104.53909999999999 1600579559
103.91919999999999 1600579559
96.7855 1600579559
92.7636 1600579559
68.19319999999999 1600579559
103.798 1600579559
78.64999999999999 1600579559
105.4345 1600579559
59.3863 1600579559
102.4918 1600579559
105.01050000000001 1600579559
79.4352 1600579559
105.2298 1600579559
73.3174 1600579559
42.1377 1600579559
100.14580000000001 1600579559
103.4876 1600579559
105.09909999999999 1600579559
77.5387 1600579559
65.1392 1600579559
104.8331 1600579559
96.6698 1600579559
105.2133 1600579559
92.9935 1600579559
94.4127 1600579559
104.76610000000001 1600579559
89.8768 1600579559
101.43560000000001 1600579559
102.3728 1600579559
85.2266 1600579559
50.837799999999994 1600579559
105.3484 1600579559
100.9744 1600579559
99.3324 1600579559
105.3448 1600579559
105.2469 1600579559
104.53399999999999 1600579559
71.2646 1600579559
104.1693 1600579559
105.4823 1600579559
102.66879999999999 1600579559
101.8981 1600579559
70.901 1600579559
104.80919999999999 1600579559
89.15100000000001 1600579559
101.36999999999999 1600579559
105.07109999999999 1600579559
105.4863 1600579559
103.2731 1600579559
94.6964 1600579559
105.22590000000001 1600579559
78.7824 1600579559
96.0986 1600579559
43.3384 1600579559
102.4883 1600579559
105.22460000000001 1600579559
102.359 1600579559
102.2846 1600579559
79.5976 1600579559
105.0149 1600579559
54.4728 1600579559
99.3299 1600579559
105.0055 1600579559
104.119 1600579559
52.280699999999996 1600579559
103.7951 1600579559
74.1167 1600579559
105.25059999999999 1600579559
100.439 1600579559
92.1744 1600579559
105.4913 1600579559
105.2089 1600579559
48.025499999999994 1600579559
89.89540000000001 1600579559
105.29090000000001 1600579559
50.1494 1600579559
79.79469999999999 1600579559
105.20989999999999 1600579559
105.26389999999999 1600579559
103.5605 1600579559
101.8491 1600579559
95.3479 1600579559
105.02510000000001 1600579559
99.49860000000001 1600579559
78.0 1600579559
53.7258 1600579559
105.2551 1600579559
55.415099999999995 1600579559
102.3737 1600579559
73.6557 1600579559
105.2448 1600579559
105.2185 1600579559
104.3655 1600579559
101.0565 1600579559
104.1755 1600579559
105.2903 1600579559
88.82289999999999 1600579559
70.8072 1600579559
52.361399999999996 1600579559
59.459199999999996 1600579559
105.3439 1600579559
59.467 1600579559
103.54289999999999 1600579559
101.84649999999999 1600579559
105.2585 1600579559
93.8683 1600579559
105.1001 1600579559
105.2861 1600579559
102.3649 1600579559
103.7961 1600579559
92.21390000000001 1600579559
105.227 1600579559
66.78259999999999 1600579559
85.7785 1600579559
105.4101 1600579559
105.4922 1600579559
105.27189999999999 1600579559
99.3354 1600579559
105.07409999999999 1600579559
93.88470000000001 1600579559
80.266 1600579559
105.00319999999999 1600579559
105.21430000000001 1600579559
105.03769999999999 1600579559
105.243 1600579559
59.186 1600579559
104.5436 1600579559
99.7624 1600579559
103.74419999999999 1600579559
97.10220000000001 1600579559
43.6166 1600579559
105.0405 1600579559
105.238 1600579559
57.0567 1600579559
104.75389999999999 1600579559
72.38709999999999 1600579559
102.3014 1600579559
105.0752 1600579559
104.94200000000001 1600579559
105.261 1600579559
101.5197 1600579559
73.488 1600579559
51.1684 1600579559
104.85470000000001 1600579559
104.1726 1600579559
104.8378 1600579559
105.28790000000001 1600579559
90.0196 1600579559
105.0297 1600579559
105.2368 1600579559
105.34750000000001 1600579559
105.0388 1600579559
103.5111 1600579559
73.2771 1600579559
55.5918 1600579559
105.2327 1600579559
53.820699999999995 1600579559
91.19829999999999 1600579559
104.85419999999999 1600579559
104.9428 1600579559
93.9042 1600579559
104.36160000000001 1600579559
105.07209999999999 1600579559
103.20009999999999 1600579559
83.23979999999999 1600579559
94.7362 1600579559
105.0064 1600579559
105.4123 1600579559
103.99759999999999 1600579559
78.815 1600579559
104.3624 1600579559
105.2418 1600579559
96.738 1600579559
96.6014 1600579559
59.3145 1600579559
90.31649999999999 1600579559
104.25319999999999 1600579559
101.9569 1600579559
105.292 1600579559
105.48389999999999 1600579559
86.42869999999999 1600579559
105.2391 1600579559
105.4379 1600579559
105.2346 1600579559
104.6288 1600579559
100.36989999999999 1600579559
105.41099999999999 1600579559
105.2337 1600579559
102.6676 1600579559
61.0728 1600579559
104.54 1600579559
105.4132 1600579559
76.833 1600579559
77.50599999999999 1600579559
57.5136 1600579559
104.21209999999999 1600579559
104.1527 1600579559
47.0363 1600579559
84.7893 1600579559
104.75189999999999 1600579559
105.293 1600579559
103.8039 1600579559
104.3644 1600579559
104.50529999999999 1600579559
42.2133 1600579559
103.8026 1600579559
103.6591 1600579559
104.4258 1600579559
84.5587 1600579559
87.4263 1600579559
105.4873 1600579559
102.9919 1600579559
103.61729999999999 1600579559
102.3894 1600579559
104.9033 1600579559
92.1727 1600579559
99.5668 1600579559
104.3159 1600579559
105.25330000000001 1600579559
75.839 1600579559
102.79010000000001 1600579559
62.6802 1600579559
105.482 1600579559
105.3964 1600579559
104.761 1600579559
104.54270000000001 1600579559
104.404 1600579559
90.27980000000001 1600579559
105.00450000000001 1600579559
92.6433 1600579559
105.03569999999999 1600579559
105.1049 1600579559
72.5014 1600579559
68.3216 1600579559
105.2941 1600579559
100.7086 1600579559
78.48270000000001 1600579559
101.737 1600579559
48.6775 1600579559
79.8262 1600579559
58.705499999999994 1600579559
100.3025 1600579559
105.3493 1600579559
78.3268 1600579559
62.562799999999996 1600579559
43.2474 1600579559
92.2128 1600579559
105.4336 1600579559
53.489200000000004 1600579559
97.81280000000001 1600579559
105.4362 1600579559
105.0327 1600579559
73.9954 1600579559
82.03020000000001 1600579559
68.7201 1600579559
105.34649999999999 1600579559
105.26289999999999 1600579559
103.6773 1600579559
105.4881 1600579559
105.29480000000001 1600579559
104.7671 1600579559
102.7351 1600579559
64.6871 1600579559
104.9379 1600579559
105.21650000000001 1600579559
77.5108 1600579559
105.0316 1600579559
90.7931 1600579559
103.23159999999999 1600579559
102.753 1600579559
105.3247 1600579559
45.1305 1600579559
89.3572 1600579559
68.9418 1600579559
103.2246 1600579559
63.6738 1600579559
80.37719999999999 1600579559
104.7558 1600579559
104.50919999999999 1600579559
90.37910000000001 1600579559
89.396 1600579559
50.7849 1600579559
104.75880000000001 1600579559
95.61590000000001 1600579559
101.8972 1600579559
102.5742 1600579559
104.46759999999999 1600579559
104.8341 1600579559
105.16470000000001 1600579559
105.0732 1600579559
68.3968 1600579559
103.4854 1600579559
92.2699 1600579559
89.7465 1600579559
105.24789999999999 1600579559
51.2759 1600579559
82.0544 1600579559
105.2488 1600579559
89.97840000000001 1600579559
103.2714 1600579559
72.525 1600579559
61.3096 1600579559
90.0141 1600579559
65.53339999999999 1600579559
96.52080000000001 1600579559
89.7546 1600579559
105.2241 1600579559
104.42370000000001 1600579559
88.0479 1600579559
42.157000000000004 1600579559
64.8152 1600579559
90.1177 1600579559
105.246 1600579559
105.01169999999999 1600579559
104.76180000000001 1600579559
64.74130000000001 1600579559
75.80760000000001 1600579559
89.5267 1600579559
97.6109 1600579559
105.0084 1600579559
96.97630000000001 1600579559
97.3539 1600579559
105.2122 1600579559
102.67020000000001 1600579559
92.47229999999999 1600579559
64.72359999999999 1600579559
105.2494 1600579559
104.42880000000001 1600579559
97.0617 1600579559
72.0496 1600579559
105.2654 1600579559
72.2838 1600579559
72.2877 1600579559
101.11330000000001 1600579559
95.842 1600579559
104.46860000000001 1600579559
85.0491 1600579559
101.916 1600579559
104.4247 1600579559
105.4327 1600579559
83.2379 1600579559
94.4487 1600579559
104.75779999999999 1600579559
105.2849 1600579559
86.25089999999999 1600579559
104.62769999999999 1600579559
77.6622 1600579559
46.8212 1600579559
85.7108 1600579559
92.7969 1600579559
72.54039999999999 1600579559
68.7182 1600579559
96.8069 1600579559
104.5065 1600579559
105.0188 1600579559
105.4929 1600579559
45.1151 1600579559
77.2864 1600579559
68.81509999999999 1600579559
65.5684 1600579559
105.0131 1600579559
54.755199999999995 1600579559
105.2218 1600579559
102.37060000000001 1600579559
105.2155 1600579559
104.94069999999999 1600579559
105.0338 1600579559
105.21950000000001 1600579559
84.2978 1600579559
75.34049999999999 1600579559
101.0547 1600579559
105.25150000000001 1600579559
82.4396 1600579559
105.2176 1600579559
43.6725 1600579559
50.0283 1600579559
105.1657 1600579559
90.5343 1600579559
104.8349 1600579559
105.25429999999999 1600579559
70.9353 1600579559
98.2572 1600579559
105.4854 1600579559
105.2671 1600579559
104.41680000000001 1600579559
96.0589 1600579559
52.396 1600579559
103.88900000000001 1600579559
53.536699999999996 1600579559
101.2166 1600579559
94.568 1600579559
105.0091 1600579559
37.512 1600579559
92.69359999999999 1600579559
101.1653 1600579559
104.7869 1600579559
104.7709 1600579559
101.4939 1600579559
105.2698 1600579559
94.6437 1600579559
83.23310000000001 1600579559
10.5966 1600579559
90.80839999999999 1600579559
101.9172 1600579559
50.7789 1600579559
68.06960000000001 1600579559
105.2439 1600579559
86.61580000000001 1600579559
102.78819999999999 1600579559
60.0518 1600579559
105.3519 1600579559
105.4902 1600579559
103.223 1600579559
49.117599999999996 1600579559
104.83999999999999 1600579559
104.91980000000001 1600579559
85.4044 1600579559
104.4228 1600579559
39.041999999999994 1600579559
105.3527 1600579559
85.17509999999999 1600579559
88.1646 1600579559
94.45280000000001 1600579559
57.2602 1600579559
93.4923 1600579559
100.94930000000001 1600579559
105.2662 1600579559
