0.40980000000000005 1600349340
0.9350999999999999 1600349340
1.0027 1600349340
0.9911 1600349340
1.3145000000000002 1600349340
0.7452 1600349340
1.2692999999999999 1600349340
1.0108000000000001 1600349340
1.1052 1600349340
0.9097000000000001 1600349340
0.8203999999999999 1600349340
1.4312 1600349340
0.7373999999999999 1600349340
1.1239999999999997 1600349340
0.8712999999999999 1600349340
1.0139 1600349340
0.7468 1600349340
1.4264999999999999 1600349340
0.8946999999999999 1600349340
0.7740999999999999 1600349340
1.089 1600349340
0.6662 1600349340
1.0971000000000002 1600349340
0.9782000000000001 1600349340
0.8998 1600349340
1.3832 1600349340
1.0760999999999998 1600349340
0.9780999999999999 1600349340
0.9972 1600349340
1.1862999999999997 1600349340
1.1652999999999998 1600349340
0.9374999999999999 1600349340
0.8515 1600349340
0.7951 1600349340
0.8442999999999999 1600349340
1.2190999999999996 1600349340
0.7032999999999999 1600349340
1.1320999999999999 1600349340
0.9969 1600349340
0.9290999999999999 1600349340
1.3836 1600349340
1.4493999999999998 1600349340
0.8202999999999999 1600349340
0.8076 1600349340
0.7733 1600349340
1.0934 1600349340
0.4807 1600349340
1.4221 1600349340
0.6581 1600349340
0.7493 1600349340
0.8278 1600349340
1.2698999999999998 1600349340
1.3843 1600349340
1.177 1600349340
0.8673000000000001 1600349340
0.9372999999999999 1600349340
0.8197 1600349340
0.9332999999999999 1600349340
1.0717000000000003 1600349340
0.9876000000000001 1600349340
0.7538999999999999 1600349340
0.7027 1600349340
0.7375999999999999 1600349340
1.0234999999999999 1600349340
1.1901000000000002 1600349340
0.7726000000000001 1600349340
0.9987 1600349340
1.283 1600349340
1.2703000000000002 1600349340
0.9 1600349340
1.1561999999999997 1600349340
1.0393 1600349340
0.8888999999999999 1600349340
0.8285999999999999 1600349340
1.3239999999999998 1600349340
1.045 1600349340
0.7559999999999999 1600349340
1.0109 1600349340
1.4364 1600349340
0.8588999999999999 1600349340
1.2623000000000002 1600349340
0.9494999999999999 1600349340
0.9728 1600349340
0.7220999999999999 1600349340
0.9369 1600349340
1.2186999999999997 1600349340
0.7653 1600349340
1.0339 1600349340
1.3096 1600349340
1.4057999999999997 1600349340
0.9531 1600349340
1.4505999999999997 1600349340
1.1702999999999997 1600349340
1.0814 1600349340
0.7474999999999999 1600349340
0.9355999999999999 1600349340
0.8205999999999999 1600349340
1.1404999999999998 1600349340
1.1857000000000002 1600349340
1.2649999999999997 1600349340
0.7736999999999999 1600349340
0.7031 1600349340
0.5733 1600349340
0.9110999999999999 1600349340
1.186 1600349340
0.9106 1600349340
1.1294999999999997 1600349340
0.9332999999999999 1600349340
1.185 1600349340
0.9 1600349340
0.9457999999999999 1600349340
0.6733999999999999 1600349340
0.7195999999999999 1600349340
1.0139 1600349340
1.3266 1600349340
1.0242999999999998 1600349340
1.2187000000000001 1600349340
1.1774999999999998 1600349340
1.3095999999999997 1600349340
1.1776 1600349340
1.4808999999999997 1600349340
1.1616 1600349340
1.133 1600349340
0.9328 1600349340
1.3832 1600349340
0.7656 1600349340
1.1323999999999996 1600349340
1.464 1600349340
1.2828 1600349340
1.0499 1600349340
1.0894 1600349340
1.126 1600349340
1.1522000000000001 1600349340
1.0979999999999999 1600349340
1.4308 1600349340
1.4800999999999997 1600349340
1.3819999999999997 1600349340
1.1294999999999997 1600349340
1.3349000000000002 1600349340
1.4969999999999999 1600349340
0.7084 1600349340
0.9918999999999999 1600349340
1.2291999999999996 1600349340
0.7951 1600349340
1.3133999999999997 1600349340
0.8999 1600349340
1.1185 1600349340
0.7413 1600349340
0.8439 1600349340
1.0339 1600349340
1.4797000000000002 1600349340
1.1625999999999999 1600349340
1.0908000000000002 1600349340
1.4966999999999997 1600349340
0.7446 1600349340
1.0105 1600349340
0.6586 1600349340
0.9532999999999999 1600349340
1.0286 1600349340
0.9537999999999999 1600349340
0.9894999999999999 1600349340
1.1910000000000003 1600349340
1.2014 1600349340
0.9365 1600349340
0.6957999999999999 1600349340
1.1239999999999997 1600349340
0.5753 1600349340
0.8204999999999999 1600349340
1.0137 1600349340
1.04 1600349340
0.6336 1600349340
0.7592 1600349340
0.7091 1600349340
1.1921 1600349340
0.5645999999999999 1600349340
1.04 1600349340
1.2826 1600349340
1.1776 1600349340
0.9374999999999999 1600349340
0.7747 1600349340
1.3396999999999997 1600349340
1.3399999999999999 1600349340
0.9104 1600349340
1.0453999999999999 1600349340
0.6399 1600349340
0.9372999999999999 1600349340
0.7744999999999999 1600349340
1.3062 1600349340
1.0192 1600349340
0.9733999999999999 1600349340
0.9355999999999999 1600349340
1.1399999999999997 1600349340
0.9329999999999999 1600349340
0.8205999999999999 1600349340
0.6956999999999999 1600349340
1.0282 1600349340
1.4968 1600349340
0.9374999999999999 1600349340
1.0926 1600349340
0.9974 1600349340
1.0137 1600349340
0.8079 1600349340
0.9378999999999998 1600349340
1.1397 1600349340
1.1324999999999998 1600349340
0.6659 1600349340
1.2186 1600349340
1.1465999999999998 1600349340
0.8335 1600349340
0.9332999999999999 1600349340
1.4158 1600349340
1.3188 1600349340
0.8199 1600349340
0.8197 1600349340
0.8945 1600349340
1.185 1600349340
0.9496999999999999 1600349340
1.3066999999999998 1600349340
0.6431999999999999 1600349340
0.9091999999999999 1600349340
1.1258999999999997 1600349340
1.3272 1600349340
0.6905 1600349340
0.8202999999999999 1600349340
1.0137 1600349340
1.3094999999999999 1600349340
1.5198999999999998 1600349340
0.4476999999999999 1600349340
0.8992999999999999 1600349340
0.7654 1600349340
0.7722999999999999 1600349340
0.7571 1600349340
0.7492 1600349340
1.4638 1600349340
0.8547999999999999 1600349340
1.3213 1600349340
1.3472999999999997 1600349340
1.3295999999999997 1600349340
0.9329 1600349340
1.0408999999999997 1600349340
1.1851000000000003 1600349340
1.1932999999999998 1600349340
1.1587999999999998 1600349340
1.0278999999999998 1600349340
0.7780999999999999 1600349340
1.2519 1600349340
1.0192999999999999 1600349340
1.0642999999999998 1600349340
0.9775999999999999 1600349340
1.1319999999999997 1600349340
0.8938 1600349340
1.2620999999999998 1600349340
1.177 1600349340
1.4971999999999999 1600349340
0.4392999999999999 1600349340
0.9924000000000001 1600349340
0.7392 1600349340
0.7216999999999999 1600349340
0.8209000000000001 1600349340
0.8447999999999999 1600349340
1.2105000000000001 1600349340
1.2842000000000002 1600349340
1.416 1600349340
1.1774999999999998 1600349340
1.0105 1600349340
0.6583 1600349340
1.0236999999999998 1600349340
1.4969000000000001 1600349340
0.8079999999999999 1600349340
1.2080000000000002 1600349340
1.0236 1600349340
0.8079 1600349340
0.9914999999999999 1600349340
1.464 1600349340
0.5745999999999999 1600349340
1.165 1600349340
0.8203999999999999 1600349340
0.9331999999999999 1600349340
0.8201999999999999 1600349340
0.8442999999999999 1600349340
1.2078000000000002 1600349340
0.8522 1600349340
1.0154999999999998 1600349340
0.7468 1600349340
0.7654 1600349340
0.7037999999999999 1600349340
0.7658999999999999 1600349340
0.9335999999999999 1600349340
0.709 1600349340
0.9914 1600349340
0.6988 1600349340
0.6665 1600349340
0.9202 1600349340
1.3289 1600349340
0.7952 1600349340
0.8443999999999999 1600349340
0.795 1600349340
0.7734 1600349340
0.5730000000000001 1600349340
1.0429 1600349340
1.4914 1600349340
0.7738999999999999 1600349340
1.1774999999999998 1600349340
1.1618 1600349340
0.6803 1600349340
1.0421999999999998 1600349340
1.4058000000000002 1600349340
0.9783000000000001 1600349340
1.1914000000000002 1600349340
1.0762999999999998 1600349340
1.3401999999999998 1600349340
0.9148999999999999 1600349340
1.1383999999999999 1600349340
1.3745000000000003 1600349340
1.1236000000000002 1600349340
0.9322 1600349340
1.4636 1600349340
0.5991999999999998 1600349340
1.1911 1600349340
1.2643999999999997 1600349340
1.0499 1600349340
0.9332999999999999 1600349340
1.3696000000000002 1600349340
0.8278 1600349340
1.0232 1600349340
1.306 1600349340
1.2107999999999999 1600349340
0.9974999999999999 1600349340
0.9789 1600349340
1.4970999999999997 1600349340
0.7080000000000001 1600349340
1.1218 1600349340
1.0979999999999999 1600349340
1.3851999999999998 1600349340
1.4682999999999997 1600349340
1.0192999999999999 1600349340
0.8947999999999999 1600349340
0.7098999999999999 1600349340
1.3954 1600349340
0.9727 1600349340
1.1693000000000002 1600349340
1.1051000000000002 1600349340
1.19 1600349340
1.3944999999999999 1600349340
1.1685999999999996 1600349340
1.4312 1600349340
0.6705 1600349340
1.0427 1600349340
0.9329 1600349340
0.7775 1600349340
0.9505 1600349340
0.9106 1600349340
0.8946999999999999 1600349340
0.8465999999999999 1600349340
1.0139 1600349340
0.9786 1600349340
1.4966 1600349340
1.3815999999999997 1600349340
1.355 1600349340
0.7446 1600349340
1.1864 1600349340
1.3853 1600349340
0.9105 1600349340
1.1218999999999997 1600349340
0.9383 1600349340
1.1389 1600349340
0.7454 1600349340
1.4966999999999997 1600349340
1.0729000000000002 1600349340
1.1766999999999999 1600349340
0.8202999999999999 1600349340
1.1525999999999996 1600349340
1.0906000000000002 1600349340
1.1774999999999998 1600349340
1.1932999999999998 1600349340
1.0979999999999999 1600349340
1.1399 1600349340
0.7414 1600349340
0.8421 1600349340
1.4966999999999997 1600349340
1.5215 1600349340
1.2830999999999997 1600349340
1.3851 1600349340
1.2599 1600349340
0.7452 1600349340
0.6824 1600349340
0.787 1600349340
0.9333999999999999 1600349340
0.7595 1600349340
1.1189999999999998 1600349340
0.7091 1600349340
0.7749 1600349340
1.1489000000000003 1600349340
0.7203 1600349340
1.1867999999999999 1600349340
0.8583999999999999 1600349340
0.8466999999999999 1600349340
0.7082 1600349340
1.1005000000000003 1600349340
1.3765 1600349340
1.2492999999999999 1600349340
0.8008000000000001 1600349340
1.1774999999999998 1600349340
1.5214999999999996 1600349340
0.7746000000000001 1600349340
0.9332999999999999 1600349340
0.6706 1600349340
1.0055 1600349340
1.4252000000000002 1600349340
0.9778999999999999 1600349340
0.6745 1600349340
0.8461 1600349340
0.6654999999999999 1600349340
0.9346 1600349340
1.4966999999999997 1600349340
1.4240999999999997 1600349340
1.3836 1600349340
1.0979 1600349340
0.8913999999999999 1600349340
1.5219 1600349340
0.8079 1600349340
1.04 1600349340
0.6705 1600349340
1.5219999999999998 1600349340
1.1521 1600349340
0.8144999999999999 1600349340
1.1517 1600349340
0.8995999999999998 1600349340
1.3065000000000002 1600349340
1.3146999999999998 1600349340
0.9776999999999999 1600349340
1.3508999999999998 1600349340
0.7037999999999999 1600349340
1.1740999999999997 1600349340
1.1334 1600349340
1.4806 1600349340
1.5127000000000002 1600349340
1.0981999999999998 1600349340
1.2752 1600349340
1.3603 1600349340
1.3255 1600349340
1.2706 1600349340
0.8279 1600349340
0.9408 1600349340
0.7775 1600349340
1.1296 1600349340
1.0433999999999997 1600349340
1.0139 1600349340
1.1396000000000002 1600349340
1.3195999999999999 1600349340
1.0979 1600349340
0.9047999999999999 1600349340
0.9773999999999999 1600349340
0.979 1600349340
0.7571 1600349340
1.4642999999999997 1600349340
0.9975999999999999 1600349340
0.9537999999999999 1600349340
0.7719999999999999 1600349340
0.7745999999999998 1600349340
0.9365 1600349340
1.1256 1600349340
0.7727 1600349340
0.9532999999999999 1600349340
0.7654 1600349340
1.3533 1600349340
0.8997 1600349340
0.9494999999999999 1600349340
0.9329999999999999 1600349340
1.4055999999999997 1600349340
0.6417 1600349340
0.8997 1600349340
0.9727 1600349340
0.7871 1600349340
0.8392000000000001 1600349340
1.2201 1600349340
0.9787 1600349340
1.4970999999999997 1600349340
1.0398999999999998 1600349340
1.3104 1600349340
1.1888 1600349340
1.1658 1600349340
0.6956999999999999 1600349340
0.7480999999999999 1600349340
0.9917999999999999 1600349340
1.1654 1600349340
0.8278 1600349340
1.3192 1600349340
0.6401 1600349340
1.4571 1600349340
1.1854 1600349340
1.3409 1600349340
1.045 1600349340
1.3977999999999997 1600349340
1.0937999999999999 1600349340
0.6874999999999999 1600349340
0.9352999999999999 1600349340
1.3781999999999996 1600349340
1.0360999999999998 1600349340
0.9974 1600349340
0.6907 1600349340
0.9731 1600349340
1.3468999999999998 1600349340
1.1240999999999999 1600349340
0.8006999999999999 1600349340
0.7457999999999999 1600349340
1.3049999999999997 1600349340
0.7736999999999999 1600349340
1.3594999999999997 1600349340
1.1235999999999997 1600349340
1.1923 1600349340
1.1323999999999996 1600349340
