0.33340000000000003 1600219983
1.0295999999999998 1600219983
0.6656 1600219983
0.9587999999999999 1600219983
1.1937000000000002 1600219983
0.5199999999999999 1600219983
0.5783999999999999 1600219983
0.8081999999999999 1600219983
0.9738 1600219983
1.0027 1600219983
0.9830999999999999 1600219983
1.1475 1600219983
0.49760000000000004 1600219983
0.6005999999999999 1600219983
0.884 1600219983
1.0872000000000002 1600219983
0.49970000000000003 1600219983
1.2927 1600219983
1.029 1600219983
0.5764999999999999 1600219983
0.6990999999999999 1600219983
0.5487000000000001 1600219983
0.8321 1600219983
0.6298 1600219983
0.5480999999999999 1600219983
0.6353000000000001 1600219983
0.5260999999999999 1600219983
0.628 1600219983
1.0350000000000001 1600219983
0.6661 1600219983
0.5995 1600219983
0.5480999999999999 1600219983
0.5549999999999999 1600219983
0.5195 1600219983
1.1441 1600219983
0.486 1600219983
1.0833 1600219983
0.8211 1600219983
0.6581 1600219983
0.42310000000000003 1600219983
0.7652999999999999 1600219983
1.2839999999999998 1600219983
0.6313 1600219983
0.648 1600219983
1.1009 1600219983
0.5502000000000001 1600219983
1.0590000000000002 1600219983
1.1371000000000002 1600219983
0.5431999999999999 1600219983
1.206 1600219983
0.6316 1600219983
0.5029999999999999 1600219983
1.3167 1600219983
0.48679999999999995 1600219983
1.0609 1600219983
0.6241 1600219983
0.6067 1600219983
0.8662999999999998 1600219983
0.9576 1600219983
1.1011000000000002 1600219983
1.2166 1600219983
1.0869 1600219983
0.7510999999999999 1600219983
1.2078000000000002 1600219983
0.49760000000000004 1600219983
0.8077999999999999 1600219983
0.958 1600219983
1.0884 1600219983
0.6256999999999999 1600219983
0.8830000000000001 1600219983
1.0931 1600219983
1.1949999999999998 1600219983
1.2379 1600219983
1.0281000000000002 1600219983
0.5504 1600219983
1.1114000000000002 1600219983
1.1156 1600219983
0.7894 1600219983
1.2654999999999998 1600219983
1.2642000000000002 1600219983
0.9489999999999998 1600219983
1.2687 1600219983
0.5553 1600219983
0.8720999999999999 1600219983
1.1469 1600219983
0.5423000000000001 1600219983
0.6123999999999999 1600219983
1.2766000000000002 1600219983
1.1775 1600219983
1.2711000000000001 1600219983
1.1467 1600219983
1.2845 1600219983
1.1098 1600219983
0.7369 1600219983
1.0692 1600219983
1.0567000000000002 1600219983
1.1060999999999999 1600219983
0.5416 1600219983
0.9984999999999999 1600219983
0.6654 1600219983
0.5460999999999999 1600219983
1.1888999999999998 1600219983
0.7691 1600219983
0.6798000000000001 1600219983
0.8420999999999998 1600219983
0.6797000000000001 1600219983
0.6451000000000001 1600219983
0.6386 1600219983
0.5377 1600219983
1.1467999999999998 1600219983
1.1131000000000002 1600219983
1.0346000000000002 1600219983
0.992 1600219983
1.0497999999999998 1600219983
1.1884 1600219983
1.2758999999999998 1600219983
0.6314 1600219983
0.4867 1600219983
1.2865 1600219983
1.0573000000000001 1600219983
1.0640999999999998 1600219983
0.6677 1600219983
1.0896 1600219983
0.9940000000000001 1600219983
1.0012999999999999 1600219983
1.0372 1600219983
1.2321 1600219983
1.2475999999999998 1600219983
1.1735 1600219983
1.1604999999999999 1600219983
1.1936 1600219983
0.9901 1600219983
0.843 1600219983
1.1663 1600219983
1.2474999999999998 1600219983
0.8652000000000001 1600219983
0.5598999999999998 1600219983
0.6295 1600219983
1.1753 1600219983
0.8233 1600219983
0.415 1600219983
0.6385 1600219983
1.0135 1600219983
1.0777999999999999 1600219983
0.9484999999999999 1600219983
1.0606 1600219983
0.5506000000000001 1600219983
1.0470000000000002 1600219983
0.6798 1600219983
1.2229999999999999 1600219983
0.8139 1600219983
0.9985 1600219983
1.0316999999999998 1600219983
1.1082 1600219983
0.5274 1600219983
0.6245999999999999 1600219983
0.9782000000000001 1600219983
1.2168 1600219983
1.2189999999999999 1600219983
0.7688 1600219983
1.1099999999999999 1600219983
0.8495 1600219983
1.2893999999999999 1600219983
1.0918999999999999 1600219983
0.5332 1600219983
0.5916999999999999 1600219983
0.9995999999999999 1600219983
0.5393 1600219983
0.6127 1600219983
0.9857000000000001 1600219983
0.7975 1600219983
0.832 1600219983
0.5222 1600219983
0.9546 1600219983
0.6023 1600219983
0.7823000000000001 1600219983
1.0978999999999999 1600219983
0.5118 1600219983
1.0648 1600219983
1.0954 1600219983
1.3155999999999999 1600219983
0.5760999999999998 1600219983
0.9925 1600219983
1.1105999999999998 1600219983
1.0372999999999999 1600219983
1.021 1600219983
1.1003999999999998 1600219983
1.2075 1600219983
0.7143999999999999 1600219983
1.0371000000000001 1600219983
0.9853 1600219983
0.9307 1600219983
1.0575999999999999 1600219983
1.273 1600219983
1.1048 1600219983
1.218 1600219983
1.1095 1600219983
1.0335999999999999 1600219983
0.5422 1600219983
0.9974999999999999 1600219983
0.9883 1600219983
1.1147 1600219983
0.5557 1600219983
1.2701000000000002 1600219983
1.2054 1600219983
0.985 1600219983
1.0653000000000001 1600219983
0.7591 1600219983
0.6263999999999998 1600219983
0.7463000000000001 1600219983
0.7725 1600219983
1.3155999999999999 1600219983
0.5393999999999999 1600219983
0.7645000000000001 1600219983
1.0285 1600219983
0.5775999999999999 1600219983
1.1890999999999998 1600219983
1.1147 1600219983
1.2164 1600219983
0.6102 1600219983
1.1694 1600219983
0.7526 1600219983
0.9952 1600219983
1.1150000000000002 1600219983
0.6127 1600219983
1.3165 1600219983
0.9883000000000001 1600219983
1.2704 1600219983
0.9984 1600219983
0.6593000000000001 1600219983
1.1256 1600219983
0.6245999999999999 1600219983
0.5482 1600219983
0.9722000000000001 1600219983
1.0362 1600219983
1.0865 1600219983
0.9571999999999998 1600219983
1.3155999999999999 1600219983
0.6797000000000001 1600219983
0.8408000000000001 1600219983
1.1595 1600219983
1.2707 1600219983
0.8385 1600219983
1.2886 1600219983
1.2757999999999998 1600219983
1.1672000000000002 1600219983
1.2203 1600219983
1.2908 1600219983
0.7985 1600219983
0.7685000000000001 1600219983
0.9747 1600219983
0.5105000000000001 1600219983
1.2685 1600219983
0.7512 1600219983
0.6173000000000001 1600219983
0.816 1600219983
0.6021999999999998 1600219983
0.5290999999999999 1600219983
0.5560999999999998 1600219983
0.7204999999999999 1600219983
0.4865 1600219983
0.6845999999999999 1600219983
1.0595999999999999 1600219983
1.0406 1600219983
0.8311999999999999 1600219983
0.6101 1600219983
1.0897999999999999 1600219983
1.1280000000000001 1600219983
0.5072999999999999 1600219983
1.0446 1600219983
1.0573 1600219983
0.5075 1600219983
0.9373 1600219983
1.1608999999999998 1600219983
0.9786999999999999 1600219983
1.0948000000000002 1600219983
1.0793 1600219983
0.7572 1600219983
0.5058 1600219983
1.101 1600219983
0.8879999999999999 1600219983
0.5506 1600219983
0.6454 1600219983
0.5194 1600219983
0.9951999999999999 1600219983
0.6863 1600219983
0.7343000000000001 1600219983
1.0440999999999998 1600219983
1.0071999999999999 1600219983
1.1411 1600219983
1.2869 1600219983
0.9791999999999998 1600219983
1.1189 1600219983
1.3152 1600219983
0.7865 1600219983
1.0219 1600219983
0.6355 1600219983
0.5597 1600219983
0.7575999999999998 1600219983
1.1358 1600219983
1.2915999999999999 1600219983
0.5599999999999998 1600219983
0.5502 1600219983
1.1875 1600219983
0.5474999999999999 1600219983
1.1881 1600219983
1.2832999999999999 1600219983
0.6265999999999998 1600219983
0.9679 1600219983
0.5381 1600219983
1.0483 1600219983
0.6632 1600219983
1.0032999999999999 1600219983
1.3155999999999999 1600219983
0.5415999999999999 1600219983
0.9801000000000001 1600219983
0.9783 1600219983
0.9561 1600219983
0.8100999999999998 1600219983
1.0266000000000002 1600219983
1.0594 1600219983
0.7679 1600219983
1.2795999999999998 1600219983
0.9666999999999999 1600219983
0.9785999999999999 1600219983
0.964 1600219983
0.7929999999999999 1600219983
1.1476000000000002 1600219983
0.9975999999999998 1600219983
1.127 1600219983
0.5482 1600219983
0.7720000000000001 1600219983
0.9844999999999999 1600219983
1.3157 1600219983
1.3351 1600219983
1.1339000000000001 1600219983
1.2082 1600219983
0.6121999999999999 1600219983
1.0972 1600219983
1.2471999999999999 1600219983
1.0089 1600219983
0.9492999999999999 1600219983
1.0499999999999998 1600219983
0.6322 1600219983
1.0389 1600219983
0.9628 1600219983
0.8468 1600219983
1.1371000000000002 1600219983
0.8284 1600219983
0.9748 1600219983
0.6973 1600219983
0.5432 1600219983
0.9774999999999998 1600219983
0.7888999999999999 1600219983
1.069 1600219983
0.9922 1600219983
1.1314 1600219983
1.0876 1600219983
0.756 1600219983
0.6104999999999999 1600219983
1.1477 1600219983
1.3157999999999999 1600219983
0.9598 1600219983
0.6576000000000001 1600219983
0.5908 1600219983
0.9969999999999999 1600219983
0.5548 1600219983
1.2605 1600219983
0.6574 1600219983
0.5609 1600219983
0.9661 1600219983
1.0426000000000002 1600219983
1.1943 1600219983
0.5034 1600219983
0.8098999999999998 1600219983
0.6986 1600219983
1.0094999999999998 1600219983
0.5479999999999999 1600219983
0.9327 1600219983
1.1192000000000002 1600219983
1.2667 1600219983
0.6818000000000001 1600219983
1.3336999999999999 1600219983
0.5375 1600219983
1.1461 1600219983
1.0988 1600219983
0.9968999999999999 1600219983
0.9790999999999999 1600219983
0.7574999999999998 1600219983
0.9717000000000001 1600219983
1.1162999999999998 1600219983
0.9458000000000001 1600219983
0.5422 1600219983
0.7856999999999998 1600219983
1.1155 1600219983
0.6082 1600219983
0.5018 1600219983
0.5292 1600219983
0.6 1600219983
1.3167 1600219983
0.9823999999999999 1600219983
1.0173999999999999 1600219983
0.6111 1600219983
1.0593 1600219983
1.1075 1600219983
0.9672999999999999 1600219983
0.6299 1600219983
0.949 1600219983
1.1372 1600219983
0.8314 1600219983
0.5362000000000001 1600219983
0.7971 1600219983
1.099 1600219983
0.9746 1600219983
1.2839999999999998 1600219983
1.3155000000000001 1600219983
1.2852999999999999 1600219983
1.1938 1600219983
0.9246999999999999 1600219983
1.1785999999999999 1600219983
0.6318999999999999 1600219983
0.8896 1600219983
0.6175999999999999 1600219983
1.0617 1600219983
0.9848999999999999 1600219983
1.1955 1600219983
1.1597 1600219983
0.5913999999999999 1600219983
0.9793999999999998 1600219983
1.3168 1600219983
0.6263999999999998 1600219983
0.7683000000000001 1600219983
0.6688999999999998 1600219983
0.6799000000000001 1600219983
1.0434999999999999 1600219983
1.1846999999999999 1600219983
1.2312999999999998 1600219983
1.126 1600219983
0.5186 1600219983
1.2123 1600219983
1.0877999999999999 1600219983
1.0985 1600219983
1.0123000000000002 1600219983
0.9073000000000001 1600219983
1.1109 1600219983
1.0604 1600219983
1.1252 1600219983
0.6125999999999999 1600219983
1.0362 1600219983
0.9076000000000001 1600219983
0.9769999999999999 1600219983
1.1028000000000002 1600219983
0.6269 1600219983
0.9555000000000001 1600219983
0.6099 1600219983
0.5618 1600219983
1.1473 1600219983
0.5540999999999999 1600219983
0.7325999999999999 1600219983
0.6305999999999999 1600219983
1.1106 1600219983
1.0034 1600219983
0.7887000000000001 1600219983
0.9943000000000001 1600219983
0.4829 1600219983
0.9626 1600219983
0.6324 1600219983
1.0366 1600219983
1.0125000000000002 1600219983
1.1884000000000001 1600219983
0.4151 1600219983
0.7889999999999999 1600219983
0.5295 1600219983
1.2475 1600219983
0.5484000000000001 1600219983
1.0991 1600219983
0.9306 1600219983
1.2805 1600219983
0.6987 1600219983
1.0301 1600219983
1.1572 1600219983
1.2523 1600219983
0.5548 1600219983
0.9743999999999999 1600219983
1.1956 1600219983
0.9618 1600219983
0.8668 1600219983
1.2711 1600219983
1.0593 1600219983
1.3161999999999998 1600219983
1.0632 1600219983
1.0338999999999998 1600219983
1.1099999999999999 1600219983
0.6415 1600219983
1.0475999999999999 1600219983
0.8220999999999999 1600219983
1.2893999999999999 1600219983
1.2925 1600219983
1.1994 1600219983
1.2015 1600219983
0.8311 1600219983
1.0817999999999999 1600219983
1.283 1600219983
1.146 1600219983
1.0355999999999999 1600219983
1.081 1600219983
1.0673 1600219983
1.1471 1600219983
1.2836999999999998 1600219983
0.9913999999999998 1600219983
0.9625999999999999 1600219983
1.1060999999999999 1600219983
