2.0949999999999998 1600639229
2.2022 1600639229
2.1029999999999998 1600639229
1.8573 1600639229
1.9748999999999999 1600639229
2.0383999999999998 1600639229
2.1358 1600639229
2.0876 1600639229
2.2897 1600639229
1.8785 1600639229
2.2785 1600639229
2.512 1600639229
1.9145999999999999 1600639229
1.6555999999999997 1600639229
2.2041 1600639229
2.2051 1600639229
2.1162 1600639229
2.507 1600639229
2.3409999999999997 1600639229
1.6488999999999998 1600639229
2.2816 1600639229
2.0643000000000002 1600639229
1.8367 1600639229
1.7650000000000001 1600639229
2.0269 1600639229
1.5438999999999998 1600639229
1.5078 1600639229
2.2565 1600639229
1.4998000000000002 1600639229
2.0317 1600639229
2.3689999999999998 1600639229
1.6779000000000002 1600639229
1.6018 1600639229
2.088 1600639229
2.3063000000000002 1600639229
1.9405000000000001 1600639229
1.9145999999999999 1600639229
2.0521 1600639229
2.5681000000000003 1600639229
1.7993999999999999 1600639229
1.7467000000000001 1600639229
1.4148 1600639229
1.9368 1600639229
2.0282999999999998 1600639229
2.3147 1600639229
1.9225999999999999 1600639229
1.8636000000000001 1600639229
2.1766 1600639229
1.4163999999999999 1600639229
2.1449 1600639229
2.196 1600639229
1.764 1600639229
1.8373999999999997 1600639229
1.9742000000000002 1600639229
1.9733 1600639229
2.0834 1600639229
1.7167 1600639229
1.8412000000000002 1600639229
2.1536 1600639229
1.5995 1600639229
2.2525 1600639229
1.9762999999999997 1600639229
2.1532 1600639229
1.8865999999999998 1600639229
2.1706000000000003 1600639229
2.0127 1600639229
2.1462000000000003 1600639229
1.9531999999999998 1600639229
2.1316 1600639229
2.1102 1600639229
2.218 1600639229
2.1898 1600639229
1.5828 1600639229
2.1219 1600639229
2.2199999999999998 1600639229
2.3055 1600639229
1.8407 1600639229
2.2559 1600639229
1.8085 1600639229
2.2541 1600639229
2.0528000000000004 1600639229
2.0324999999999998 1600639229
2.1060999999999996 1600639229
1.8369999999999997 1600639229
2.0982000000000003 1600639229
1.6109999999999998 1600639229
2.0981 1600639229
2.0143000000000004 1600639229
2.4689 1600639229
2.32 1600639229
2.3961 1600639229
2.0046 1600639229
1.8407 1600639229
2.3246 1600639229
2.3668 1600639229
1.6140999999999996 1600639229
1.9363 1600639229
2.0481000000000003 1600639229
1.9512 1600639229
1.8366 1600639229
2.3069 1600639229
2.1599 1600639229
2.2300000000000004 1600639229
2.1445000000000003 1600639229
1.8396000000000001 1600639229
2.0909999999999997 1600639229
1.5992000000000002 1600639229
1.9096000000000002 1600639229
1.9223000000000001 1600639229
1.5425999999999997 1600639229
1.6387 1600639229
2.2272999999999996 1600639229
2.112 1600639229
2.3666 1600639229
1.8182 1600639229
2.0385 1600639229
2.1334 1600639229
1.7223000000000002 1600639229
2.4601 1600639229
1.984 1600639229
2.0538 1600639229
2.2234 1600639229
1.9265999999999999 1600639229
1.3888000000000003 1600639229
2.4476999999999998 1600639229
2.3369 1600639229
1.6126 1600639229
2.2733999999999996 1600639229
1.9683000000000002 1600639229
2.0825000000000005 1600639229
2.0001 1600639229
2.2085999999999997 1600639229
1.6734000000000002 1600639229
1.7939000000000003 1600639229
1.9145 1600639229
2.074 1600639229
1.9505999999999997 1600639229
2.0699 1600639229
2.4959000000000002 1600639229
1.7979000000000003 1600639229
2.0838 1600639229
2.2229 1600639229
2.0987999999999998 1600639229
1.7459 1600639229
1.9331 1600639229
2.4747000000000003 1600639229
2.0097 1600639229
2.2302999999999997 1600639229
1.8368000000000002 1600639229
1.7142000000000002 1600639229
2.1073 1600639229
1.9442 1600639229
2.2041000000000004 1600639229
1.8876 1600639229
2.1677 1600639229
2.1957 1600639229
1.9753 1600639229
2.2234 1600639229
2.1019 1600639229
1.7778 1600639229
1.3141 1600639229
2.1299 1600639229
1.5464000000000002 1600639229
2.0604 1600639229
2.0126 1600639229
1.4153000000000002 1600639229
1.8041999999999998 1600639229
2.3525 1600639229
2.3778 1600639229
2.0488 1600639229
2.277 1600639229
2.0796 1600639229
2.2485 1600639229
2.2102 1600639229
2.0141 1600639229
2.0966 1600639229
1.8908 1600639229
1.4156 1600639229
2.2971 1600639229
2.1685 1600639229
2.2661 1600639229
1.7569000000000001 1600639229
1.5864999999999998 1600639229
2.0864 1600639229
1.5595000000000003 1600639229
2.2785 1600639229
1.8749000000000002 1600639229
1.968 1600639229
2.0275 1600639229
1.8842999999999999 1600639229
1.8995000000000002 1600639229
2.2965 1600639229
2.4718 1600639229
2.2558 1600639229
2.2662999999999998 1600639229
1.837 1600639229
1.5971000000000002 1600639229
1.9679000000000002 1600639229
1.5949 1600639229
1.8397000000000001 1600639229
2.4926000000000004 1600639229
2.0587 1600639229
1.9089999999999998 1600639229
1.9421999999999997 1600639229
1.8434 1600639229
1.505 1600639229
2.2478000000000002 1600639229
2.0563000000000002 1600639229
2.0675 1600639229
2.2245000000000004 1600639229
2.3102 1600639229
1.7055 1600639229
1.942 1600639229
1.6328999999999998 1600639229
2.2887 1600639229
1.8579999999999999 1600639229
1.9826000000000001 1600639229
1.8001999999999998 1600639229
1.9687 1600639229
1.3521 1600639229
1.7740999999999998 1600639229
1.6266000000000003 1600639229
2.2391 1600639229
1.6564 1600639229
2.5089 1600639229
2.1788 1600639229
2.224 1600639229
2.1060999999999996 1600639229
2.4101 1600639229
2.2173999999999996 1600639229
2.0732 1600639229
1.7685999999999997 1600639229
2.0134 1600639229
2.06 1600639229
2.0540000000000003 1600639229
2.474 1600639229
2.1989 1600639229
1.7489000000000001 1600639229
2.0469 1600639229
1.8521 1600639229
1.8904 1600639229
2.077 1600639229
2.0324999999999998 1600639229
2.1266000000000003 1600639229
1.7822999999999998 1600639229
2.3725 1600639229
1.8377 1600639229
1.9504000000000001 1600639229
1.5548 1600639229
2.1603 1600639229
2.2282 1600639229
2.4576000000000002 1600639229
1.9659999999999997 1600639229
1.8268 1600639229
2.0267 1600639229
1.5352 1600639229
2.0060000000000002 1600639229
1.7864 1600639229
2.1689000000000003 1600639229
2.2718000000000003 1600639229
2.2214 1600639229
1.6824999999999999 1600639229
1.7565 1600639229
1.7713 1600639229
2.0921 1600639229
2.0405 1600639229
2.1376 1600639229
1.6471999999999998 1600639229
1.9709999999999999 1600639229
2.1593999999999998 1600639229
1.6257000000000001 1600639229
1.5195000000000003 1600639229
1.8558999999999999 1600639229
1.5101 1600639229
2.5358 1600639229
2.2323 1600639229
2.0402 1600639229
2.4443 1600639229
2.0873 1600639229
2.1286 1600639229
2.2268999999999997 1600639229
1.7535999999999998 1600639229
2.4509999999999996 1600639229
2.3874 1600639229
1.3183000000000002 1600639229
2.0996 1600639229
1.9822000000000002 1600639229
1.9353999999999998 1600639229
1.7513 1600639229
1.9663000000000002 1600639229
2.3192 1600639229
1.9773999999999998 1600639229
1.4329 1600639229
2.0372000000000003 1600639229
2.2825 1600639229
1.8236 1600639229
1.9412000000000003 1600639229
2.2731 1600639229
2.3236 1600639229
2.2638 1600639229
1.9714 1600639229
2.0068 1600639229
2.2693999999999996 1600639229
1.604 1600639229
1.9830999999999999 1600639229
1.6052 1600639229
1.9427999999999999 1600639229
2.2104 1600639229
2.1272 1600639229
2.2251 1600639229
1.932 1600639229
1.9203000000000001 1600639229
2.1660000000000004 1600639229
2.2914 1600639229
1.967 1600639229
1.9919000000000002 1600639229
2.4475000000000002 1600639229
1.5186 1600639229
1.9948000000000001 1600639229
2.3421 1600639229
1.9509000000000003 1600639229
2.4634 1600639229
1.8611 1600639229
1.9146 1600639229
2.2907 1600639229
1.6616 1600639229
2.181 1600639229
1.8634 1600639229
2.0038 1600639229
2.0648999999999997 1600639229
1.8269 1600639229
2.3885 1600639229
2.3463000000000003 1600639229
2.0263999999999998 1600639229
2.1165 1600639229
2.3045 1600639229
2.4623 1600639229
1.6352 1600639229
2.3947000000000003 1600639229
1.6322 1600639229
2.4109 1600639229
1.6067 1600639229
1.7389000000000001 1600639229
2.0665 1600639229
1.9486999999999999 1600639229
1.9697999999999998 1600639229
2.1719 1600639229
1.9078 1600639229
1.9309 1600639229
1.7419999999999998 1600639229
2.1242 1600639229
1.8023 1600639229
1.7897999999999996 1600639229
1.7687 1600639229
2.4618 1600639229
1.8567999999999998 1600639229
1.9141 1600639229
1.931 1600639229
1.8354999999999997 1600639229
1.9938 1600639229
1.8629 1600639229
2.2928 1600639229
1.5710000000000002 1600639229
2.0145 1600639229
2.1584 1600639229
2.1870000000000003 1600639229
2.0168 1600639229
2.0391 1600639229
2.2236000000000002 1600639229
2.2127000000000003 1600639229
1.9579999999999997 1600639229
1.8352999999999997 1600639229
1.8566000000000003 1600639229
1.8392000000000002 1600639229
2.0911999999999997 1600639229
2.2475 1600639229
1.9888000000000001 1600639229
1.7648 1600639229
2.5114 1600639229
1.8657000000000001 1600639229
2.0243 1600639229
1.9851999999999999 1600639229
2.0208000000000004 1600639229
2.1201000000000003 1600639229
1.9505 1600639229
1.7485 1600639229
1.9535 1600639229
1.8595000000000002 1600639229
1.8033000000000001 1600639229
2.1096 1600639229
2.173 1600639229
2.0787 1600639229
1.6885 1600639229
2.3181000000000003 1600639229
1.5849999999999997 1600639229
2.0890000000000004 1600639229
1.8512 1600639229
1.9227000000000003 1600639229
1.5750000000000002 1600639229
2.0357000000000003 1600639229
1.6568999999999998 1600639229
2.0846999999999998 1600639229
2.1390000000000002 1600639229
2.5 1600639229
1.4868000000000001 1600639229
2.3713 1600639229
2.1028 1600639229
2.1828000000000003 1600639229
1.9589999999999996 1600639229
2.3342 1600639229
1.6351 1600639229
2.2971 1600639229
2.002 1600639229
2.4126 1600639229
2.2041000000000004 1600639229
1.7537999999999998 1600639229
1.866 1600639229
2.1258 1600639229
2.1398 1600639229
2.1908000000000003 1600639229
1.6672000000000002 1600639229
2.068 1600639229
1.7239 1600639229
1.7974 1600639229
1.8082 1600639229
2.0759 1600639229
2.1048 1600639229
1.8434000000000001 1600639229
1.8738000000000001 1600639229
2.2297000000000002 1600639229
1.7589000000000001 1600639229
1.6879 1600639229
2.1693000000000002 1600639229
2.162 1600639229
1.9138000000000002 1600639229
2.2912 1600639229
2.045 1600639229
1.8209 1600639229
1.7564000000000002 1600639229
1.5396 1600639229
2.0321000000000002 1600639229
2.4134 1600639229
1.9915 1600639229
2.0434 1600639229
2.001 1600639229
2.0512 1600639229
2.3245 1600639229
2.1244 1600639229
1.8455 1600639229
2.0725 1600639229
1.8541000000000003 1600639229
1.9881000000000002 1600639229
2.0263 1600639229
2.084 1600639229
1.9985 1600639229
2.0627 1600639229
2.0919 1600639229
2.0151 1600639229
2.2958 1600639229
2.1521 1600639229
2.0316 1600639229
2.1762 1600639229
2.069 1600639229
1.8164000000000002 1600639229
1.8672999999999997 1600639229
2.2317 1600639229
2.2656 1600639229
2.3722000000000003 1600639229
2.3494 1600639229
2.2625 1600639229
1.9599000000000002 1600639229
2.1326 1600639229
2.217 1600639229
2.2636000000000003 1600639229
1.4518 1600639229
2.2325999999999997 1600639229
2.0784 1600639229
2.085 1600639229
1.6789 1600639229
2.0786 1600639229
2.2424 1600639229
2.1787 1600639229
1.8255 1600639229
2.2019 1600639229
1.8986 1600639229
1.5843000000000003 1600639229
2.0279 1600639229
2.1508000000000003 1600639229
1.6869999999999998 1600639229
2.1496 1600639229
1.8581999999999999 1600639229
1.9792 1600639229
2.2328 1600639229
2.4001 1600639229
1.9964 1600639229
1.7026 1600639229
2.5329 1600639229
2.1940999999999997 1600639229
1.9973 1600639229
2.3011 1600639229
1.5846000000000002 1600639229
2.0888 1600639229
2.0097 1600639229
2.0881 1600639229
2.1103 1600639229
2.2337000000000002 1600639229
2.143 1600639229
1.9865 1600639229
2.0459 1600639229
2.3352 1600639229
2.2956000000000003 1600639229
2.142 1600639229
