19.4107 1600641017
16.419900000000002 1600641017
15.981399999999999 1600641017
17.119300000000003 1600641017
18.045 1600641017
12.7149 1600641017
12.9159 1600641017
9.8907 1600641017
11.4354 1600641017
19.6782 1600641017
17.1966 1600641017
16.718500000000002 1600641017
17.1308 1600641017
23.3898 1600641017
17.5262 1600641017
8.0075 1600641017
15.649 1600641017
18.311500000000002 1600641017
22.3091 1600641017
12.8491 1600641017
9.7246 1600641017
7.7836 1600641017
12.3492 1600641017
22.228900000000003 1600641017
11.9327 1600641017
15.3464 1600641017
9.4713 1600641017
16.288 1600641017
18.614 1600641017
16.730600000000003 1600641017
18.8074 1600641017
17.076800000000002 1600641017
22.655800000000003 1600641017
12.7556 1600641017
12.2464 1600641017
9.2284 1600641017
19.556700000000003 1600641017
9.2069 1600641017
15.972299999999999 1600641017
9.8807 1600641017
16.0208 1600641017
22.630200000000002 1600641017
16.021 1600641017
19.7814 1600641017
17.6173 1600641017
18.6673 1600641017
14.3355 1600641017
9.8159 1600641017
10.1797 1600641017
10.9069 1600641017
17.854000000000003 1600641017
16.2763 1600641017
25.6693 1600641017
15.6848 1600641017
10.3251 1600641017
21.6734 1600641017
16.3897 1600641017
21.6593 1600641017
11.41 1600641017
17.9527 1600641017
12.6175 1600641017
10.0614 1600641017
10.6845 1600641017
11.6311 1600641017
18.574900000000003 1600641017
9.4707 1600641017
21.5987 1600641017
15.6205 1600641017
10.5337 1600641017
22.8382 1600641017
17.657500000000002 1600641017
17.462 1600641017
17.6127 1600641017
25.944300000000002 1600641017
13.0834 1600641017
12.754199999999999 1600641017
13.0831 1600641017
12.1889 1600641017
22.1411 1600641017
15.0011 1600641017
16.8791 1600641017
5.0577 1600641017
25.878 1600641017
15.3932 1600641017
19.8749 1600641017
11.876999999999999 1600641017
16.219 1600641017
17.2388 1600641017
8.257 1600641017
10.0188 1600641017
11.5977 1600641017
13.622399999999999 1600641017
19.306900000000002 1600641017
16.205900000000003 1600641017
20.341700000000003 1600641017
18.3712 1600641017
25.7196 1600641017
11.1629 1600641017
23.2559 1600641017
17.9004 1600641017
15.7455 1600641017
17.4734 1600641017
11.5429 1600641017
12.3162 1600641017
7.7526 1600641017
17.0411 1600641017
16.267000000000003 1600641017
10.0115 1600641017
19.651100000000003 1600641017
16.241400000000002 1600641017
16.529 1600641017
13.982099999999999 1600641017
22.223399999999998 1600641017
11.1192 1600641017
16.2859 1600641017
22.130100000000002 1600641017
14.0014 1600641017
13.5418 1600641017
10.257 1600641017
22.2178 1600641017
18.5619 1600641017
22.1352 1600641017
25.8504 1600641017
18.0727 1600641017
15.8695 1600641017
12.0753 1600641017
16.503300000000003 1600641017
18.340200000000003 1600641017
21.7341 1600641017
14.7023 1600641017
11.8945 1600641017
7.237299999999999 1600641017
12.6714 1600641017
18.247500000000002 1600641017
11.327399999999999 1600641017
18.2327 1600641017
17.6611 1600641017
17.508200000000002 1600641017
22.599600000000002 1600641017
12.5222 1600641017
20.464399999999998 1600641017
9.2792 1600641017
18.1625 1600641017
13.2234 1600641017
12.4267 1600641017
13.3375 1600641017
9.6225 1600641017
13.2378 1600641017
17.7515 1600641017
11.5527 1600641017
17.148300000000003 1600641017
9.6417 1600641017
25.944300000000002 1600641017
15.4765 1600641017
17.042 1600641017
17.221600000000002 1600641017
22.0956 1600641017
9.9708 1600641017
13.671 1600641017
11.0356 1600641017
12.2991 1600641017
21.776500000000002 1600641017
14.027899999999999 1600641017
18.3165 1600641017
9.7772 1600641017
18.0439 1600641017
22.6121 1600641017
12.6555 1600641017
16.605600000000003 1600641017
17.011000000000003 1600641017
18.2587 1600641017
9.9792 1600641017
12.458 1600641017
10.3656 1600641017
8.9625 1600641017
25.8933 1600641017
19.500500000000002 1600641017
16.347 1600641017
9.5661 1600641017
25.712200000000003 1600641017
15.8184 1600641017
21.2396 1600641017
20.297400000000003 1600641017
14.0113 1600641017
17.296400000000002 1600641017
7.9026 1600641017
11.993 1600641017
14.0567 1600641017
15.1616 1600641017
22.130300000000002 1600641017
14.9223 1600641017
16.3823 1600641017
8.7365 1600641017
25.7724 1600641017
12.5267 1600641017
21.6612 1600641017
23.102899999999998 1600641017
25.616500000000002 1600641017
18.407100000000003 1600641017
9.1643 1600641017
10.493599999999999 1600641017
12.5331 1600641017
25.7768 1600641017
15.1788 1600641017
21.6568 1600641017
15.449399999999999 1600641017
12.1223 1600641017
18.161900000000003 1600641017
15.4485 1600641017
21.738300000000002 1600641017
22.980300000000003 1600641017
15.4491 1600641017
14.461 1600641017
11.6273 1600641017
12.4068 1600641017
13.385299999999999 1600641017
18.721 1600641017
17.193 1600641017
17.104000000000003 1600641017
11.4742 1600641017
18.1083 1600641017
22.2316 1600641017
12.3017 1600641017
18.7282 1600641017
15.3541 1600641017
18.331400000000002 1600641017
10.2335 1600641017
10.8104 1600641017
10.7183 1600641017
9.8573 1600641017
22.575400000000002 1600641017
14.8324 1600641017
17.3838 1600641017
11.7186 1600641017
17.806199999999997 1600641017
25.718500000000002 1600641017
12.7169 1600641017
8.9399 1600641017
16.648500000000002 1600641017
19.735400000000002 1600641017
12.549900000000001 1600641017
10.7357 1600641017
9.2905 1600641017
12.6861 1600641017
16.084100000000003 1600641017
16.544400000000003 1600641017
18.035600000000002 1600641017
16.594 1600641017
17.349700000000002 1600641017
16.070500000000003 1600641017
16.316300000000002 1600641017
18.791900000000002 1600641017
12.5219 1600641017
16.5366 1600641017
9.8621 1600641017
10.2914 1600641017
13.9061 1600641017
11.8409 1600641017
25.791 1600641017
16.847900000000003 1600641017
19.4949 1600641017
25.698900000000002 1600641017
22.6021 1600641017
15.1656 1600641017
26.136200000000002 1600641017
14.9512 1600641017
10.5525 1600641017
14.0016 1600641017
10.7848 1600641017
7.3873999999999995 1600641017
12.4088 1600641017
15.2942 1600641017
21.657400000000003 1600641017
23.094700000000003 1600641017
25.7819 1600641017
17.663600000000002 1600641017
25.7529 1600641017
15.2945 1600641017
21.9186 1600641017
16.389000000000003 1600641017
15.2251 1600641017
16.389499999999998 1600641017
13.6423 1600641017
13.3432 1600641017
11.0512 1600641017
17.4575 1600641017
14.7644 1600641017
17.4323 1600641017
18.3063 1600641017
14.4534 1600641017
22.745600000000003 1600641017
12.530199999999999 1600641017
14.583499999999999 1600641017
18.240000000000002 1600641017
12.447099999999999 1600641017
14.2915 1600641017
9.9922 1600641017
11.685699999999999 1600641017
10.4046 1600641017
17.1655 1600641017
18.4035 1600641017
17.985100000000003 1600641017
17.2501 1600641017
18.2147 1600641017
25.878500000000003 1600641017
10.6941 1600641017
16.650100000000002 1600641017
19.881300000000003 1600641017
16.1139 1600641017
10.0109 1600641017
14.1335 1600641017
10.8616 1600641017
12.1874 1600641017
20.1704 1600641017
15.705 1600641017
16.7951 1600641017
19.8992 1600641017
17.5804 1600641017
22.413700000000002 1600641017
9.3034 1600641017
14.3845 1600641017
23.131600000000002 1600641017
25.8547 1600641017
7.7749 1600641017
12.3088 1600641017
9.2882 1600641017
11.846499999999999 1600641017
23.212200000000003 1600641017
21.754900000000003 1600641017
15.2282 1600641017
17.688100000000002 1600641017
14.8967 1600641017
22.5564 1600641017
16.9217 1600641017
22.152900000000002 1600641017
16.2326 1600641017
17.0745 1600641017
10.2533 1600641017
11.9355 1600641017
12.676499999999999 1600641017
9.4724 1600641017
15.695 1600641017
18.7876 1600641017
16.5024 1600641017
18.758399999999998 1600641017
22.2927 1600641017
25.6418 1600641017
11.9557 1600641017
17.9144 1600641017
25.967100000000002 1600641017
23.6992 1600641017
8.8658 1600641017
13.5044 1600641017
9.2195 1600641017
12.2094 1600641017
17.507199999999997 1600641017
17.4983 1600641017
19.5932 1600641017
9.661 1600641017
22.6022 1600641017
8.0251 1600641017
17.2104 1600641017
18.8121 1600641017
10.9185 1600641017
17.7135 1600641017
11.1144 1600641017
13.2362 1600641017
12.5087 1600641017
23.4366 1600641017
26.317 1600641017
11.552 1600641017
19.324 1600641017
19.5024 1600641017
17.5206 1600641017
17.3119 1600641017
17.894900000000003 1600641017
17.7462 1600641017
12.1421 1600641017
18.713700000000003 1600641017
10.2473 1600641017
10.0275 1600641017
11.7267 1600641017
22.509700000000002 1600641017
11.5734 1600641017
17.012 1600641017
25.7341 1600641017
23.382700000000003 1600641017
26.402700000000003 1600641017
15.3156 1600641017
9.632 1600641017
17.582500000000003 1600641017
19.721600000000002 1600641017
13.8311 1600641017
9.9788 1600641017
12.301 1600641017
12.4581 1600641017
25.744200000000003 1600641017
9.99 1600641017
19.047500000000003 1600641017
10.0444 1600641017
18.42 1600641017
25.6567 1600641017
8.9627 1600641017
16.1781 1600641017
25.4785 1600641017
26.0412 1600641017
12.7147 1600641017
10.1684 1600641017
12.714 1600641017
9.4057 1600641017
15.5047 1600641017
14.9211 1600641017
22.2194 1600641017
23.247400000000003 1600641017
15.2512 1600641017
22.320500000000003 1600641017
25.631600000000002 1600641017
15.3019 1600641017
19.2843 1600641017
25.8945 1600641017
12.924999999999999 1600641017
13.3925 1600641017
10.338099999999999 1600641017
11.984399999999999 1600641017
16.9862 1600641017
10.2223 1600641017
22.9801 1600641017
16.0274 1600641017
25.8994 1600641017
9.8945 1600641017
17.991300000000003 1600641017
15.3591 1600641017
21.728900000000003 1600641017
21.6582 1600641017
11.0891 1600641017
13.3977 1600641017
10.5049 1600641017
11.490400000000001 1600641017
17.371799999999997 1600641017
16.9737 1600641017
18.0497 1600641017
19.895500000000002 1600641017
25.9892 1600641017
14.2987 1600641017
18.6258 1600641017
18.1688 1600641017
11.4171 1600641017
15.0246 1600641017
10.0148 1600641017
9.9037 1600641017
12.418 1600641017
18.0743 1600641017
12.1655 1600641017
9.4277 1600641017
15.419 1600641017
17.192400000000003 1600641017
18.7149 1600641017
10.124 1600641017
18.3104 1600641017
16.474 1600641017
17.0633 1600641017
17.478700000000003 1600641017
13.8767 1600641017
11.676 1600641017
9.288 1600641017
22.1444 1600641017
18.065 1600641017
16.4368 1600641017
18.336100000000002 1600641017
16.5625 1600641017
21.934700000000003 1600641017
14.1379 1600641017
22.658900000000003 1600641017
16.4817 1600641017
22.056800000000003 1600641017
12.2972 1600641017
13.7537 1600641017
12.7972 1600641017
7.6574 1600641017
12.7157 1600641017
17.079400000000003 1600641017
11.8418 1600641017
18.2573 1600641017
15.943 1600641017
25.854000000000003 1600641017
15.5787 1600641017
15.403 1600641017
16.783900000000003 1600641017
26.0137 1600641017
11.8918 1600641017
12.0509 1600641017
12.0856 1600641017
9.7918 1600641017
12.6244 1600641017
17.8515 1600641017
25.7526 1600641017
11.7436 1600641017
17.6411 1600641017
18.2466 1600641017
13.8229 1600641017
21.9186 1600641017
16.3515 1600641017
18.283900000000003 1600641017
11.5374 1600641017
13.4184 1600641017
11.7092 1600641017
9.764 1600641017
19.435100000000002 1600641017
20.392400000000002 1600641017
22.253800000000002 1600641017
10.109399999999999 1600641017
20.3928 1600641017
