15.1884 1600641474
9.388399999999999 1600641474
15.422500000000001 1600641474
22.5965 1600641474
25.346 1600641474
10.3544 1600641474
8.951300000000002 1600641474
11.9989 1600641474
9.2425 1600641474
20.1919 1600641474
24.093999999999998 1600641474
23.262 1600641474
23.4282 1600641474
25.227 1600641474
13.494000000000002 1600641474
22.6553 1600641474
23.875799999999998 1600641474
10.6036 1600641474
15.3795 1600641474
7.5393 1600641474
10.8244 1600641474
12.3416 1600641474
14.326400000000001 1600641474
23.3525 1600641474
11.5311 1600641474
15.147300000000001 1600641474
23.919999999999998 1600641474
24.865299999999998 1600641474
23.7316 1600641474
24.8428 1600641474
13.513000000000002 1600641474
21.7072 1600641474
15.4617 1600641474
9.941199999999998 1600641474
5.364 1600641474
12.2538 1600641474
25.1765 1600641474
23.1346 1600641474
17.4967 1600641474
15.933200000000001 1600641474
10.0512 1600641474
23.544 1600641474
12.284699999999999 1600641474
23.4347 1600641474
23.0364 1600641474
15.1064 1600641474
13.4987 1600641474
8.638900000000001 1600641474
10.3062 1600641474
12.264899999999999 1600641474
14.763 1600641474
7.8471 1600641474
22.9395 1600641474
16.5394 1600641474
12.654900000000001 1600641474
22.3586 1600641474
11.4919 1600641474
22.993499999999997 1600641474
14.404200000000001 1600641474
22.9804 1600641474
11.787500000000001 1600641474
9.682500000000001 1600641474
12.6772 1600641474
9.779300000000001 1600641474
19.5642 1600641474
16.014699999999998 1600641474
23.6512 1600641474
14.548300000000001 1600641474
25.468899999999998 1600641474
25.4196 1600641474
10.8125 1600641474
21.734299999999998 1600641474
17.008599999999998 1600641474
24.5661 1600641474
10.9343 1600641474
11.731000000000002 1600641474
11.7181 1600641474
8.667300000000001 1600641474
22.4086 1600641474
8.2351 1600641474
9.7483 1600641474
23.7823 1600641474
25.6771 1600641474
22.3869 1600641474
13.0138 1600641474
22.615299999999998 1600641474
14.268600000000001 1600641474
17.4515 1600641474
12.4829 1600641474
11.5509 1600641474
12.4824 1600641474
8.934500000000002 1600641474
23.7354 1600641474
11.8743 1600641474
14.5149 1600641474
9.3236 1600641474
22.706699999999998 1600641474
9.217300000000002 1600641474
23.8981 1600641474
22.3936 1600641474
24.791999999999998 1600641474
23.5767 1600641474
11.0576 1600641474
10.3567 1600641474
6.2578 1600641474
22.1059 1600641474
25.275 1600641474
25.2457 1600641474
14.931700000000001 1600641474
11.0578 1600641474
13.7771 1600641474
9.180800000000001 1600641474
24.345499999999998 1600641474
22.443099999999998 1600641474
14.9428 1600641474
24.2519 1600641474
8.877600000000001 1600641474
12.196900000000001 1600641474
8.8655 1600641474
24.879099999999998 1600641474
9.9724 1600641474
11.896 1600641474
22.3304 1600641474
14.5617 1600641474
24.9345 1600641474
22.0442 1600641474
15.6094 1600641474
17.039099999999998 1600641474
24.0276 1600641474
14.3222 1600641474
10.0478 1600641474
9.077200000000001 1600641474
9.8481 1600641474
23.100199999999997 1600641474
10.1682 1600641474
17.054199999999998 1600641474
23.9956 1600641474
9.9998 1600641474
22.0553 1600641474
19.3204 1600641474
24.0897 1600641474
22.8949 1600641474
24.6416 1600641474
12.413499999999999 1600641474
12.909199999999998 1600641474
9.9143 1600641474
8.7504 1600641474
22.0262 1600641474
22.8568 1600641474
9.6028 1600641474
16.4101 1600641474
14.9219 1600641474
15.171600000000002 1600641474
24.3098 1600641474
25.0531 1600641474
13.7766 1600641474
16.8672 1600641474
10.168600000000001 1600641474
10.857800000000001 1600641474
12.75 1600641474
7.2827 1600641474
23.613899999999997 1600641474
19.1501 1600641474
16.6826 1600641474
15.1908 1600641474
23.8295 1600641474
23.8492 1600641474
14.394200000000001 1600641474
9.8444 1600641474
22.4579 1600641474
22.5941 1600641474
11.3831 1600641474
7.487 1600641474
12.8872 1600641474
10.371 1600641474
23.260399999999997 1600641474
14.402600000000001 1600641474
22.5424 1600641474
14.3993 1600641474
24.7227 1600641474
22.3117 1600641474
23.260199999999998 1600641474
14.517700000000001 1600641474
23.229799999999997 1600641474
24.081599999999998 1600641474
8.1575 1600641474
10.4282 1600641474
12.7538 1600641474
10.078399999999998 1600641474
23.7741 1600641474
15.153300000000002 1600641474
8.8329 1600641474
15.5966 1600641474
24.622 1600641474
14.6291 1600641474
21.9624 1600641474
10.522400000000001 1600641474
22.714 1600641474
23.1987 1600641474
9.1332 1600641474
12.7569 1600641474
8.9425 1600641474
15.1142 1600641474
16.465999999999998 1600641474
9.9981 1600641474
23.3718 1600641474
8.6813 1600641474
13.6685 1600641474
23.220399999999998 1600641474
23.8877 1600641474
23.9687 1600641474
24.8482 1600641474
16.7116 1600641474
7.4409 1600641474
12.924199999999999 1600641474
7.4406 1600641474
22.975099999999998 1600641474
13.8465 1600641474
23.712899999999998 1600641474
23.880699999999997 1600641474
24.602999999999998 1600641474
25.3017 1600641474
12.1202 1600641474
9.508700000000001 1600641474
14.4906 1600641474
22.769199999999998 1600641474
7.646 1600641474
10.079600000000001 1600641474
8.666599999999999 1600641474
11.485199999999999 1600641474
24.401699999999998 1600641474
10.1525 1600641474
24.973399999999998 1600641474
24.3328 1600641474
9.5434 1600641474
24.518 1600641474
23.3766 1600641474
14.3322 1600641474
22.347199999999997 1600641474
25.3116 1600641474
11.415799999999999 1600641474
10.655600000000002 1600641474
11.480500000000001 1600641474
12.286200000000001 1600641474
22.4733 1600641474
6.1498 1600641474
22.580299999999998 1600641474
11.872900000000001 1600641474
23.7648 1600641474
11.485100000000001 1600641474
13.8896 1600641474
23.2614 1600641474
14.8755 1600641474
22.4695 1600641474
12.4868 1600641474
10.154300000000001 1600641474
11.8845 1600641474
10.154300000000001 1600641474
15.7202 1600641474
12.2147 1600641474
23.3122 1600641474
19.352899999999998 1600641474
15.0428 1600641474
15.409 1600641474
15.3968 1600641474
11.2904 1600641474
14.8045 1600641474
22.3997 1600641474
9.779 1600641474
11.5851 1600641474
13.4528 1600641474
11.743400000000001 1600641474
23.8431 1600641474
15.233799999999999 1600641474
24.0214 1600641474
22.7062 1600641474
24.1263 1600641474
15.666 1600641474
24.3221 1600641474
10.866200000000001 1600641474
24.3213 1600641474
18.671799999999998 1600641474
12.586 1600641474
10.0989 1600641474
10.0991 1600641474
14.9732 1600641474
23.7274 1600641474
10.4741 1600641474
8.350800000000001 1600641474
22.958099999999998 1600641474
24.7366 1600641474
9.6323 1600641474
22.3778 1600641474
24.212999999999997 1600641474
14.5823 1600641474
13.055800000000001 1600641474
12.164200000000001 1600641474
13.0097 1600641474
11.456800000000001 1600641474
23.263299999999997 1600641474
9.7483 1600641474
23.8123 1600641474
22.915699999999998 1600641474
23.5676 1600641474
24.5518 1600641474
16.1135 1600641474
22.6066 1600641474
9.106499999999999 1600641474
22.5686 1600641474
10.9052 1600641474
10.1335 1600641474
12.634200000000002 1600641474
10.1285 1600641474
23.490299999999998 1600641474
22.3937 1600641474
23.941499999999998 1600641474
23.208099999999998 1600641474
23.6267 1600641474
22.3938 1600641474
11.8733 1600641474
22.383 1600641474
23.6069 1600641474
24.4697 1600641474
12.542000000000002 1600641474
12.513200000000001 1600641474
10.012500000000001 1600641474
11.8788 1600641474
13.811800000000002 1600641474
8.6336 1600641474
16.7633 1600641474
12.7984 1600641474
21.766099999999998 1600641474
24.0363 1600641474
15.807400000000001 1600641474
12.1058 1600641474
10.1133 1600641474
16.3132 1600641474
9.839300000000001 1600641474
10.296800000000001 1600641474
13.2218 1600641474
10.2958 1600641474
17.3107 1600641474
23.7824 1600641474
14.2613 1600641474
23.1252 1600641474
24.935399999999998 1600641474
12.361400000000001 1600641474
16.3823 1600641474
9.0388 1600641474
22.2411 1600641474
15.3467 1600641474
10.7771 1600641474
10.6352 1600641474
11.609200000000001 1600641474
16.6664 1600641474
23.3571 1600641474
23.100099999999998 1600641474
14.7413 1600641474
10.6082 1600641474
24.811 1600641474
13.9207 1600641474
22.7368 1600641474
13.912700000000001 1600641474
22.3922 1600641474
24.0737 1600641474
9.7483 1600641474
12.4357 1600641474
8.4242 1600641474
23.5356 1600641474
7.6843 1600641474
22.7522 1600641474
23.9744 1600641474
12.301300000000001 1600641474
24.555699999999998 1600641474
13.8834 1600641474
15.172 1600641474
23.3 1600641474
16.886799999999997 1600641474
15.877199999999998 1600641474
11.2398 1600641474
11.1058 1600641474
12.3602 1600641474
23.702099999999998 1600641474
8.8762 1600641474
22.770599999999998 1600641474
23.613799999999998 1600641474
14.068100000000001 1600641474
25.1051 1600641474
13.991499999999998 1600641474
23.3845 1600641474
11.159500000000001 1600641474
22.5917 1600641474
11.9318 1600641474
10.6016 1600641474
12.7086 1600641474
11.931500000000002 1600641474
22.7043 1600641474
22.314 1600641474
23.1812 1600641474
23.259999999999998 1600641474
13.0854 1600641474
23.6194 1600641474
15.0905 1600641474
9.6928 1600641474
14.497300000000001 1600641474
24.8588 1600641474
10.385100000000001 1600641474
12.2508 1600641474
9.3422 1600641474
12.716899999999999 1600641474
23.2193 1600641474
13.419799999999999 1600641474
24.2161 1600641474
13.0142 1600641474
22.605 1600641474
24.6211 1600641474
15.5693 1600641474
19.686799999999998 1600641474
22.7389 1600641474
24.7309 1600641474
10.1753 1600641474
11.678 1600641474
10.1752 1600641474
11.6374 1600641474
15.0374 1600641474
8.440100000000001 1600641474
23.9633 1600641474
23.358 1600641474
24.0548 1600641474
23.848499999999998 1600641474
24.3276 1600641474
11.500100000000002 1600641474
22.3464 1600641474
25.2954 1600641474
7.8174 1600641474
9.7645 1600641474
9.036200000000001 1600641474
14.6186 1600641474
22.8675 1600641474
14.2972 1600641474
23.880499999999998 1600641474
9.8267 1600641474
17.3763 1600641474
13.967600000000001 1600641474
12.458499999999999 1600641474
15.0822 1600641474
22.391199999999998 1600641474
24.6818 1600641474
10.2568 1600641474
11.6915 1600641474
7.8168 1600641474
15.2373 1600641474
22.6583 1600641474
23.2703 1600641474
8.9212 1600641474
23.7673 1600641474
22.715999999999998 1600641474
13.4085 1600641474
24.9511 1600641474
22.6552 1600641474
13.0435 1600641474
23.2745 1600641474
12.925699999999999 1600641474
12.2779 1600641474
11.4798 1600641474
14.8086 1600641474
23.2826 1600641474
23.1378 1600641474
18.9606 1600641474
19.1175 1600641474
22.682499999999997 1600641474
14.3895 1600641474
23.3617 1600641474
10.553400000000002 1600641474
22.4707 1600641474
12.7881 1600641474
12.499899999999998 1600641474
12.267100000000001 1600641474
8.4984 1600641474
23.0613 1600641474
10.227599999999999 1600641474
15.492 1600641474
23.0625 1600641474
10.483 1600641474
17.1696 1600641474
12.91 1600641474
21.8193 1600641474
11.4815 1600641474
22.4868 1600641474
8.6381 1600641474
11.734900000000001 1600641474
13.491299999999999 1600641474
8.9687 1600641474
23.2286 1600641474
8.235100000000001 1600641474
17.139699999999998 1600641474
8.553999999999998 1600641474
11.303 1600641474
23.834999999999997 1600641474
14.523100000000001 1600641474
22.6645 1600641474
24.755499999999998 1600641474
24.8574 1600641474
8.108600000000001 1600641474
11.704500000000001 1600641474
11.5914 1600641474
11.508099999999999 1600641474
16.189 1600641474
21.750899999999998 1600641474
10.376700000000001 1600641474
24.4691 1600641474
15.416200000000002 1600641474
