1.282 1600645609
1.6356 1600645609
1.7652999999999999 1600645609
1.7146 1600645609
1.6441 1600645609
1.8394000000000001 1600645609
1.7076 1600645609
1.7961 1600645609
1.5913 1600645609
1.8776000000000002 1600645609
1.7772999999999999 1600645609
1.6222 1600645609
1.7758999999999998 1600645609
1.5758 1600645609
1.8044 1600645609
1.7786000000000002 1600645609
1.7263 1600645609
1.6211 1600645609
1.6355 1600645609
1.7126 1600645609
1.6515 1600645609
1.7295 1600645609
1.638 1600645609
1.7126 1600645609
1.7982999999999998 1600645609
1.7900999999999998 1600645609
1.6356 1600645609
1.7695 1600645609
1.5151 1600645609
1.5432 1600645609
1.5587 1600645609
1.8199999999999998 1600645609
1.7397 1600645609
1.7769 1600645609
1.6359 1600645609
1.7306 1600645609
1.7761 1600645609
1.7656 1600645609
1.7850000000000001 1600645609
1.7051 1600645609
1.5578 1600645609
1.5901 1600645609
1.7447000000000001 1600645609
1.7907 1600645609
1.8042999999999998 1600645609
1.7246 1600645609
1.671 1600645609
1.7161 1600645609
1.666 1600645609
1.7395 1600645609
1.7788000000000002 1600645609
1.7383 1600645609
1.6622999999999999 1600645609
1.7484 1600645609
1.6968 1600645609
1.7619 1600645609
1.7887 1600645609
1.7188999999999999 1600645609
1.5989 1600645609
1.7391 1600645609
1.564 1600645609
1.5984 1600645609
1.6942 1600645609
1.8202999999999998 1600645609
1.8018999999999998 1600645609
1.7084 1600645609
1.8246999999999998 1600645609
1.6971 1600645609
1.6572 1600645609
1.8088000000000002 1600645609
1.7451 1600645609
1.6525 1600645609
1.7728000000000002 1600645609
1.8234 1600645609
1.7102 1600645609
1.8977000000000002 1600645609
1.7409 1600645609
1.7232 1600645609
1.5569 1600645609
1.7914 1600645609
1.5951 1600645609
1.66 1600645609
1.7955 1600645609
1.7094 1600645609
1.8241999999999998 1600645609
1.5715 1600645609
1.8190000000000002 1600645609
1.7286 1600645609
1.6111 1600645609
1.641 1600645609
1.7832000000000001 1600645609
1.5635999999999999 1600645609
1.5292999999999999 1600645609
1.6042 1600645609
1.7740999999999998 1600645609
1.6223 1600645609
1.7987000000000002 1600645609
1.5614999999999999 1600645609
1.7192 1600645609
1.6675 1600645609
1.8548 1600645609
1.5989 1600645609
1.6917 1600645609
1.6341999999999999 1600645609
1.5264 1600645609
1.5015 1600645609
1.8036 1600645609
1.72 1600645609
1.5828 1600645609
1.7533 1600645609
1.7298 1600645609
1.7396 1600645609
1.747 1600645609
1.8014 1600645609
1.5404 1600645609
1.7107999999999999 1600645609
1.7962 1600645609
1.7413 1600645609
1.64 1600645609
1.6895 1600645609
1.7575999999999998 1600645609
1.7096 1600645609
1.7754999999999999 1600645609
1.7536 1600645609
1.6236 1600645609
1.7497 1600645609
1.5766 1600645609
1.7395 1600645609
1.6712 1600645609
1.7752999999999999 1600645609
1.6641 1600645609
1.7501000000000002 1600645609
1.5172 1600645609
1.6381 1600645609
1.7184 1600645609
1.7391 1600645609
1.7187999999999999 1600645609
1.7018 1600645609
1.6314 1600645609
1.7769000000000001 1600645609
1.7104 1600645609
1.7104 1600645609
1.5984 1600645609
1.7759 1600645609
1.735 1600645609
1.7814999999999999 1600645609
1.7061 1600645609
1.7527000000000001 1600645609
1.6903 1600645609
1.6771 1600645609
1.7353 1600645609
1.7651999999999999 1600645609
1.6465 1600645609
1.7227 1600645609
1.6789 1600645609
1.7439999999999998 1600645609
1.6004 1600645609
1.6213 1600645609
1.537 1600645609
1.7126 1600645609
1.7638 1600645609
1.6653 1600645609
1.6683 1600645609
1.5306 1600645609
1.8471 1600645609
1.5875 1600645609
1.6834 1600645609
1.7626000000000002 1600645609
1.7955999999999999 1600645609
1.7967000000000002 1600645609
1.7 1600645609
1.73 1600645609
1.7154 1600645609
1.6934 1600645609
1.9944000000000002 1600645609
1.6662 1600645609
1.7285 1600645609
1.7481 1600645609
1.8126000000000002 1600645609
1.7689000000000001 1600645609
1.6625 1600645609
1.6951 1600645609
1.8441999999999998 1600645609
1.7082 1600645609
1.8971999999999998 1600645609
1.7812 1600645609
1.7763 1600645609
1.5578 1600645609
1.727 1600645609
1.7973999999999999 1600645609
1.6523 1600645609
1.7814 1600645609
1.8661999999999999 1600645609
1.7819999999999998 1600645609
1.721 1600645609
1.6668 1600645609
1.7219 1600645609
1.7990000000000002 1600645609
1.6149 1600645609
1.7581999999999998 1600645609
1.7458 1600645609
1.7642000000000002 1600645609
1.7213 1600645609
1.5194 1600645609
1.5852 1600645609
1.7524 1600645609
1.7304 1600645609
1.7604 1600645609
1.7612 1600645609
1.694 1600645609
1.5678 1600645609
1.6206 1600645609
1.8196999999999999 1600645609
1.7752999999999999 1600645609
1.6359 1600645609
1.7198 1600645609
1.565 1600645609
1.6704999999999999 1600645609
1.6571 1600645609
1.7263 1600645609
1.7484 1600645609
1.6214 1600645609
1.7063 1600645609
1.7572999999999999 1600645609
1.7625000000000002 1600645609
1.654 1600645609
1.7186 1600645609
1.6702 1600645609
1.8128 1600645609
1.7348999999999999 1600645609
1.7396 1600645609
1.7387 1600645609
1.7224 1600645609
1.7332 1600645609
1.9545000000000001 1600645609
1.7296 1600645609
1.5794 1600645609
1.6162 1600645609
1.9553999999999998 1600645609
1.7325 1600645609
1.7495999999999998 1600645609
1.6654 1600645609
1.7761 1600645609
1.6473 1600645609
1.5181 1600645609
1.6121 1600645609
1.6965999999999999 1600645609
1.6721 1600645609
1.726 1600645609
1.7872 1600645609
1.6577 1600645609
1.7766 1600645609
1.7275 1600645609
1.7737 1600645609
1.7708000000000002 1600645609
1.7161 1600645609
1.6892 1600645609
1.7176 1600645609
1.7917 1600645609
1.2823 1600645609
1.7478999999999998 1600645609
1.6912 1600645609
1.6132 1600645609
1.723 1600645609
1.7485 1600645609
1.7031 1600645609
1.7128 1600645609
1.7963 1600645609
1.7802999999999998 1600645609
1.7881999999999998 1600645609
1.9543000000000001 1600645609
1.7907 1600645609
1.701 1600645609
1.7203 1600645609
1.6919 1600645609
1.7196 1600645609
1.7743000000000002 1600645609
1.7172 1600645609
1.7574999999999998 1600645609
1.8041 1600645609
1.7711999999999999 1600645609
1.7724 1600645609
1.7454999999999998 1600645609
1.7396 1600645609
1.7535 1600645609
1.7343 1600645609
1.7197 1600645609
1.6632 1600645609
1.7749000000000001 1600645609
1.7506 1600645609
1.7489 1600645609
1.7019 1600645609
1.7951000000000001 1600645609
1.6774 1600645609
1.7626 1600645609
1.7135 1600645609
1.8145999999999998 1600645609
1.7652 1600645609
1.5211 1600645609
1.7011 1600645609
1.5451 1600645609
1.7697 1600645609
1.7074 1600645609
1.5148 1600645609
1.7111 1600645609
1.665 1600645609
1.5952 1600645609
1.7681999999999998 1600645609
1.6041 1600645609
1.628 1600645609
1.7222 1600645609
1.7603000000000002 1600645609
1.7570999999999999 1600645609
1.6064 1600645609
1.5847 1600645609
1.7827000000000002 1600645609
1.6985999999999999 1600645609
1.6656 1600645609
1.7304 1600645609
1.6383 1600645609
1.7521 1600645609
1.6969 1600645609
1.6287 1600645609
1.7752000000000001 1600645609
1.7333 1600645609
1.7013 1600645609
1.7651999999999999 1600645609
1.5813 1600645609
1.7729 1600645609
1.7792000000000001 1600645609
1.7342 1600645609
1.7954 1600645609
1.7009 1600645609
1.6144 1600645609
1.5119 1600645609
1.7258 1600645609
1.6662 1600645609
1.7458999999999998 1600645609
1.5171999999999999 1600645609
1.7297 1600645609
1.5543 1600645609
1.5165 1600645609
1.7089 1600645609
1.5782 1600645609
1.7206 1600645609
1.5587 1600645609
1.7272 1600645609
1.6667 1600645609
1.6633 1600645609
0.9349000000000001 1600645609
1.711 1600645609
1.8773000000000002 1600645609
1.6571 1600645609
1.7818999999999998 1600645609
1.7768 1600645609
1.7121 1600645609
1.7212 1600645609
1.71 1600645609
1.5723 1600645609
1.7714999999999999 1600645609
1.5839 1600645609
1.6149 1600645609
1.9547 1600645609
1.5884 1600645609
1.7635 1600645609
1.7490999999999999 1600645609
1.7632 1600645609
1.69 1600645609
1.5242 1600645609
1.7392 1600645609
1.7480999999999998 1600645609
1.6606 1600645609
1.665 1600645609
1.7387 1600645609
1.8694000000000002 1600645609
1.6522 1600645609
1.5181 1600645609
1.7133 1600645609
1.7752999999999999 1600645609
1.7809000000000001 1600645609
1.7746000000000002 1600645609
1.6993 1600645609
1.6395 1600645609
1.6271 1600645609
1.7499999999999998 1600645609
1.7652 1600645609
1.7599999999999998 1600645609
1.7678999999999998 1600645609
1.7288 1600645609
1.7226 1600645609
1.7178 1600645609
1.7132 1600645609
1.5789 1600645609
1.7736999999999998 1600645609
1.7302 1600645609
1.7295 1600645609
1.7205 1600645609
1.7161 1600645609
1.5773 1600645609
1.6782 1600645609
1.6471 1600645609
1.9472999999999998 1600645609
1.7232 1600645609
1.7777999999999998 1600645609
1.7122 1600645609
1.8965 1600645609
1.7269 1600645609
1.6408 1600645609
1.6582999999999999 1600645609
1.7892000000000001 1600645609
1.7072 1600645609
1.7247999999999999 1600645609
1.6952 1600645609
1.6621 1600645609
1.5337 1600645609
1.616 1600645609
1.5803 1600645609
1.7003 1600645609
1.7816999999999998 1600645609
1.7802999999999998 1600645609
1.7490999999999999 1600645609
1.7336 1600645609
1.8846 1600645609
1.7768 1600645609
1.5847 1600645609
1.7758999999999998 1600645609
1.6237 1600645609
1.7592 1600645609
1.7227 1600645609
1.6378 1600645609
1.7771000000000001 1600645609
1.5723 1600645609
1.7917 1600645609
1.7188999999999999 1600645609
1.7782 1600645609
1.7391 1600645609
1.6133 1600645609
1.6643 1600645609
1.7367 1600645609
1.5718 1600645609
1.7068 1600645609
1.5878 1600645609
1.7757 1600645609
1.7749000000000001 1600645609
1.73 1600645609
1.7024 1600645609
1.6991 1600645609
1.7526000000000002 1600645609
1.6957 1600645609
1.655 1600645609
1.6663 1600645609
1.682 1600645609
1.7752 1600645609
1.7357 1600645609
1.7208999999999999 1600645609
1.7398 1600645609
1.5294 1600645609
1.7691000000000001 1600645609
1.7508 1600645609
1.7764 1600645609
1.6702 1600645609
1.7453 1600645609
1.7348 1600645609
1.8788999999999998 1600645609
1.8005 1600645609
1.6214 1600645609
1.7762999999999998 1600645609
1.7619 1600645609
1.8748 1600645609
1.593 1600645609
1.6977 1600645609
1.7766000000000002 1600645609
1.7752 1600645609
1.7590999999999999 1600645609
1.7423000000000002 1600645609
1.6989 1600645609
1.7104 1600645609
1.533 1600645609
1.6752 1600645609
1.715 1600645609
1.7364 1600645609
1.7358 1600645609
1.733 1600645609
1.7495999999999998 1600645609
1.7247999999999999 1600645609
1.588 1600645609
1.7867000000000002 1600645609
1.6411 1600645609
1.8981 1600645609
1.5782 1600645609
1.779 1600645609
1.7728000000000002 1600645609
1.7301 1600645609
1.5849 1600645609
1.7093 1600645609
1.7393 1600645609
1.6466 1600645609
1.6377 1600645609
1.6678 1600645609
1.7347 1600645609
1.7490999999999999 1600645609
1.719 1600645609
1.5794 1600645609
1.5776999999999999 1600645609
1.6933 1600645609
1.7692999999999999 1600645609
1.7299 1600645609
1.6817 1600645609
1.5727 1600645609
1.7444000000000002 1600645609
1.7817 1600645609
1.701 1600645609
