0.49160000000000004 1600215714
0.49130000000000007 1600215714
0.4524999999999999 1600215714
0.5292000000000001 1600215714
0.4666999999999999 1600215714
0.41869999999999996 1600215714
0.5170999999999999 1600215714
0.45629999999999993 1600215714
0.597 1600215714
0.5095000000000001 1600215714
0.5034000000000001 1600215714
0.5022 1600215714
0.5073999999999999 1600215714
0.4416 1600215714
0.46530000000000005 1600215714
0.5059 1600215714
0.4603999999999999 1600215714
0.47109999999999985 1600215714
0.4917 1600215714
0.5877999999999999 1600215714
0.4657 1600215714
0.43879999999999997 1600215714
0.44389999999999996 1600215714
0.5098 1600215714
0.49940000000000007 1600215714
0.5157 1600215714
0.45079999999999987 1600215714
0.4367 1600215714
0.49560000000000004 1600215714
0.43989999999999996 1600215714
0.4517 1600215714
0.4576 1600215714
0.4617 1600215714
0.4626999999999999 1600215714
0.5098 1600215714
0.5266 1600215714
0.46429999999999993 1600215714
0.5081 1600215714
0.4663999999999999 1600215714
0.3767999999999999 1600215714
0.5161 1600215714
0.5027999999999999 1600215714
0.43989999999999996 1600215714
0.44510000000000005 1600215714
0.46089999999999987 1600215714
0.5156000000000001 1600215714
0.4918 1600215714
0.46409999999999996 1600215714
0.49109999999999987 1600215714
0.44599999999999995 1600215714
0.4535 1600215714
0.5158 1600215714
0.4676 1600215714
0.516 1600215714
0.5011999999999999 1600215714
0.5049999999999999 1600215714
0.4456 1600215714
0.5097 1600215714
0.4394 1600215714
0.46209999999999996 1600215714
0.4918 1600215714
0.4918 1600215714
0.4908999999999999 1600215714
0.5043 1600215714
0.5082 1600215714
0.46299999999999986 1600215714
0.5048999999999999 1600215714
0.5243 1600215714
0.5048999999999999 1600215714
0.5043 1600215714
0.46289999999999987 1600215714
0.4678 1600215714
0.46289999999999987 1600215714
0.5038 1600215714
0.5165 1600215714
0.494 1600215714
0.45419999999999994 1600215714
0.46099999999999985 1600215714
0.5109999999999999 1600215714
0.5112999999999999 1600215714
0.4332999999999999 1600215714
0.5882000000000001 1600215714
0.46429999999999993 1600215714
0.3772 1600215714
0.5013000000000001 1600215714
0.4535 1600215714
0.4646999999999999 1600215714
0.5108999999999999 1600215714
0.4728999999999999 1600215714
0.5965 1600215714
0.5034000000000001 1600215714
0.5959999999999999 1600215714
0.43089999999999995 1600215714
0.4518 1600215714
0.5078 1600215714
0.492 1600215714
0.5007999999999999 1600215714
0.5087999999999999 1600215714
0.4180999999999999 1600215714
0.4477 1600215714
0.4635 1600215714
0.49130000000000007 1600215714
0.49130000000000007 1600215714
0.4917 1600215714
0.4377 1600215714
0.4919 1600215714
0.5048999999999999 1600215714
0.49140000000000006 1600215714
0.4607999999999999 1600215714
0.5012999999999999 1600215714
0.46099999999999985 1600215714
0.5121 1600215714
0.46289999999999987 1600215714
0.5077 1600215714
0.5025999999999999 1600215714
0.5096 1600215714
0.4989999999999999 1600215714
0.5238 1600215714
0.44999999999999996 1600215714
0.5165 1600215714
0.5304 1600215714
0.5442 1600215714
0.5081 1600215714
0.49129999999999985 1600215714
0.5054000000000001 1600215714
0.46510000000000007 1600215714
0.46289999999999987 1600215714
0.5469999999999999 1600215714
0.44489999999999985 1600215714
0.5046999999999999 1600215714
0.45629999999999993 1600215714
0.4638 1600215714
0.46619999999999995 1600215714
0.44500000000000006 1600215714
0.5242 1600215714
0.5265 1600215714
0.5156000000000001 1600215714
0.4245 1600215714
0.4647999999999999 1600215714
0.5537999999999998 1600215714
0.37959999999999994 1600215714
0.5968 1600215714
0.4578 1600215714
0.4497 1600215714
0.5166 1600215714
0.5049999999999999 1600215714
0.5166 1600215714
0.4406 1600215714
0.49119999999999986 1600215714
0.5833999999999999 1600215714
0.5165 1600215714
0.512 1600215714
0.4676 1600215714
0.5544 1600215714
0.45199999999999996 1600215714
0.45299999999999985 1600215714
0.4919 1600215714
0.5105999999999999 1600215714
0.5836999999999999 1600215714
0.5104 1600215714
0.46120000000000005 1600215714
0.5101 1600215714
0.5856999999999999 1600215714
0.5105999999999999 1600215714
0.4250999999999999 1600215714
0.4506999999999999 1600215714
0.4498 1600215714
0.4416 1600215714
0.5070999999999999 1600215714
0.45100000000000007 1600215714
0.40549999999999997 1600215714
0.4405 1600215714
0.4434 1600215714
0.5934999999999999 1600215714
0.49109999999999987 1600215714
0.46089999999999987 1600215714
0.5153999999999999 1600215714
0.5162 1600215714
0.49970000000000003 1600215714
0.4060999999999999 1600215714
0.46730000000000005 1600215714
0.5301 1600215714
0.5105999999999999 1600215714
0.5097 1600215714
0.4058999999999999 1600215714
0.45389999999999997 1600215714
0.4357 1600215714
0.47209999999999996 1600215714
0.45120000000000005 1600215714
0.4514 1600215714
0.5862 1600215714
0.5112999999999999 1600215714
0.49119999999999986 1600215714
0.49740000000000006 1600215714
0.45100000000000007 1600215714
0.5862 1600215714
0.508 1600215714
0.4988999999999999 1600215714
0.4535 1600215714
0.45609999999999995 1600215714
0.4676 1600215714
0.4458 1600215714
0.4643999999999999 1600215714
0.43589999999999995 1600215714
0.4406 1600215714
0.4623999999999999 1600215714
0.5131999999999999 1600215714
0.5243 1600215714
0.4351999999999999 1600215714
0.49150000000000005 1600215714
0.5097 1600215714
0.46229999999999993 1600215714
0.4478 1600215714
0.5023 1600215714
0.4918 1600215714
0.5264 1600215714
0.4918 1600215714
0.44910000000000005 1600215714
0.49150000000000005 1600215714
0.5098 1600215714
0.4635 1600215714
0.4667999999999999 1600215714
0.4538 1600215714
0.5025 1600215714
0.5085999999999999 1600215714
0.4486999999999999 1600215714
0.5242 1600215714
0.5885 1600215714
0.49970000000000003 1600215714
0.4466999999999999 1600215714
0.4665999999999999 1600215714
0.45289999999999986 1600215714
0.4454 1600215714
0.5152999999999999 1600215714
0.49109999999999987 1600215714
0.5159 1600215714
0.49449999999999994 1600215714
0.4579 1600215714
0.5097 1600215714
0.44879999999999987 1600215714
0.5388 1600215714
0.5104 1600215714
0.5 1600215714
0.4919 1600215714
0.4917 1600215714
0.47130000000000005 1600215714
0.4514 1600215714
0.4495 1600215714
0.44409999999999994 1600215714
0.5381 1600215714
0.49160000000000004 1600215714
0.5088999999999999 1600215714
0.4909999999999999 1600215714
0.5171999999999999 1600215714
0.5106999999999999 1600215714
0.5111999999999999 1600215714
0.4905999999999999 1600215714
0.4123 1600215714
0.44510000000000005 1600215714
0.5105 1600215714
0.5158 1600215714
0.45920000000000005 1600215714
0.47039999999999993 1600215714
0.5153999999999999 1600215714
0.46510000000000007 1600215714
0.4478 1600215714
0.5095000000000001 1600215714
0.5154000000000001 1600215714
0.45799999999999996 1600215714
0.5063 1600215714
0.5096 1600215714
0.4497 1600215714
0.5128999999999999 1600215714
0.5149999999999999 1600215714
0.49130000000000007 1600215714
0.4638 1600215714
0.5029999999999999 1600215714
0.4910000000000001 1600215714
0.4544999999999999 1600215714
0.4639 1600215714
0.5085999999999999 1600215714
0.5154000000000001 1600215714
0.5079 1600215714
0.4638 1600215714
0.4478 1600215714
0.4649000000000001 1600215714
0.45809999999999995 1600215714
0.5093999999999999 1600215714
0.42369999999999997 1600215714
0.46320000000000006 1600215714
0.46530000000000005 1600215714
0.4367 1600215714
0.46320000000000006 1600215714
0.4615 1600215714
0.4636 1600215714
0.4597 1600215714
0.4597 1600215714
0.46110000000000007 1600215714
0.5105 1600215714
0.46310000000000007 1600215714
0.5335999999999999 1600215714
0.44809999999999994 1600215714
0.5128999999999999 1600215714
0.49529999999999985 1600215714
0.44389999999999996 1600215714
0.46689999999999987 1600215714
0.5023 1600215714
0.5302 1600215714
0.4585999999999999 1600215714
0.44930000000000003 1600215714
0.5165 1600215714
0.45110000000000006 1600215714
0.46609999999999996 1600215714
0.46730000000000005 1600215714
0.4706999999999999 1600215714
0.5101 1600215714
0.5157 1600215714
0.5102 1600215714
0.4577 1600215714
0.46609999999999996 1600215714
0.5042 1600215714
0.5878999999999999 1600215714
0.5015000000000001 1600215714
0.45619999999999994 1600215714
0.4656 1600215714
0.5130999999999999 1600215714
0.5177 1600215714
0.43809999999999993 1600215714
0.5115000000000001 1600215714
0.5527 1600215714
0.44289999999999996 1600215714
0.5083 1600215714
0.4563999999999999 1600215714
0.46099999999999985 1600215714
0.5972 1600215714
0.44099999999999995 1600215714
0.5103 1600215714
0.4643999999999999 1600215714
0.43079999999999996 1600215714
0.4656 1600215714
0.43479999999999996 1600215714
0.44389999999999996 1600215714
0.5102 1600215714
0.46429999999999993 1600215714
0.5305 1600215714
0.4719 1600215714
0.49130000000000007 1600215714
0.4647999999999999 1600215714
0.5835999999999999 1600215714
0.4918 1600215714
0.506 1600215714
0.5101 1600215714
0.49160000000000004 1600215714
0.4311999999999999 1600215714
0.5170999999999999 1600215714
0.5099 1600215714
0.5490999999999999 1600215714
0.5168999999999999 1600215714
0.47109999999999985 1600215714
0.5101 1600215714
0.43489999999999995 1600215714
0.4675 1600215714
0.5103 1600215714
0.4119999999999999 1600215714
0.504 1600215714
0.4619 1600215714
0.45089999999999986 1600215714
0.5329999999999999 1600215714
0.4366 1600215714
0.5265 1600215714
0.4575 1600215714
0.49109999999999987 1600215714
0.4659 1600215714
0.5166999999999999 1600215714
0.46209999999999996 1600215714
0.46699999999999986 1600215714
0.4353 1600215714
0.4314 1600215714
0.5129999999999999 1600215714
0.5550999999999999 1600215714
0.5529 1600215714
0.45709999999999984 1600215714
0.46689999999999987 1600215714
0.4476 1600215714
0.46140000000000003 1600215714
0.45730000000000004 1600215714
0.4656 1600215714
0.5096 1600215714
0.4311999999999999 1600215714
0.5152999999999999 1600215714
0.44109999999999994 1600215714
0.4304 1600215714
0.46219999999999994 1600215714
0.46340000000000003 1600215714
0.4442999999999999 1600215714
0.4495 1600215714
0.4296 1600215714
0.41179999999999994 1600215714
0.5059 1600215714
0.46740000000000004 1600215714
0.45409999999999995 1600215714
0.5295999999999998 1600215714
0.5154999999999998 1600215714
0.5082 1600215714
0.5873999999999999 1600215714
0.5097 1600215714
0.5103 1600215714
0.45999999999999996 1600215714
0.4665999999999999 1600215714
0.5119 1600215714
0.3827999999999999 1600215714
0.3984 1600215714
0.5142 1600215714
0.49150000000000005 1600215714
0.5923 1600215714
0.46609999999999996 1600215714
0.502 1600215714
0.4536 1600215714
0.5017 1600215714
0.5329999999999999 1600215714
0.5050999999999999 1600215714
0.45709999999999984 1600215714
0.5097 1600215714
0.5165 1600215714
0.45120000000000005 1600215714
0.5122 1600215714
0.4950999999999999 1600215714
0.5028999999999999 1600215714
0.5154999999999998 1600215714
0.5052999999999999 1600215714
0.49360000000000004 1600215714
0.5058 1600215714
0.4336 1600215714
0.49150000000000005 1600215714
0.5532999999999999 1600215714
0.5132999999999999 1600215714
0.5056 1600215714
0.45219999999999994 1600215714
0.5083 1600215714
0.5965 1600215714
0.5167999999999999 1600215714
0.4411999999999999 1600215714
0.5015000000000001 1600215714
0.45499999999999985 1600215714
0.4909999999999999 1600215714
0.42489999999999994 1600215714
0.46219999999999994 1600215714
0.5036 1600215714
0.4085 1600215714
0.5010999999999999 1600215714
0.4576 1600215714
0.4643999999999999 1600215714
0.5077 1600215714
0.5118 1600215714
0.43779999999999997 1600215714
0.5152999999999999 1600215714
0.4312999999999999 1600215714
0.4637 1600215714
0.45499999999999985 1600215714
0.4367 1600215714
0.5102 1600215714
0.4668000000000001 1600215714
0.4617 1600215714
0.5099 1600215714
0.4598 1600215714
0.4717 1600215714
0.44899999999999984 1600215714
0.5295999999999998 1600215714
0.51 1600215714
0.5934999999999999 1600215714
0.4196 1600215714
0.5050999999999999 1600215714
0.46140000000000003 1600215714
0.4603999999999999 1600215714
0.4083 1600215714
0.5166999999999999 1600215714
0.5141 1600215714
0.5968 1600215714
0.4624999999999999 1600215714
0.4605999999999999 1600215714
0.46609999999999996 1600215714
0.46409999999999996 1600215714
0.4486999999999999 1600215714
0.4615 1600215714
0.5111999999999999 1600215714
0.46429999999999993 1600215714
0.45209999999999995 1600215714
0.41589999999999994 1600215714
0.4396 1600215714
0.5966 1600215714
0.5302 1600215714
0.5081 1600215714
0.4577 1600215714
0.5142 1600215714
0.5157 1600215714
0.45629999999999993 1600215714
0.49150000000000005 1600215714
0.4484999999999999 1600215714
0.5872999999999999 1600215714
0.4627999999999999 1600215714
0.4556 1600215714
0.4624999999999999 1600215714
0.49519999999999986 1600215714
0.46009999999999995 1600215714
0.5141 1600215714
0.4484999999999999 1600215714
0.5157 1600215714
0.46340000000000003 1600215714
0.5965 1600215714
0.4659 1600215714
0.5122 1600215714
0.5079 1600215714
