3.1035 1600209414
4.7626 1600209414
8.0406 1600209414
9.884500000000001 1600209414
11.3986 1600209414
14.0444 1600209414
9.8846 1600209414
9.882100000000001 1600209414
12.1769 1600209414
13.243 1600209414
10.0915 1600209414
11.810500000000001 1600209414
11.9772 1600209414
12.0517 1600209414
13.4435 1600209414
11.776900000000001 1600209414
13.0401 1600209414
10.0916 1600209414
6.846 1600209414
4.8641000000000005 1600209414
7.4493 1600209414
8.653 1600209414
8.6531 1600209414
11.6357 1600209414
11.927200000000001 1600209414
8.6943 1600209414
11.3986 1600209414
11.3996 1600209414
11.6357 1600209414
12.2493 1600209414
8.6529 1600209414
12.2269 1600209414
8.717600000000001 1600209414
10.0823 1600209414
11.6356 1600209414
12.208300000000001 1600209414
12.2013 1600209414
13.059800000000001 1600209414
13.3878 1600209414
13.975900000000001 1600209414
11.3572 1600209414
8.7174 1600209414
9.3923 1600209414
12.114700000000001 1600209414
12.1119 1600209414
12.85 1600209414
13.3341 1600209414
8.717600000000001 1600209414
8.717500000000001 1600209414
9.973 1600209414
9.9312 1600209414
13.7763 1600209414
8.717600000000001 1600209414
9.2761 1600209414
13.5566 1600209414
9.3583 1600209414
8.717600000000001 1600209414
10.5928 1600209414
12.4133 1600209414
13.126100000000001 1600209414
13.1774 1600209414
13.4709 1600209414
13.3878 1600209414
13.121 1600209414
13.3887 1600209414
11.3996 1600209414
9.4012 1600209414
12.227 1600209414
8.717600000000001 1600209414
9.8697 1600209414
12.1438 1600209414
12.717 1600209414
12.5197 1600209414
14.1201 1600209414
8.717600000000001 1600209414
11.7629 1600209414
11.6358 1600209414
8.6531 1600209414
13.0597 1600209414
13.8617 1600209414
8.6943 1600209414
9.818900000000001 1600209414
9.818900000000001 1600209414
9.914 1600209414
11.6358 1600209414
13.3519 1600209414
14.0446 1600209414
11.7771 1600209414
9.8848 1600209414
11.9769 1600209414
12.0428 1600209414
12.9275 1600209414
13.7826 1600209414
12.9278 1600209414
8.6942 1600209414
9.819 1600209414
10.706800000000001 1600209414
10.8521 1600209414
12.775400000000001 1600209414
12.3714 1600209414
11.7936 1600209414
13.9696 1600209414
4.7625 1600209414
8.2935 1600209414
9.2484 1600209414
11.357000000000001 1600209414
10.8523 1600209414
13.6005 1600209414
11.6358 1600209414
12.8949 1600209414
13.973600000000001 1600209414
13.186 1600209414
11.357000000000001 1600209414
9.168000000000001 1600209414
8.2886 1600209414
9.878 1600209414
9.989600000000001 1600209414
11.9517 1600209414
9.92 1600209414
10.9536 1600209414
11.3571 1600209414
10.9536 1600209414
11.8282 1600209414
12.1437 1600209414
12.4521 1600209414
12.9274 1600209414
12.9277 1600209414
12.9276 1600209414
3.1151999999999997 1600209414
6.748600000000001 1600209414
3.1151 1600209414
3.2382 1600209414
8.6527 1600209414
3.2380999999999998 1600209414
3.1153 1600209414
8.289100000000001 1600209414
11.3996 1600209414
12.850900000000001 1600209414
12.8948 1600209414
8.6174 1600209414
13.126800000000001 1600209414
3.2382 1600209414
6.485600000000001 1600209414
13.370000000000001 1600209414
7.4493 1600209414
6.4669 1600209414
3.2382 1600209414
4.1549000000000005 1600209414
13.3701 1600209414
4.154800000000001 1600209414
4.847 1600209414
3.238 1600209414
11.3996 1600209414
4.8469 1600209414
9.3054 1600209414
12.8069 1600209414
13.120700000000001 1600209414
4.0616 1600209414
6.4663 1600209414
6.3892 1600209414
8.5824 1600209414
9.8779 1600209414
9.9053 1600209414
4.788900000000001 1600209414
13.4657 1600209414
8.6173 1600209414
9.8438 1600209414
10.8523 1600209414
12.9275 1600209414
12.9161 1600209414
8.6945 1600209414
13.4723 1600209414
8.6945 1600209414
12.2012 1600209414
13.466 1600209414
8.577 1600209414
8.6852 1600209414
8.6851 1600209414
10.9535 1600209414
13.3879 1600209414
5.2144 1600209414
4.0615000000000006 1600209414
4.777200000000001 1600209414
6.4675 1600209414
10.9536 1600209414
10.9535 1600209414
13.439 1600209414
6.4672 1600209414
13.7826 1600209414
7.4494 1600209414
8.513 1600209414
12.0069 1600209414
7.518800000000001 1600209414
9.073400000000001 1600209414
11.3998 1600209414
12.1636 1600209414
9.073400000000001 1600209414
12.1448 1600209414
13.7825 1600209414
4.777200000000001 1600209414
6.2183 1600209414
7.1724000000000006 1600209414
9.401 1600209414
7.1631 1600209414
7.4493 1600209414
7.0967 1600209414
8.6172 1600209414
8.706999999999999 1600209414
6.7476 1600209414
6.9540999999999995 1600209414
7.4493 1600209414
6.9552000000000005 1600209414
8.6536 1600209414
8.6946 1600209414
10.0823 1600209414
10.0824 1600209414
6.9541 1600209414
11.051 1600209414
10.144400000000001 1600209414
10.9536 1600209414
6.9542 1600209414
7.6236 1600209414
8.6536 1600209414
11.3995 1600209414
8.6529 1600209414
10.9535 1600209414
4.777200000000001 1600209414
13.5737 1600209414
4.777100000000001 1600209414
6.147 1600209414
6.1794 1600209414
6.7477 1600209414
4.7773 1600209414
8.7505 1600209414
7.419099999999999 1600209414
7.3619 1600209414
3.2575000000000003 1600209414
9.4012 1600209414
6.1482 1600209414
12.2011 1600209414
8.6851 1600209414
9.4011 1600209414
6.1479 1600209414
3.1151 1600209414
13.2432 1600209414
13.9136 1600209414
6.1797 1600209414
6.955 1600209414
7.4493 1600209414
13.2432 1600209414
6.1482 1600209414
13.369900000000001 1600209414
6.7477 1600209414
3.2389 1600209414
13.5739 1600209414
3.3297 1600209414
3.5802 1600209414
6.9542 1600209414
9.401200000000001 1600209414
3.5804 1600209414
6.929200000000001 1600209414
3.5803 1600209414
8.7074 1600209414
8.694600000000001 1600209414
3.8233 1600209414
13.285 1600209414
4.155600000000001 1600209414
4.8637999999999995 1600209414
13.5565 1600209414
5.2149 1600209414
7.0295000000000005 1600209414
8.6925 1600209414
8.7448 1600209414
7.4491 1600209414
4.1557 1600209414
9.2764 1600209414
12.895700000000001 1600209414
3.5803000000000003 1600209414
13.2429 1600209414
3.9655 1600209414
8.6945 1600209414
9.401200000000001 1600209414
9.8779 1600209414
11.716800000000001 1600209414
12.2509 1600209414
13.467 1600209414
10.0822 1600209414
4.0166 1600209414
13.5578 1600209414
6.747999999999999 1600209414
11.3995 1600209414
7.4493 1600209414
3.5803 1600209414
10.1095 1600209414
3.9890000000000003 1600209414
7.3372 1600209414
7.3614999999999995 1600209414
10.1431 1600209414
12.2501 1600209414
3.3291999999999997 1600209414
13.7939 1600209414
4.112100000000001 1600209414
3.1534 1600209414
8.3918 1600209414
13.7226 1600209414
8.5875 1600209414
14.0088 1600209414
3.1532 1600209414
3.1534 1600209414
3.1534999999999997 1600209414
3.1536 1600209414
3.8589999999999995 1600209414
4.0484 1600209414
4.8965000000000005 1600209414
6.1482 1600209414
9.1913 1600209414
9.4311 1600209414
13.152000000000001 1600209414
11.7715 1600209414
11.7715 1600209414
3.8592000000000004 1600209414
8.7757 1600209414
8.7755 1600209414
3.1535 1600209414
13.798900000000001 1600209414
7.218 1600209414
9.3878 1600209414
3.1536 1600209414
4.094 1600209414
4.4968 1600209414
8.2752 1600209414
11.4 1600209414
8.5745 1600209414
8.5745 1600209414
13.1219 1600209414
4.4871 1600209414
11.771600000000001 1600209414
3.1536 1600209414
3.9466 1600209414
8.275500000000001 1600209414
13.1781 1600209414
3.9463 1600209414
13.703899999999999 1600209414
14.0869 1600209414
4.496700000000001 1600209414
9.2497 1600209414
11.3643 1600209414
11.3643 1600209414
11.4159 1600209414
4.496700000000001 1600209414
4.833 1600209414
7.1919 1600209414
13.482700000000001 1600209414
8.6659 1600209414
7.1265 1600209414
10.7774 1600209414
10.4976 1600209414
11.4003 1600209414
13.481200000000001 1600209414
3.9465000000000003 1600209414
7.480300000000001 1600209414
13.799000000000001 1600209414
7.4804 1600209414
10.901200000000001 1600209414
9.3963 1600209414
14.0871 1600209414
3.1533 1600209414
3.1537 1600209414
6.9295 1600209414
6.9232 1600209414
7.217899999999999 1600209414
11.4001 1600209414
11.4 1600209414
3.1534 1600209414
3.1534 1600209414
13.187100000000001 1600209414
14.2568 1600209414
3.1534999999999997 1600209414
3.1534999999999997 1600209414
4.0558000000000005 1600209414
4.0942 1600209414
13.0462 1600209414
14.099599999999999 1600209414
4.0941 1600209414
6.8576 1600209414
13.8054 1600209414
6.9045000000000005 1600209414
9.3084 1600209414
11.3643 1600209414
4.0559 1600209414
9.2775 1600209414
3.1533 1600209414
6.582400000000001 1600209414
13.5439 1600209414
6.7663 1600209414
8.574300000000001 1600209414
8.574300000000001 1600209414
8.7757 1600209414
8.7757 1600209414
3.1534999999999997 1600209414
5.170800000000001 1600209414
11.3643 1600209414
5.132700000000001 1600209414
6.9028 1600209414
9.264600000000002 1600209414
11.778500000000001 1600209414
7.4802 1600209414
13.7988 1600209414
7.4805 1600209414
8.687800000000001 1600209414
9.0444 1600209414
8.9171 1600209414
6.1479 1600209414
13.6014 1600209414
6.6871 1600209414
5.1904 1600209414
6.687200000000001 1600209414
9.226700000000001 1600209414
3.1532999999999998 1600209414
10.249600000000001 1600209414
8.775500000000001 1600209414
11.4 1600209414
3.1534999999999997 1600209414
7.0296 1600209414
7.0292 1600209414
13.9746 1600209414
3.1534 1600209414
13.6015 1600209414
3.1537 1600209414
4.094 1600209414
4.0941 1600209414
10.1031 1600209414
4.4968 1600209414
4.532500000000001 1600209414
4.5749 1600209414
6.4678 1600209414
13.6013 1600209414
6.7081 1600209414
7.4803 1600209414
13.9707 1600209414
4.4968 1600209414
13.1872 1600209414
13.798900000000001 1600209414
14.2568 1600209414
4.4969 1600209414
11.4 1600209414
3.1533 1600209414
3.1534999999999997 1600209414
3.1536 1600209414
8.5745 1600209414
13.8054 1600209414
3.1532999999999998 1600209414
13.8054 1600209414
3.1534999999999997 1600209414
3.1534 1600209414
4.488 1600209414
6.4677 1600209414
3.1539 1600209414
13.4396 1600209414
3.1536 1600209414
8.574300000000001 1600209414
9.1716 1600209414
14.008600000000001 1600209414
9.236 1600209414
12.113 1600209414
3.1537 1600209414
3.1538 1600209414
13.1872 1600209414
3.1535 1600209414
6.4679 1600209414
3.1535 1600209414
8.0473 1600209414
8.4204 1600209414
10.249600000000001 1600209414
4.538600000000001 1600209414
8.08 1600209414
5.1783 1600209414
4.6054 1600209414
4.8171 1600209414
7.1927 1600209414
3.1538 1600209414
12.0532 1600209414
3.1537 1600209414
3.1536999999999997 1600209414
4.574800000000001 1600209414
3.1536999999999997 1600209414
5.3283000000000005 1600209414
5.3281 1600209414
5.3285 1600209414
6.1904 1600209414
5.3283000000000005 1600209414
7.480300000000001 1600209414
5.3284 1600209414
0.06789999999999999 1600209414
3.1536999999999997 1600209414
7.3376 1600209414
8.6183 1600209414
9.1716 1600209414
11.4159 1600209414
8.6183 1600209414
8.7757 1600209414
13.793800000000001 1600209414
3.1537 1600209414
6.8580000000000005 1600209414
3.1536999999999997 1600209414
8.5873 1600209414
3.1537 1600209414
13.7939 1600209414
3.1537 1600209414
3.1537 1600209414
4.8326 1600209414
3.1539 1600209414
