28.259700000000002 1600215182
22.6481 1600215182
15.0538 1600215182
24.0136 1600215182
22.0639 1600215182
23.981900000000003 1600215182
15.0358 1600215182
31.476100000000002 1600215182
31.2846 1600215182
24.0133 1600215182
28.2585 1600215182
24.5187 1600215182
28.2713 1600215182
22.4436 1600215182
31.5196 1600215182
31.772100000000002 1600215182
26.902600000000003 1600215182
22.4436 1600215182
24.282400000000003 1600215182
31.5196 1600215182
31.653100000000002 1600215182
15.0349 1600215182
22.6475 1600215182
31.881500000000003 1600215182
31.855300000000003 1600215182
28.259 1600215182
22.4445 1600215182
28.281000000000002 1600215182
14.5496 1600215182
31.8548 1600215182
4.9051 1600215182
23.451400000000003 1600215182
31.855500000000003 1600215182
31.6461 1600215182
23.680600000000002 1600215182
12.354099999999999 1600215182
23.4582 1600215182
22.0649 1600215182
31.8804 1600215182
20.189300000000003 1600215182
24.012600000000003 1600215182
31.8548 1600215182
12.3046 1600215182
22.0671 1600215182
31.5196 1600215182
31.8804 1600215182
22.4431 1600215182
27.032300000000003 1600215182
24.0131 1600215182
28.2587 1600215182
31.8869 1600215182
31.570500000000003 1600215182
28.2591 1600215182
31.4964 1600215182
31.8805 1600215182
23.680600000000002 1600215182
12.162799999999999 1600215182
26.9036 1600215182
31.880300000000002 1600215182
13.4168 1600215182
31.275000000000002 1600215182
4.9052999999999995 1600215182
27.0347 1600215182
22.136400000000002 1600215182
31.8881 1600215182
31.496100000000002 1600215182
22.3072 1600215182
12.6844 1600215182
23.9811 1600215182
20.189400000000003 1600215182
22.868100000000002 1600215182
31.529300000000003 1600215182
31.7879 1600215182
22.648300000000003 1600215182
4.828399999999999 1600215182
22.143900000000002 1600215182
22.661 1600215182
28.259800000000002 1600215182
31.274500000000003 1600215182
4.393 1600215182
26.904400000000003 1600215182
3.3079 1600215182
31.855800000000002 1600215182
17.0806 1600215182
31.520000000000003 1600215182
31.368000000000002 1600215182
15.0581 1600215182
31.481900000000003 1600215182
31.655700000000003 1600215182
12.3049 1600215182
24.0127 1600215182
31.770200000000003 1600215182
22.6536 1600215182
15.0534 1600215182
31.296200000000002 1600215182
24.518900000000002 1600215182
31.4799 1600215182
25.3277 1600215182
22.0641 1600215182
25.052200000000003 1600215182
24.2831 1600215182
31.8807 1600215182
20.1869 1600215182
23.451500000000003 1600215182
24.014400000000002 1600215182
22.6458 1600215182
31.8805 1600215182
25.328000000000003 1600215182
31.7728 1600215182
31.5192 1600215182
26.902500000000003 1600215182
22.8686 1600215182
31.856 1600215182
22.651100000000003 1600215182
15.0534 1600215182
23.9904 1600215182
28.435200000000002 1600215182
13.4498 1600215182
31.4801 1600215182
24.012800000000002 1600215182
31.2759 1600215182
3.3078 1600215182
31.855300000000003 1600215182
31.520200000000003 1600215182
3.2758000000000003 1600215182
23.681900000000002 1600215182
15.0381 1600215182
31.855500000000003 1600215182
12.3614 1600215182
23.6801 1600215182
31.880499999999998 1600215182
22.6492 1600215182
28.2599 1600215182
12.3562 1600215182
31.8555 1600215182
28.259400000000003 1600215182
20.1879 1600215182
25.328100000000003 1600215182
22.067 1600215182
26.9029 1600215182
31.770500000000002 1600215182
22.4433 1600215182
11.735600000000002 1600215182
26.903000000000002 1600215182
31.856599999999997 1600215182
22.4427 1600215182
0.19119999999999998 1600215182
31.6464 1600215182
4.7867999999999995 1600215182
18.1113 1600215182
31.530399999999997 1600215182
24.2841 1600215182
31.786399999999997 1600215182
26.902099999999997 1600215182
22.065 1600215182
24.287000000000003 1600215182
12.3524 1600215182
31.473399999999998 1600215182
12.3043 1600215182
15.5145 1600215182
22.8688 1600215182
31.4702 1600215182
28.258599999999998 1600215182
22.445 1600215182
31.5398 1600215182
24.282500000000002 1600215182
15.3587 1600215182
31.3686 1600215182
24.0127 1600215182
15.0544 1600215182
22.6486 1600215182
31.2759 1600215182
31.5704 1600215182
31.854799999999997 1600215182
31.880399999999998 1600215182
17.106900000000003 1600215182
22.444000000000003 1600215182
31.274600000000003 1600215182
20.189200000000003 1600215182
23.6814 1600215182
31.481299999999997 1600215182
24.517899999999997 1600215182
15.7279 1600215182
31.855900000000002 1600215182
31.275199999999998 1600215182
31.854899999999997 1600215182
23.980700000000002 1600215182
31.5705 1600215182
15.7358 1600215182
12.3517 1600215182
15.735899999999999 1600215182
22.6482 1600215182
24.0126 1600215182
31.646199999999997 1600215182
22.0665 1600215182
31.2822 1600215182
31.5704 1600215182
12.304499999999999 1600215182
31.8802 1600215182
26.9029 1600215182
12.164000000000001 1600215182
31.4697 1600215182
31.880399999999998 1600215182
15.727 1600215182
22.6463 1600215182
31.5197 1600215182
27.0309 1600215182
24.012300000000003 1600215182
31.856 1600215182
23.682699999999997 1600215182
22.8684 1600215182
26.903100000000002 1600215182
31.534599999999998 1600215182
22.649700000000003 1600215182
22.868199999999998 1600215182
27.037 1600215182
25.328699999999998 1600215182
15.3598 1600215182
31.5199 1600215182
24.518900000000002 1600215182
23.6803 1600215182
15.3589 1600215182
31.2746 1600215182
22.6496 1600215182
31.507299999999997 1600215182
28.2587 1600215182
31.524299999999997 1600215182
15.0538 1600215182
31.508499999999998 1600215182
22.4436 1600215182
31.2769 1600215182
20.19 1600215182
23.680899999999998 1600215182
15.725 1600215182
31.8802 1600215182
22.8684 1600215182
31.275299999999998 1600215182
12.114 1600215182
22.064999999999998 1600215182
31.2756 1600215182
31.481399999999997 1600215182
22.648500000000002 1600215182
9.1899 1600215182
31.275399999999998 1600215182
31.8556 1600215182
12.6882 1600215182
31.2743 1600215182
31.7698 1600215182
3.276 1600215182
12.3274 1600215182
31.519399999999997 1600215182
24.5408 1600215182
23.9812 1600215182
12.3093 1600215182
31.500899999999998 1600215182
22.067700000000002 1600215182
15.0358 1600215182
24.5182 1600215182
31.475199999999997 1600215182
31.275100000000002 1600215182
31.5704 1600215182
15.7367 1600215182
31.4733 1600215182
23.6651 1600215182
20.188 1600215182
31.2917 1600215182
22.6493 1600215182
15.7262 1600215182
31.856299999999997 1600215182
22.135499999999997 1600215182
15.0347 1600215182
22.444200000000002 1600215182
31.5704 1600215182
31.880499999999998 1600215182
20.189 1600215182
22.6468 1600215182
31.7699 1600215182
13.4174 1600215182
31.7697 1600215182
15.7258 1600215182
23.680899999999998 1600215182
22.065 1600215182
27.030800000000003 1600215182
31.5706 1600215182
23.4516 1600215182
31.2744 1600215182
22.8684 1600215182
31.5007 1600215182
28.2592 1600215182
31.8556 1600215182
15.0534 1600215182
31.7702 1600215182
27.031299999999998 1600215182
17.0795 1600215182
31.647499999999997 1600215182
26.9029 1600215182
16.036299999999997 1600215182
31.854699999999998 1600215182
22.064300000000003 1600215182
23.6807 1600215182
31.5704 1600215182
31.496 1600215182
31.880499999999998 1600215182
25.328799999999998 1600215182
20.1876 1600215182
31.483999999999998 1600215182
31.880599999999998 1600215182
15.035400000000001 1600215182
31.473699999999997 1600215182
22.6488 1600215182
27.033299999999997 1600215182
22.653000000000002 1600215182
12.302800000000001 1600215182
31.3684 1600215182
20.1906 1600215182
23.537899999999997 1600215182
31.2861 1600215182
22.4446 1600215182
31.274500000000003 1600215182
31.863 1600215182
22.168999999999997 1600215182
31.7744 1600215182
12.301400000000001 1600215182
22.1375 1600215182
28.2595 1600215182
31.4878 1600215182
31.769599999999997 1600215182
31.520300000000002 1600215182
22.6489 1600215182
31.369600000000002 1600215182
27.034899999999997 1600215182
12.3023 1600215182
31.8553 1600215182
26.9039 1600215182
12.1644 1600215182
18.112699999999997 1600215182
31.891399999999997 1600215182
22.6496 1600215182
15.7369 1600215182
22.648799999999998 1600215182
22.1357 1600215182
31.520999999999997 1600215182
31.8551 1600215182
20.1877 1600215182
25.488599999999998 1600215182
15.726 1600215182
31.274900000000002 1600215182
31.7698 1600215182
22.0647 1600215182
23.537699999999997 1600215182
31.8551 1600215182
31.519900000000003 1600215182
15.3596 1600215182
31.285899999999998 1600215182
20.186600000000002 1600215182
23.981199999999998 1600215182
31.4879 1600215182
12.124 1600215182
22.4434 1600215182
24.284699999999997 1600215182
31.2754 1600215182
31.769599999999997 1600215182
31.854699999999998 1600215182
31.275499999999997 1600215182
22.0645 1600215182
23.682 1600215182
31.274299999999997 1600215182
31.8597 1600215182
25.4776 1600215182
22.4434 1600215182
15.0343 1600215182
31.775599999999997 1600215182
31.646400000000003 1600215182
25.0517 1600215182
22.4434 1600215182
24.2844 1600215182
24.0128 1600215182
20.1909 1600215182
18.1103 1600215182
22.4438 1600215182
31.487699999999997 1600215182
31.2752 1600215182
26.904 1600215182
31.8563 1600215182
31.7751 1600215182
31.2751 1600215182
31.3689 1600215182
31.5855 1600215182
31.275599999999997 1600215182
24.517699999999998 1600215182
23.4529 1600215182
15.0559 1600215182
31.8876 1600215182
31.854699999999998 1600215182
31.646099999999997 1600215182
31.283099999999997 1600215182
23.680799999999998 1600215182
22.135199999999998 1600215182
12.086500000000001 1600215182
31.7744 1600215182
20.189100000000003 1600215182
28.274199999999997 1600215182
22.6494 1600215182
31.2753 1600215182
23.6805 1600215182
20.1863 1600215182
23.68 1600215182
31.4695 1600215182
31.520699999999998 1600215182
23.3155 1600215182
31.7698 1600215182
22.8779 1600215182
18.1097 1600215182
22.444799999999997 1600215182
1.3793000000000002 1600215182
31.5414 1600215182
31.4788 1600215182
22.4428 1600215182
31.8802 1600215182
25.328699999999998 1600215182
24.012700000000002 1600215182
31.7698 1600215182
31.6668 1600215182
24.518099999999997 1600215182
31.469399999999997 1600215182
31.274600000000003 1600215182
4.909 1600215182
31.859299999999998 1600215182
31.5702 1600215182
31.859599999999997 1600215182
20.1868 1600215182
22.0663 1600215182
31.52 1600215182
24.2831 1600215182
22.648500000000002 1600215182
23.6804 1600215182
31.534699999999997 1600215182
24.5183 1600215182
4.7871999999999995 1600215182
23.982599999999998 1600215182
4.2848 1600215182
31.2762 1600215182
31.519399999999997 1600215182
12.160499999999999 1600215182
25.328300000000002 1600215182
15.0364 1600215182
31.880399999999998 1600215182
31.275199999999998 1600215182
14.5497 1600215182
31.519499999999997 1600215182
27.031299999999998 1600215182
13.4185 1600215182
31.8817 1600215182
31.569799999999997 1600215182
31.667299999999997 1600215182
23.6812 1600215182
23.4516 1600215182
22.063100000000002 1600215182
20.188799999999997 1600215182
15.0333 1600215182
31.868499999999997 1600215182
31.646 1600215182
24.012600000000003 1600215182
31.6465 1600215182
22.6496 1600215182
25.4776 1600215182
31.769599999999997 1600215182
15.7269 1600215182
28.2596 1600215182
20.1885 1600215182
22.6474 1600215182
31.2755 1600215182
22.1446 1600215182
15.033199999999999 1600215182
31.7698 1600215182
31.2761 1600215182
24.014699999999998 1600215182
20.1869 1600215182
31.6463 1600215182
28.2601 1600215182
25.3285 1600215182
31.645999999999997 1600215182
22.6483 1600215182
27.045099999999998 1600215182
24.329099999999997 1600215182
12.1152 1600215182
31.275000000000002 1600215182
31.570400000000003 1600215182
23.682599999999997 1600215182
4.9114 1600215182
23.6806 1600215182
4.2833 1600215182
31.892899999999997 1600215182
28.270699999999998 1600215182
28.2589 1600215182
31.519499999999997 1600215182
31.8815 1600215182
15.0543 1600215182
22.4436 1600215182
31.370199999999997 1600215182
31.2755 1600215182
31.6463 1600215182
15.0375 1600215182
25.329099999999997 1600215182
24.5186 1600215182
20.187900000000003 1600215182
22.648300000000003 1600215182
28.259700000000002 1600215182
24.519000000000002 1600215182
31.5342 1600215182
22.4431 1600215182
25.327900000000003 1600215182
