24.6251 1600344727
18.3465 1600344727
26.259600000000002 1600344727
27.055300000000003 1600344727
17.077199999999998 1600344727
2.5317 1600344727
27.145 1600344727
24.8859 1600344727
24.6249 1600344727
15.9397 1600344727
26.262500000000003 1600344727
22.6645 1600344727
2.5206 1600344727
27.1428 1600344727
24.8848 1600344727
13.6467 1600344727
26.9634 1600344727
24.6263 1600344727
2.9350000000000005 1600344727
22.359 1600344727
24.634500000000003 1600344727
2.825 1600344727
13.8691 1600344727
27.045299999999997 1600344727
27.7166 1600344727
18.348 1600344727
26.2611 1600344727
17.0773 1600344727
15.9389 1600344727
27.1428 1600344727
22.321199999999997 1600344727
23.0411 1600344727
22.391199999999998 1600344727
20.0066 1600344727
24.6247 1600344727
26.655900000000003 1600344727
17.078699999999998 1600344727
26.612299999999998 1600344727
15.935999999999998 1600344727
25.380899999999997 1600344727
27.438899999999997 1600344727
2.8249 1600344727
20.0091 1600344727
27.427999999999997 1600344727
23.0384 1600344727
27.427500000000002 1600344727
2.6905 1600344727
22.322100000000002 1600344727
27.428199999999997 1600344727
22.4039 1600344727
2.6675 1600344727
14.5214 1600344727
27.428199999999997 1600344727
17.4511 1600344727
4.5011 1600344727
22.3594 1600344727
27.427999999999997 1600344727
17.076500000000003 1600344727
26.9583 1600344727
16.6164 1600344727
4.4349 1600344727
25.421599999999998 1600344727
20.0084 1600344727
28.250799999999998 1600344727
22.359499999999997 1600344727
6.1199 1600344727
13.646 1600344727
25.4163 1600344727
27.1588 1600344727
24.8842 1600344727
20.009800000000002 1600344727
24.9269 1600344727
27.151699999999998 1600344727
23.0374 1600344727
15.1026 1600344727
27.149299999999997 1600344727
27.0542 1600344727
28.250500000000002 1600344727
24.6246 1600344727
13.8684 1600344727
14.3749 1600344727
27.427999999999997 1600344727
16.957 1600344727
20.009900000000002 1600344727
26.6038 1600344727
24.885199999999998 1600344727
13.6465 1600344727
23.0385 1600344727
22.3079 1600344727
27.0541 1600344727
26.2746 1600344727
20.0085 1600344727
25.9965 1600344727
27.428 1600344727
13.642700000000001 1600344727
15.9451 1600344727
24.625500000000002 1600344727
4.4321 1600344727
22.6642 1600344727
24.624699999999997 1600344727
27.152 1600344727
20.013800000000003 1600344727
15.931799999999999 1600344727
26.2594 1600344727
14.1857 1600344727
27.465500000000002 1600344727
4.4322 1600344727
15.155 1600344727
27.431800000000003 1600344727
27.1428 1600344727
26.700400000000002 1600344727
28.2509 1600344727
14.3745 1600344727
25.414900000000003 1600344727
27.053800000000003 1600344727
27.4657 1600344727
17.0766 1600344727
27.1535 1600344727
15.9308 1600344727
22.405099999999997 1600344727
4.3067 1600344727
24.8858 1600344727
24.6278 1600344727
26.603900000000003 1600344727
15.939 1600344727
26.9568 1600344727
24.884999999999998 1600344727
28.2515 1600344727
27.435000000000002 1600344727
27.1428 1600344727
22.36 1600344727
15.9444 1600344727
18.3489 1600344727
3.9635 1600344727
24.9312 1600344727
22.428199999999997 1600344727
17.077800000000003 1600344727
20.022199999999998 1600344727
13.8678 1600344727
27.054499999999997 1600344727
28.2509 1600344727
26.701 1600344727
27.053800000000003 1600344727
26.259300000000003 1600344727
17.4484 1600344727
26.0537 1600344727
24.8844 1600344727
27.0606 1600344727
17.1233 1600344727
26.9581 1600344727
26.602600000000002 1600344727
13.6431 1600344727
22.308200000000003 1600344727
24.8844 1600344727
27.465400000000002 1600344727
24.8853 1600344727
18.347700000000003 1600344727
3.9635 1600344727
27.465400000000002 1600344727
5.4237 1600344727
20.009700000000002 1600344727
26.6554 1600344727
23.0379 1600344727
25.3808 1600344727
27.0546 1600344727
22.323600000000003 1600344727
5.0863 1600344727
26.655500000000004 1600344727
28.250700000000002 1600344727
26.957700000000003 1600344727
27.427999999999997 1600344727
13.747 1600344727
23.1216 1600344727
27.427999999999997 1600344727
25.3855 1600344727
13.6454 1600344727
10.5716 1600344727
28.250500000000002 1600344727
24.626 1600344727
16.617800000000003 1600344727
27.135399999999997 1600344727
28.250300000000003 1600344727
25.380699999999997 1600344727
15.943399999999999 1600344727
26.2598 1600344727
20.008300000000002 1600344727
26.9567 1600344727
26.259800000000002 1600344727
22.3592 1600344727
27.1428 1600344727
16.9566 1600344727
25.3825 1600344727
14.3768 1600344727
28.2504 1600344727
20.0102 1600344727
26.603099999999998 1600344727
26.259600000000002 1600344727
28.2506 1600344727
26.655500000000004 1600344727
22.307699999999997 1600344727
16.6166 1600344727
28.2504 1600344727
25.4007 1600344727
20.007600000000004 1600344727
24.886699999999998 1600344727
27.427799999999998 1600344727
26.3906 1600344727
15.945400000000001 1600344727
22.322699999999998 1600344727
26.9565 1600344727
24.624200000000002 1600344727
26.259500000000003 1600344727
15.103900000000001 1600344727
25.4163 1600344727
26.259 1600344727
27.055500000000002 1600344727
28.250999999999998 1600344727
27.1348 1600344727
28.2502 1600344727
22.307699999999997 1600344727
17.1229 1600344727
22.405299999999997 1600344727
28.2504 1600344727
24.624699999999997 1600344727
27.155700000000003 1600344727
20.009800000000002 1600344727
14.5181 1600344727
25.381 1600344727
14.3749 1600344727
24.885800000000003 1600344727
13.8713 1600344727
27.154899999999998 1600344727
27.0542 1600344727
22.360500000000002 1600344727
26.6772 1600344727
4.5019 1600344727
22.321399999999997 1600344727
27.465400000000002 1600344727
16.6147 1600344727
25.3808 1600344727
27.063699999999997 1600344727
14.5193 1600344727
27.054699999999997 1600344727
22.322000000000003 1600344727
26.603099999999998 1600344727
18.3473 1600344727
26.6556 1600344727
4.4354000000000005 1600344727
26.656 1600344727
22.428 1600344727
28.250300000000003 1600344727
27.145000000000003 1600344727
27.716900000000003 1600344727
27.4278 1600344727
26.655600000000003 1600344727
27.047400000000003 1600344727
4.2646 1600344727
27.427999999999997 1600344727
18.347 1600344727
26.655900000000003 1600344727
13.6436 1600344727
24.625400000000003 1600344727
27.465400000000002 1600344727
26.9571 1600344727
27.1537 1600344727
22.359900000000003 1600344727
24.6244 1600344727
24.8851 1600344727
27.427999999999997 1600344727
17.122300000000003 1600344727
28.2504 1600344727
26.9572 1600344727
15.9382 1600344727
24.6263 1600344727
24.625 1600344727
25.385800000000003 1600344727
27.428199999999997 1600344727
24.886499999999998 1600344727
24.625200000000003 1600344727
26.6558 1600344727
25.4155 1600344727
13.2083 1600344727
28.250300000000003 1600344727
12.9347 1600344727
27.0544 1600344727
28.250300000000003 1600344727
28.250300000000003 1600344727
18.349800000000002 1600344727
26.957099999999997 1600344727
20.007399999999997 1600344727
27.155 1600344727
22.665200000000002 1600344727
5.4239 1600344727
25.3804 1600344727
15.934800000000001 1600344727
23.121100000000002 1600344727
17.122799999999998 1600344727
27.427999999999997 1600344727
15.9488 1600344727
25.4156 1600344727
24.625300000000003 1600344727
28.250500000000002 1600344727
20.009099999999997 1600344727
27.054699999999997 1600344727
14.5199 1600344727
24.926499999999997 1600344727
27.465400000000002 1600344727
4.5012 1600344727
27.0541 1600344727
27.4655 1600344727
28.2506 1600344727
4.4352 1600344727
26.603299999999997 1600344727
4.3101 1600344727
27.465400000000002 1600344727
26.2594 1600344727
4.2648 1600344727
18.3644 1600344727
13.6486 1600344727
20.008300000000002 1600344727
25.381 1600344727
23.120500000000003 1600344727
28.250700000000002 1600344727
27.054299999999998 1600344727
22.359 1600344727
13.6448 1600344727
26.2588 1600344727
27.1507 1600344727
6.1217 1600344727
26.613300000000002 1600344727
14.1819 1600344727
18.349200000000003 1600344727
27.054299999999998 1600344727
28.2504 1600344727
22.412300000000002 1600344727
18.3468 1600344727
27.135599999999997 1600344727
20.0071 1600344727
26.655500000000004 1600344727
25.9964 1600344727
28.250999999999998 1600344727
24.887300000000003 1600344727
24.6263 1600344727
27.055 1600344727
13.8684 1600344727
14.5367 1600344727
27.4653 1600344727
17.122799999999998 1600344727
27.718200000000003 1600344727
24.6254 1600344727
23.1205 1600344727
25.3809 1600344727
26.2697 1600344727
27.427799999999998 1600344727
24.625700000000002 1600344727
26.6032 1600344727
17.077399999999997 1600344727
25.416200000000003 1600344727
22.321199999999997 1600344727
26.6031 1600344727
26.958 1600344727
16.630000000000003 1600344727
13.6465 1600344727
17.7245 1600344727
28.251199999999997 1600344727
22.308100000000003 1600344727
27.0539 1600344727
23.120800000000003 1600344727
16.9576 1600344727
28.2506 1600344727
26.6597 1600344727
16.6187 1600344727
25.3819 1600344727
22.322699999999998 1600344727
26.676900000000003 1600344727
24.624499999999998 1600344727
27.0559 1600344727
15.9388 1600344727
13.6453 1600344727
22.413400000000003 1600344727
10.596400000000001 1600344727
28.2506 1600344727
24.9274 1600344727
17.081699999999998 1600344727
13.6435 1600344727
25.3804 1600344727
27.055799999999998 1600344727
22.4133 1600344727
27.1479 1600344727
25.3803 1600344727
22.3215 1600344727
23.0379 1600344727
15.935000000000002 1600344727
27.0545 1600344727
23.0381 1600344727
24.8863 1600344727
25.381 1600344727
26.6027 1600344727
28.2506 1600344727
27.145400000000002 1600344727
6.0207 1600344727
27.0646 1600344727
27.152700000000003 1600344727
27.0454 1600344727
26.655700000000003 1600344727
26.982999999999997 1600344727
13.8667 1600344727
24.625 1600344727
27.054699999999997 1600344727
13.646 1600344727
26.9578 1600344727
22.322200000000002 1600344727
16.617400000000004 1600344727
26.6568 1600344727
28.250500000000002 1600344727
17.9011 1600344727
4.3064 1600344727
26.259600000000002 1600344727
15.939700000000002 1600344727
25.9967 1600344727
26.2662 1600344727
22.4283 1600344727
26.2594 1600344727
27.0458 1600344727
27.431600000000003 1600344727
20.0086 1600344727
16.615000000000002 1600344727
22.3078 1600344727
14.5214 1600344727
26.2618 1600344727
24.627299999999998 1600344727
26.9566 1600344727
27.1541 1600344727
24.8848 1600344727
17.0775 1600344727
22.664199999999997 1600344727
27.054900000000004 1600344727
22.3227 1600344727
26.6554 1600344727
27.1455 1600344727
20.015900000000002 1600344727
15.938300000000002 1600344727
28.2504 1600344727
24.885199999999998 1600344727
20.006800000000002 1600344727
28.250500000000002 1600344727
14.5414 1600344727
14.3733 1600344727
17.1231 1600344727
23.037599999999998 1600344727
27.427899999999998 1600344727
22.322000000000003 1600344727
28.250999999999998 1600344727
27.4277 1600344727
16.616100000000003 1600344727
22.412599999999998 1600344727
26.6032 1600344727
22.322200000000002 1600344727
24.9322 1600344727
2.7591 1600344727
17.448 1600344727
27.465400000000002 1600344727
2.6167000000000002 1600344727
22.427999999999997 1600344727
27.0544 1600344727
27.4794 1600344727
17.125 1600344727
26.957 1600344727
17.4482 1600344727
26.677799999999998 1600344727
28.2504 1600344727
17.448099999999997 1600344727
27.055300000000003 1600344727
26.602400000000003 1600344727
17.1237 1600344727
25.381400000000003 1600344727
16.6197 1600344727
2.5666 1600344727
25.414900000000003 1600344727
14.3765 1600344727
27.0548 1600344727
28.250500000000002 1600344727
27.150599999999997 1600344727
13.6447 1600344727
26.391 1600344727
22.3228 1600344727
25.381700000000002 1600344727
18.346500000000002 1600344727
27.465899999999998 1600344727
22.322400000000002 1600344727
27.0556 1600344727
23.120600000000003 1600344727
24.6267 1600344727
18.346400000000003 1600344727
27.1449 1600344727
27.480300000000003 1600344727
27.4279 1600344727
24.6246 1600344727
26.963700000000003 1600344727
14.5186 1600344727
10.596400000000001 1600344727
26.000799999999998 1600344727
26.9566 1600344727
6.119 1600344727
26.655900000000003 1600344727
0.008099999999999996 1600344727
14.3745 1600344727
27.1455 1600344727
24.624699999999997 1600344727
17.4482 1600344727
28.250500000000002 1600344727
17.1243 1600344727
