27.088099999999997 1600214913
22.686400000000003 1600214913
6.4575000000000005 1600214913
25.8652 1600214913
30.216199999999997 1600214913
20.3495 1600214913
30.027299999999997 1600214913
10.1577 1600214913
30.0187 1600214913
12.3142 1600214913
13.7967 1600214913
29.9794 1600214913
27.0449 1600214913
18.5017 1600214913
24.6666 1600214913
30.216299999999997 1600214913
15.0521 1600214913
21.749 1600214913
11.8776 1600214913
21.3753 1600214913
29.9381 1600214913
20.965799999999998 1600214913
30.243299999999998 1600214913
25.5364 1600214913
20.962699999999998 1600214913
10.1441 1600214913
30.016399999999997 1600214913
30.0524 1600214913
5.5922 1600214913
18.502 1600214913
12.9441 1600214913
23.768400000000003 1600214913
23.383899999999997 1600214913
30.243599999999997 1600214913
18.5 1600214913
24.6664 1600214913
30.216399999999997 1600214913
23.760299999999997 1600214913
15.0544 1600214913
21.3765 1600214913
30.019399999999997 1600214913
23.1678 1600214913
21.751399999999997 1600214913
29.9791 1600214913
12.3183 1600214913
21.7504 1600214913
29.979000000000003 1600214913
20.9645 1600214913
22.6879 1600214913
11.7705 1600214913
30.016699999999997 1600214913
30.217 1600214913
15.0539 1600214913
23.383499999999998 1600214913
13.0214 1600214913
18.5035 1600214913
22.6906 1600214913
30.0525 1600214913
22.6869 1600214913
23.1681 1600214913
21.3751 1600214913
25.865799999999997 1600214913
30.0274 1600214913
30.2232 1600214913
20.964399999999998 1600214913
29.9786 1600214913
25.8649 1600214913
30.216099999999997 1600214913
15.055 1600214913
30.0372 1600214913
22.686799999999998 1600214913
27.0886 1600214913
21.877699999999997 1600214913
20.9639 1600214913
22.688 1600214913
24.6679 1600214913
0.009099999999999997 1600214913
18.501299999999997 1600214913
30.2157 1600214913
29.9423 1600214913
27.0885 1600214913
25.864199999999997 1600214913
20.351399999999998 1600214913
30.2157 1600214913
21.75 1600214913
12.3329 1600214913
30.016699999999997 1600214913
30.0533 1600214913
21.3748 1600214913
30.016900000000003 1600214913
11.3001 1600214913
23.1681 1600214913
25.8646 1600214913
11.2235 1600214913
21.893099999999997 1600214913
12.9457 1600214913
30.046 1600214913
25.8647 1600214913
24.6666 1600214913
29.9793 1600214913
13.7916 1600214913
29.9788 1600214913
30.2156 1600214913
23.383699999999997 1600214913
12.3142 1600214913
30.022699999999997 1600214913
21.374 1600214913
29.936799999999998 1600214913
20.964199999999998 1600214913
12.3142 1600214913
27.0922 1600214913
13.7883 1600214913
23.1693 1600214913
30.243399999999998 1600214913
25.3573 1600214913
30.006 1600214913
15.6272 1600214913
23.383499999999998 1600214913
12.3143 1600214913
21.374399999999998 1600214913
21.7644 1600214913
11.2971 1600214913
29.9365 1600214913
30.2241 1600214913
15.6245 1600214913
25.8643 1600214913
30.243399999999998 1600214913
13.7943 1600214913
30.0381 1600214913
23.3846 1600214913
21.750899999999998 1600214913
25.8646 1600214913
21.8705 1600214913
15.0503 1600214913
30.016599999999997 1600214913
22.6895 1600214913
13.789 1600214913
25.8643 1600214913
21.891599999999997 1600214913
29.985 1600214913
12.9466 1600214913
24.6678 1600214913
15.0503 1600214913
30.2437 1600214913
25.865299999999998 1600214913
13.7865 1600214913
21.749599999999997 1600214913
29.9989 1600214913
21.751099999999997 1600214913
29.9381 1600214913
25.865399999999998 1600214913
30.025199999999998 1600214913
11.2978 1600214913
20.9623 1600214913
22.685499999999998 1600214913
30.2435 1600214913
30.2171 1600214913
30.0172 1600214913
25.357499999999998 1600214913
10.1575 1600214913
18.5019 1600214913
24.6662 1600214913
15.6233 1600214913
24.671699999999998 1600214913
23.760599999999997 1600214913
15.0566 1600214913
10.0744 1600214913
30.052599999999998 1600214913
20.967 1600214913
30.052599999999998 1600214913
22.6892 1600214913
27.0449 1600214913
20.965500000000002 1600214913
25.8643 1600214913
30.0165 1600214913
25.864900000000002 1600214913
30.0015 1600214913
11.7681 1600214913
13.8003 1600214913
24.6661 1600214913
25.874299999999998 1600214913
20.348999999999997 1600214913
22.6861 1600214913
27.0899 1600214913
25.8648 1600214913
18.502 1600214913
12.3145 1600214913
25.3572 1600214913
29.9794 1600214913
13.7907 1600214913
27.088099999999997 1600214913
15.0525 1600214913
11.2503 1600214913
30.215999999999998 1600214913
23.383 1600214913
27.046 1600214913
11.2478 1600214913
29.9787 1600214913
15.0501 1600214913
23.1683 1600214913
30.215899999999998 1600214913
23.1678 1600214913
13.7924 1600214913
21.7513 1600214913
15.0506 1600214913
25.360599999999998 1600214913
27.087999999999997 1600214913
23.1679 1600214913
30.215899999999998 1600214913
2.7276000000000002 1600214913
24.667599999999997 1600214913
30.0262 1600214913
22.6895 1600214913
20.9643 1600214913
29.9378 1600214913
18.5016 1600214913
30.0174 1600214913
20.9628 1600214913
22.6861 1600214913
29.9976 1600214913
30.0189 1600214913
22.6876 1600214913
30.023699999999998 1600214913
27.0447 1600214913
13.7891 1600214913
30.027299999999997 1600214913
25.8735 1600214913
22.6875 1600214913
20.350299999999997 1600214913
15.0515 1600214913
29.9976 1600214913
25.3581 1600214913
11.225 1600214913
29.987499999999997 1600214913
22.688399999999998 1600214913
20.9651 1600214913
21.8629 1600214913
13.7904 1600214913
29.9982 1600214913
20.3501 1600214913
21.749499999999998 1600214913
30.243299999999998 1600214913
22.6888 1600214913
30.035 1600214913
25.865 1600214913
29.9383 1600214913
12.3182 1600214913
24.666999999999998 1600214913
23.7607 1600214913
30.2154 1600214913
18.499299999999998 1600214913
30.217499999999998 1600214913
18.499799999999997 1600214913
21.7502 1600214913
30.0171 1600214913
24.666600000000003 1600214913
15.0543 1600214913
30.016499999999997 1600214913
22.688499999999998 1600214913
29.979 1600214913
13.7915 1600214913
3.5776 1600214913
12.3154 1600214913
25.357699999999998 1600214913
25.870299999999997 1600214913
10.1362 1600214913
20.9621 1600214913
13.7895 1600214913
21.863 1600214913
18.4987 1600214913
21.749799999999997 1600214913
29.979799999999997 1600214913
21.383 1600214913
15.050699999999999 1600214913
25.534200000000002 1600214913
30.0275 1600214913
20.962699999999998 1600214913
21.863599999999998 1600214913
30.0525 1600214913
23.3832 1600214913
10.075 1600214913
22.6877 1600214913
13.399000000000001 1600214913
23.1678 1600214913
15.0506 1600214913
30.215799999999998 1600214913
5.5941 1600214913
21.8783 1600214913
30.0173 1600214913
22.686 1600214913
11.3522 1600214913
29.98 1600214913
29.937099999999997 1600214913
23.383399999999998 1600214913
11.3019 1600214913
21.863 1600214913
13.7914 1600214913
25.8708 1600214913
24.667099999999998 1600214913
30.007099999999998 1600214913
25.3585 1600214913
21.750899999999998 1600214913
23.3846 1600214913
13.0177 1600214913
30.2441 1600214913
27.087999999999997 1600214913
12.9467 1600214913
22.6859 1600214913
12.318999999999999 1600214913
18.499799999999997 1600214913
30.0168 1600214913
30.2228 1600214913
20.961499999999997 1600214913
23.383399999999998 1600214913
20.964 1600214913
27.0885 1600214913
22.6868 1600214913
23.168899999999997 1600214913
25.5319 1600214913
29.9837 1600214913
30.017 1600214913
25.3571 1600214913
4.372 1600214913
29.9788 1600214913
11.771700000000001 1600214913
30.243299999999998 1600214913
11.2496 1600214913
13.7928 1600214913
25.357999999999997 1600214913
20.965100000000003 1600214913
20.351599999999998 1600214913
23.176299999999998 1600214913
24.6667 1600214913
27.087899999999998 1600214913
30.2165 1600214913
23.3847 1600214913
23.1681 1600214913
29.9788 1600214913
21.7492 1600214913
29.9787 1600214913
15.0531 1600214913
25.865299999999998 1600214913
20.961799999999997 1600214913
30.223 1600214913
23.383499999999998 1600214913
20.3524 1600214913
15.0515 1600214913
29.9786 1600214913
23.168 1600214913
12.3153 1600214913
30.027299999999997 1600214913
29.9978 1600214913
18.503 1600214913
27.0922 1600214913
20.962300000000003 1600214913
23.1789 1600214913
13.7894 1600214913
23.760499999999997 1600214913
4.3698 1600214913
21.749299999999998 1600214913
15.6222 1600214913
29.938499999999998 1600214913
29.9791 1600214913
10.2413 1600214913
30.017699999999998 1600214913
25.3573 1600214913
12.3326 1600214913
18.5128 1600214913
27.0885 1600214913
21.7501 1600214913
25.8742 1600214913
21.6821 1600214913
24.666999999999998 1600214913
18.502299999999998 1600214913
20.9644 1600214913
30.0246 1600214913
30.223399999999998 1600214913
25.864099999999997 1600214913
12.3184 1600214913
21.8761 1600214913
10.137 1600214913
30.0003 1600214913
15.6245 1600214913
27.089100000000002 1600214913
15.052 1600214913
25.8648 1600214913
20.350299999999997 1600214913
25.865399999999998 1600214913
18.5002 1600214913
30.0173 1600214913
29.984399999999997 1600214913
11.2987 1600214913
30.017599999999998 1600214913
24.665799999999997 1600214913
10.2425 1600214913
23.3844 1600214913
12.9449 1600214913
30.016599999999997 1600214913
12.3144 1600214913
21.750300000000003 1600214913
22.6873 1600214913
29.9791 1600214913
23.383499999999998 1600214913
6.455 1600214913
30.0251 1600214913
29.9787 1600214913
25.3583 1600214913
30.052699999999998 1600214913
12.9467 1600214913
29.9367 1600214913
15.0505 1600214913
20.3538 1600214913
22.688499999999998 1600214913
25.8846 1600214913
25.864700000000003 1600214913
27.0889 1600214913
29.999799999999997 1600214913
30.058 1600214913
22.688399999999998 1600214913
25.865 1600214913
30.0168 1600214913
25.3575 1600214913
22.6882 1600214913
24.6664 1600214913
25.5323 1600214913
30.0167 1600214913
20.961399999999998 1600214913
24.6665 1600214913
5.5926 1600214913
18.504099999999998 1600214913
30.0523 1600214913
21.890800000000002 1600214913
22.700499999999998 1600214913
12.3156 1600214913
22.6869 1600214913
27.0464 1600214913
24.6667 1600214913
20.963800000000003 1600214913
30.215799999999998 1600214913
24.6663 1600214913
11.8781 1600214913
22.688399999999998 1600214913
22.686799999999998 1600214913
30.0194 1600214913
11.7683 1600214913
29.9801 1600214913
30.016399999999997 1600214913
23.3838 1600214913
25.8649 1600214913
11.2981 1600214913
27.089 1600214913
30.216099999999997 1600214913
12.3164 1600214913
30.016499999999997 1600214913
15.0564 1600214913
30.2551 1600214913
30.018099999999997 1600214913
25.367099999999997 1600214913
23.760199999999998 1600214913
30.0171 1600214913
22.687199999999997 1600214913
13.7901 1600214913
29.936799999999998 1600214913
20.964799999999997 1600214913
27.089299999999998 1600214913
30.0235 1600214913
20.9644 1600214913
21.3745 1600214913
22.687099999999997 1600214913
30.058400000000002 1600214913
25.532899999999998 1600214913
30.2156 1600214913
15.625 1600214913
29.936899999999998 1600214913
22.6895 1600214913
27.0885 1600214913
25.865099999999998 1600214913
21.3758 1600214913
20.961299999999998 1600214913
30.017699999999998 1600214913
29.937199999999997 1600214913
21.8905 1600214913
29.936899999999998 1600214913
12.9445 1600214913
21.8629 1600214913
27.0919 1600214913
29.978599999999997 1600214913
30.017699999999998 1600214913
30.2442 1600214913
30.2157 1600214913
15.052200000000001 1600214913
20.3507 1600214913
30.017799999999998 1600214913
25.863999999999997 1600214913
18.5022 1600214913
25.8643 1600214913
30.2166 1600214913
30.0171 1600214913
30.2165 1600214913
30.0241 1600214913
20.965100000000003 1600214913
27.090799999999998 1600214913
30.0168 1600214913
20.9631 1600214913
27.089 1600214913
30.215799999999998 1600214913
15.0501 1600214913
23.383599999999998 1600214913
23.168599999999998 1600214913
12.945 1600214913
21.374000000000002 1600214913
29.9788 1600214913
