1.3463 1600633447
1.9363 1600633447
4.657800000000001 1600633447
1.8168 1600633447
2.1729000000000003 1600633447
1.9243 1600633447
3.4757 1600633447
1.3237999999999999 1600633447
1.2150999999999998 1600633447
2.5379 1600633447
0.6794 1600633447
2.6633 1600633447
1.6764999999999999 1600633447
1.5202 1600633447
0.6652 1600633447
1.5159 1600633447
3.2157 1600633447
1.3368 1600633447
1.4656 1600633447
0.9341999999999999 1600633447
4.9217 1600633447
1.8179 1600633447
2.7326 1600633447
2.0313000000000003 1600633447
1.9244999999999999 1600633447
3.128 1600633447
1.0066 1600633447
2.2849000000000004 1600633447
1.2829 1600633447
1.9069999999999998 1600633447
1.9166999999999998 1600633447
1.505 1600633447
2.7452 1600633447
1.4205999999999999 1600633447
2.9615 1600633447
1.3972 1600633447
3.8135000000000003 1600633447
1.9271999999999998 1600633447
1.396 1600633447
2.2531000000000003 1600633447
1.2051 1600633447
2.8230000000000004 1600633447
1.1415 1600633447
2.4742 1600633447
2.3174 1600633447
3.6392 1600633447
2.0131 1600633447
1.7405 1600633447
2.4832 1600633447
0.7985 1600633447
3.2724 1600633447
0.9438 1600633447
3.9973 1600633447
1.4072 1600633447
1.5838999999999999 1600633447
2.0263 1600633447
2.1816 1600633447
4.8213 1600633447
1.8165 1600633447
2.5465 1600633447
2.2802000000000002 1600633447
1.0058 1600633447
2.0847 1600633447
2.4794 1600633447
2.8175000000000003 1600633447
0.9875 1600633447
3.6444 1600633447
1.4173 1600633447
3.6002 1600633447
1.408 1600633447
1.5102 1600633447
1.9650999999999998 1600633447
1.9578999999999998 1600633447
3.4275 1600633447
1.3506 1600633447
2.0758 1600633447
1.885 1600633447
1.3065 1600633447
2.5286 1600633447
1.1633 1600633447
2.536 1600633447
2.0849 1600633447
3.0129 1600633447
1.7406 1600633447
3.6543 1600633447
1.2490999999999999 1600633447
1.4171 1600633447
1.9164 1600633447
1.4327999999999999 1600633447
1.9489999999999998 1600633447
1.287 1600633447
2.0427999999999997 1600633447
2.1819 1600633447
1.3504 1600633447
2.5706 1600633447
1.8177999999999999 1600633447
2.6089 1600633447
1.1417 1600633447
2.5359000000000003 1600633447
0.005299999999999999 1600633447
0.7865 1600633447
1.7402 1600633447
1.0544 1600633447
2.8070000000000004 1600633447
1.2495 1600633447
2.342 1600633447
0.9097 1600633447
2.8186999999999998 1600633447
1.6613 1600633447
0.9798 1600633447
3.4106 1600633447
1.3427 1600633447
3.7582 1600633447
1.8182 1600633447
4.1930000000000005 1600633447
2.173 1600633447
1.1635 1600633447
3.2453000000000003 1600633447
2.0288000000000004 1600633447
3.0087 1600633447
1.0546 1600633447
2.1927 1600633447
1.4171 1600633447
3.4345000000000003 1600633447
1.8409 1600633447
1.2484 1600633447
2.9885 1600633447
1.5797999999999999 1600633447
4.4085 1600633447
1.8188 1600633447
1.8483 1600633447
0.131 1600633447
1.307 1600633447
2.7805 1600633447
1.9244 1600633447
2.8748 1600633447
2.0290000000000004 1600633447
3.1347 1600633447
1.7953 1600633447
1.7371999999999999 1600633447
3.3657000000000004 1600633447
1.4171 1600633447
4.426200000000001 1600633447
1.8402 1600633447
3.0133 1600633447
1.5837999999999999 1600633447
3.2036000000000002 1600633447
1.8349 1600633447
2.2632000000000003 1600633447
2.1817 1600633447
1.9791999999999998 1600633447
2.4916 1600633447
1.9246 1600633447
2.5373 1600633447
1.4614 1600633447
0.7863 1600633447
3.0145 1600633447
1.5733 1600633447
3.3659000000000003 1600633447
1.2818 1600633447
3.0455 1600633447
0.9339999999999999 1600633447
1.2482 1600633447
2.8414 1600633447
1.0505 1600633447
1.8344 1600633447
1.3506 1600633447
2.6839 1600633447
0.877 1600633447
2.9236 1600633447
2.4330000000000003 1600633447
1.9244 1600633447
2.5381 1600633447
2.3171000000000004 1600633447
3.3002 1600633447
1.4944 1600633447
3.4716 1600633447
0.9919 1600633447
1.8654 1600633447
2.9696 1600633447
0.9096 1600633447
1.6979 1600633447
1.6522999999999999 1600633447
4.6199 1600633447
2.1816 1600633447
3.0123 1600633447
2.2383 1600633447
1.1421 1600633447
4.104 1600633447
0.10529999999999999 1600633447
4.0299 1600633447
2.0293 1600633447
3.6369000000000002 1600633447
1.4113 1600633447
1.5735 1600633447
2.6635 1600633447
1.2815999999999999 1600633447
2.9696000000000002 1600633447
1.9554999999999998 1600633447
2.4263 1600633447
0.0058 1600633447
1.4072 1600633447
2.1956 1600633447
0.9342999999999999 1600633447
3.3305000000000002 1600633447
2.2383 1600633447
3.0561000000000003 1600633447
1.1629 1600633447
2.4889 1600633447
2.0291 1600633447
0.9354 1600633447
3.0087 1600633447
1.5732 1600633447
1.8284 1600633447
1.4787 1600633447
1.9149 1600633447
1.2483 1600633447
1.9554 1600633447
3.3274000000000004 1600633447
1.0415999999999999 1600633447
4.591600000000001 1600633447
2.1818 1600633447
2.6844 1600633447
1.3067 1600633447
1.8176999999999999 1600633447
3.9961 1600633447
2.3855000000000004 1600633447
2.9041 1600633447
0.8940999999999999 1600633447
2.3222 1600633447
1.4112 1600633447
3.6374999999999997 1600633447
2.1436 1600633447
1.5198 1600633447
3.6383 1600633447
1.2481 1600633447
4.1080000000000005 1600633447
0.9481999999999999 1600633447
2.6775 1600633447
2.1815 1600633447
0.878 1600633447
3.0542000000000002 1600633447
1.3066 1600633447
1.9824 1600633447
2.1729000000000003 1600633447
3.128 1600633447
1.1498 1600633447
2.7104 1600633447
1.9035999999999997 1600633447
1.7404 1600633447
1.5198 1600633447
0.005400000000000002 1600633447
2.744 1600633447
0.7971999999999999 1600633447
3.5157 1600633447
1.5796999999999999 1600633447
0.9349000000000001 1600633447
1.9062999999999999 1600633447
1.9286 1600633447
2.3659000000000003 1600633447
2.7336 1600633447
3.9031000000000002 1600633447
2.1732 1600633447
1.1414 1600633447
2.5362 1600633447
1.0892 1600633447
3.3303000000000003 1600633447
1.7949 1600633447
2.3120000000000003 1600633447
1.4104999999999999 1600633447
4.6215 1600633447
1.0509 1600633447
1.2914999999999999 1600633447
1.5649 1600633447
1.9843 1600633447
2.516 1600633447
0.8776999999999999 1600633447
3.5420000000000003 1600633447
1.3457999999999999 1600633447
1.0869 1600633447
4.1231 1600633447
1.8156999999999999 1600633447
3.9931 1600633447
1.2135 1600633447
3.3598000000000003 1600633447
1.8278999999999999 1600633447
2.4311000000000003 1600633447
1.2815999999999999 1600633447
1.0047 1600633447
2.0949 1600633447
1.4082 1600633447
3.2021 1600633447
1.4073 1600633447
5.4086 1600633447
2.1816 1600633447
1.3077999999999999 1600633447
3.055 1600633447
1.9317 1600633447
3.9965 1600633447
1.8155 1600633447
2.8750999999999998 1600633447
1.3107 1600633447
2.3173000000000004 1600633447
3.6825 1600633447
1.0544 1600633447
2.3968000000000003 1600633447
1.2816 1600633447
3.1941 1600633447
1.2483 1600633447
3.0652 1600633447
0.8399 1600633447
1.6574 1600633447
4.266100000000001 1600633447
1.1774 1600633447
3.0545999999999998 1600633447
1.9318 1600633447
3.785 1600633447
1.8154 1600633447
1.1411 1600633447
2.5378000000000003 1600633447
0.7492 1600633447
3.566 1600633447
1.7455 1600633447
2.0912 1600633447
1.2498 1600633447
1.9109 1600633447
3.5546 1600633447
1.408 1600633447
2.534 1600633447
1.1269 1600633447
3.1806 1600633447
1.0219 1600633447
3.0633 1600633447
1.9317 1600633447
1.9317999999999997 1600633447
4.3451 1600633447
2.0015 1600633447
2.4991000000000003 1600633447
0.7281 1600633447
1.8273 1600633447
1.8423 1600633447
1.2497 1600633447
2.6708000000000003 1600633447
0.8725999999999999 1600633447
2.9303000000000003 1600633447
1.51 1600633447
4.115 1600633447
1.4759 1600633447
4.3259 1600633447
1.819 1600633447
1.3962999999999999 1600633447
2.7405000000000004 1600633447
0.877 1600633447
4.7358 1600633447
1.1412 1600633447
2.4743 1600633447
1.5519 1600633447
1.2832999999999999 1600633447
1.6316 1600633447
0.11639999999999999 1600633447
3.5158 1600633447
0.8423999999999999 1600633447
1.9553 1600633447
1.4079 1600633447
1.5099 1600633447
2.4264 1600633447
2.2697000000000003 1600633447
3.2986 1600633447
1.3961 1600633447
5.1161 1600633447
1.3062 1600633447
2.9234 1600633447
1.5182 1600633447
2.4557 1600633447
3.9969 1600633447
2.015 1600633447
2.9374 1600633447
1.3955 1600633447
2.7666 1600633447
1.3291 1600633447
1.4169 1600633447
2.6940000000000004 1600633447
1.0511 1600633447
1.4667999999999999 1600633447
2.0172 1600633447
1.6033 1600633447
1.9583 1600633447
1.0218 1600633447
3.6466000000000003 1600633447
1.8179 1600633447
3.7853000000000003 1600633447
1.1412 1600633447
3.202 1600633447
2.0149 1600633447
2.5389000000000004 1600633447
1.3826 1600633447
1.7948 1600633447
2.2268000000000003 1600633447
1.4169 1600633447
2.8406000000000002 1600633447
1.398 1600633447
2.9396 1600633447
2.0777 1600633447
1.1346 1600633447
4.0796 1600633447
1.5042 1600633447
4.2866 1600633447
1.8182 1600633447
3.6985 1600633447
1.1412 1600633447
2.8367999999999998 1600633447
1.0885 1600633447
1.9645 1600633447
3.2782 1600633447
0.8756999999999999 1600633447
2.6635 1600633447
1.2489999999999999 1600633447
2.4278 1600633447
1.5644 1600633447
1.9825000000000002 1600633447
2.3461000000000003 1600633447
0.8399 1600633447
4.6516 1600633447
1.3505 1600633447
4.6147 1600633447
1.8177999999999999 1600633447
1.3064 1600633447
4.0361 1600633447
1.1411 1600633447
2.5356 1600633447
1.0884 1600633447
3.0085 1600633447
1.7944 1600633447
2.0217 1600633447
2.1194 1600633447
1.2487 1600633447
3.0178000000000003 1600633447
1.5644 1600633447
1.5836999999999999 1600633447
1.3365 1600633447
3.5548 1600633447
1.2164 1600633447
1.8184 1600633447
4.7654000000000005 1600633447
1.3062 1600633447
4.7017 1600633447
1.3302 1600633447
1.9248 1600633447
1.515 1600633447
2.4752 1600633447
2.1591 1600633447
1.7368 1600633447
2.6771 1600633447
1.0521 1600633447
3.5437 1600633447
1.4081 1600633447
3.3272 1600633447
1.3365 1600633447
0.8399 1600633447
2.8240000000000003 1600633447
1.4651 1600633447
4.7653 1600633447
0.8767999999999999 1600633447
1.8256 1600633447
1.0075 1600633447
1.8156999999999999 1600633447
2.4838 1600633447
1.5148 1600633447
2.0754 1600633447
1.411 1600633447
2.443 1600633447
1.41 1600633447
3.3148 1600633447
1.2479 1600633447
1.0508 1600633447
1.4756 1600633447
1.6027 1600633447
4.9817 1600633447
1.9536 1600633447
2.3005 1600633447
1.8184 1600633447
0.12990000000000002 1600633447
2.1976 1600633447
1.1412 1600633447
3.1762 1600633447
2.3172 1600633447
3.2426000000000004 1600633447
1.5729 1600633447
1.5729 1600633447
3.1543 1600633447
1.0517999999999998 1600633447
2.3121 1600633447
1.5096 1600633447
2.9396999999999998 1600633447
1.4067 1600633447
5.1311 1600633447
1.9295999999999998 1600633447
1.4653 1600633447
4.4918000000000005 1600633447
1.9783000000000002 1600633447
2.7969 1600633447
2.1084 1600633447
4.0677 1600633447
1.4609999999999999 1600633447
1.0373999999999999 1600633447
2.7105 1600633447
1.5664 1600633447
2.5793000000000004 1600633447
0.9850999999999999 1600633447
2.6201000000000003 1600633447
1.9974999999999998 1600633447
1.9105 1600633447
