111.5662 1600469054
111.5662 1600469054
111.56649999999999 1600469054
12.2578 1600469054
12.2581 1600469054
12.2585 1600469054
116.908 1600469054
116.9079 1600469054
116.9082 1600469054
118.0231 1600469054
118.0231 1600469054
118.02380000000001 1600469054
118.6758 1600469054
118.67569999999999 1600469054
118.6765 1600469054
118.1832 1600469054
118.1829 1600469054
118.1832 1600469054
117.23530000000001 1600469054
117.2354 1600469054
117.2359 1600469054
117.71560000000001 1600469054
117.7155 1600469054
117.7158 1600469054
118.4464 1600469054
118.4465 1600469054
118.44709999999999 1600469054
118.1132 1600469054
118.1122 1600469054
118.1133 1600469054
118.2003 1600469054
118.20049999999999 1600469054
118.201 1600469054
117.1346 1600469054
117.13510000000001 1600469054
117.1355 1600469054
114.1059 1600469054
114.106 1600469054
114.10629999999999 1600469054
115.24980000000001 1600469054
115.24980000000001 1600469054
115.25019999999999 1600469054
117.388 1600469054
117.3882 1600469054
117.3888 1600469054
115.9217 1600469054
115.9216 1600469054
115.9218 1600469054
118.3883 1600469054
118.3881 1600469054
118.3887 1600469054
116.7141 1600469054
116.714 1600469054
116.71470000000001 1600469054
117.9461 1600469054
117.94590000000001 1600469054
117.94669999999999 1600469054
114.6828 1600469054
114.6829 1600469054
114.68339999999999 1600469054
65.8872 1600469054
65.88759999999999 1600469054
65.8874 1600469054
111.64620000000001 1600469054
111.6459 1600469054
111.64649999999999 1600469054
115.6099 1600469054
115.6097 1600469054
115.6103 1600469054
115.65660000000001 1600469054
115.6569 1600469054
115.6575 1600469054
117.90790000000001 1600469054
117.9084 1600469054
117.90899999999999 1600469054
117.9948 1600469054
117.99510000000001 1600469054
117.9952 1600469054
113.19319999999999 1600469054
113.1932 1600469054
113.19380000000001 1600469054
118.4872 1600469054
118.4873 1600469054
118.488 1600469054
118.77619999999999 1600469054
118.7762 1600469054
118.9866 1600469054
118.6716 1600469054
118.6718 1600469054
118.6722 1600469054
116.3391 1600469054
116.3391 1600469054
116.3398 1600469054
111.405 1600469054
111.4047 1600469054
111.4051 1600469054
118.1807 1600469054
118.18079999999999 1600469054
118.1815 1600469054
117.76320000000001 1600469054
117.7629 1600469054
117.7635 1600469054
117.02 1600469054
117.0196 1600469054
117.0204 1600469054
112.6337 1600469054
112.6337 1600469054
112.6339 1600469054
115.65220000000001 1600469054
115.65230000000001 1600469054
115.6527 1600469054
118.5398 1600469054
118.53999999999999 1600469054
118.5401 1600469054
117.1092 1600469054
117.1094 1600469054
117.11 1600469054
115.0934 1600469054
115.0931 1600469054
115.0937 1600469054
115.4422 1600469054
115.44210000000001 1600469054
115.4422 1600469054
115.23649999999999 1600469054
115.2363 1600469054
115.2368 1600469054
114.32809999999999 1600469054
114.32809999999999 1600469054
114.3283 1600469054
109.4492 1600469054
109.4491 1600469054
109.44969999999999 1600469054
117.1812 1600469054
117.18140000000001 1600469054
117.1819 1600469054
117.6052 1600469054
117.60510000000001 1600469054
117.6058 1600469054
117.6526 1600469054
117.6525 1600469054
117.6531 1600469054
118.1109 1600469054
118.1113 1600469054
118.11160000000001 1600469054
118.66990000000001 1600469054
118.67 1600469054
118.6702 1600469054
118.6655 1600469054
118.66550000000001 1600469054
118.6661 1600469054
112.8432 1600469054
112.843 1600469054
112.84370000000001 1600469054
118.6739 1600469054
118.67370000000001 1600469054
118.67399999999999 1600469054
118.5246 1600469054
118.52459999999999 1600469054
118.5253 1600469054
118.0021 1600469054
118.0014 1600469054
118.00200000000001 1600469054
117.9501 1600469054
117.9504 1600469054
117.951 1600469054
115.3706 1600469054
115.3706 1600469054
115.37140000000001 1600469054
118.6678 1600469054
118.6678 1600469054
118.6684 1600469054
118.4487 1600469054
118.4484 1600469054
118.449 1600469054
116.06389999999999 1600469054
116.0641 1600469054
116.06439999999999 1600469054
108.52430000000001 1600469054
108.52390000000001 1600469054
108.5243 1600469054
116.4548 1600469054
116.4551 1600469054
116.45559999999999 1600469054
116.1036 1600469054
116.10340000000001 1600469054
116.10340000000001 1600469054
118.1988 1600469054
118.19839999999999 1600469054
118.1987 1600469054
118.1952 1600469054
118.1955 1600469054
118.1956 1600469054
117.3605 1600469054
117.3606 1600469054
117.36080000000001 1600469054
119.0074 1600469054
119.0074 1600469054
119.0077 1600469054
118.786 1600469054
118.7858 1600469054
118.78590000000001 1600469054
113.82639999999999 1600469054
113.8261 1600469054
113.8266 1600469054
110.4126 1600469054
110.4123 1600469054
110.4127 1600469054
114.87490000000001 1600469054
114.8747 1600469054
114.8755 1600469054
116.0522 1600469054
116.0524 1600469054
116.0529 1600469054
118.65790000000001 1600469054
118.6584 1600469054
118.6588 1600469054
107.8933 1600469054
107.89330000000001 1600469054
107.89359999999999 1600469054
114.0331 1600469054
114.0328 1600469054
114.0333 1600469054
116.25370000000001 1600469054
116.2539 1600469054
116.2546 1600469054
118.5267 1600469054
118.5266 1600469054
118.5273 1600469054
118.07730000000001 1600469054
118.0771 1600469054
118.07759999999999 1600469054
117.08279999999999 1600469054
117.0822 1600469054
117.0829 1600469054
119.01610000000001 1600469054
119.0159 1600469054
119.01650000000001 1600469054
109.0684 1600469054
109.0685 1600469054
109.06869999999999 1600469054
117.992 1600469054
117.9923 1600469054
117.9927 1600469054
116.4943 1600469054
116.4946 1600469054
116.4951 1600469054
114.4628 1600469054
114.4629 1600469054
114.4631 1600469054
118.2519 1600469054
118.252 1600469054
118.2521 1600469054
117.9482 1600469054
117.9483 1600469054
117.9489 1600469054
118.7184 1600469054
118.71820000000001 1600469054
118.7187 1600469054
117.9136 1600469054
117.91359999999999 1600469054
117.914 1600469054
110.2127 1600469054
110.2128 1600469054
110.213 1600469054
117.51490000000001 1600469054
117.5149 1600469054
117.5158 1600469054
118.0916 1600469054
118.0911 1600469054
118.09179999999999 1600469054
118.24680000000001 1600469054
118.2467 1600469054
118.2474 1600469054
115.5249 1600469054
115.5245 1600469054
115.5249 1600469054
112.8172 1600469054
112.8176 1600469054
112.8178 1600469054
117.1763 1600469054
117.1764 1600469054
117.17660000000001 1600469054
115.9195 1600469054
115.9193 1600469054
115.92009999999999 1600469054
115.43990000000001 1600469054
115.4402 1600469054
115.44059999999999 1600469054
117.2637 1600469054
117.2637 1600469054
117.264 1600469054
117.2418 1600469054
117.2419 1600469054
117.2423 1600469054
117.51310000000001 1600469054
117.5129 1600469054
117.5136 1600469054
116.5917 1600469054
116.5916 1600469054
116.5919 1600469054
118.3792 1600469054
118.3793 1600469054
118.37989999999999 1600469054
117.152 1600469054
117.1521 1600469054
117.1528 1600469054
115.2431 1600469054
115.24300000000001 1600469054
115.2438 1600469054
118.4854 1600469054
118.48530000000001 1600469054
118.4859 1600469054
118.5097 1600469054
118.50970000000001 1600469054
118.50959999999999 1600469054
118.3922 1600469054
118.39200000000001 1600469054
118.3926 1600469054
115.0337 1600469054
115.0338 1600469054
115.0341 1600469054
111.3923 1600469054
111.39229999999999 1600469054
111.3929 1600469054
118.96409999999999 1600469054
118.964 1600469054
118.9649 1600469054
116.8557 1600469054
116.8554 1600469054
116.8556 1600469054
111.5139 1600469054
111.51440000000001 1600469054
111.5148 1600469054
117.6007 1600469054
117.601 1600469054
117.6011 1600469054
110.1848 1600469054
110.1849 1600469054
110.18469999999999 1600469054
114.3258 1600469054
114.3257 1600469054
114.3263 1600469054
117.1138 1600469054
117.11359999999999 1600469054
117.114 1600469054
110.29429999999999 1600469054
110.2942 1600469054
110.29459999999999 1600469054
110.1135 1600469054
110.1132 1600469054
110.1139 1600469054
116.7624 1600469054
116.7623 1600469054
116.7628 1600469054
117.026 1600469054
117.02590000000001 1600469054
117.02669999999999 1600469054
116.861 1600469054
116.86080000000001 1600469054
116.861 1600469054
110.4432 1600469054
110.4436 1600469054
110.4439 1600469054
117.2861 1600469054
117.286 1600469054
117.2867 1600469054
116.4495 1600469054
116.4499 1600469054
116.4501 1600469054
113.1995 1600469054
113.1994 1600469054
113.1996 1600469054
111.7203 1600469054
111.7204 1600469054
111.72099999999999 1600469054
109.9066 1600469054
109.90690000000001 1600469054
109.9074 1600469054
116.7312 1600469054
116.7312 1600469054
116.73179999999999 1600469054
118.1233 1600469054
118.12349999999999 1600469054
118.1241 1600469054
114.8571 1600469054
114.85709999999999 1600469054
114.8576 1600469054
115.0291 1600469054
115.0289 1600469054
115.02969999999999 1600469054
116.86699999999999 1600469054
116.86680000000001 1600469054
116.86760000000001 1600469054
118.18929999999999 1600469054
118.1892 1600469054
118.1898 1600469054
114.521 1600469054
114.52130000000001 1600469054
114.5216 1600469054
118.4809 1600469054
118.4811 1600469054
118.4811 1600469054
113.73049999999999 1600469054
113.7306 1600469054
113.7312 1600469054
118.38319999999999 1600469054
118.38350000000001 1600469054
118.3839 1600469054
118.2424 1600469054
118.2427 1600469054
118.24300000000001 1600469054
114.3604 1600469054
114.3603 1600469054
114.3608 1600469054
116.82039999999999 1600469054
116.8205 1600469054
116.8206 1600469054
113.6362 1600469054
113.63629999999999 1600469054
113.6366 1600469054
109.403 1600469054
109.40310000000001 1600469054
109.4037 1600469054
117.98819999999999 1600469054
117.9885 1600469054
117.9888 1600469054
116.5279 1600469054
116.5279 1600469054
116.5287 1600469054
116.386 1600469054
116.38600000000001 1600469054
116.38619999999999 1600469054
118.5356 1600469054
118.5356 1600469054
118.5363 1600469054
117.4625 1600469054
117.4624 1600469054
117.4631 1600469054
112.1708 1600469054
112.1705 1600469054
112.1712 1600469054
114.6203 1600469054
114.6204 1600469054
114.6203 1600469054
116.0835 1600469054
116.0835 1600469054
116.0844 1600469054
110.11080000000001 1600469054
110.1112 1600469054
110.1117 1600469054
118.9659 1600469054
118.9661 1600469054
118.9665 1600469054
118.0069 1600469054
118.0072 1600469054
118.0076 1600469054
114.48559999999999 1600469054
114.4854 1600469054
114.486 1600469054
101.38669999999999 1600469054
101.38669999999999 1600469054
101.38749999999999 1600469054
109.3308 1600469054
109.3307 1600469054
109.33099999999999 1600469054
113.9139 1600469054
113.9137 1600469054
113.9144 1600469054
118.4915 1600469054
118.49159999999999 1600469054
118.4923 1600469054
115.79950000000001 1600469054
115.7997 1600469054
115.8003 1600469054
113.52929999999999 1600469054
113.52929999999999 1600469054
113.5299 1600469054
117.51079999999999 1600469054
117.511 1600469054
117.5114 1600469054
115.0317 1600469054
115.0318 1600469054
115.0319 1600469054
110.4782 1600469054
110.47829999999999 1600469054
110.4785 1600469054
118.3814 1600469054
118.3814 1600469054
118.38159999999999 1600469054
116.9529 1600469054
116.9528 1600469054
116.9528 1600469054
116.96039999999999 1600469054
116.96039999999999 1600469054
116.9605 1600469054
105.585 1600469054
105.58510000000001 1600469054
105.5855 1600469054
118.5033 1600469054
118.5033 1600469054
118.5039 1600469054
113.0072 1600469054
113.0071 1600469054
113.00750000000001 1600469054
114.7266 1600469054
114.7266 1600469054
114.7269 1600469054
116.3411 1600469054
116.341 1600469054
116.342 1600469054
113.6344 1600469054
113.6341 1600469054
113.6344 1600469054
103.9317 1600469054
103.93130000000001 1600469054
103.9319 1600469054
112.6794 1600469054
112.6794 1600469054
112.6797 1600469054
114.33019999999999 1600469054
114.3302 1600469054
114.3307 1600469054
118.6617 1600469054
118.6614 1600469054
118.66199999999999 1600469054
118.11840000000001 1600469054
118.1184 1600469054
118.11869999999999 1600469054
116.6886 1600469054
116.6888 1600469054
116.68939999999999 1600469054
116.9583 1600469054
116.95830000000001 1600469054
116.95909999999999 1600469054
117.7804 1600469054
117.78020000000001 1600469054
117.78099999999999 1600469054
110.4731 1600469054
110.473 1600469054
110.4736 1600469054
116.75750000000001 1600469054
116.75720000000001 1600469054
116.7573 1600469054
117.9397 1600469054
117.9393 1600469054
117.94000000000001 1600469054
117.282 1600469054
117.282 1600469054
117.28219999999999 1600469054
116.9709 1600469054
116.9708 1600469054
116.97149999999999 1600469054
113.1262 1600469054
113.12650000000001 1600469054
113.1268 1600469054
112.94539999999999 1600469054
112.94380000000001 1600469054
112.9448 1600469054
117.295 1600469054
117.29520000000001 1600469054
117.2958 1600469054
110.5652 1600469054
110.5655 1600469054
110.5658 1600469054
118.3109 1600469054
118.3114 1600469054
118.31179999999999 1600469054
115.6701 1600469054
115.67009999999999 1600469054
115.6708 1600469054
116.8965 1600469054
116.8962 1600469054
116.8967 1600469054
115.7282 1600469054
115.72810000000001 1600469054
115.72850000000001 1600469054
116.2061 1600469054
116.2067 1600469054
116.2071 1600469054
117.2477 1600469054
117.2474 1600469054
117.2479 1600469054
118.2539 1600469054
118.25399999999999 1600469054
118.2547 1600469054
119.0123 1600469054
119.0121 1600469054
119.01270000000001 1600469054
113.4323 1600469054
113.4329 1600469054
113.43339999999999 1600469054
115.49419999999999 1600469054
115.49470000000001 1600469054
115.4949 1600469054
118.506 1600469054
118.5052 1600469054
118.50580000000001 1600469054
115.28059999999999 1600469054
115.2804 1600469054
115.2805 1600469054
118.5651 1600469054
118.56519999999999 1600469054
118.5658 1600469054
118.95660000000001 1600469054
118.95660000000001 1600469054
118.957 1600469054
116.1867 1600469054
116.18660000000001 1600469054
116.1873 1600469054
118.64189999999999 1600469054
118.6422 1600469054
118.64269999999999 1600469054
104.5044 1600469054
104.50479999999999 1600469054
104.5054 1600469054
110.8176 1600469054
110.8174 1600469054
110.8179 1600469054
113.36330000000001 1600469054
113.3634 1600469054
113.3635 1600469054
117.8198 1600469054
117.8197 1600469054
117.8199 1600469054
116.491 1600469054
116.491 1600469054
116.4916 1600469054
118.7722 1600469054
118.77250000000001 1600469054
118.77289999999999 1600469054
116.6907 1600469054
116.6909 1600469054
116.691 1600469054
116.8921 1600469054
116.8918 1600469054
116.8926 1600469054
111.5583 1600469054
111.5584 1600469054
111.5586 1600469054
116.4347 1600469054
116.4351 1600469054
116.4355 1600469054
117.2594 1600469054
117.25919999999999 1600469054
117.25930000000001 1600469054
117.2538 1600469054
117.2539 1600469054
117.2541 1600469054
118.1162 1600469054
118.1165 1600469054
118.11680000000001 1600469054
117.1794 1600469054
117.1794 1600469054
117.1797 1600469054
117.17 1600469054
117.17 1600469054
117.1706 1600469054
118.52879999999999 1600469054
118.529 1600469054
118.5295 1600469054
118.185 1600469054
118.1848 1600469054
118.18560000000001 1600469054
117.6122 1600469054
117.612 1600469054
117.6125 1600469054
118.1205 1600469054
118.1204 1600469054
118.1207 1600469054
112.21770000000001 1600469054
112.2174 1600469054
112.2182 1600469054
113.8161 1600469054
113.8159 1600469054
113.8159 1600469054
117.4976 1600469054
117.49719999999999 1600469054
117.4976 1600469054
114.18870000000001 1600469054
114.1885 1600469054
114.1894 1600469054
116.8184 1600469054
116.818 1600469054
116.8188 1600469054
110.1257 1600469054
110.126 1600469054
110.1263 1600469054
117.2786 1600469054
117.27860000000001 1600469054
117.27890000000001 1600469054
117.7552 1600469054
117.7552 1600469054
117.7554 1600469054
112.474 1600469054
112.474 1600469054
112.4743 1600469054
111.24210000000001 1600469054
111.2421 1600469054
111.24249999999999 1600469054
115.2387 1600469054
115.2385 1600469054
115.23920000000001 1600469054
118.3852 1600469054
118.3851 1600469054
118.386 1600469054
113.2303 1600469054
113.2301 1600469054
113.2305 1600469054
114.0031 1600469054
114.003 1600469054
114.0032 1600469054
116.4308 1600469054
116.43039999999999 1600469054
116.4308 1600469054
116.90320000000001 1600469054
116.9037 1600469054
116.90429999999999 1600469054
116.4425 1600469054
116.4428 1600469054
116.44290000000001 1600469054
117.8396 1600469054
117.8394 1600469054
117.84 1600469054
109.4661 1600469054
109.4659 1600469054
109.4664 1600469054
115.4567 1600469054
115.4565 1600469054
115.4568 1600469054
118.3624 1600469054
118.3621 1600469054
118.3625 1600469054
117.8416 1600469054
117.84179999999999 1600469054
117.84219999999999 1600469054
111.7153 1600469054
111.7145 1600469054
111.7157 1600469054
110.0506 1600469054
110.0505 1600469054
110.0508 1600469054
114.893 1600469054
114.8928 1600469054
114.8935 1600469054
115.8216 1600469054
115.82220000000001 1600469054
115.82270000000001 1600469054
104.3313 1600469054
104.3313 1600469054
104.33200000000001 1600469054
118.50779999999999 1600469054
118.5078 1600469054
118.5081 1600469054
116.0079 1600469054
116.0081 1600469054
116.0086 1600469054
114.1836 1600469054
114.18350000000001 1600469054
114.1837 1600469054
114.8487 1600469054
114.8485 1600469054
114.8489 1600469054
117.6486 1600469054
117.6485 1600469054
117.649 1600469054
109.33409999999999 1600469054
109.3342 1600469054
109.3343 1600469054
118.021 1600469054
118.0214 1600469054
118.0218 1600469054
112.1738 1600469054
112.17389999999999 1600469054
112.1746 1600469054
112.86410000000001 1600469054
112.8643 1600469054
112.8647 1600469054
116.57469999999999 1600469054
116.5751 1600469054
116.5752 1600469054
117.2165 1600469054
117.2164 1600469054
117.21690000000001 1600469054
118.1928 1600469054
118.193 1600469054
118.19359999999999 1600469054
117.4952 1600469054
117.4952 1600469054
117.4957 1600469054
110.44990000000001 1600469054
110.44999999999999 1600469054
110.4502 1600469054
118.0835 1600469054
118.0835 1600469054
118.08399999999999 1600469054
108.6929 1600469054
108.6926 1600469054
108.6931 1600469054
117.2372 1600469054
117.23700000000001 1600469054
117.2376 1600469054
109.9909 1600469054
109.99130000000001 1600469054
109.9917 1600469054
111.4472 1600469054
111.4471 1600469054
111.4476 1600469054
118.43830000000001 1600469054
118.4384 1600469054
118.4386 1600469054
110.4457 1600469054
110.4456 1600469054
110.4462 1600469054
118.1913 1600469054
118.19120000000001 1600469054
118.19170000000001 1600469054
113.0439 1600469054
113.0443 1600469054
113.0444 1600469054
119.0185 1600469054
119.01820000000001 1600469054
119.018 1600469054
117.24409999999999 1600469054
117.244 1600469054
117.24449999999999 1600469054
117.13289999999999 1600469054
117.1326 1600469054
117.13319999999999 1600469054
117.7137 1600469054
117.7135 1600469054
117.71419999999999 1600469054
114.7289 1600469054
114.7286 1600469054
114.72919999999999 1600469054
116.8897 1600469054
116.8899 1600469054
116.8904 1600469054
116.0164 1600469054
116.017 1600469054
116.01729999999999 1600469054
111.6494 1600469054
111.6494 1600469054
111.64959999999999 1600469054
116.7591 1600469054
116.75930000000001 1600469054
116.7596 1600469054
118.25680000000001 1600469054
118.2564 1600469054
118.2563 1600469054
117.1724 1600469054
117.17269999999999 1600469054
117.17309999999999 1600469054
117.65820000000001 1600469054
117.6545 1600469054
117.655 1600469054
116.0911 1600469054
116.0913 1600469054
116.0919 1600469054
115.7259 1600469054
115.726 1600469054
115.7267 1600469054
116.7552 1600469054
116.7556 1600469054
116.75529999999999 1600469054
114.5192 1600469054
114.5192 1600469054
114.5193 1600469054
113.69099999999999 1600469054
113.6905 1600469054
113.69069999999999 1600469054
117.6973 1600469054
117.6971 1600469054
117.6978 1600469054
111.6755 1600469054
111.6751 1600469054
111.6754 1600469054
116.8876 1600469054
116.888 1600469054
116.8886 1600469054
108.39620000000001 1600469054
108.396 1600469054
108.3964 1600469054
118.4358 1600469054
118.4361 1600469054
118.4362 1600469054
118.5967 1600469054
118.59660000000001 1600469054
118.59649999999999 1600469054
108.3522 1600469054
108.35210000000001 1600469054
108.35249999999999 1600469054
115.3328 1600469054
115.33239999999999 1600469054
115.3334 1600469054
117.2894 1600469054
117.28949999999999 1600469054
117.28960000000001 1600469054
118.5333 1600469054
118.2968 1600469054
118.29769999999999 1600469054
106.00750000000001 1600469054
106.0077 1600469054
106.0078 1600469054
113.90469999999999 1600469054
113.90429999999999 1600469054
113.9053 1600469054
118.6636 1600469054
118.6636 1600469054
118.66380000000001 1600469054
113.8994 1600469054
113.8995 1600469054
113.8999 1600469054
118.29339999999999 1600469054
118.2934 1600469054
118.2937 1600469054
118.00380000000001 1600469054
118.00370000000001 1600469054
118.00420000000001 1600469054
111.24680000000001 1600469054
111.2466 1600469054
111.247 1600469054
117.60289999999999 1600469054
117.60310000000001 1600469054
117.603 1600469054
118.7742 1600469054
118.7746 1600469054
118.7751 1600469054
117.1116 1600469054
117.1114 1600469054
117.1122 1600469054
117.2205 1600469054
117.2206 1600469054
117.22059999999999 1600469054
112.6393 1600469054
112.6395 1600469054
112.64 1600469054
114.43660000000001 1600469054
114.4367 1600469054
114.437 1600469054
117.4649 1600469054
117.465 1600469054
117.4653 1600469054
110.61630000000001 1600469054
110.61569999999999 1600469054
110.6166 1600469054
117.6467 1600469054
117.6466 1600469054
117.6468 1600469054
119.0051 1600469054
119.0051 1600469054
119.0141 1600469054
115.91730000000001 1600469054
115.9174 1600469054
115.9176 1600469054
117.65050000000001 1600469054
117.6504 1600469054
117.6511 1600469054
112.6839 1600469054
112.6834 1600469054
112.6836 1600469054
106.7442 1600469054
106.744 1600469054
106.7447 1600469054
116.9625 1600469054
116.9623 1600469054
116.9628 1600469054
113.0041 1600469054
113.0043 1600469054
113.00489999999999 1600469054
112.6353 1600469054
112.63560000000001 1600469054
112.63619999999999 1600469054
111.3868 1600469054
111.3868 1600469054
111.38749999999999 1600469054
117.9059 1600469054
117.9063 1600469054
117.9067 1600469054
118.2596 1600469054
118.2597 1600469054
118.2595 1600469054
115.25280000000001 1600469054
115.2529 1600469054
115.2531 1600469054
118.1871 1600469054
118.1872 1600469054
118.18769999999999 1600469054
118.0816 1600469054
118.0813 1600469054
118.08149999999999 1600469054
113.8973 1600469054
113.8973 1600469054
113.8975 1600469054
118.4504 1600469054
118.45030000000001 1600469054
118.4511 1600469054
115.2784 1600469054
115.27839999999999 1600469054
115.27879999999999 1600469054
116.9503 1600469054
116.95060000000001 1600469054
116.95100000000001 1600469054
113.98270000000001 1600469054
113.98259999999999 1600469054
113.9833 1600469054
117.50619999999999 1600469054
117.5063 1600469054
117.50630000000001 1600469054
117.1158 1600469054
117.1159 1600469054
117.11649999999999 1600469054
117.7581 1600469054
117.7588 1600469054
117.7594 1600469054
118.2951 1600469054
118.295 1600469054
118.2956 1600469054
116.5979 1600469054
116.5982 1600469054
116.59859999999999 1600469054
116.4331 1600469054
116.43289999999999 1600469054
116.4336 1600469054
118.4749 1600469054
118.47470000000001 1600469054
118.4754 1600469054
117.2936 1600469054
117.2934 1600469054
117.2936 1600469054
113.613 1600469054
113.61319999999999 1600469054
113.6137 1600469054
118.2448 1600469054
118.2448 1600469054
118.2448 1600469054
116.07390000000001 1600469054
116.0738 1600469054
116.0745 1600469054
117.2141 1600469054
117.2141 1600469054
117.2148 1600469054
112.60459999999999 1600469054
112.6042 1600469054
112.6043 1600469054
110.5099 1600469054
110.51010000000001 1600469054
110.5106 1600469054
115.4438 1600469054
115.4441 1600469054
115.4446 1600469054
95.8648 1600469054
95.865 1600469054
95.8654 1600469054
117.01679999999999 1600469054
117.0167 1600469054
117.0176 1600469054
116.0504 1600469054
116.0502 1600469054
116.0501 1600469054
105.8189 1600469054
105.8187 1600469054
105.81920000000001 1600469054
116.1498 1600469054
116.1496 1600469054
116.14999999999999 1600469054
118.7164 1600469054
118.7164 1600469054
118.7165 1600469054
116.5315 1600469054
116.5316 1600469054
116.5319 1600469054
116.5959 1600469054
116.5958 1600469054
116.5964 1600469054
116.18350000000001 1600469054
116.1836 1600469054
116.1838 1600469054
116.07079999999999 1600469054
116.0707 1600469054
116.07119999999999 1600469054
118.2996 1600469054
118.2996 1600469054
118.30789999999999 1600469054
117.1781 1600469054
117.1743 1600469054
117.17429999999999 1600469054
115.4546 1600469054
115.4542 1600469054
115.4546 1600469054
118.71430000000001 1600469054
118.7144 1600469054
118.7148 1600469054
116.2907 1600469054
116.29090000000001 1600469054
116.2914 1600469054
117.4677 1600469054
117.4673 1600469054
117.4679 1600469054
116.10119999999999 1600469054
116.1012 1600469054
116.1018 1600469054
116.37740000000001 1600469054
116.3775 1600469054
116.3776 1600469054
117.162 1600469054
117.16159999999999 1600469054
117.1619 1600469054
112.85170000000001 1600469054
112.8518 1600469054
112.85199999999999 1600469054
116.18199999999999 1600469054
116.1821 1600469054
116.18209999999999 1600469054
117.6099 1600469054
117.6096 1600469054
117.61 1600469054
116.53389999999999 1600469054
116.5338 1600469054
116.5339 1600469054
118.31330000000001 1600469054
118.3132 1600469054
118.3136 1600469054
116.08149999999999 1600469054
116.0818 1600469054
116.082 1600469054
114.9509 1600469054
114.9505 1600469054
114.9512 1600469054
112.1433 1600469054
112.14349999999999 1600469054
112.1441 1600469054
113.375 1600469054
113.3745 1600469054
113.37519999999999 1600469054
117.2334 1600469054
117.23320000000001 1600469054
117.2338 1600469054
116.7181 1600469054
116.71849999999999 1600469054
116.7189 1600469054
113.6417 1600469054
113.6412 1600469054
113.6411 1600469054
111.2444 1600469054
111.2443 1600469054
111.2452 1600469054
113.6886 1600469054
113.6887 1600469054
113.6888 1600469054
113.6489 1600469054
113.64869999999999 1600469054
113.64909999999999 1600469054
114.734 1600469054
114.73429999999999 1600469054
114.73479999999999 1600469054
113.6087 1600469054
113.60889999999999 1600469054
113.6094 1600469054
118.30890000000001 1600469054
118.3089 1600469054
118.3099 1600469054
110.5621 1600469054
110.5624 1600469054
110.5629 1600469054
116.66789999999999 1600469054
116.66770000000001 1600469054
116.66850000000001 1600469054
113.7113 1600469054
113.7106 1600469054
113.7106 1600469054
104.4816 1600469054
104.4817 1600469054
104.4819 1600469054
112.3257 1600469054
112.32560000000001 1600469054
112.3258 1600469054
117.28410000000001 1600469054
117.2842 1600469054
117.2841 1600469054
113.9341 1600469054
113.9342 1600469054
113.93480000000001 1600469054
109.0607 1600469054
109.0608 1600469054
109.0616 1600469054
116.90509999999999 1600469054
116.90530000000001 1600469054
116.90570000000001 1600469054
113.611 1600469054
113.611 1600469054
113.61120000000001 1600469054
117.8588 1600469054
117.8586 1600469054
117.8587 1600469054
119.0032 1600469054
119.0034 1600469054
119.0036 1600469054
118.6932 1600469054
118.69330000000001 1600469054
118.6934 1600469054
116.7945 1600469054
116.79469999999999 1600469054
116.7953 1600469054
116.8838 1600469054
116.8835 1600469054
116.8841 1600469054
112.9359 1600469054
112.9357 1600469054
112.9362 1600469054
118.0794 1600469054
118.0793 1600469054
118.0796 1600469054
112.8783 1600469054
112.878 1600469054
112.8779 1600469054
109.4423 1600469054
109.44170000000001 1600469054
109.4414 1600469054
118.53760000000001 1600469054
118.5376 1600469054
118.53829999999999 1600469054
117.99000000000001 1600469054
117.9903 1600469054
117.9908 1600469054
114.9883 1600469054
114.98780000000001 1600469054
114.9887 1600469054
116.0104 1600469054
116.0098 1600469054
116.0106 1600469054
114.89620000000001 1600469054
114.896 1600469054
114.8959 1600469054
115.24810000000001 1600469054
115.2482 1600469054
115.2482 1600469054
115.4521 1600469054
115.4523 1600469054
115.4529 1600469054
109.5298 1600469054
109.5295 1600469054
109.53009999999999 1600469054
118.3648 1600469054
118.3643 1600469054
118.36489999999999 1600469054
113.68310000000001 1600469054
113.6833 1600469054
113.6836 1600469054
116.0599 1600469054
116.06 1600469054
116.06009999999999 1600469054
117.1206 1600469054
117.1199 1600469054
117.1201 1600469054
118.4403 1600469054
118.4401 1600469054
118.4409 1600469054
103.6345 1600469054
103.6348 1600469054
103.6354 1600469054
117.1283 1600469054
117.1282 1600469054
117.1284 1600469054
117.1178 1600469054
117.1176 1600469054
117.1184 1600469054
117.02380000000001 1600469054
117.0239 1600469054
117.02409999999999 1600469054
111.5252 1600469054
111.5252 1600469054
111.5253 1600469054
117.2493 1600469054
117.2493 1600469054
117.25 1600469054
118.63950000000001 1600469054
118.6401 1600469054
118.6404 1600469054
112.5937 1600469054
112.59339999999999 1600469054
112.5941 1600469054
117.107 1600469054
117.1074 1600469054
117.10759999999999 1600469054
107.7254 1600469054
107.7257 1600469054
107.7263 1600469054
117.7654 1600469054
117.7651 1600469054
117.7662 1600469054
115.2547 1600469054
115.2549 1600469054
115.2555 1600469054
116.8575 1600469054
116.8576 1600469054
116.8582 1600469054
118.38990000000001 1600469054
118.39 1600469054
118.39030000000001 1600469054
115.96589999999999 1600469054
115.9659 1600469054
115.9661 1600469054
117.1049 1600469054
117.1048 1600469054
117.10549999999999 1600469054
109.54650000000001 1600469054
109.5463 1600469054
109.5468 1600469054
117.2912 1600469054
117.2915 1600469054
117.29169999999999 1600469054
117.1262 1600469054
117.126 1600469054
117.1268 1600469054
116.7343 1600469054
116.73450000000001 1600469054
116.7348 1600469054
115.4379 1600469054
115.4379 1600469054
115.43830000000001 1600469054
114.7756 1600469054
114.7761 1600469054
114.77669999999999 1600469054
108.71090000000001 1600469054
108.7109 1600469054
108.71119999999999 1600469054
117.9179 1600469054
117.9176 1600469054
117.91760000000001 1600469054
117.21900000000001 1600469054
117.2184 1600469054
117.2185 1600469054
117.0216 1600469054
117.0214 1600469054
117.0225 1600469054
117.9037 1600469054
117.9037 1600469054
117.9045 1600469054
116.5729 1600469054
116.5728 1600469054
116.5736 1600469054
117.8215 1600469054
117.8217 1600469054
117.8216 1600469054
118.0744 1600469054
118.07459999999999 1600469054
118.0745 1600469054
112.7338 1600469054
112.73379999999999 1600469054
112.7343 1600469054
117.9983 1600469054
117.9984 1600469054
117.9983 1600469054
110.2965 1600469054
110.2969 1600469054
110.29729999999999 1600469054
116.86280000000001 1600469054
116.8629 1600469054
116.86309999999999 1600469054
116.91 1600469054
116.9097 1600469054
116.9101 1600469054
110.8383 1600469054
110.8382 1600469054
110.8389 1600469054
116.3219 1600469054
116.32180000000001 1600469054
116.3222 1600469054
117.9864 1600469054
117.98649999999999 1600469054
117.9867 1600469054
118.7781 1600469054
118.7786 1600469054
118.7791 1600469054
111.0222 1600469054
111.0224 1600469054
111.023 1600469054
116.2452 1600469054
116.2445 1600469054
116.24539999999999 1600469054
103.88250000000001 1600469054
103.8828 1600469054
103.88319999999999 1600469054
117.6077 1600469054
117.6072 1600469054
117.60799999999999 1600469054
113.7652 1600469054
113.7655 1600469054
113.7661 1600469054
110.5869 1600469054
110.5872 1600469054
110.5876 1600469054
112.19569999999999 1600469054
112.19529999999999 1600469054
112.196 1600469054
117.65679999999999 1600469054
117.6568 1600469054
117.65740000000001 1600469054
115.57979999999999 1600469054
115.5796 1600469054
115.58040000000001 1600469054
118.4443 1600469054
118.4445 1600469054
118.4448 1600469054
117.76050000000001 1600469054
117.76089999999999 1600469054
117.7614 1600469054
115.30890000000001 1600469054
115.3087 1600469054
115.3088 1600469054
113.5955 1600469054
113.5948 1600469054
113.5957 1600469054
117.23140000000001 1600469054
117.23150000000001 1600469054
117.2316 1600469054
112.6311 1600469054
112.6314 1600469054
112.6319 1600469054
118.4337 1600469054
118.433 1600469054
118.4339 1600469054
106.0121 1600469054
106.0118 1600469054
106.0122 1600469054
118.54910000000001 1600469054
118.5489 1600469054
118.54939999999999 1600469054
118.3466 1600469054
118.3464 1600469054
118.347 1600469054
119.0204 1600469054
119.02040000000001 1600469054
119.02220000000001 1600469054
117.6511 1600469054
117.6512 1600469054
117.6518 1600469054
117.9936 1600469054
117.9934 1600469054
117.99409999999999 1600469054
118.59530000000001 1600469054
118.5952 1600469054
118.59540000000001 1600469054
117.1094 1600469054
117.1099 1600469054
117.1105 1600469054
118.9684 1600469054
118.9686 1600469054
118.96900000000001 1600469054
112.8728 1600469054
112.8726 1600469054
112.8728 1600469054
115.8719 1600469054
115.8721 1600469054
115.8726 1600469054
118.60210000000001 1600469054
118.60180000000001 1600469054
118.6016 1600469054
116.8015 1600469054
116.8018 1600469054
116.8022 1600469054
119.0076 1600469054
119.0073 1600469054
119.0077 1600469054
115.266 1600469054
115.2661 1600469054
115.26610000000001 1600469054
116.3808 1600469054
116.3806 1600469054
116.381 1600469054
118.0885 1600469054
118.0881 1600469054
118.0887 1600469054
119.00919999999999 1600469054
119.0094 1600469054
119.00970000000001 1600469054
118.7166 1600469054
118.7164 1600469054
118.71679999999999 1600469054
117.75200000000001 1600469054
117.7522 1600469054
117.7528 1600469054
112.0939 1600469054
112.0934 1600469054
112.0942 1600469054
117.382 1600469054
117.3817 1600469054
117.3818 1600469054
118.4134 1600469054
118.4132 1600469054
118.4136 1600469054
117.9087 1600469054
117.9086 1600469054
117.9094 1600469054
116.39320000000001 1600469054
116.39320000000001 1600469054
116.39309999999999 1600469054
115.9838 1600469054
115.98530000000001 1600469054
115.9858 1600469054
118.6914 1600469054
118.6916 1600469054
118.6921 1600469054
116.0745 1600469054
116.0742 1600469054
116.0749 1600469054
117.3647 1600469054
117.3646 1600469054
117.3648 1600469054
118.41260000000001 1600469054
118.4121 1600469054
118.412 1600469054
109.4128 1600469054
109.4127 1600469054
109.4132 1600469054
116.3755 1600469054
116.37570000000001 1600469054
116.3763 1600469054
116.6022 1600469054
116.6023 1600469054
116.6022 1600469054
118.4107 1600469054
118.4107 1600469054
118.41080000000001 1600469054
112.0924 1600469054
112.09240000000001 1600469054
112.0928 1600469054
117.9687 1600469054
117.9691 1600469054
117.9695 1600469054
118.9571 1600469054
118.9568 1600469054
118.95739999999999 1600469054
117.2793 1600469054
117.2795 1600469054
117.28 1600469054
