1.2166000000000001 1600646819
1.2961 1600646819
1.5394999999999999 1600646819
1.2612 1600646819
1.1981000000000002 1600646819
1.056 1600646819
1.211 1600646819
1.5198999999999998 1600646819
1.1126 1600646819
1.4079000000000002 1600646819
1.2505000000000002 1600646819
1.2332 1600646819
1.3105 1600646819
1.1890999999999998 1600646819
1.2946 1600646819
1.1680000000000001 1600646819
1.3193000000000001 1600646819
1.2344 1600646819
1.3730000000000002 1600646819
1.0734000000000001 1600646819
1.3232 1600646819
1.2614999999999998 1600646819
1.395 1600646819
1.2267 1600646819
1.0114 1600646819
1.418 1600646819
1.3386 1600646819
1.2103 1600646819
1.3868 1600646819
1.2772999999999999 1600646819
1.3791 1600646819
1.1559 1600646819
1.2094 1600646819
1.4739999999999998 1600646819
1.3889 1600646819
1.3315000000000001 1600646819
1.4795 1600646819
1.3696000000000002 1600646819
1.3426 1600646819
1.2140999999999997 1600646819
1.2997 1600646819
1.1865999999999999 1600646819
1.3506 1600646819
1.1397000000000002 1600646819
1.3147 1600646819
1.2454999999999998 1600646819
1.4637000000000002 1600646819
1.2165 1600646819
1.2974999999999999 1600646819
1.1962000000000002 1600646819
1.3594 1600646819
1.3656000000000001 1600646819
1.3330000000000002 1600646819
1.1514 1600646819
1.2702 1600646819
1.3424 1600646819
1.3860999999999999 1600646819
1.2420999999999998 1600646819
1.2384 1600646819
1.1886 1600646819
1.5045000000000002 1600646819
1.3472 1600646819
1.5253999999999999 1600646819
1.0056000000000003 1600646819
1.4802 1600646819
1.1937 1600646819
1.1737 1600646819
1.2947000000000002 1600646819
1.1472000000000002 1600646819
1.1814 1600646819
1.2498 1600646819
1.4610000000000003 1600646819
1.4552999999999998 1600646819
1.1808 1600646819
1.5307 1600646819
1.4579 1600646819
1.2106 1600646819
1.3232 1600646819
1.153 1600646819
1.0345 1600646819
1.3544999999999998 1600646819
1.0781 1600646819
1.276 1600646819
1.2753 1600646819
1.1657 1600646819
1.2848000000000002 1600646819
1.5107 1600646819
1.2055000000000002 1600646819
1.304 1600646819
1.2136 1600646819
1.3466999999999998 1600646819
1.2453 1600646819
1.275 1600646819
1.1922000000000001 1600646819
1.6302000000000003 1600646819
1.2338 1600646819
1.0089000000000001 1600646819
1.1509 1600646819
1.2676 1600646819
1.1743999999999999 1600646819
1.2569 1600646819
1.3474 1600646819
1.2277999999999998 1600646819
1.3953 1600646819
1.2711999999999999 1600646819
1.3144 1600646819
1.3782999999999999 1600646819
1.2994 1600646819
1.2293 1600646819
1.3853 1600646819
1.2222 1600646819
1.1895000000000002 1600646819
1.1027 1600646819
1.3994 1600646819
1.2671999999999999 1600646819
1.2201 1600646819
1.5360999999999998 1600646819
1.1359 1600646819
1.3594 1600646819
1.2734999999999999 1600646819
1.2199 1600646819
1.4096000000000002 1600646819
1.3201 1600646819
1.2947000000000002 1600646819
1.2485 1600646819
1.1143999999999998 1600646819
1.1981000000000002 1600646819
1.1679 1600646819
1.2559 1600646819
1.3446000000000002 1600646819
1.3881999999999999 1600646819
1.4149 1600646819
1.2814 1600646819
1.3357999999999999 1600646819
1.3625 1600646819
1.3443 1600646819
1.3349 1600646819
1.22 1600646819
1.3598000000000001 1600646819
1.3099 1600646819
1.2982 1600646819
1.3655 1600646819
1.222 1600646819
1.4646 1600646819
1.3077999999999999 1600646819
1.3443 1600646819
1.2588 1600646819
1.0912 1600646819
1.3641 1600646819
1.4618999999999998 1600646819
1.3513000000000002 1600646819
1.3573 1600646819
1.2570000000000001 1600646819
1.2158 1600646819
1.3747 1600646819
1.3795 1600646819
1.3515000000000001 1600646819
1.3194 1600646819
1.5035 1600646819
1.2158 1600646819
1.5049000000000001 1600646819
1.5381999999999998 1600646819
1.4783000000000002 1600646819
1.3032 1600646819
1.0459999999999998 1600646819
1.2321 1600646819
1.5257999999999998 1600646819
1.1968 1600646819
1.4179000000000004 1600646819
1.5413000000000001 1600646819
1.2462 1600646819
1.2757 1600646819
1.2568 1600646819
1.2735999999999998 1600646819
1.2752 1600646819
1.1552 1600646819
1.2729 1600646819
1.3049 1600646819
1.2445 1600646819
1.2204000000000002 1600646819
1.2174 1600646819
1.1683 1600646819
1.5450000000000002 1600646819
1.1709 1600646819
1.2107 1600646819
1.2720000000000002 1600646819
1.1703 1600646819
1.4696000000000002 1600646819
1.2738 1600646819
1.5334 1600646819
1.2307 1600646819
1.0426 1600646819
1.2305000000000001 1600646819
1.3502 1600646819
1.1827 1600646819
1.1539000000000001 1600646819
1.1286 1600646819
1.0158 1600646819
1.2357 1600646819
1.2046000000000001 1600646819
1.1508 1600646819
1.387 1600646819
1.2464 1600646819
1.2584 1600646819
1.1671 1600646819
1.1677 1600646819
1.1173 1600646819
1.1208 1600646819
1.2804 1600646819
1.3717 1600646819
1.3388 1600646819
1.2595999999999998 1600646819
1.1658 1600646819
1.4316 1600646819
1.2942999999999998 1600646819
1.3202 1600646819
1.5061 1600646819
1.1483 1600646819
1.3721 1600646819
1.3193000000000001 1600646819
1.2086999999999999 1600646819
1.2524000000000002 1600646819
1.0431 1600646819
1.3104 1600646819
1.1642 1600646819
1.4578 1600646819
1.2296 1600646819
1.37 1600646819
1.2241 1600646819
1.3786 1600646819
1.2759 1600646819
1.1725 1600646819
1.1707 1600646819
1.3446 1600646819
1.3616000000000001 1600646819
1.3022999999999998 1600646819
1.1897 1600646819
1.2445 1600646819
1.3553000000000002 1600646819
1.2941000000000003 1600646819
1.0958999999999999 1600646819
1.2955999999999999 1600646819
1.5266 1600646819
1.1576 1600646819
1.4885 1600646819
1.318 1600646819
1.2029999999999998 1600646819
1.2494 1600646819
1.4911 1600646819
1.1063999999999998 1600646819
1.363 1600646819
1.6406 1600646819
1.1422999999999999 1600646819
1.326 1600646819
1.5103 1600646819
1.2723 1600646819
1.3530000000000002 1600646819
1.2938 1600646819
1.4057 1600646819
1.2033 1600646819
1.2073 1600646819
1.5158999999999998 1600646819
1.2896 1600646819
1.3125 1600646819
1.2457 1600646819
1.3682 1600646819
1.221 1600646819
1.2492999999999999 1600646819
1.3442 1600646819
1.3115 1600646819
1.1680000000000001 1600646819
1.155 1600646819
1.2572 1600646819
1.4545 1600646819
1.2489 1600646819
1.4927000000000001 1600646819
1.0122 1600646819
1.3728 1600646819
1.4988 1600646819
1.2488000000000001 1600646819
1.5173 1600646819
1.299 1600646819
1.142 1600646819
1.2976999999999999 1600646819
1.1239 1600646819
1.0843 1600646819
1.1065 1600646819
0.9596 1600646819
1.1264 1600646819
1.3420999999999998 1600646819
1.4455 1600646819
1.2266 1600646819
1.4492000000000003 1600646819
1.3018 1600646819
1.1684 1600646819
1.2871 1600646819
1.3854000000000002 1600646819
1.3095 1600646819
1.2216 1600646819
1.3429000000000002 1600646819
1.3025000000000002 1600646819
1.2065000000000001 1600646819
1.4696000000000002 1600646819
1.2264 1600646819
1.3655 1600646819
1.3133000000000001 1600646819
1.3806 1600646819
1.1685 1600646819
1.3083 1600646819
1.505 1600646819
1.3647 1600646819
1.2926 1600646819
1.1784 1600646819
1.3498 1600646819
1.1091000000000002 1600646819
1.499 1600646819
1.3754 1600646819
1.286 1600646819
1.0992000000000002 1600646819
1.3016 1600646819
1.2663 1600646819
1.3332000000000002 1600646819
1.2253 1600646819
1.3521 1600646819
1.411 1600646819
1.3858 1600646819
1.1435 1600646819
1.1939000000000002 1600646819
1.5118 1600646819
1.2336 1600646819
1.2768000000000002 1600646819
1.4480999999999997 1600646819
1.3029 1600646819
1.2361 1600646819
1.2149 1600646819
1.3522 1600646819
1.3533 1600646819
1.3533 1600646819
1.3432 1600646819
1.1721 1600646819
1.261 1600646819
1.3473000000000002 1600646819
1.1903 1600646819
1.3417 1600646819
1.2931 1600646819
1.2549000000000001 1600646819
1.2897 1600646819
1.1574 1600646819
0.9665 1600646819
1.1881 1600646819
1.2507000000000001 1600646819
1.4243999999999999 1600646819
1.4931 1600646819
1.1797999999999997 1600646819
1.6313 1600646819
1.1998000000000002 1600646819
1.2930000000000001 1600646819
1.3614000000000002 1600646819
1.3025000000000002 1600646819
1.4712 1600646819
1.1983000000000001 1600646819
1.3100999999999998 1600646819
1.1822 1600646819
1.274 1600646819
1.357 1600646819
1.2452 1600646819
1.3546999999999998 1600646819
1.2297 1600646819
1.0795 1600646819
1.2252 1600646819
1.3578000000000001 1600646819
1.4985999999999997 1600646819
1.3901 1600646819
1.3019 1600646819
1.323 1600646819
1.451 1600646819
1.2523 1600646819
1.4512999999999998 1600646819
1.1657000000000002 1600646819
1.2183000000000002 1600646819
1.4054 1600646819
1.5158999999999998 1600646819
1.5064 1600646819
1.4909 1600646819
1.3699 1600646819
1.1706 1600646819
1.1646 1600646819
1.4790999999999999 1600646819
1.2682 1600646819
1.1917999999999997 1600646819
1.262 1600646819
1.2534999999999998 1600646819
1.2866 1600646819
1.1533 1600646819
1.4862000000000002 1600646819
1.4186 1600646819
1.2823000000000002 1600646819
1.3245 1600646819
1.1974 1600646819
1.2961 1600646819
1.3269000000000002 1600646819
1.2549000000000001 1600646819
1.2616 1600646819
1.2429000000000001 1600646819
1.2423 1600646819
1.1498 1600646819
1.2908 1600646819
1.2489 1600646819
1.4579000000000002 1600646819
1.0543 1600646819
1.296 1600646819
1.1402999999999999 1600646819
1.1142 1600646819
1.2296 1600646819
1.3237 1600646819
1.3651999999999997 1600646819
1.2024 1600646819
1.2936 1600646819
1.3897 1600646819
1.3535 1600646819
1.3729 1600646819
1.2833999999999999 1600646819
1.3317999999999999 1600646819
1.3212000000000002 1600646819
1.3424999999999998 1600646819
1.342 1600646819
1.1183 1600646819
1.1805 1600646819
1.3293000000000001 1600646819
1.1179000000000001 1600646819
1.1110000000000002 1600646819
1.0958 1600646819
1.3017 1600646819
1.3475000000000001 1600646819
1.3533 1600646819
1.3356 1600646819
1.1178 1600646819
1.326 1600646819
1.1572999999999998 1600646819
1.1413 1600646819
1.3058999999999998 1600646819
1.2667000000000002 1600646819
1.3961999999999999 1600646819
1.3658000000000001 1600646819
1.1723 1600646819
1.2355999999999998 1600646819
1.2966 1600646819
1.0457 1600646819
1.2360000000000002 1600646819
1.1665999999999999 1600646819
1.3291 1600646819
1.4933 1600646819
1.1082 1600646819
1.246 1600646819
1.2574 1600646819
1.1837 1600646819
1.2689 1600646819
1.3447 1600646819
1.2605 1600646819
1.0994000000000002 1600646819
1.1759 1600646819
1.1756 1600646819
1.2258 1600646819
1.1707 1600646819
1.162 1600646819
1.2048 1600646819
1.5556 1600646819
1.3086 1600646819
1.2579 1600646819
1.3731 1600646819
1.3041999999999998 1600646819
1.1721000000000001 1600646819
1.3148 1600646819
1.1682000000000001 1600646819
1.4963 1600646819
1.3306 1600646819
1.2824 1600646819
1.3644 1600646819
1.3575 1600646819
1.4916 1600646819
1.1829 1600646819
1.1262999999999999 1600646819
1.1576 1600646819
1.3254000000000001 1600646819
1.3239 1600646819
1.2433 1600646819
1.1281 1600646819
1.2028 1600646819
1.2031999999999998 1600646819
1.3944999999999999 1600646819
1.3151000000000002 1600646819
1.3047 1600646819
1.2588 1600646819
1.3378 1600646819
1.5337 1600646819
1.3607 1600646819
1.315 1600646819
1.1442999999999999 1600646819
1.3706999999999998 1600646819
1.2416 1600646819
1.1972999999999998 1600646819
1.1723999999999999 1600646819
1.1832 1600646819
1.3012 1600646819
1.2876 1600646819
1.3415 1600646819
1.3859 1600646819
1.5032 1600646819
1.4711999999999998 1600646819
1.3994999999999997 1600646819
1.0457 1600646819
1.1764999999999999 1600646819
