1.8956000000000002 1600640416
1.9637999999999998 1600640416
1.9797 1600640416
2.0049 1600640416
2.0257 1600640416
2.1379 1600640416
2.1961 1600640416
1.9837000000000002 1600640416
2.1428 1600640416
1.9932999999999998 1600640416
2.0359000000000003 1600640416
1.8896 1600640416
2.092 1600640416
1.9938 1600640416
2.2 1600640416
2.0591 1600640416
2.0667 1600640416
1.8894999999999997 1600640416
1.9639 1600640416
2.0937 1600640416
2.2208 1600640416
2.1922 1600640416
2.0896000000000003 1600640416
2.1182000000000003 1600640416
2.2199 1600640416
2.1796 1600640416
2.1146000000000003 1600640416
2.0942000000000003 1600640416
1.7017 1600640416
2.1028000000000002 1600640416
2.0627 1600640416
2.0999000000000003 1600640416
2.1452999999999998 1600640416
2.1889 1600640416
1.9654999999999998 1600640416
2.1195 1600640416
2.1835000000000004 1600640416
2.1076 1600640416
2.1266000000000003 1600640416
2.2147 1600640416
1.9738000000000002 1600640416
2.2487 1600640416
2.0363 1600640416
2.0338 1600640416
2.2909 1600640416
2.0699 1600640416
2.1326 1600640416
2.0354 1600640416
2.0332 1600640416
2.2125 1600640416
2.0582 1600640416
2.1761 1600640416
2.0239 1600640416
2.1078 1600640416
2.0469 1600640416
2.1542 1600640416
2.0682 1600640416
2.1377 1600640416
1.7755999999999998 1600640416
2.1545 1600640416
2.147 1600640416
2.1464 1600640416
1.8626 1600640416
2.1932 1600640416
2.151 1600640416
2.1158 1600640416
2.0342 1600640416
2.0744 1600640416
2.0718 1600640416
2.1912000000000003 1600640416
2.1746 1600640416
2.2171 1600640416
2.1984000000000004 1600640416
2.0354 1600640416
2.1335 1600640416
1.795 1600640416
2.2137000000000002 1600640416
2.0071 1600640416
2.249 1600640416
2.082 1600640416
2.1467 1600640416
2.1492 1600640416
2.2018 1600640416
2.1873 1600640416
2.0353 1600640416
2.2531 1600640416
2.1818999999999997 1600640416
2.0708 1600640416
2.2538 1600640416
2.0007 1600640416
2.0456 1600640416
2.1091 1600640416
2.2427 1600640416
2.0275 1600640416
2.1487 1600640416
2.1008 1600640416
2.1901 1600640416
2.0401 1600640416
2.2133 1600640416
2.0896 1600640416
2.1871 1600640416
2.1466 1600640416
1.7938 1600640416
1.964 1600640416
2.2431 1600640416
1.5945999999999998 1600640416
2.2046 1600640416
2.024 1600640416
2.1567 1600640416
2.1143 1600640416
2.2176 1600640416
2.0464 1600640416
2.2043999999999997 1600640416
2.1556 1600640416
2.0129 1600640416
2.1371 1600640416
2.0628 1600640416
2.1092 1600640416
2.0728 1600640416
2.0704000000000002 1600640416
2.2273 1600640416
2.0502 1600640416
2.091 1600640416
2.1465 1600640416
1.8927 1600640416
2.2178 1600640416
1.983 1600640416
2.2264 1600640416
2.0227 1600640416
2.1555 1600640416
1.9608999999999999 1600640416
2.2022 1600640416
2.2076 1600640416
2.081 1600640416
2.0618 1600640416
2.2195 1600640416
2.1654 1600640416
2.1867 1600640416
2.0709 1600640416
2.1824 1600640416
2.073 1600640416
2.0508 1600640416
2.1131 1600640416
2.184 1600640416
2.183 1600640416
2.0449 1600640416
2.1907 1600640416
2.177 1600640416
2.0724 1600640416
2.2048 1600640416
2.1821 1600640416
2.1573 1600640416
2.0418 1600640416
2.1895000000000002 1600640416
2.2114 1600640416
2.0987 1600640416
2.0509 1600640416
2.117 1600640416
2.1412 1600640416
2.119 1600640416
2.0765000000000002 1600640416
2.082 1600640416
2.1863 1600640416
2.1116 1600640416
2.1304 1600640416
1.9064 1600640416
2.1255 1600640416
2.0606 1600640416
2.1654999999999998 1600640416
1.9641000000000002 1600640416
2.2036 1600640416
2.2017 1600640416
2.2217 1600640416
2.0984000000000003 1600640416
2.0821 1600640416
2.0894 1600640416
2.1658 1600640416
2.1648 1600640416
2.0608 1600640416
2.02 1600640416
2.0959 1600640416
2.0933 1600640416
2.0507 1600640416
2.0985 1600640416
2.0845 1600640416
2.0582 1600640416
2.128 1600640416
2.2477 1600640416
2.1927 1600640416
1.9855 1600640416
1.9055 1600640416
2.0602 1600640416
2.0846 1600640416
2.0461 1600640416
2.1754000000000002 1600640416
2.1488 1600640416
2.1882 1600640416
2.2375000000000003 1600640416
1.9734000000000003 1600640416
2.2123 1600640416
2.1519 1600640416
2.166 1600640416
2.1873 1600640416
2.1442 1600640416
2.2066 1600640416
2.2189 1600640416
2.1203 1600640416
2.1797 1600640416
2.0946 1600640416
1.9306 1600640416
2.0911 1600640416
1.9813 1600640416
2.0638 1600640416
2.1165 1600640416
1.9642 1600640416
2.2054 1600640416
2.1464 1600640416
2.1586 1600640416
2.1494 1600640416
2.1447 1600640416
2.2531 1600640416
1.9817 1600640416
2.2343 1600640416
2.1764 1600640416
2.1517 1600640416
1.9597000000000002 1600640416
2.1963 1600640416
2.1432 1600640416
2.0594 1600640416
2.0725 1600640416
2.1754000000000002 1600640416
2.2285 1600640416
2.1328 1600640416
2.2049 1600640416
1.9516 1600640416
2.1315 1600640416
1.7052 1600640416
2.113 1600640416
1.9545 1600640416
2.0298 1600640416
2.0864 1600640416
2.0689 1600640416
2.0997 1600640416
1.5948000000000002 1600640416
2.1483 1600640416
2.2678 1600640416
2.2111 1600640416
2.0255 1600640416
2.1939 1600640416
2.0601 1600640416
2.1711 1600640416
2.1489 1600640416
2.0786 1600640416
2.1869 1600640416
1.9535 1600640416
1.999 1600640416
2.0814999999999997 1600640416
2.1774999999999998 1600640416
2.1576000000000004 1600640416
1.9048999999999998 1600640416
2.0033000000000003 1600640416
2.0147999999999997 1600640416
1.9793999999999998 1600640416
2.1796 1600640416
2.0564 1600640416
2.1548 1600640416
2.1452 1600640416
2.1580999999999997 1600640416
2.1050000000000004 1600640416
2.185 1600640416
2.146 1600640416
2.1166 1600640416
2.0606999999999998 1600640416
2.2251 1600640416
1.7931000000000001 1600640416
2.1214 1600640416
2.1825 1600640416
1.9688 1600640416
2.1983 1600640416
2.2021 1600640416
2.1614000000000004 1600640416
2.2049 1600640416
2.1521 1600640416
2.1032 1600640416
2.2187 1600640416
2.1845 1600640416
2.1857 1600640416
1.9012000000000002 1600640416
2.0860999999999996 1600640416
2.2152 1600640416
2.0655 1600640416
2.2007 1600640416
2.2222 1600640416
2.1169 1600640416
2.1109 1600640416
2.1888 1600640416
2.2225 1600640416
2.2191 1600640416
2.2335000000000003 1600640416
2.0993 1600640416
1.9934 1600640416
2.1858 1600640416
2.1137 1600640416
2.2086 1600640416
2.2150999999999996 1600640416
2.1593 1600640416
2.1436 1600640416
2.0946 1600640416
2.1212 1600640416
1.8398 1600640416
2.0591 1600640416
2.2373 1600640416
2.2260999999999997 1600640416
2.2596 1600640416
2.2069 1600640416
1.9508999999999999 1600640416
2.0703 1600640416
2.0329 1600640416
2.1799 1600640416
2.2516 1600640416
2.0388 1600640416
1.9294 1600640416
2.109 1600640416
2.1679 1600640416
2.1306000000000003 1600640416
2.2150999999999996 1600640416
2.1781 1600640416
2.0947 1600640416
1.9723 1600640416
2.096 1600640416
2.1813000000000002 1600640416
2.1569 1600640416
2.1059 1600640416
2.1157 1600640416
2.2215 1600640416
2.0039 1600640416
2.173 1600640416
2.1064 1600640416
1.9948000000000001 1600640416
2.2161 1600640416
2.021 1600640416
2.0989 1600640416
1.8995000000000002 1600640416
2.1105 1600640416
2.1772 1600640416
1.9824000000000002 1600640416
2.0604 1600640416
2.0888 1600640416
1.9140000000000001 1600640416
2.1443 1600640416
2.1898 1600640416
1.9969999999999999 1600640416
2.1983 1600640416
2.2176 1600640416
2.1491 1600640416
2.1195 1600640416
2.1339 1600640416
2.0618 1600640416
1.7951000000000001 1600640416
1.955 1600640416
2.0961 1600640416
2.2599 1600640416
2.1458 1600640416
1.9811999999999999 1600640416
2.1566 1600640416
2.0699 1600640416
2.2229 1600640416
2.1815 1600640416
2.1761 1600640416
2.2298 1600640416
2.0366 1600640416
2.0819 1600640416
1.9592 1600640416
2.1782 1600640416
2.0066 1600640416
2.2183 1600640416
2.0953 1600640416
2.2028999999999996 1600640416
2.0518 1600640416
2.0929 1600640416
2.1955 1600640416
2.0162 1600640416
2.0003 1600640416
1.8415 1600640416
2.149 1600640416
2.0584 1600640416
2.2268999999999997 1600640416
1.9524000000000001 1600640416
2.1946000000000003 1600640416
2.2056 1600640416
2.1399999999999997 1600640416
2.2148 1600640416
2.0867 1600640416
2.1018999999999997 1600640416
2.2030999999999996 1600640416
2.1323999999999996 1600640416
2.1653000000000002 1600640416
2.1366 1600640416
1.9943 1600640416
2.1588 1600640416
2.1154 1600640416
2.168 1600640416
2.0702 1600640416
2.1444 1600640416
2.0972999999999997 1600640416
2.1274 1600640416
2.0619 1600640416
2.249 1600640416
2.1124 1600640416
2.0826 1600640416
2.2727 1600640416
2.1762 1600640416
2.0954 1600640416
2.1399 1600640416
1.705 1600640416
1.8767999999999998 1600640416
2.0970000000000004 1600640416
2.1147 1600640416
2.0698999999999996 1600640416
2.076 1600640416
2.0353000000000003 1600640416
2.0202 1600640416
2.2506 1600640416
2.1881 1600640416
2.2516 1600640416
2.1697 1600640416
2.1091 1600640416
2.2297 1600640416
2.1783 1600640416
1.9592 1600640416
2.1283 1600640416
2.0863 1600640416
2.1915 1600640416
1.9308 1600640416
2.0761000000000003 1600640416
2.2211 1600640416
2.1285 1600640416
2.1176 1600640416
2.1807 1600640416
1.7985000000000002 1600640416
2.0755 1600640416
2.0351 1600640416
2.2356 1600640416
2.1729 1600640416
2.0819 1600640416
2.1828 1600640416
2.1171 1600640416
2.1646 1600640416
2.0625999999999998 1600640416
2.0727 1600640416
2.118 1600640416
2.1376 1600640416
2.169 1600640416
1.9727999999999999 1600640416
2.1675 1600640416
2.228 1600640416
2.2428 1600640416
2.2156 1600640416
2.1051 1600640416
2.0145 1600640416
2.1735 1600640416
2.2448 1600640416
2.1032 1600640416
2.1177 1600640416
2.107 1600640416
1.8744999999999998 1600640416
2.0991 1600640416
2.0968 1600640416
2.0652 1600640416
2.1444 1600640416
2.1086 1600640416
2.2212 1600640416
2.1932 1600640416
2.2441 1600640416
2.2024 1600640416
2.0731 1600640416
2.0418 1600640416
2.1446 1600640416
1.9834999999999998 1600640416
2.1191 1600640416
2.0701 1600640416
2.1329 1600640416
2.2183 1600640416
2.1829 1600640416
2.0961 1600640416
1.8982 1600640416
2.0366 1600640416
2.1061 1600640416
2.0846999999999998 1600640416
2.1688 1600640416
2.2143 1600640416
2.1979 1600640416
2.1773 1600640416
2.1095 1600640416
2.1309 1600640416
2.1992 1600640416
2.1577 1600640416
1.975 1600640416
1.9055 1600640416
2.1067 1600640416
2.2446 1600640416
2.1915 1600640416
1.705 1600640416
2.1155 1600640416
2.0943 1600640416
2.2235 1600640416
2.2028 1600640416
2.1305 1600640416
2.0955 1600640416
2.1872 1600640416
2.0569 1600640416
2.1879 1600640416
