1.7088999999999999 1600649262
1.0271 1600649262
1.8292 1600649262
1.6607999999999998 1600649262
1.6704 1600649262
1.0278 1600649262
1.5629000000000002 1600649262
1.6622000000000001 1600649262
1.5557 1600649262
2.3777999999999997 1600649262
2.3501000000000003 1600649262
1.7095 1600649262
1.7095 1600649262
1.5557 1600649262
1.6616000000000002 1600649262
2.0402 1600649262
1.5555 1600649262
2.2337000000000002 1600649262
1.6828 1600649262
1.1547 1600649262
2.3545000000000003 1600649262
2.1938 1600649262
1.1386 1600649262
2.1829 1600649262
2.2091000000000003 1600649262
2.185 1600649262
1.1385 1600649262
1.2681 1600649262
1.7381 1600649262
1.2587000000000002 1600649262
1.6866 1600649262
2.1933 1600649262
2.1933000000000002 1600649262
2.3217 1600649262
2.1944999999999997 1600649262
1.2585000000000002 1600649262
2.2222 1600649262
2.1854 1600649262
1.7040000000000002 1600649262
1.1386 1600649262
1.7015 1600649262
1.6733 1600649262
1.7542 1600649262
1.6259000000000001 1600649262
1.9274 1600649262
1.6840000000000002 1600649262
1.1385 1600649262
1.6726 1600649262
1.7306000000000001 1600649262
1.6015000000000001 1600649262
2.1931000000000003 1600649262
1.4854 1600649262
1.572 1600649262
1.8524 1600649262
1.9687999999999999 1600649262
1.0730000000000002 1600649262
1.8421 1600649262
1.2389000000000001 1600649262
1.8455000000000001 1600649262
1.2385000000000002 1600649262
1.5726 1600649262
1.2415 1600649262
1.8431000000000002 1600649262
1.218 1600649262
1.357 1600649262
1.5826 1600649262
1.5087000000000002 1600649262
1.7925 1600649262
1.5718999999999999 1600649262
0.8382 1600649262
1.5254999999999999 1600649262
1.7917999999999998 1600649262
1.7928000000000002 1600649262
1.5258 1600649262
0.8382 1600649262
1.1115000000000002 1600649262
1.4835 1600649262
0.8897999999999999 1600649262
1.488 1600649262
0.8412 1600649262
1.3587 1600649262
2.1326 1600649262
1.3579 1600649262
1.7558 1600649262
2.1193 1600649262
0.8412 1600649262
2.1275 1600649262
1.6355000000000002 1600649262
2.1618 1600649262
2.1197999999999997 1600649262
1.6086 1600649262
2.1343 1600649262
1.6087 1600649262
2.2961 1600649262
2.1629 1600649262
0.8413999999999999 1600649262
1.5782 1600649262
1.6545 1600649262
2.1655 1600649262
1.6402 1600649262
1.5782 1600649262
2.1195999999999997 1600649262
1.8499 1600649262
1.5785 1600649262
1.5784 1600649262
1.7936 1600649262
2.3006 1600649262
1.6541000000000001 1600649262
0.8612 1600649262
1.5688 1600649262
2.2489999999999997 1600649262
1.4928000000000001 1600649262
2.0742 1600649262
1.4871 1600649262
1.8230000000000002 1600649262
1.2404000000000002 1600649262
1.7915 1600649262
0.9105 1600649262
2.0984000000000003 1600649262
1.1989 1600649262
1.0045000000000002 1600649262
1.3908 1600649262
2.0021999999999998 1600649262
1.3902 1600649262
1.3901000000000001 1600649262
2.0865 1600649262
1.9667999999999999 1600649262
1.3903 1600649262
1.9173999999999998 1600649262
1.1687 1600649262
1.9104 1600649262
1.1684 1600649262
1.1686 1600649262
1.3492000000000002 1600649262
0.9106 1600649262
1.341 1600649262
1.7160000000000002 1600649262
1.1375000000000002 1600649262
1.9424 1600649262
1.1377000000000002 1600649262
1.4357000000000002 1600649262
1.1072000000000002 1600649262
1.2678 1600649262
1.4153 1600649262
1.2438 1600649262
2.2133000000000003 1600649262
2.1637 1600649262
1.7273 1600649262
2.1711 1600649262
1.7291 1600649262
1.2792000000000001 1600649262
1.7276 1600649262
2.0570999999999997 1600649262
2.4919 1600649262
1.7286000000000001 1600649262
1.9741000000000002 1600649262
1.9689 1600649262
1.2789000000000001 1600649262
1.8018 1600649262
1.8464 1600649262
1.2787000000000002 1600649262
1.3911 1600649262
1.5965 1600649262
1.8442 1600649262
2.0377 1600649262
1.5895000000000001 1600649262
1.8781 1600649262
2.0141999999999998 1600649262
1.9247 1600649262
1.5906 1600649262
2.0471 1600649262
2.1887999999999996 1600649262
2.1990000000000003 1600649262
1.3177 1600649262
2.2056 1600649262
0.8125 1600649262
2.2049 1600649262
1.3019 1600649262
2.2382 1600649262
1.3013000000000001 1600649262
2.2016 1600649262
2.0403 1600649262
1.4814 1600649262
2.0391 1600649262
1.4814 1600649262
2.0497 1600649262
1.3018 1600649262
1.4064 1600649262
2.1010999999999997 1600649262
1.318 1600649262
2.2354000000000003 1600649262
1.3170000000000002 1600649262
1.6367 1600649262
2.2062 1600649262
0.8128 1600649262
1.2568000000000001 1600649262
1.6362999999999999 1600649262
1.9546000000000001 1600649262
1.7818 1600649262
1.1131 1600649262
1.7478 1600649262
1.0639 1600649262
1.8986000000000003 1600649262
1.372 1600649262
1.4436 1600649262
1.0652000000000001 1600649262
1.4424000000000001 1600649262
0.7353999999999999 1600649262
1.7094 1600649262
1.3070000000000002 1600649262
1.7186000000000001 1600649262
1.3069000000000002 1600649262
1.7095 1600649262
1.3084 1600649262
1.9721000000000002 1600649262
1.3071000000000002 1600649262
1.3068000000000002 1600649262
2.0523000000000002 1600649262
1.3087 1600649262
1.9713000000000003 1600649262
1.3067 1600649262
1.9805 1600649262
0.7354999999999999 1600649262
1.0636 1600649262
1.9642 1600649262
2.0263 1600649262
1.0098 1600649262
1.9638 1600649262
1.01 1600649262
1.9814000000000003 1600649262
2.0829 1600649262
0.9953 1600649262
0.9954999999999999 1600649262
1.6265 1600649262
1.2317 1600649262
1.9217000000000002 1600649262
2.0427999999999997 1600649262
2.0023 1600649262
1.9228 1600649262
0.9954999999999999 1600649262
1.2957 1600649262
1.5635000000000001 1600649262
1.3723 1600649262
1.5176 1600649262
1.2957 1600649262
2.1721999999999997 1600649262
1.2959 1600649262
1.554 1600649262
0.9953 1600649262
2.1724 1600649262
2.1337 1600649262
0.9954 1600649262
0.9954 1600649262
1.3778000000000001 1600649262
0.9954 1600649262
1.4265 1600649262
2.1191 1600649262
1.5139 1600649262
1.3727 1600649262
1.0622 1600649262
1.1512 1600649262
1.4883000000000002 1600649262
1.117 1600649262
1.4515 1600649262
1.1147 1600649262
1.7926000000000002 1600649262
1.115 1600649262
1.6597000000000002 1600649262
2.2599 1600649262
1.6212 1600649262
2.2564 1600649262
1.6212 1600649262
1.9344999999999999 1600649262
1.6516000000000002 1600649262
1.8432 1600649262
0.8232999999999999 1600649262
1.8984999999999999 1600649262
0.877 1600649262
2.1225 1600649262
0.8769 1600649262
1.7899 1600649262
1.5292000000000001 1600649262
1.7894 1600649262
1.5295 1600649262
1.7829000000000002 1600649262
1.8084 1600649262
1.5292000000000001 1600649262
1.7953000000000001 1600649262
0.8768 1600649262
1.8215000000000001 1600649262
0.8355 1600649262
1.6193000000000002 1600649262
1.5894000000000001 1600649262
1.8845 1600649262
2.3691 1600649262
1.5889 1600649262
1.5939 1600649262
1.8408 1600649262
2.1991 1600649262
1.5886 1600649262
2.2135000000000002 1600649262
1.5901 1600649262
1.0147000000000002 1600649262
1.5894000000000001 1600649262
1.8726 1600649262
1.5795000000000001 1600649262
2.0808999999999997 1600649262
1.3868 1600649262
1.8796000000000002 1600649262
1.3869 1600649262
1.8894000000000002 1600649262
2.0924 1600649262
1.3867 1600649262
1.5904 1600649262
2.1342 1600649262
1.3867 1600649262
1.3867 1600649262
1.9877 1600649262
1.8727 1600649262
1.4400000000000002 1600649262
1.9983 1600649262
1.6287 1600649262
0.9621000000000001 1600649262
1.3194000000000001 1600649262
1.3154000000000001 1600649262
1.3751 1600649262
2.1357 1600649262
1.5133 1600649262
1.5652000000000001 1600649262
1.3154000000000001 1600649262
2.1861 1600649262
1.4979 1600649262
1.3153000000000001 1600649262
1.5961 1600649262
1.3152000000000001 1600649262
1.5571000000000002 1600649262
1.5653000000000001 1600649262
1.3151000000000002 1600649262
1.6034000000000002 1600649262
1.3151000000000002 1600649262
1.4161000000000001 1600649262
2.2173000000000003 1600649262
1.3153000000000001 1600649262
2.1685 1600649262
2.1523 1600649262
2.2102999999999997 1600649262
1.3152000000000001 1600649262
2.1703 1600649262
1.3159 1600649262
1.691 1600649262
1.8837000000000002 1600649262
2.0037000000000003 1600649262
2.1289 1600649262
1.9189000000000003 1600649262
1.0016 1600649262
1.4558 1600649262
2.2277 1600649262
1.2359 1600649262
2.2358 1600649262
1.5735000000000001 1600649262
1.5737 1600649262
1.6533 1600649262
1.9913000000000003 1600649262
1.0021 1600649262
2.2606 1600649262
2.2346 1600649262
1.6946 1600649262
1.6194000000000002 1600649262
2.3934 1600649262
1.7027 1600649262
1.6197000000000001 1600649262
1.6993 1600649262
1.6193000000000002 1600649262
1.7458 1600649262
1.6543 1600649262
1.6948 1600649262
1.6531 1600649262
1.8053000000000001 1600649262
1.6545 1600649262
1.0786 1600649262
1.7289 1600649262
1.5869 1600649262
1.7303000000000002 1600649262
1.5834000000000001 1600649262
1.7237 1600649262
1.5131000000000001 1600649262
1.6735 1600649262
1.7239 1600649262
1.7911 1600649262
1.6783000000000001 1600649262
1.6404 1600649262
1.3121 1600649262
2.2546999999999997 1600649262
1.7789000000000001 1600649262
1.6162 1600649262
1.3119 1600649262
1.6934 1600649262
1.3118 1600649262
1.6159000000000001 1600649262
1.6867 1600649262
1.7525000000000002 1600649262
2.0785 1600649262
2.489 1600649262
1.312 1600649262
1.8290000000000002 1600649262
1.3121 1600649262
1.6151 1600649262
1.8402 1600649262
1.5823 1600649262
2.5504000000000002 1600649262
2.2025 1600649262
1.5670000000000002 1600649262
1.5668000000000002 1600649262
2.185 1600649262
1.3943 1600649262
2.1591 1600649262
1.2867000000000002 1600649262
2.0269 1600649262
2.1775 1600649262
1.1756 1600649262
1.4463000000000001 1600649262
1.7817 1600649262
2.0134 1600649262
1.4459000000000002 1600649262
1.6278000000000001 1600649262
1.8699000000000001 1600649262
1.7962 1600649262
1.1755 1600649262
1.9732000000000003 1600649262
1.7844 1600649262
1.9744000000000002 1600649262
1.1755 1600649262
1.4548 1600649262
1.7332 1600649262
1.5153 1600649262
1.5667 1600649262
1.4549 1600649262
1.5188000000000001 1600649262
1.8330000000000002 1600649262
1.4841 1600649262
1.4765000000000001 1600649262
1.6889 1600649262
1.1393 1600649262
1.3924 1600649262
1.7354 1600649262
1.383 1600649262
1.7312 1600649262
1.3821 1600649262
1.4534 1600649262
1.7404000000000002 1600649262
1.3813000000000002 1600649262
1.4801000000000002 1600649262
1.4827000000000001 1600649262
1.1052000000000002 1600649262
1.2951000000000001 1600649262
1.3658000000000001 1600649262
1.5896000000000001 1600649262
1.3663 1600649262
1.57 1600649262
1.3675000000000002 1600649262
1.1054000000000002 1600649262
1.3736000000000002 1600649262
1.2901 1600649262
1.3780000000000001 1600649262
1.2899 1600649262
1.3709 1600649262
1.5192999999999999 1600649262
1.2958 1600649262
1.1055000000000001 1600649262
1.2914 1600649262
1.4853 1600649262
1.1163 1600649262
1.3627 1600649262
2.1288 1600649262
1.3258 1600649262
2.0385 1600649262
0.7311 1600649262
2.1256999999999997 1600649262
2.0907 1600649262
2.0326 1600649262
0.7015 1600649262
2.0343 1600649262
1.5683 1600649262
0.7017 1600649262
2.0257 1600649262
1.3263 1600649262
2.0262000000000002 1600649262
2.1250999999999998 1600649262
1.2816 1600649262
2.0329 1600649262
1.3261 1600649262
1.4102000000000001 1600649262
1.7374 1600649262
1.4020000000000001 1600649262
1.5477 1600649262
0.7016 1600649262
1.6299 1600649262
1.3645 1600649262
1.4846000000000001 1600649262
2.0403000000000002 1600649262
0.6976 1600649262
1.8976000000000002 1600649262
1.5861 1600649262
1.7029 1600649262
1.737 1600649262
1.6356000000000002 1600649262
1.7143000000000002 1600649262
1.7533 1600649262
1.066 1600649262
1.683 1600649262
1.0659 1600649262
1.635 1600649262
