1.1302 1600649049
1.6886999999999999 1600649049
1.2217 1600649049
1.4973 1600649049
1.5034 1600649049
1.1308000000000002 1600649049
1.4330000000000003 1600649049
1.6160999999999999 1600649049
1.1307 1600649049
1.6909 1600649049
1.6166 1600649049
1.1306000000000003 1600649049
1.4970000000000003 1600649049
1.6683 1600649049
1.4969000000000001 1600649049
1.6434000000000002 1600649049
1.7676999999999998 1600649049
1.4970000000000003 1600649049
2.0115 1600649049
1.5763 1600649049
1.9101000000000004 1600649049
1.3950999999999998 1600649049
2.3360000000000003 1600649049
1.3721 1600649049
1.9358 1600649049
1.3720000000000003 1600649049
1.9303 1600649049
1.1392000000000002 1600649049
2.0526 1600649049
1.8032 1600649049
1.1391 1600649049
1.8118000000000003 1600649049
1.8022999999999998 1600649049
1.8684000000000003 1600649049
1.8035 1600649049
0.8518 1600649049
1.9586999999999999 1600649049
1.8035 1600649049
1.4806000000000004 1600649049
1.4313000000000002 1600649049
1.9838 1600649049
1.4794 1600649049
1.9933 1600649049
1.4315000000000002 1600649049
2.1686 1600649049
1.8648000000000002 1600649049
1.8034000000000003 1600649049
1.4315000000000002 1600649049
1.8001 1600649049
0.8599 1600649049
1.8916 1600649049
1.3438000000000003 1600649049
1.4912999999999998 1600649049
0.9479000000000001 1600649049
1.6683000000000003 1600649049
1.7512000000000003 1600649049
1.7509000000000001 1600649049
1.2693000000000003 1600649049
2.5414000000000003 1600649049
0.9481 1600649049
1.4860000000000002 1600649049
1.8422 1600649049
1.4861999999999997 1600649049
1.7513 1600649049
1.8232000000000002 1600649049
1.7520000000000002 1600649049
0.9481 1600649049
1.0534 1600649049
1.9331 1600649049
1.879 1600649049
1.7597999999999998 1600649049
1.0528 1600649049
1.6669 1600649049
1.8973 1600649049
1.7599 1600649049
0.9480000000000001 1600649049
2.1103 1600649049
1.8238999999999999 1600649049
1.781 1600649049
1.8191000000000002 1600649049
1.0259 1600649049
1.1288 1600649049
2.0926 1600649049
1.1117 1600649049
0.8868000000000001 1600649049
1.0351 1600649049
2.0545999999999998 1600649049
1.0082 1600649049
1.7995999999999999 1600649049
1.7241 1600649049
1.2821000000000002 1600649049
1.0061 1600649049
1.806 1600649049
1.2676000000000003 1600649049
2.0416000000000003 1600649049
1.7989000000000002 1600649049
1.0061 1600649049
1.7993000000000001 1600649049
2.2348 1600649049
1.0059 1600649049
1.0059 1600649049
1.2202000000000002 1600649049
1.8205 1600649049
1.4218000000000002 1600649049
0.9788 1600649049
1.8213000000000004 1600649049
1.4212000000000002 1600649049
1.5030000000000001 1600649049
1.4231 1600649049
2.067 1600649049
1.4927000000000001 1600649049
1.2903000000000002 1600649049
1.4888000000000003 1600649049
2.1305 1600649049
2.8072000000000004 1600649049
1.2796000000000003 1600649049
1.4090000000000003 1600649049
1.4930000000000003 1600649049
1.6756000000000002 1600649049
1.2807 1600649049
2.3242 1600649049
1.5923000000000003 1600649049
1.4351000000000003 1600649049
2.3009 1600649049
0.9864 1600649049
1.4898000000000002 1600649049
2.0638 1600649049
2.293 1600649049
2.0618 1600649049
0.9864 1600649049
1.2837 1600649049
2.0611 1600649049
1.2766000000000002 1600649049
1.4610000000000003 1600649049
2.0602 1600649049
2.2997 1600649049
2.0585 1600649049
2.3206 1600649049
2.2283 1600649049
2.0603000000000002 1600649049
2.3044 1600649049
1.8464999999999998 1600649049
2.2315 1600649049
1.8385000000000002 1600649049
2.2298 1600649049
2.1685000000000003 1600649049
1.9169 1600649049
2.1659 1600649049
2.1657 1600649049
1.9178000000000002 1600649049
2.0349000000000004 1600649049
1.8134000000000001 1600649049
1.1519 1600649049
2.043 1600649049
1.9628 1600649049
1.9165 1600649049
2.0349000000000004 1600649049
1.9627000000000003 1600649049
1.9275000000000002 1600649049
1.968 1600649049
1.9157 1600649049
2.0913000000000004 1600649049
1.9298000000000002 1600649049
1.1518000000000002 1600649049
1.9639000000000002 1600649049
1.9302000000000001 1600649049
1.1517 1600649049
1.9262 1600649049
1.93 1600649049
1.2763 1600649049
1.9589000000000003 1600649049
1.5356999999999998 1600649049
1.9353000000000002 1600649049
1.5359000000000003 1600649049
1.9365 1600649049
1.6985000000000001 1600649049
2.0866000000000002 1600649049
1.0125000000000002 1600649049
2.0897 1600649049
1.2700999999999998 1600649049
1.9339 1600649049
1.5379 1600649049
1.934 1600649049
1.5363000000000002 1600649049
1.8095 1600649049
1.5368999999999997 1600649049
1.8471000000000002 1600649049
1.9314 1600649049
1.5374000000000003 1600649049
1.27 1600649049
1.9427000000000003 1600649049
1.5353000000000003 1600649049
1.9336000000000002 1600649049
1.8393 1600649049
1.536 1600649049
1.8152000000000004 1600649049
1.9572000000000003 1600649049
1.81 1600649049
1.5354 1600649049
1.8465000000000003 1600649049
1.6032 1600649049
1.7706000000000002 1600649049
1.0776999999999999 1600649049
1.524 1600649049
1.2689000000000004 1600649049
1.447 1600649049
1.4002 1600649049
1.4460000000000002 1600649049
1.3885999999999998 1600649049
1.0725000000000002 1600649049
1.4072 1600649049
1.7861000000000002 1600649049
1.2814999999999999 1600649049
1.7942 1600649049
1.0729000000000002 1600649049
1.2480000000000002 1600649049
1.4428 1600649049
1.7256999999999998 1600649049
1.4500000000000002 1600649049
1.2461000000000002 1600649049
1.4428 1600649049
1.4858000000000002 1600649049
1.246 1600649049
1.4474 1600649049
1.4504000000000001 1600649049
1.2462 1600649049
1.8739000000000003 1600649049
1.4423 1600649049
1.8590999999999998 1600649049
1.8663000000000003 1600649049
1.0463 1600649049
1.8604 1600649049
1.9218000000000002 1600649049
0.9708999999999999 1600649049
2.1102999999999996 1600649049
0.9534000000000001 1600649049
0.9537000000000001 1600649049
1.9318 1600649049
2.1147 1600649049
0.9537000000000001 1600649049
2.1109999999999998 1600649049
0.9537000000000001 1600649049
1.9548 1600649049
0.9537000000000001 1600649049
0.9535000000000001 1600649049
1.4405000000000001 1600649049
1.4805000000000001 1600649049
1.6057000000000001 1600649049
1.4408000000000003 1600649049
1.9535 1600649049
2.1046 1600649049
0.8424000000000001 1600649049
1.4790999999999999 1600649049
2.0068 1600649049
1.6234000000000002 1600649049
0.8418000000000001 1600649049
1.3893 1600649049
0.8418000000000001 1600649049
1.6234000000000002 1600649049
1.3692 1600649049
1.2023 1600649049
1.6895000000000002 1600649049
1.2024 1600649049
1.5248 1600649049
1.9832 1600649049
1.6493 1600649049
1.2025000000000001 1600649049
1.4176000000000002 1600649049
1.9931 1600649049
1.6077 1600649049
1.9939 1600649049
1.4167 1600649049
1.9691999999999998 1600649049
1.6498000000000004 1600649049
1.2023000000000001 1600649049
1.3215000000000003 1600649049
1.8 1600649049
1.3697000000000004 1600649049
1.8013000000000003 1600649049
1.3209 1600649049
1.9261000000000004 1600649049
1.6063 1600649049
1.9221000000000004 1600649049
2.0833000000000004 1600649049
1.6009000000000002 1600649049
2.0838 1600649049
1.9844 1600649049
1.6009000000000002 1600649049
1.9888000000000001 1600649049
1.6892 1600649049
1.202 1600649049
1.2611000000000003 1600649049
1.8041 1600649049
1.2602000000000002 1600649049
1.8138 1600649049
1.6886 1600649049
1.7985000000000002 1600649049
1.2600000000000002 1600649049
2.2512000000000003 1600649049
1.3999000000000001 1600649049
1.9799999999999998 1600649049
1.8736000000000002 1600649049
1.202 1600649049
1.8659000000000001 1600649049
1.8723 1600649049
1.2022 1600649049
1.9001000000000001 1600649049
1.0495999999999999 1600649049
1.0495 1600649049
2.4098 1600649049
1.8045 1600649049
1.3986 1600649049
1.9061000000000003 1600649049
1.0495999999999999 1600649049
1.9000000000000004 1600649049
1.9683000000000002 1600649049
1.8568 1600649049
1.0495 1600649049
1.9009 1600649049
1.4325 1600649049
1.9518 1600649049
1.8834 1600649049
1.7626 1600649049
1.3416000000000001 1600649049
1.6131000000000002 1600649049
1.7867 1600649049
1.7621 1600649049
1.5164999999999997 1600649049
1.7621999999999998 1600649049
1.6560000000000001 1600649049
1.7716000000000003 1600649049
1.1078 1600649049
1.7182 1600649049
1.1078000000000001 1600649049
1.7009000000000003 1600649049
1.5165000000000002 1600649049
1.4861 1600649049
1.1078999999999999 1600649049
1.4617 1600649049
1.6622999999999999 1600649049
1.7138 1600649049
1.6920000000000002 1600649049
0.8375 1600649049
1.5566 1600649049
0.8375 1600649049
1.7675999999999998 1600649049
0.8375 1600649049
1.6603000000000003 1600649049
1.6910999999999998 1600649049
1.7630000000000003 1600649049
1.6124 1600649049
1.7068000000000003 1600649049
1.8732 1600649049
1.7038999999999997 1600649049
1.6125000000000003 1600649049
0.8946 1600649049
2.0935 1600649049
0.8946 1600649049
1.7648000000000001 1600649049
1.2735000000000003 1600649049
1.8820000000000001 1600649049
1.5153000000000003 1600649049
1.6754000000000002 1600649049
1.2736 1600649049
1.9882 1600649049
1.4932000000000003 1600649049
1.8832 1600649049
1.4861 1600649049
1.8739000000000003 1600649049
1.5508000000000002 1600649049
1.2735000000000003 1600649049
1.4861 1600649049
1.4791000000000003 1600649049
2.097 1600649049
1.7711000000000001 1600649049
1.4799000000000002 1600649049
1.4792 1600649049
0.8948000000000002 1600649049
1.4826000000000001 1600649049
1.4533 1600649049
1.9882999999999997 1600649049
1.4350999999999998 1600649049
1.6919 1600649049
1.4263 1600649049
1.6767 1600649049
1.4079000000000002 1600649049
1.62 1600649049
1.6893 1600649049
2.0077000000000003 1600649049
1.9889000000000001 1600649049
1.6778 1600649049
1.4081000000000001 1600649049
1.4078000000000004 1600649049
1.6602999999999999 1600649049
1.2966000000000002 1600649049
1.6331000000000002 1600649049
1.2967 1600649049
1.4563000000000001 1600649049
1.6859000000000002 1600649049
1.4011 1600649049
1.8068 1600649049
1.4079000000000002 1600649049
1.6781000000000001 1600649049
1.7852999999999999 1600649049
1.6771000000000003 1600649049
1.2965 1600649049
2.0278 1600649049
1.3883 1600649049
2.0334 1600649049
1.4260000000000002 1600649049
1.8187000000000002 1600649049
1.3947000000000003 1600649049
1.6454 1600649049
2.0918 1600649049
1.646 1600649049
1.9468 1600649049
1.6502 1600649049
1.3948 1600649049
2.0509 1600649049
1.6449 1600649049
1.3946 1600649049
1.8077999999999999 1600649049
1.6483 1600649049
1.818 1600649049
1.7825000000000002 1600649049
1.9436 1600649049
1.6487000000000003 1600649049
1.7829000000000002 1600649049
1.8186 1600649049
1.3948 1600649049
1.6181 1600649049
1.9436999999999998 1600649049
1.3946 1600649049
2.4463000000000004 1600649049
2.3441 1600649049
1.3947000000000003 1600649049
1.3948 1600649049
1.9512 1600649049
1.8187999999999998 1600649049
1.0814 1600649049
1.3594000000000004 1600649049
1.8687999999999998 1600649049
2.1685000000000003 1600649049
0.8788000000000001 1600649049
1.9396 1600649049
0.8788000000000001 1600649049
1.3668 1600649049
1.5828000000000002 1600649049
1.5816 1600649049
2.1948 1600649049
1.8671999999999997 1600649049
1.3541999999999998 1600649049
1.4079000000000002 1600649049
1.8673 1600649049
1.9422 1600649049
1.3538000000000001 1600649049
1.4402 1600649049
0.8788000000000001 1600649049
1.8702 1600649049
1.4396 1600649049
1.6335000000000002 1600649049
1.5832000000000002 1600649049
0.8788000000000001 1600649049
1.1922000000000001 1600649049
1.8167 1600649049
1.3796000000000004 1600649049
1.874 1600649049
1.1919 1600649049
1.1916 1600649049
1.9578 1600649049
1.1139 1600649049
1.7654 1600649049
1.7671999999999999 1600649049
1.0181 1600649049
1.7590000000000003 1600649049
1.7852000000000001 1600649049
1.0181 1600649049
1.2130999999999998 1600649049
1.9034 1600649049
1.1897000000000002 1600649049
2.0039 1600649049
1.8269000000000002 1600649049
1.0197000000000003 1600649049
1.1728 1600649049
1.8609999999999998 1600649049
1.0199000000000003 1600649049
1.2041 1600649049
1.5143000000000002 1600649049
1.9941 1600649049
1.9535999999999998 1600649049
1.5149000000000004 1600649049
1.7828000000000002 1600649049
1.1679 1600649049
1.3960000000000004 1600649049
1.9532000000000003 1600649049
1.3949000000000003 1600649049
1.3946999999999998 1600649049
1.9693 1600649049
1.3948 1600649049
1.5594 1600649049
1.3157 1600649049
1.9853 1600649049
1.9023999999999999 1600649049
1.3299000000000003 1600649049
0.9797000000000001 1600649049
1.3051000000000004 1600649049
1.3601 1600649049
1.619 1600649049
1.3035 1600649049
1.4740000000000002 1600649049
1.1999 1600649049
1.4660000000000002 1600649049
