28.8462 1600357035
27.46 1600357035
9.4412 1600357035
29.0608 1600357035
29.227700000000002 1600357035
27.561 1600357035
26.185000000000002 1600357035
28.5671 1600357035
28.630599999999998 1600357035
24.9522 1600357035
29.3812 1600357035
22.806800000000003 1600357035
27.7768 1600357035
24.3578 1600357035
24.0622 1600357035
25.0375 1600357035
25.585700000000003 1600357035
25.838500000000003 1600357035
27.852 1600357035
27.407200000000003 1600357035
28.73 1600357035
29.3735 1600357035
28.786700000000003 1600357035
29.1685 1600357035
24.8122 1600357035
19.8291 1600357035
25.4634 1600357035
26.0166 1600357035
26.0165 1600357035
29.187700000000003 1600357035
20.1082 1600357035
11.8562 1600357035
20.114600000000003 1600357035
21.924500000000002 1600357035
22.505200000000002 1600357035
25.0669 1600357035
27.910400000000003 1600357035
25.0377 1600357035
28.4447 1600357035
22.660200000000003 1600357035
28.748700000000003 1600357035
21.9155 1600357035
28.5881 1600357035
22.1844 1600357035
23.829 1600357035
29.3258 1600357035
26.231299999999997 1600357035
22.794600000000003 1600357035
27.1092 1600357035
28.401600000000002 1600357035
28.381500000000003 1600357035
29.3613 1600357035
24.267300000000002 1600357035
27.003500000000003 1600357035
27.5746 1600357035
27.5747 1600357035
28.743000000000002 1600357035
28.4448 1600357035
28.786700000000003 1600357035
29.303800000000003 1600357035
24.1692 1600357035
22.8012 1600357035
26.4175 1600357035
27.3903 1600357035
22.9398 1600357035
24.7499 1600357035
25.1518 1600357035
25.1517 1600357035
26.3367 1600357035
27.5851 1600357035
29.202900000000003 1600357035
15.2705 1600357035
14.0504 1600357035
19.324 1600357035
23.157300000000003 1600357035
23.252899999999997 1600357035
24.027299999999997 1600357035
24.05 1600357035
25.271500000000003 1600357035
25.488300000000002 1600357035
25.683 1600357035
26.215100000000003 1600357035
29.0367 1600357035
25.925700000000003 1600357035
29.227700000000002 1600357035
34.769800000000004 1600357035
28.003400000000003 1600357035
32.6623 1600357035
33.9986 1600357035
29.1457 1600357035
29.8886 1600357035
32.2035 1600357035
31.287500000000005 1600357035
34.066 1600357035
32.203399999999995 1600357035
31.736200000000004 1600357035
33.9761 1600357035
34.119 1600357035
30.8808 1600357035
31.714700000000004 1600357035
31.8807 1600357035
33.906600000000005 1600357035
34.1276 1600357035
31.1832 1600357035
31.183100000000003 1600357035
33.106899999999996 1600357035
31.1987 1600357035
31.183200000000003 1600357035
31.183300000000003 1600357035
32.7295 1600357035
33.829 1600357035
29.2479 1600357035
30.225600000000004 1600357035
30.2116 1600357035
30.632600000000004 1600357035
31.184400000000004 1600357035
31.335100000000004 1600357035
31.334600000000002 1600357035
31.5813 1600357035
32.8767 1600357035
32.2577 1600357035
33.107 1600357035
33.0858 1600357035
34.1001 1600357035
29.2479 1600357035
23.812 1600357035
31.6801 1600357035
29.922700000000003 1600357035
30.088800000000003 1600357035
18.3889 1600357035
30.632600000000004 1600357035
30.397700000000004 1600357035
30.755499999999998 1600357035
31.316500000000005 1600357035
24.779300000000003 1600357035
31.650199999999998 1600357035
24.9739 1600357035
32.7161 1600357035
34.0659 1600357035
29.014799999999997 1600357035
31.1832 1600357035
32.3796 1600357035
26.532200000000003 1600357035
33.9623 1600357035
21.1858 1600357035
29.796400000000002 1600357035
30.510100000000005 1600357035
30.447200000000002 1600357035
32.48 1600357035
30.51 1600357035
33.6934 1600357035
26.517200000000003 1600357035
27.377000000000002 1600357035
29.847700000000003 1600357035
27.831300000000002 1600357035
28.1003 1600357035
29.087200000000003 1600357035
31.543400000000002 1600357035
28.515500000000003 1600357035
33.5026 1600357035
24.1812 1600357035
34.1003 1600357035
25.8761 1600357035
29.652800000000003 1600357035
28.8453 1600357035
29.4065 1600357035
29.381400000000003 1600357035
29.652900000000002 1600357035
0.9371999999999998 1600357035
30.657200000000003 1600357035
34.9328 1600357035
25.9021 1600357035
25.9019 1600357035
26.444000000000003 1600357035
26.4346 1600357035
27.5241 1600357035
28.142400000000002 1600357035
28.468600000000002 1600357035
29.3027 1600357035
28.4949 1600357035
28.765400000000003 1600357035
28.7637 1600357035
28.9863 1600357035
28.9861 1600357035
29.360500000000002 1600357035
23.3782 1600357035
20.0316 1600357035
27.5241 1600357035
24.1391 1600357035
22.950300000000002 1600357035
28.316499999999998 1600357035
23.193900000000003 1600357035
29.3606 1600357035
24.026000000000003 1600357035
23.325400000000002 1600357035
26.5528 1600357035
12.9987 1600357035
27.860400000000002 1600357035
28.3408 1600357035
23.590600000000002 1600357035
28.526100000000003 1600357035
23.7998 1600357035
23.7833 1600357035
24.4912 1600357035
25.1139 1600357035
27.4387 1600357035
28.4947 1600357035
28.7401 1600357035
28.7402 1600357035
28.893900000000002 1600357035
29.360500000000002 1600357035
25.086000000000002 1600357035
24.7332 1600357035
25.638900000000003 1600357035
26.0122 1600357035
26.073700000000002 1600357035
29.033700000000003 1600357035
14.9249 1600357035
17.4482 1600357035
29.373700000000003 1600357035
20.015 1600357035
3.7929999999999997 1600357035
22.918000000000003 1600357035
23.0349 1600357035
23.8911 1600357035
24.1611 1600357035
24.797800000000002 1600357035
25.7222 1600357035
27.2851 1600357035
27.186700000000002 1600357035
24.7343 1600357035
29.0337 1600357035
25.6692 1600357035
26.2517 1600357035
29.3606 1600357035
26.252000000000002 1600357035
28.5697 1600357035
29.0335 1600357035
29.163400000000003 1600357035
29.163400000000003 1600357035
25.7951 1600357035
25.0667 1600357035
25.396 1600357035
25.5269 1600357035
26.412200000000002 1600357035
25.7577 1600357035
25.8599 1600357035
25.843600000000002 1600357035
25.828100000000003 1600357035
26.4421 1600357035
27.285 1600357035
28.3988 1600357035
28.552000000000003 1600357035
28.9863 1600357035
28.9391 1600357035
28.5698 1600357035
30.034000000000002 1600357035
30.9241 1600357035
30.907600000000002 1600357035
28.326400000000003 1600357035
34.0455 1600357035
25.119300000000003 1600357035
28.5153 1600357035
29.0008 1600357035
31.0419 1600357035
32.388 1600357035
32.6836 1600357035
22.769000000000002 1600357035
26.9384 1600357035
33.0122 1600357035
28.3972 1600357035
33.4456 1600357035
29.2816 1600357035
24.1975 1600357035
30.082 1600357035
30.0974 1600357035
30.8877 1600357035
30.786700000000003 1600357035
32.661899999999996 1600357035
33.8337 1600357035
30.685 1600357035
24.763399999999997 1600357035
28.950300000000002 1600357035
33.854 1600357035
24.7421 1600357035
27.832800000000002 1600357035
28.309900000000003 1600357035
24.3582 1600357035
25.1941 1600357035
30.0822 1600357035
30.693200000000004 1600357035
30.907600000000002 1600357035
31.278900000000004 1600357035
31.714000000000002 1600357035
32.302099999999996 1600357035
32.9484 1600357035
33.370799999999996 1600357035
25.187900000000003 1600357035
32.9483 1600357035
31.718200000000003 1600357035
33.429300000000005 1600357035
33.856 1600357035
30.6152 1600357035
34.072399999999995 1600357035
30.943600000000004 1600357035
31.318700000000003 1600357035
31.361200000000004 1600357035
31.4895 1600357035
31.489300000000004 1600357035
31.513600000000004 1600357035
31.361100000000004 1600357035
34.099399999999996 1600357035
31.361100000000004 1600357035
33.9779 1600357035
31.454300000000003 1600357035
32.661899999999996 1600357035
31.4893 1600357035
31.8671 1600357035
32.7523 1600357035
16.9459 1600357035
32.7361 1600357035
30.887999999999998 1600357035
31.867100000000004 1600357035
19.7007 1600357035
25.306600000000003 1600357035
29.608500000000003 1600357035
31.735900000000004 1600357035
33.3709 1600357035
24.3582 1600357035
29.976000000000003 1600357035
29.7758 1600357035
30.128300000000003 1600357035
30.924000000000003 1600357035
31.431800000000003 1600357035
31.390000000000004 1600357035
31.5811 1600357035
24.326400000000003 1600357035
28.5054 1600357035
30.3166 1600357035
31.338500000000003 1600357035
30.4226 1600357035
34.1818 1600357035
29.131500000000003 1600357035
29.276100000000003 1600357035
29.131400000000003 1600357035
28.3001 1600357035
28.6351 1600357035
28.635 1600357035
28.994000000000003 1600357035
28.994100000000003 1600357035
26.980700000000002 1600357035
29.276 1600357035
26.6506 1600357035
27.1078 1600357035
28.299500000000002 1600357035
28.936 1600357035
28.139200000000002 1600357035
28.3855 1600357035
26.9036 1600357035
28.9642 1600357035
28.299400000000002 1600357035
28.299400000000002 1600357035
28.299500000000002 1600357035
28.5862 1600357035
28.5498 1600357035
28.765 1600357035
26.1874 1600357035
29.0411 1600357035
25.432000000000002 1600357035
25.489 1600357035
27.2557 1600357035
28.964100000000002 1600357035
25.9018 1600357035
27.1446 1600357035
26.840200000000003 1600357035
29.2758 1600357035
27.1446 1600357035
24.139000000000003 1600357035
27.1447 1600357035
25.1569 1600357035
25.8277 1600357035
28.6764 1600357035
25.6602 1600357035
29.2758 1600357035
27.186300000000003 1600357035
25.350700000000003 1600357035
25.8086 1600357035
29.276 1600357035
25.7329 1600357035
29.377200000000002 1600357035
26.057000000000002 1600357035
28.380300000000002 1600357035
28.468300000000003 1600357035
29.0413 1600357035
26.197300000000002 1600357035
25.733 1600357035
26.081200000000003 1600357035
27.145300000000002 1600357035
28.317600000000002 1600357035
28.2988 1600357035
28.545699999999997 1600357035
29.0411 1600357035
28.4766 1600357035
29.326600000000003 1600357035
28.6061 1600357035
28.2391 1600357035
28.0147 1600357035
28.6765 1600357035
28.634900000000002 1600357035
29.276 1600357035
26.017400000000002 1600357035
26.197100000000002 1600357035
27.1447 1600357035
28.2219 1600357035
28.4892 1600357035
28.965600000000002 1600357035
29.359699999999997 1600357035
28.6677 1600357035
28.6351 1600357035
29.0411 1600357035
28.6351 1600357035
25.6464 1600357035
28.933200000000003 1600357035
28.6243 1600357035
29.100900000000003 1600357035
28.2218 1600357035
34.919799999999995 1600357035
31.026600000000002 1600357035
30.157 1600357035
31.1068 1600357035
30.989600000000003 1600357035
29.0698 1600357035
31.0795 1600357035
31.6809 1600357035
31.581900000000005 1600357035
32.2904 1600357035
31.3068 1600357035
31.378700000000002 1600357035
31.3007 1600357035
33.6503 1600357035
31.356400000000004 1600357035
33.3243 1600357035
34.0692 1600357035
29.611900000000002 1600357035
30.3938 1600357035
31.463 1600357035
31.713600000000003 1600357035
32.338699999999996 1600357035
31.7137 1600357035
31.735200000000003 1600357035
32.6748 1600357035
33.3243 1600357035
33.6032 1600357035
30.157200000000003 1600357035
30.157100000000003 1600357035
30.561500000000002 1600357035
10.229 1600357035
30.494300000000003 1600357035
31.5075 1600357035
29.611900000000002 1600357035
30.881800000000002 1600357035
30.684700000000003 1600357035
31.7137 1600357035
32.2169 1600357035
13.187899999999999 1600357035
13.5882 1600357035
32.714 1600357035
24.3033 1600357035
29.9932 1600357035
32.9298 1600357035
34.050599999999996 1600357035
30.2941 1600357035
21.8993 1600357035
30.838 1600357035
32.2904 1600357035
33.963899999999995 1600357035
24.2679 1600357035
34.0903 1600357035
25.8766 1600357035
26.631800000000002 1600357035
28.0807 1600357035
29.122700000000002 1600357035
29.611900000000002 1600357035
29.0268 1600357035
30.137700000000002 1600357035
31.3358 1600357035
33.2334 1600357035
33.8322 1600357035
29.5321 1600357035
31.050000000000004 1600357035
31.049300000000002 1600357035
32.3387 1600357035
33.3392 1600357035
31.065000000000005 1600357035
31.833200000000005 1600357035
32.2089 1600357035
31.882600000000004 1600357035
34.0152 1600357035
34.1097 1600357035
29.993000000000002 1600357035
31.079500000000003 1600357035
32.5239 1600357035
25.5315 1600357035
32.3387 1600357035
33.588499999999996 1600357035
33.5839 1600357035
31.0267 1600357035
31.588100000000004 1600357035
31.8995 1600357035
32.2905 1600357035
32.714099999999995 1600357035
33.978 1600357035
