2.2517 1600352717
2.3123 1600352717
2.2127000000000003 1600352717
2.4266 1600352717
2.4202 1600352717
2.1588000000000003 1600352717
2.4246000000000003 1600352717
2.1484 1600352717
2.2365 1600352717
2.3101000000000003 1600352717
2.2394000000000003 1600352717
2.4452000000000003 1600352717
2.4267000000000003 1600352717
2.1733000000000002 1600352717
2.4422 1600352717
2.4274 1600352717
2.4182 1600352717
2.3174 1600352717
2.2931 1600352717
2.2356000000000003 1600352717
2.4198 1600352717
2.0312 1600352717
2.42 1600352717
2.3073 1600352717
2.4279 1600352717
2.5477000000000003 1600352717
2.2568 1600352717
2.0854 1600352717
2.3761 1600352717
2.2367 1600352717
2.4451 1600352717
2.4285 1600352717
2.2742 1600352717
2.2909 1600352717
2.3144 1600352717
2.2921 1600352717
2.1270000000000002 1600352717
2.2985 1600352717
2.5123 1600352717
2.0319000000000003 1600352717
2.4444 1600352717
2.5652 1600352717
2.2246 1600352717
2.1379 1600352717
2.2572 1600352717
2.3132 1600352717
2.1795 1600352717
2.0607 1600352717
2.1481 1600352717
2.4198 1600352717
2.2928 1600352717
2.1556 1600352717
2.4195 1600352717
2.1486 1600352717
2.2359 1600352717
2.4621 1600352717
2.2732 1600352717
2.4786 1600352717
2.0864000000000003 1600352717
2.443 1600352717
2.2896 1600352717
2.2512 1600352717
2.4269 1600352717
2.4291 1600352717
2.4274 1600352717
2.0066 1600352717
2.4399 1600352717
2.1504000000000003 1600352717
2.24 1600352717
2.4403 1600352717
2.4172000000000002 1600352717
2.4204000000000003 1600352717
2.2896 1600352717
2.4278 1600352717
2.1635 1600352717
2.3566000000000003 1600352717
2.3708 1600352717
2.4589000000000003 1600352717
2.4290000000000003 1600352717
2.0856 1600352717
2.3817 1600352717
2.2187 1600352717
2.2221 1600352717
2.0339 1600352717
2.4278 1600352717
2.2565 1600352717
2.0956 1600352717
2.3091 1600352717
2.4456 1600352717
2.3938 1600352717
2.4349000000000003 1600352717
2.4261 1600352717
2.1017 1600352717
2.5155000000000003 1600352717
2.3939 1600352717
2.1557 1600352717
2.4355 1600352717
2.4262 1600352717
2.3709000000000002 1600352717
2.0529 1600352717
2.2158 1600352717
2.2527 1600352717
2.3044000000000002 1600352717
2.252 1600352717
2.5656000000000003 1600352717
2.1485000000000003 1600352717
2.2364 1600352717
2.2896 1600352717
2.2399 1600352717
2.4628 1600352717
2.173 1600352717
2.2363 1600352717
2.1321000000000003 1600352717
2.4276 1600352717
2.5551 1600352717
2.2187 1600352717
2.2924 1600352717
2.1633 1600352717
2.051 1600352717
2.4278 1600352717
2.3129 1600352717
2.4263999999999997 1600352717
2.427 1600352717
2.1485 1600352717
2.2236000000000002 1600352717
2.1245000000000003 1600352717
2.4259999999999997 1600352717
2.295 1600352717
2.371 1600352717
2.1746000000000003 1600352717
2.4201 1600352717
2.229 1600352717
2.4823 1600352717
2.4198 1600352717
2.3046 1600352717
2.4789000000000003 1600352717
2.1632000000000002 1600352717
2.427 1600352717
2.2987 1600352717
2.5554 1600352717
2.1201000000000003 1600352717
2.2359 1600352717
2.4255 1600352717
2.1268000000000002 1600352717
2.4263 1600352717
2.4278 1600352717
2.0805000000000002 1600352717
2.4589000000000003 1600352717
2.1497 1600352717
2.2181 1600352717
2.479 1600352717
2.5676 1600352717
2.4196 1600352717
2.4276 1600352717
2.0307 1600352717
2.1717 1600352717
2.1625 1600352717
2.1485000000000003 1600352717
2.3045 1600352717
2.3079 1600352717
2.4172000000000002 1600352717
2.2959 1600352717
2.2515 1600352717
2.181 1600352717
2.257 1600352717
2.2739000000000003 1600352717
2.2959 1600352717
2.4290000000000003 1600352717
2.2362 1600352717
2.0701 1600352717
2.0967000000000002 1600352717
2.0357000000000003 1600352717
2.2932 1600352717
2.2357 1600352717
2.2957 1600352717
2.0989999999999998 1600352717
2.08 1600352717
2.1628000000000003 1600352717
2.2903 1600352717
2.4267000000000003 1600352717
2.4486000000000003 1600352717
2.1853000000000002 1600352717
2.3049 1600352717
2.3567 1600352717
2.4258 1600352717
2.2907 1600352717
2.4265000000000003 1600352717
2.4298 1600352717
2.1671 1600352717
2.0968 1600352717
2.2182 1600352717
2.5572 1600352717
2.2893000000000003 1600352717
2.4284000000000003 1600352717
2.2205 1600352717
2.2183 1600352717
2.427 1600352717
2.4349000000000003 1600352717
2.2742 1600352717
2.4523 1600352717
2.0875 1600352717
2.4410000000000003 1600352717
2.257 1600352717
2.4262 1600352717
2.43 1600352717
2.499 1600352717
2.311 1600352717
2.3575999999999997 1600352717
2.0812999999999997 1600352717
2.3047 1600352717
2.4298 1600352717
2.4206000000000003 1600352717
2.4403 1600352717
2.4288000000000003 1600352717
2.2591 1600352717
2.2935 1600352717
2.1478 1600352717
2.4442 1600352717
2.3111 1600352717
2.3043 1600352717
2.4207 1600352717
2.2188000000000003 1600352717
2.4182 1600352717
2.4628 1600352717
2.4815 1600352717
2.4450000000000003 1600352717
2.1607 1600352717
2.2588999999999997 1600352717
2.4288000000000003 1600352717
2.0947999999999998 1600352717
2.4194999999999998 1600352717
2.4985999999999997 1600352717
2.4195 1600352717
2.2975 1600352717
2.4787 1600352717
2.1559999999999997 1600352717
2.3758 1600352717
2.2933 1600352717
2.4804999999999997 1600352717
2.1500999999999997 1600352717
2.479 1600352717
2.2934 1600352717
2.4404999999999997 1600352717
2.1627 1600352717
2.2887 1600352717
2.4432 1600352717
2.0086999999999997 1600352717
2.4194999999999998 1600352717
2.031 1600352717
2.4272 1600352717
2.295 1600352717
2.3941 1600352717
2.4668 1600352717
2.0907 1600352717
2.4808 1600352717
2.2497 1600352717
2.15 1600352717
2.4666 1600352717
2.4279 1600352717
2.2521 1600352717
2.1625 1600352717
2.4207 1600352717
2.4444 1600352717
2.4791000000000003 1600352717
2.009 1600352717
2.2963 1600352717
2.1498 1600352717
2.0900000000000003 1600352717
2.462 1600352717
2.4275 1600352717
2.2944 1600352717
2.4402999999999997 1600352717
2.2357 1600352717
2.4791000000000003 1600352717
2.1485000000000003 1600352717
2.4453 1600352717
2.4289 1600352717
2.2111 1600352717
2.4623 1600352717
2.4433 1600352717
2.2365 1600352717
2.0788 1600352717
2.4695 1600352717
2.4293 1600352717
2.5524 1600352717
2.173 1600352717
2.0066 1600352717
2.3812 1600352717
2.42 1600352717
2.4427000000000003 1600352717
2.4181 1600352717
2.2936 1600352717
2.4293 1600352717
2.2933000000000003 1600352717
2.4303999999999997 1600352717
2.2568 1600352717
2.1729000000000003 1600352717
2.4299 1600352717
2.1626000000000003 1600352717
2.4206000000000003 1600352717
2.4288000000000003 1600352717
2.1275 1600352717
2.4793 1600352717
2.2996000000000003 1600352717
2.1899 1600352717
2.4208000000000003 1600352717
2.3757 1600352717
2.4703 1600352717
2.4274 1600352717
2.2571000000000003 1600352717
2.3041 1600352717
2.4297 1600352717
2.3698 1600352717
2.4202 1600352717
2.291 1600352717
2.1924 1600352717
2.1635 1600352717
2.1479 1600352717
2.5144 1600352717
2.4201 1600352717
2.265 1600352717
2.1612 1600352717
2.3759 1600352717
2.4404 1600352717
2.5158 1600352717
2.2129000000000003 1600352717
2.3477 1600352717
2.0888 1600352717
2.5647 1600352717
2.4268 1600352717
2.2944 1600352717
2.4274 1600352717
2.4205 1600352717
2.2975 1600352717
2.4258 1600352717
2.3707000000000003 1600352717
2.2931 1600352717
2.1264000000000003 1600352717
2.3761 1600352717
2.1586000000000003 1600352717
2.5568 1600352717
2.0871 1600352717
2.467 1600352717
2.2739000000000003 1600352717
2.2505 1600352717
2.4441 1600352717
2.2892 1600352717
2.0537 1600352717
2.5359000000000003 1600352717
2.3042000000000002 1600352717
2.4267000000000003 1600352717
2.3095000000000003 1600352717
2.2198 1600352717
2.4197 1600352717
2.5561000000000003 1600352717
2.1484 1600352717
2.4267000000000003 1600352717
2.1629 1600352717
2.1732 1600352717
2.467 1600352717
2.5658000000000003 1600352717
2.294 1600352717
2.3112 1600352717
2.0859 1600352717
2.4410000000000003 1600352717
2.1422000000000003 1600352717
2.4292000000000002 1600352717
2.4271000000000003 1600352717
2.0872 1600352717
2.2509 1600352717
2.2732 1600352717
2.467 1600352717
2.4210000000000003 1600352717
2.1622 1600352717
2.0509 1600352717
2.4204000000000003 1600352717
2.0876 1600352717
2.3705000000000003 1600352717
2.2357 1600352717
2.4272 1600352717
2.2979000000000003 1600352717
2.4207 1600352717
2.2457000000000003 1600352717
2.2649 1600352717
2.216 1600352717
2.5145 1600352717
2.4182 1600352717
2.3812 1600352717
2.0353000000000003 1600352717
2.1484 1600352717
2.4197 1600352717
2.0338000000000003 1600352717
2.1457 1600352717
2.4293 1600352717
2.0314 1600352717
2.4593000000000003 1600352717
2.2198 1600352717
2.4595000000000002 1600352717
2.4289 1600352717
2.4198 1600352717
2.2569 1600352717
2.2949 1600352717
2.4792 1600352717
2.087 1600352717
2.2358000000000002 1600352717
2.3034000000000003 1600352717
2.1486 1600352717
2.3759 1600352717
2.4672 1600352717
2.5579 1600352717
2.1791 1600352717
2.4197 1600352717
2.2498 1600352717
2.1793 1600352717
2.3814 1600352717
2.4205 1600352717
2.5715 1600352717
2.4211 1600352717
2.2225 1600352717
2.4273000000000002 1600352717
2.4399 1600352717
2.0961000000000003 1600352717
2.4669000000000003 1600352717
2.5580000000000003 1600352717
2.2741000000000002 1600352717
2.5646 1600352717
2.2367 1600352717
2.2735000000000003 1600352717
2.2896 1600352717
2.2651000000000003 1600352717
2.4265000000000003 1600352717
2.1721 1600352717
2.4299 1600352717
2.2186 1600352717
2.4274 1600352717
2.3447 1600352717
2.4289 1600352717
2.4206000000000003 1600352717
2.5406 1600352717
2.3046 1600352717
2.1553 1600352717
2.4829000000000003 1600352717
2.4285 1600352717
2.4403 1600352717
2.3812 1600352717
2.4273000000000002 1600352717
2.4202 1600352717
2.0868 1600352717
2.4261 1600352717
2.2396000000000003 1600352717
2.4207 1600352717
2.1312 1600352717
2.4267000000000003 1600352717
2.0828 1600352717
2.0829 1600352717
2.3026999999999997 1600352717
2.4821 1600352717
2.4294000000000002 1600352717
2.4183 1600352717
2.4265000000000003 1600352717
2.1473 1600352717
2.4181 1600352717
2.4183000000000003 1600352717
2.1485000000000003 1600352717
2.4456 1600352717
2.2742 1600352717
2.2914000000000003 1600352717
2.4885 1600352717
2.1483000000000003 1600352717
2.4259 1600352717
2.0337 1600352717
2.4297 1600352717
2.4294000000000002 1600352717
2.4183000000000003 1600352717
2.4594 1600352717
2.1489000000000003 1600352717
2.4263 1600352717
2.4261 1600352717
2.4672 1600352717
2.5524999999999998 1600352717
2.4173 1600352717
2.2569 1600352717
2.4292000000000002 1600352717
2.2161 1600352717
2.4705 1600352717
2.4433000000000002 1600352717
2.2397 1600352717
2.5652999999999997 1600352717
2.4257 1600352717
2.2366 1600352717
2.2515 1600352717
2.5577 1600352717
2.5124 1600352717
2.4256 1600352717
2.2897 1600352717
2.2573 1600352717
2.2996000000000003 1600352717
2.2646 1600352717
2.2521 1600352717
2.42 1600352717
2.4925 1600352717
2.2168 1600352717
2.3759 1600352717
2.2235 1600352717
2.4263 1600352717
2.4412000000000003 1600352717
2.0799000000000003 1600352717
2.4278 1600352717
2.0874 1600352717
2.1883999999999997 1600352717
2.4707999999999997 1600352717
2.4274999999999998 1600352717
