1.8872 1600633191
1.4972999999999996 1600633191
2.7278999999999995 1600633191
1.4504000000000001 1600633191
2.0372999999999997 1600633191
1.4535999999999998 1600633191
3.4631000000000003 1600633191
2.017 1600633191
2.0015999999999994 1600633191
2.4408999999999996 1600633191
1.0534999999999997 1600633191
2.8446000000000002 1600633191
0.8335999999999997 1600633191
3.9685 1600633191
1.7511 1600633191
0.9691999999999998 1600633191
1.4745 1600633191
0.9729999999999999 1600633191
2.364 1600633191
1.4974999999999996 1600633191
3.5596 1600633191
0.9965999999999999 1600633191
2.0284999999999997 1600633191
1.073 1600633191
1.1055000000000001 1600633191
1.7755999999999994 1600633191
0.5409999999999999 1600633191
1.1972999999999998 1600633191
1.9613 1600633191
1.8719999999999994 1600633191
1.8103000000000002 1600633191
1.3883999999999999 1600633191
2.4414000000000002 1600633191
1.7075999999999998 1600633191
3.5612999999999997 1600633191
1.6141999999999999 1600633191
3.0659 1600633191
1.4974999999999996 1600633191
0.6219000000000001 1600633191
2.0338 1600633191
0.07569999999999988 1600633191
1.7747999999999995 1600633191
1.1058 1600633191
3.3779000000000003 1600633191
0.9685999999999999 1600633191
2.4986 1600633191
1.7921 1600633191
1.8751000000000002 1600633191
2.236 1600633191
1.1446999999999998 1600633191
3.9031999999999996 1600633191
0.9687999999999999 1600633191
4.0466999999999995 1600633191
0.9730999999999996 1600633191
0.7254 1600633191
2.9065 1600633191
1.2210999999999999 1600633191
3.4332 1600633191
1.4211 1600633191
3.5229000000000004 1600633191
1.2570999999999999 1600633191
3.8051999999999997 1600633191
2.1264999999999996 1600633191
0.9133999999999998 1600633191
2.5833 1600633191
0.8934000000000002 1600633191
2.2358999999999996 1600633191
0.7930999999999999 1600633191
1.2719 1600633191
1.0376999999999996 1600633191
1.5886999999999998 1600633191
2.4998000000000005 1600633191
0.9729999999999999 1600633191
2.7441 1600633191
0.7245999999999997 1600633191
3.0829999999999997 1600633191
1.7632999999999996 1600633191
0.07349999999999968 1600633191
2.0282000000000004 1600633191
0.6208 1600633191
3.0835000000000004 1600633191
1.2559 1600633191
3.3787 1600633191
1.1475 1600633191
2.6849 1600633191
1.0947 1600633191
1.1747999999999998 1600633191
3.2364 1600633191
0.4971000000000001 1600633191
3.5652000000000004 1600633191
1.1149999999999998 1600633191
3.4761 1600633191
1.4979 1600633191
1.6495000000000002 1600633191
2.8628000000000005 1600633191
1.2016999999999998 1600633191
1.2678000000000003 1600633191
1.6237 1600633191
2.0018 1600633191
1.0052999999999996 1600633191
1.2422 1600633191
3.2582999999999998 1600633191
1.1261999999999999 1600633191
3.298 1600633191
1.1749999999999998 1600633191
2.1987 1600633191
1.589 1600633191
3.9005999999999994 1600633191
0.7906 1600633191
1.8279 1600633191
2.3581999999999996 1600633191
1.0361000000000002 1600633191
1.9622000000000002 1600633191
1.7123 1600633191
1.1475999999999997 1600633191
1.4494000000000002 1600633191
1.4493999999999998 1600633191
3.4109000000000003 1600633191
1.1991999999999998 1600633191
3.5641 1600633191
1.0533000000000001 1600633191
1.8495000000000004 1600633191
0.7932999999999999 1600633191
2.1954 1600633191
1.5892 1600633191
1.7092 1600633191
2.0662999999999996 1600633191
1.0861 1600633191
3.416 1600633191
1.4669999999999996 1600633191
3.3402 1600633191
1.4949 1600633191
1.1219999999999999 1600633191
2.6858999999999997 1600633191
0.9956 1600633191
3.3777999999999997 1600633191
1.1984 1600633191
2.4687999999999994 1600633191
1.1978999999999997 1600633191
1.8719999999999994 1600633191
2.0125999999999995 1600633191
1.5004 1600633191
2.8908 1600633191
1.5227999999999997 1600633191
1.3021000000000003 1600633191
1.7812999999999994 1600633191
3.2285999999999997 1600633191
1.226 1600633191
1.1574999999999998 1600633191
2.0501 1600633191
1.1065999999999998 1600633191
2.9789000000000003 1600633191
0.9958 1600633191
1.8728000000000002 1600633191
1.5383999999999998 1600633191
0.005399999999999849 1600633191
3.3789000000000002 1600633191
1.0453999999999999 1600633191
2.2350999999999996 1600633191
0.7930999999999999 1600633191
2.406 1600633191
1.0435999999999996 1600633191
1.7075 1600633191
2.6329 1600633191
0.9730999999999996 1600633191
2.9351 1600633191
0.7246000000000001 1600633191
3.2465 1600633191
1.9558000000000004 1600633191
1.6819000000000002 1600633191
1.3725 1600633191
0.6208999999999998 1600633191
3.3033999999999994 1600633191
1.1827999999999999 1600633191
1.5939 1600633191
1.8771 1600633191
2.2351999999999994 1600633191
0.7614000000000001 1600633191
0.9744999999999999 1600633191
2.9572999999999996 1600633191
0.49709999999999965 1600633191
3.1580999999999997 1600633191
0.9735 1600633191
3.0787999999999998 1600633191
1.6195 1600633191
1.0339999999999998 1600633191
0.07350000000000012 1600633191
1.2007999999999996 1600633191
2.8836 1600633191
1.1543999999999999 1600633191
1.4611999999999998 1600633191
2.0103 1600633191
2.3889 1600633191
1.0403000000000002 1600633191
1.0534 1600633191
2.6841000000000004 1600633191
1.7731 1600633191
2.1214999999999997 1600633191
1.7075999999999998 1600633191
2.7167999999999997 1600633191
0.9731999999999998 1600633191
1.1180999999999996 1600633191
1.6532999999999998 1600633191
0.9781 1600633191
2.1338999999999997 1600633191
1.6816 1600633191
2.6864 1600633191
0.5209000000000001 1600633191
2.8621000000000003 1600633191
1.4445999999999999 1600633191
1.2561999999999998 1600633191
2.3997 1600633191
1.0532999999999997 1600633191
2.349 1600633191
0.9114 1600633191
2.1536999999999997 1600633191
1.7075 1600633191
1.7513999999999998 1600633191
2.2230999999999996 1600633191
1.6141999999999999 1600633191
2.1088999999999998 1600633191
1.4975999999999998 1600633191
3.4996000000000005 1600633191
1.1966999999999999 1600633191
2.6861 1600633191
1.4183 1600633191
0.9958 1600633191
2.0166 1600633191
0.8948999999999998 1600633191
3.6493 1600633191
0.6696 1600633191
1.9076 1600633191
1.0635 1600633191
1.8032999999999997 1600633191
3.9034999999999997 1600633191
1.1827999999999999 1600633191
2.6778 1600633191
0.7258 1600633191
3.1716 1600633191
0.7239 1600633191
1.4975999999999998 1600633191
2.7402 1600633191
1.4657999999999998 1600633191
3.0639999999999996 1600633191
0.9958999999999998 1600633191
1.9548999999999999 1600633191
0.7185999999999999 1600633191
2.5396999999999994 1600633191
1.1875 1600633191
1.7205 1600633191
1.8029999999999995 1600633191
1.0636 1600633191
2.9578 1600633191
1.7076000000000002 1600633191
3.6012999999999997 1600633191
1.2024999999999997 1600633191
1.6607999999999996 1600633191
2.1407000000000003 1600633191
0.6379999999999999 1600633191
2.7269 1600633191
1.2197999999999998 1600633191
2.3737999999999997 1600633191
0.9962 1600633191
1.3527 1600633191
2.4161999999999995 1600633191
1.5032999999999999 1600633191
3.4193000000000002 1600633191
0.9703999999999997 1600633191
2.4747 1600633191
1.5899 1600633191
1.7071999999999998 1600633191
0.004999999999999893 1600633191
1.6619000000000002 1600633191
2.7182999999999997 1600633191
1.0364 1600633191
3.1439999999999997 1600633191
1.4752 1600633191
1.7121 1600633191
1.8058 1600633191
1.2199999999999998 1600633191
3.5449999999999995 1600633191
0.8802999999999996 1600633191
2.2063 1600633191
2.1266999999999996 1600633191
2.5879999999999996 1600633191
1.0532 1600633191
2.1050000000000004 1600633191
1.4688999999999997 1600633191
0.8923999999999999 1600633191
3.3377999999999997 1600633191
0.9737 1600633191
2.5285999999999995 1600633191
1.5564 1600633191
2.7079999999999997 1600633191
1.1806 1600633191
1.6533000000000002 1600633191
1.7986 1600633191
0.9973000000000001 1600633191
2.3747000000000003 1600633191
0.9359000000000002 1600633191
2.8154999999999997 1600633191
1.371 1600633191
1.3709000000000002 1600633191
3.6253999999999995 1600633191
0.13039999999999985 1600633191
2.9271999999999996 1600633191
0.6341000000000001 1600633191
2.1536000000000004 1600633191
1.1079999999999997 1600633191
3.0473000000000003 1600633191
1.6606999999999998 1600633191
1.0861999999999998 1600633191
2.2161000000000004 1600633191
1.1227 1600633191
2.2123999999999997 1600633191
1.6816 1600633191
1.7769999999999997 1600633191
1.3607 1600633191
1.0611000000000002 1600633191
2.5642 1600633191
0.7189000000000001 1600633191
3.7022 1600633191
0.13029999999999964 1600633191
1.7370999999999999 1600633191
1.0947 1600633191
1.7145000000000001 1600633191
2.6969999999999996 1600633191
0.9735 1600633191
2.1814000000000004 1600633191
1.0366999999999997 1600633191
2.3082999999999996 1600633191
1.4751999999999996 1600633191
3.4841 1600633191
1.6818999999999997 1600633191
1.2197 1600633191
2.9191 1600633191
0.9953999999999996 1600633191
2.7525999999999997 1600633191
1.6402 1600633191
3.4410000000000003 1600633191
1.0530999999999997 1600633191
1.5835 1600633191
2.2478000000000002 1600633191
1.4421 1600633191
3.7449 1600633191
1.4996999999999998 1600633191
3.5082 1600633191
1.5566 1600633191
3.0098 1600633191
1.1075 1600633191
1.2205999999999997 1600633191
3.161 1600633191
0.9966999999999997 1600633191
3.5014999999999996 1600633191
0.9357000000000002 1600633191
3.4107000000000003 1600633191
1.6404999999999998 1600633191
2.1329 1600633191
1.2410999999999999 1600633191
1.0532999999999997 1600633191
2.8452999999999995 1600633191
0.7925999999999997 1600633191
1.9129999999999998 1600633191
1.7512999999999996 1600633191
1.5888999999999998 1600633191
2.717 1600633191
0.2044999999999999 1600633191
3.2619 1600633191
1.6532 1600633191
3.1607 1600633191
1.0349 1600633191
2.9404999999999997 1600633191
1.4703 1600633191
1.2570999999999999 1600633191
3.0836 1600633191
1.0539999999999998 1600633191
2.5737 1600633191
1.1978 1600633191
2.0371 1600633191
1.7728999999999995 1600633191
0.8922999999999996 1600633191
2.4403 1600633191
1.5890999999999997 1600633191
2.7169 1600633191
1.0854 1600633191
2.9080999999999997 1600633191
1.4975999999999998 1600633191
1.6533000000000002 1600633191
1.9997000000000003 1600633191
0.9649000000000001 1600633191
2.6912 1600633191
1.2433999999999998 1600633191
1.2556999999999996 1600633191
1.3714999999999997 1600633191
2.3558999999999997 1600633191
1.1474000000000002 1600633191
1.1978999999999997 1600633191
1.7570999999999999 1600633191
1.1035 1600633191
3.6939 1600633191
1.5890999999999997 1600633191
2.7168999999999994 1600633191
1.6143999999999998 1600633191
1.7785999999999995 1600633191
1.7898999999999998 1600633191
1.4975 1600633191
2.5864 1600633191
0.0726 1600633191
1.6439 1600633191
1.2681999999999998 1600633191
2.2064 1600633191
1.3708999999999998 1600633191
0.8784999999999998 1600633191
1.8714999999999997 1600633191
1.0533000000000001 1600633191
2.993 1600633191
1.7728999999999995 1600633191
4.031699999999999 1600633191
1.7132999999999998 1600633191
1.5894999999999997 1600633191
2.6696999999999997 1600633191
1.0854999999999997 1600633191
2.7754999999999996 1600633191
1.4975999999999998 1600633191
2.212 1600633191
1.2195999999999998 1600633191
0.004999999999999893 1600633191
3.4468 1600633191
0.6204999999999998 1600633191
2.6758 1600633191
1.573 1600633191
3.4147000000000003 1600633191
0.9125999999999999 1600633191
3.4488000000000003 1600633191
1.1035 1600633191
1.7452999999999999 1600633191
2.2247000000000003 1600633191
1.5888 1600633191
4.069699999999999 1600633191
1.4987 1600633191
3.2018999999999997 1600633191
1.4977 1600633191
1.2205 1600633191
2.8543 1600633191
0.6316000000000002 1600633191
2.5160000000000005 1600633191
1.0608 1600633191
1.5433 1600633191
2.1241999999999996 1600633191
1.0048 1600633191
2.2986 1600633191
0.0049000000000001265 1600633191
2.1953 1600633191
1.1153 1600633191
2.1991 1600633191
1.751 1600633191
1.1555999999999997 1600633191
0.9791999999999996 1600633191
1.2371999999999996 1600633191
2.4435000000000002 1600633191
1.653 1600633191
3.161 1600633191
0.7258 1600633191
3.0957999999999997 1600633191
1.4495 1600633191
0.8795999999999999 1600633191
3.2925999999999997 1600633191
1.2559 1600633191
2.2015 1600633191
0.9119000000000002 1600633191
1.8500999999999999 1600633191
0.7797999999999998 1600633191
3.0395999999999996 1600633191
1.0865999999999998 1600633191
1.7785999999999995 1600633191
2.1995 1600633191
0.004699999999999704 1600633191
2.0517 1600633191
1.1797999999999997 1600633191
2.0665 1600633191
1.3482999999999996 1600633191
0.7247999999999997 1600633191
3.4888 1600633191
0.9952999999999999 1600633191
2.0783 1600633191
0.8788999999999998 1600633191
2.6309 1600633191
1.1472000000000002 1600633191
0.8932000000000002 1600633191
2.499 1600633191
1.0629999999999997 1600633191
3.2013000000000003 1600633191
1.7069999999999999 1600633191
2.9627999999999997 1600633191
1.6602999999999999 1600633191
3.1044999999999994 1600633191
1.7115 1600633191
1.6528 1600633191
2.2061999999999995 1600633191
1.2195 1600633191
2.7797999999999994 1600633191
0.9951999999999996 1600633191
2.1264 1600633191
1.3703999999999996 1600633191
0.9344000000000001 1600633191
2.5732999999999997 1600633191
1.0533000000000001 1600633191
2.6985 1600633191
1.0631999999999997 1600633191
2.5644000000000005 1600633191
1.4992999999999999 1600633191
3.2797 1600633191
