1.4102999999999999 1600212942
1.5144 1600212942
1.5607000000000002 1600212942
1.8062 1600212942
1.6803999999999997 1600212942
1.6670000000000003 1600212942
1.8926 1600212942
1.532 1600212942
1.5308 1600212942
1.6560000000000001 1600212942
1.4205 1600212942
1.7222000000000002 1600212942
1.987 1600212942
1.7322000000000002 1600212942
1.645 1600212942
1.9817 1600212942
1.4376000000000002 1600212942
1.7313 1600212942
1.4093 1600212942
1.8394000000000001 1600212942
1.7025000000000001 1600212942
1.6531 1600212942
1.7587000000000002 1600212942
1.85 1600212942
1.6078999999999999 1600212942
1.6663999999999999 1600212942
1.697 1600212942
1.8144999999999998 1600212942
1.4227000000000003 1600212942
1.4757000000000002 1600212942
1.6934 1600212942
1.4471 1600212942
1.6536 1600212942
1.7193 1600212942
1.5086999999999997 1600212942
1.8985 1600212942
1.7218999999999998 1600212942
1.9815 1600212942
1.6307 1600212942
1.5886 1600212942
1.7115 1600212942
1.4423000000000001 1600212942
1.4094000000000002 1600212942
1.4250000000000003 1600212942
1.6564999999999999 1600212942
1.849 1600212942
1.3999000000000001 1600212942
1.6637 1600212942
1.5846999999999998 1600212942
1.6665999999999999 1600212942
1.6909 1600212942
1.9281000000000001 1600212942
1.7366000000000001 1600212942
1.8472000000000002 1600212942
1.7978999999999998 1600212942
1.6909 1600212942
1.4066 1600212942
1.6862 1600212942
1.7481999999999998 1600212942
1.657 1600212942
1.4240999999999997 1600212942
1.4088 1600212942
1.4965000000000002 1600212942
1.4154 1600212942
1.7992000000000004 1600212942
1.6461999999999999 1600212942
1.7782999999999998 1600212942
1.8912 1600212942
1.6980999999999997 1600212942
1.5291000000000001 1600212942
1.4234 1600212942
1.6993999999999998 1600212942
1.6225 1600212942
1.7477999999999998 1600212942
1.9118 1600212942
1.7460999999999998 1600212942
1.6456 1600212942
1.4951999999999999 1600212942
1.6848 1600212942
1.8199 1600212942
1.4429999999999998 1600212942
1.5315 1600212942
1.6600000000000001 1600212942
1.5930999999999997 1600212942
1.7788 1600212942
1.6961 1600212942
1.6561 1600212942
1.6837000000000002 1600212942
1.6925000000000001 1600212942
1.4032 1600212942
1.4330999999999998 1600212942
1.5193000000000003 1600212942
1.4633999999999998 1600212942
1.5027 1600212942
1.7195999999999998 1600212942
1.5090999999999999 1600212942
1.4379 1600212942
1.7373999999999998 1600212942
1.6370000000000002 1600212942
1.5 1600212942
1.6576 1600212942
1.4331 1600212942
1.8022 1600212942
1.507 1600212942
1.4438 1600212942
1.4922 1600212942
1.9812000000000003 1600212942
1.6960000000000002 1600212942
1.6931999999999998 1600212942
1.4285 1600212942
1.6621000000000001 1600212942
1.7989000000000002 1600212942
1.6539000000000001 1600212942
1.7309 1600212942
1.7493999999999996 1600212942
1.5412999999999997 1600212942
1.4518 1600212942
1.8923 1600212942
1.5159999999999998 1600212942
1.8580999999999999 1600212942
2.0386 1600212942
1.8052 1600212942
1.9692 1600212942
1.8067 1600212942
1.7452 1600212942
1.6434 1600212942
1.7339000000000002 1600212942
1.8966999999999998 1600212942
1.6934999999999998 1600212942
1.4425 1600212942
1.6893000000000002 1600212942
1.655 1600212942
1.6795 1600212942
1.7339 1600212942
1.8841999999999999 1600212942
1.9086 1600212942
1.9406999999999996 1600212942
1.9804 1600212942
1.657 1600212942
1.6347999999999998 1600212942
1.5682999999999998 1600212942
1.7885 1600212942
1.6833 1600212942
1.604 1600212942
1.9133999999999998 1600212942
1.4512999999999998 1600212942
1.8655 1600212942
1.6484999999999999 1600212942
1.5293 1600212942
1.5972 1600212942
1.9082000000000001 1600212942
1.8199 1600212942
1.7252 1600212942
1.9811 1600212942
1.6035 1600212942
1.4282 1600212942
1.5300000000000002 1600212942
1.5093 1600212942
1.4003999999999999 1600212942
1.8228 1600212942
1.5234999999999999 1600212942
1.6528 1600212942
1.5640999999999998 1600212942
1.5312999999999999 1600212942
1.6684 1600212942
1.6957 1600212942
1.6015 1600212942
1.4256999999999997 1600212942
1.7365 1600212942
1.4916999999999998 1600212942
1.6412999999999998 1600212942
1.5484 1600212942
1.6603999999999999 1600212942
1.8320999999999998 1600212942
1.4816 1600212942
1.5597 1600212942
1.9099 1600212942
1.8477000000000001 1600212942
1.6406999999999998 1600212942
1.8056 1600212942
1.6619000000000002 1600212942
1.8561999999999999 1600212942
1.8321 1600212942
1.7422999999999997 1600212942
1.8293000000000001 1600212942
1.6483 1600212942
1.8035 1600212942
1.7035 1600212942
1.5578999999999998 1600212942
1.4983999999999997 1600212942
1.5312999999999999 1600212942
1.8281999999999998 1600212942
1.6942 1600212942
1.4374000000000002 1600212942
1.6552000000000002 1600212942
1.5268000000000002 1600212942
1.9830999999999999 1600212942
1.5077000000000003 1600212942
1.698 1600212942
1.4985000000000002 1600212942
1.6552000000000002 1600212942
1.4255 1600212942
1.6555 1600212942
1.4187999999999998 1600212942
1.6768999999999998 1600212942
1.6474 1600212942
1.9089 1600212942
1.8453 1600212942
1.8193 1600212942
1.8252000000000002 1600212942
1.7387000000000001 1600212942
1.5485 1600212942
1.4003999999999999 1600212942
1.4409999999999998 1600212942
1.4255999999999998 1600212942
2.0516 1600212942
1.5073000000000003 1600212942
1.6883 1600212942
1.5141999999999998 1600212942
1.7889 1600212942
1.4330999999999998 1600212942
1.6883 1600212942
1.4245 1600212942
1.4319000000000002 1600212942
1.6446 1600212942
1.7582999999999998 1600212942
1.898 1600212942
1.5223 1600212942
1.6507 1600212942
1.5060000000000002 1600212942
1.6252 1600212942
1.5551000000000001 1600212942
1.6579000000000002 1600212942
1.9644000000000001 1600212942
1.4994999999999998 1600212942
1.9143 1600212942
1.5256000000000003 1600212942
1.6866999999999999 1600212942
1.6857 1600212942
1.5872 1600212942
1.9769 1600212942
1.5249000000000001 1600212942
1.657 1600212942
1.5191000000000001 1600212942
1.4479 1600212942
1.7548999999999997 1600212942
1.6397 1600212942
1.7612999999999999 1600212942
1.6478000000000002 1600212942
2.0114 1600212942
1.4039000000000001 1600212942
1.6606999999999998 1600212942
1.6534 1600212942
1.6532 1600212942
1.6582000000000001 1600212942
1.8234 1600212942
1.5796000000000001 1600212942
1.5605 1600212942
1.4241000000000001 1600212942
1.4057000000000002 1600212942
1.9135999999999997 1600212942
1.5564 1600212942
1.7246000000000001 1600212942
1.968 1600212942
1.4882 1600212942
1.6378 1600212942
1.5686 1600212942
1.6622 1600212942
1.4562000000000002 1600212942
1.7234 1600212942
1.641 1600212942
1.418 1600212942
1.8245999999999998 1600212942
1.9773 1600212942
1.8211999999999997 1600212942
1.6551 1600212942
1.4581 1600212942
1.8333999999999997 1600212942
1.4419999999999997 1600212942
1.6537000000000002 1600212942
1.6595 1600212942
1.8879 1600212942
1.7227000000000001 1600212942
1.6539000000000001 1600212942
1.5248000000000002 1600212942
1.6161999999999999 1600212942
1.5310000000000001 1600212942
1.5563000000000002 1600212942
1.6506000000000003 1600212942
1.6562999999999999 1600212942
1.6136999999999997 1600212942
1.5453999999999999 1600212942
1.6221 1600212942
1.6993 1600212942
1.6652 1600212942
1.6572 1600212942
1.5994000000000002 1600212942
1.6542000000000001 1600212942
1.5194 1600212942
1.6946 1600212942
1.7492999999999999 1600212942
1.5992000000000002 1600212942
1.9204999999999999 1600212942
1.5641999999999998 1600212942
1.6014000000000002 1600212942
1.6861000000000002 1600212942
1.4835 1600212942
1.7969 1600212942
1.7355999999999998 1600212942
1.7519 1600212942
1.8887 1600212942
1.6521 1600212942
1.4497999999999998 1600212942
1.6841000000000002 1600212942
1.7019000000000002 1600212942
1.6607000000000003 1600212942
1.9165 1600212942
1.6596000000000002 1600212942
1.5339000000000003 1600212942
1.6985999999999999 1600212942
1.4078 1600212942
1.8278 1600212942
1.4236 1600212942
1.8255000000000001 1600212942
1.565 1600212942
1.8940000000000001 1600212942
1.8584 1600212942
1.7454 1600212942
1.838 1600212942
1.9764000000000002 1600212942
1.639 1600212942
1.7895 1600212942
1.5817999999999999 1600212942
1.6965999999999997 1600212942
1.5347000000000002 1600212942
1.5800999999999998 1600212942
1.5325000000000002 1600212942
1.8222999999999998 1600212942
1.4663000000000002 1600212942
1.6396 1600212942
1.4036000000000002 1600212942
1.7468 1600212942
1.5433999999999999 1600212942
1.7123999999999997 1600212942
1.9796999999999998 1600212942
1.7095 1600212942
1.786 1600212942
1.5396 1600212942
1.5328 1600212942
1.5139 1600212942
1.7883 1600212942
1.6622 1600212942
1.4167 1600212942
1.6547999999999998 1600212942
1.7 1600212942
1.8243 1600212942
1.8621 1600212942
1.9104 1600212942
1.7368000000000001 1600212942
1.6553 1600212942
1.7566 1600212942
1.6923 1600212942
1.6636000000000002 1600212942
1.5739999999999998 1600212942
1.4398999999999997 1600212942
1.5507999999999997 1600212942
1.6382 1600212942
2.0005 1600212942
1.5783999999999998 1600212942
2.0474 1600212942
1.4342000000000001 1600212942
1.5808 1600212942
1.7054 1600212942
2.0345 1600212942
1.5472000000000001 1600212942
1.6991 1600212942
1.5915000000000001 1600212942
1.5917000000000001 1600212942
1.8300999999999998 1600212942
2.0233 1600212942
1.8508 1600212942
1.5932 1600212942
1.6313 1600212942
1.7509000000000001 1600212942
1.6579 1600212942
1.5385 1600212942
1.4538 1600212942
1.689 1600212942
1.6024999999999998 1600212942
1.8511000000000002 1600212942
1.6496 1600212942
1.6502000000000001 1600212942
1.7008999999999999 1600212942
1.7396 1600212942
1.5959 1600212942
1.5571 1600212942
1.5915 1600212942
1.5514 1600212942
1.7454 1600212942
1.7011999999999998 1600212942
1.719 1600212942
1.7965999999999998 1600212942
1.932 1600212942
1.638 1600212942
1.8218999999999999 1600212942
1.7737999999999998 1600212942
1.7933999999999999 1600212942
1.5252999999999997 1600212942
1.5118 1600212942
1.8196000000000003 1600212942
1.6511000000000002 1600212942
1.6601 1600212942
1.8235000000000001 1600212942
1.5913 1600212942
1.5398 1600212942
1.6952000000000003 1600212942
1.5954000000000002 1600212942
1.5909 1600212942
1.4364999999999997 1600212942
1.9758 1600212942
1.4560999999999997 1600212942
1.4926 1600212942
1.6602 1600212942
1.7189999999999999 1600212942
1.6724 1600212942
1.8231000000000002 1600212942
1.431 1600212942
1.4261000000000001 1600212942
1.8605 1600212942
1.6915999999999998 1600212942
1.8225000000000002 1600212942
1.6933000000000002 1600212942
1.6058000000000001 1600212942
1.7941000000000003 1600212942
2.0031999999999996 1600212942
2.0364000000000004 1600212942
1.719 1600212942
1.5654000000000001 1600212942
1.6566999999999998 1600212942
1.5714 1600212942
1.8653 1600212942
1.5096000000000003 1600212942
1.4192 1600212942
1.7980999999999998 1600212942
1.6871 1600212942
2.0115 1600212942
1.6818 1600212942
1.5877000000000001 1600212942
1.8327 1600212942
1.7255000000000003 1600212942
1.5939999999999999 1600212942
1.6473999999999998 1600212942
1.8304 1600212942
1.8261000000000003 1600212942
1.8139999999999998 1600212942
1.935 1600212942
1.4877000000000002 1600212942
1.6582 1600212942
1.4278999999999997 1600212942
1.8030999999999997 1600212942
1.3973 1600212942
1.6214000000000002 1600212942
1.5480999999999998 1600212942
1.8047999999999997 1600212942
1.7133 1600212942
1.7185 1600212942
1.4200000000000002 1600212942
1.8216999999999999 1600212942
1.6794 1600212942
1.4757 1600212942
1.5536999999999999 1600212942
1.5602 1600212942
1.7151 1600212942
1.5273000000000003 1600212942
1.552 1600212942
1.9259000000000002 1600212942
1.8005 1600212942
1.471 1600212942
1.6533 1600212942
1.4319 1600212942
1.4342000000000001 1600212942
1.6881999999999997 1600212942
1.5918999999999999 1600212942
1.6078000000000001 1600212942
1.8279999999999998 1600212942
1.6885 1600212942
1.4522000000000002 1600212942
1.57 1600212942
1.8239999999999998 1600212942
1.5116999999999998 1600212942
1.9124999999999996 1600212942
1.6882000000000001 1600212942
1.4324 1600212942
1.7201999999999997 1600212942
1.8483999999999998 1600212942
1.6516000000000002 1600212942
1.5682999999999998 1600212942
1.6464000000000003 1600212942
1.4889000000000001 1600212942
1.4205 1600212942
1.5082 1600212942
1.6348 1600212942
1.5219 1600212942
1.7124000000000001 1600212942
1.8065 1600212942
1.5993 1600212942
1.9157000000000002 1600212942
1.6063999999999998 1600212942
1.7559 1600212942
1.637 1600212942
1.7429000000000001 1600212942
2.0026 1600212942
