85.7989 1600651269
74.8382 1600651269
82.8985 1600651269
84.138 1600651269
77.67509999999999 1600651269
85.79860000000001 1600651269
77.67479999999999 1600651269
81.2357 1600651269
59.442 1600651269
80.7227 1600651269
84.8159 1600651269
81.73819999999999 1600651269
74.8373 1600651269
82.7725 1600651269
90.9504 1600651269
75.1911 1600651269
72.47279999999999 1600651269
75.1907 1600651269
83.3077 1600651269
73.2491 1600651269
82.1774 1600651269
81.1866 1600651269
84.86219999999999 1600651269
82.16329999999999 1600651269
81.2085 1600651269
81.02959999999999 1600651269
82.4682 1600651269
73.2465 1600651269
79.0769 1600651269
91.7388 1600651269
82.1331 1600651269
74.7612 1600651269
84.0572 1600651269
83.0511 1600651269
82.1332 1600651269
76.20169999999999 1600651269
82.6893 1600651269
71.2955 1600651269
83.6497 1600651269
76.1455 1600651269
80.5449 1600651269
85.33720000000001 1600651269
82.331 1600651269
90.7011 1600651269
84.9303 1600651269
81.9231 1600651269
81.0787 1600651269
83.2341 1600651269
84.8469 1600651269
82.9936 1600651269
85.6287 1600651269
71.16539999999999 1600651269
82.99329999999999 1600651269
71.4555 1600651269
73.3644 1600651269
83.7419 1600651269
82.5774 1600651269
83.0295 1600651269
90.76509999999999 1600651269
82.8998 1600651269
85.246 1600651269
80.544 1600651269
81.3377 1600651269
83.6884 1600651269
83.68889999999999 1600651269
60.4214 1600651269
86.0853 1600651269
81.8144 1600651269
84.8481 1600651269
74.2263 1600651269
81.5986 1600651269
83.4379 1600651269
73.0506 1600651269
91.41340000000001 1600651269
84.59740000000001 1600651269
79.2281 1600651269
84.85040000000001 1600651269
81.9258 1600651269
85.9773 1600651269
83.5196 1600651269
85.50649999999999 1600651269
75.7675 1600651269
83.9845 1600651269
73.55149999999999 1600651269
85.6793 1600651269
80.7314 1600651269
81.4232 1600651269
89.23649999999999 1600651269
83.2232 1600651269
70.8038 1600651269
84.1254 1600651269
74.8314 1600651269
83.0055 1600651269
85.3301 1600651269
82.9653 1600651269
85.081 1600651269
75.07079999999999 1600651269
85.03659999999999 1600651269
13.908900000000001 1600651269
75.0431 1600651269
82.20859999999999 1600651269
85.3357 1600651269
91.082 1600651269
82.835 1600651269
83.2439 1600651269
75.77029999999999 1600651269
83.7362 1600651269
85.42060000000001 1600651269
85.9722 1600651269
80.75269999999999 1600651269
81.422 1600651269
83.7364 1600651269
84.7318 1600651269
85.9981 1600651269
71.67590000000001 1600651269
85.9911 1600651269
80.7968 1600651269
83.8972 1600651269
80.81179999999999 1600651269
83.4031 1600651269
83.89789999999999 1600651269
75.2786 1600651269
85.3828 1600651269
83.8976 1600651269
78.6172 1600651269
82.7131 1600651269
84.416 1600651269
75.2786 1600651269
75.2788 1600651269
83.8976 1600651269
75.506 1600651269
85.7255 1600651269
71.8701 1600651269
83.8408 1600651269
85.6187 1600651269
71.8095 1600651269
88.633 1600651269
80.5711 1600651269
82.6228 1600651269
81.38799999999999 1600651269
72.985 1600651269
80.53190000000001 1600651269
81.9859 1600651269
82.3383 1600651269
80.7308 1600651269
81.56960000000001 1600651269
86.128 1600651269
82.5344 1600651269
81.2567 1600651269
83.5052 1600651269
84.99629999999999 1600651269
81.2561 1600651269
72.05839999999999 1600651269
84.2089 1600651269
72.51089999999999 1600651269
73.3949 1600651269
73.3719 1600651269
82.6563 1600651269
72.5576 1600651269
75.4099 1600651269
90.773 1600651269
83.1998 1600651269
76.9947 1600651269
81.53859999999999 1600651269
84.7077 1600651269
81.4649 1600651269
70.9414 1600651269
82.6614 1600651269
85.77399999999999 1600651269
72.24849999999999 1600651269
82.969 1600651269
81.4191 1600651269
84.19659999999999 1600651269
82.7774 1600651269
72.30909999999999 1600651269
89.2359 1600651269
72.5393 1600651269
73.5969 1600651269
83.9807 1600651269
75.03790000000001 1600651269
81.4442 1600651269
85.30319999999999 1600651269
74.9377 1600651269
82.5058 1600651269
88.96849999999999 1600651269
80.9015 1600651269
74.93820000000001 1600651269
82.7468 1600651269
83.0647 1600651269
85.94489999999999 1600651269
91.5463 1600651269
72.21509999999999 1600651269
66.4596 1600651269
74.88260000000001 1600651269
74.3561 1600651269
74.51169999999999 1600651269
85.1018 1600651269
74.27229999999999 1600651269
82.18169999999999 1600651269
80.4636 1600651269
79.5314 1600651269
83.3333 1600651269
81.6676 1600651269
83.31750000000001 1600651269
91.1036 1600651269
84.36359999999999 1600651269
74.7177 1600651269
81.4269 1600651269
84.9891 1600651269
80.5754 1600651269
83.9285 1600651269
82.5569 1600651269
80.94080000000001 1600651269
82.9704 1600651269
84.92859999999999 1600651269
83.0479 1600651269
84.99409999999999 1600651269
81.45179999999999 1600651269
60.25279999999999 1600651269
91.57639999999999 1600651269
85.4247 1600651269
77.6945 1600651269
77.6244 1600651269
84.1754 1600651269
85.3177 1600651269
77.3463 1600651269
83.4393 1600651269
74.1257 1600651269
83.3909 1600651269
74.3021 1600651269
75.9546 1600651269
85.29209999999999 1600651269
82.9907 1600651269
81.1947 1600651269
91.9161 1600651269
81.4414 1600651269
81.05449999999999 1600651269
52.701899999999995 1600651269
72.3301 1600651269
85.26050000000001 1600651269
73.60889999999999 1600651269
74.6818 1600651269
81.4138 1600651269
82.1919 1600651269
82.1867 1600651269
74.2504 1600651269
84.8001 1600651269
80.32809999999999 1600651269
90.9695 1600651269
75.0064 1600651269
59.358000000000004 1600651269
75.1086 1600651269
75.0079 1600651269
80.6314 1600651269
83.1582 1600651269
79.0677 1600651269
60.4429 1600651269
82.8275 1600651269
71.1678 1600651269
82.8278 1600651269
73.29390000000001 1600651269
83.0709 1600651269
78.8866 1600651269
86.9265 1600651269
84.7166 1600651269
72.578 1600651269
84.6798 1600651269
83.7637 1600651269
82.83 1600651269
79.0779 1600651269
84.5763 1600651269
81.7456 1600651269
85.47279999999999 1600651269
84.5764 1600651269
85.44319999999999 1600651269
82.7622 1600651269
80.7369 1600651269
86.6635 1600651269
85.64099999999999 1600651269
75.3233 1600651269
83.6079 1600651269
81.4771 1600651269
83.6128 1600651269
81.9373 1600651269
85.40979999999999 1600651269
84.9823 1600651269
75.3235 1600651269
80.85210000000001 1600651269
83.5398 1600651269
80.8127 1600651269
84.9598 1600651269
82.5765 1600651269
90.455 1600651269
73.90509999999999 1600651269
84.6508 1600651269
71.1293 1600651269
83.6657 1600651269
85.5762 1600651269
84.6172 1600651269
71.7495 1600651269
85.5848 1600651269
75.0774 1600651269
73.55019999999999 1600651269
84.5552 1600651269
71.9773 1600651269
81.3125 1600651269
81.51119999999999 1600651269
91.5855 1600651269
84.2115 1600651269
78.3039 1600651269
78.1742 1600651269
81.80709999999999 1600651269
81.78699999999999 1600651269
84.6817 1600651269
78.76499999999999 1600651269
85.1133 1600651269
81.1894 1600651269
82.5946 1600651269
84.0984 1600651269
81.1646 1600651269
84.3651 1600651269
88.4392 1600651269
84.26700000000001 1600651269
81.42049999999999 1600651269
84.44409999999999 1600651269
80.32130000000001 1600651269
85.8955 1600651269
83.4216 1600651269
83.306 1600651269
71.4969 1600651269
71.6856 1600651269
81.5132 1600651269
84.0479 1600651269
81.5116 1600651269
83.217 1600651269
71.4263 1600651269
91.1188 1600651269
81.8962 1600651269
81.19309999999999 1600651269
84.3334 1600651269
75.68440000000001 1600651269
83.2008 1600651269
83.3629 1600651269
84.94409999999999 1600651269
84.94449999999999 1600651269
83.36280000000001 1600651269
85.9707 1600651269
83.94879999999999 1600651269
83.51299999999999 1600651269
73.65690000000001 1600651269
84.0423 1600651269
90.9036 1600651269
82.9216 1600651269
77.66839999999999 1600651269
84.2604 1600651269
83.33930000000001 1600651269
85.80019999999999 1600651269
81.3184 1600651269
71.7556 1600651269
84.55359999999999 1600651269
72.82939999999999 1600651269
80.7226 1600651269
82.79679999999999 1600651269
83.80449999999999 1600651269
71.7556 1600651269
91.12849999999999 1600651269
82.1631 1600651269
83.8176 1600651269
83.82780000000001 1600651269
82.1631 1600651269
83.8108 1600651269
73.2462 1600651269
83.7802 1600651269
84.5548 1600651269
84.6539 1600651269
73.2276 1600651269
83.8314 1600651269
60.152300000000004 1600651269
84.62049999999999 1600651269
74.9465 1600651269
91.4508 1600651269
71.5357 1600651269
85.3336 1600651269
86.08359999999999 1600651269
71.97109999999999 1600651269
83.0275 1600651269
84.896 1600651269
71.5324 1600651269
84.9629 1600651269
78.83210000000001 1600651269
72.2833 1600651269
73.1651 1600651269
83.0236 1600651269
74.1926 1600651269
89.0843 1600651269
72.5694 1600651269
83.02579999999999 1600651269
72.81259999999999 1600651269
84.839 1600651269
83.8554 1600651269
84.90690000000001 1600651269
82.066 1600651269
85.6284 1600651269
78.9058 1600651269
84.4281 1600651269
75.87169999999999 1600651269
85.6305 1600651269
71.43669999999999 1600651269
72.8737 1600651269
91.7105 1600651269
81.27959999999999 1600651269
61.1967 1600651269
83.2034 1600651269
85.0754 1600651269
83.52770000000001 1600651269
74.3866 1600651269
83.079 1600651269
83.7933 1600651269
84.3326 1600651269
85.4853 1600651269
84.4705 1600651269
77.2058 1600651269
85.2459 1600651269
74.7427 1600651269
91.2826 1600651269
80.9075 1600651269
83.45519999999999 1600651269
84.67609999999999 1600651269
85.5074 1600651269
81.77 1600651269
81.76979999999999 1600651269
84.21409999999999 1600651269
84.5886 1600651269
82.69909999999999 1600651269
83.4712 1600651269
84.607 1600651269
81.94369999999999 1600651269
83.4515 1600651269
85.9726 1600651269
75.50059999999999 1600651269
82.7196 1600651269
70.6288 1600651269
72.4736 1600651269
83.18480000000001 1600651269
86.6232 1600651269
84.91239999999999 1600651269
82.7721 1600651269
74.9578 1600651269
85.25150000000001 1600651269
79.0395 1600651269
82.725 1600651269
83.6804 1600651269
72.4065 1600651269
91.385 1600651269
84.1377 1600651269
72.79509999999999 1600651269
85.35669999999999 1600651269
82.69879999999999 1600651269
72.6756 1600651269
73.5157 1600651269
81.4224 1600651269
84.741 1600651269
59.3377 1600651269
80.4756 1600651269
80.7752 1600651269
73.5015 1600651269
82.698 1600651269
84.15899999999999 1600651269
91.1331 1600651269
75.51310000000001 1600651269
83.3371 1600651269
81.9161 1600651269
85.2388 1600651269
83.9924 1600651269
75.5136 1600651269
83.3132 1600651269
75.6184 1600651269
81.9562 1600651269
84.2111 1600651269
72.4251 1600651269
74.5839 1600651269
78.5615 1600651269
90.737 1600651269
83.8905 1600651269
88.6331 1600651269
83.891 1600651269
81.59379999999999 1600651269
72.4708 1600651269
83.8902 1600651269
81.5212 1600651269
71.643 1600651269
84.4329 1600651269
84.578 1600651269
82.5217 1600651269
83.35289999999999 1600651269
73.41279999999999 1600651269
83.83999999999999 1600651269
85.4391 1600651269
74.75 1600651269
83.2452 1600651269
82.5346 1600651269
74.6868 1600651269
84.7166 1600651269
72.51089999999999 1600651269
85.0179 1600651269
81.4004 1600651269
81.3309 1600651269
72.5941 1600651269
73.7601 1600651269
83.8801 1600651269
82.59169999999999 1600651269
75.7172 1600651269
