0.8160000000000001 1600339939
0.8339 1600339939
0.9349 1600339939
0.9330000000000002 1600339939
0.9229 1600339939
1.0162 1600339939
1.0755 1600339939
0.9764 1600339939
1.038 1600339939
1.0257 1600339939
1.0503999999999998 1600339939
0.9173 1600339939
0.9538999999999999 1600339939
0.9021999999999999 1600339939
0.9221999999999999 1600339939
0.9125000000000001 1600339939
1.0526999999999997 1600339939
0.9243999999999999 1600339939
0.8278 1600339939
0.9640000000000001 1600339939
0.9217000000000001 1600339939
0.8631 1600339939
0.9163 1600339939
1.0244 1600339939
0.924 1600339939
1.0525000000000002 1600339939
0.8992 1600339939
0.927 1600339939
1.024 1600339939
1.0258000000000003 1600339939
0.9141999999999999 1600339939
1.0093999999999999 1600339939
0.8825 1600339939
0.8575000000000002 1600339939
0.8294 1600339939
0.9953000000000001 1600339939
0.8577999999999999 1600339939
0.9696999999999999 1600339939
1.0603 1600339939
0.8609000000000001 1600339939
0.8995 1600339939
1.0145 1600339939
0.9764999999999999 1600339939
0.9843 1600339939
0.8951 1600339939
1.0662 1600339939
1.038 1600339939
0.9257 1600339939
0.9275 1600339939
0.908 1600339939
0.9233 1600339939
1.0297 1600339939
0.9099 1600339939
0.9434999999999999 1600339939
0.9199 1600339939
1.0584000000000002 1600339939
1.0655999999999999 1600339939
0.8552 1600339939
1.0159 1600339939
0.9077 1600339939
1.0021 1600339939
1.0043000000000002 1600339939
0.8544 1600339939
0.9783000000000001 1600339939
1.0412000000000001 1600339939
1.0536 1600339939
0.9327000000000001 1600339939
1.0646 1600339939
0.8998 1600339939
0.9223 1600339939
1.0562 1600339939
0.9115 1600339939
1.0487000000000002 1600339939
0.9278 1600339939
1.0684 1600339939
1.0392 1600339939
0.8475 1600339939
0.8552 1600339939
0.9208000000000001 1600339939
0.927 1600339939
1.0092999999999999 1600339939
0.9999 1600339939
0.8604 1600339939
0.8906 1600339939
0.9299 1600339939
0.9097999999999999 1600339939
1.0491000000000001 1600339939
0.927 1600339939
0.9112 1600339939
1.0124 1600339939
0.9968999999999999 1600339939
1.0151 1600339939
1.0205 1600339939
0.9378 1600339939
1.0508000000000002 1600339939
1.0144 1600339939
0.9285000000000001 1600339939
0.9031 1600339939
0.8588000000000001 1600339939
0.9321999999999999 1600339939
0.8704000000000001 1600339939
0.9446000000000001 1600339939
1.0409 1600339939
0.8409 1600339939
1.0472000000000001 1600339939
0.9176000000000001 1600339939
0.9222 1600339939
1.0198 1600339939
0.903 1600339939
1.0141999999999998 1600339939
1.0445 1600339939
0.9351 1600339939
1.0624 1600339939
1.0203000000000002 1600339939
0.9259000000000001 1600339939
0.964 1600339939
0.9232 1600339939
0.9460999999999999 1600339939
0.8611000000000001 1600339939
0.9506999999999999 1600339939
1.0721 1600339939
0.8911999999999999 1600339939
0.9744 1600339939
0.9307000000000001 1600339939
0.9075 1600339939
1.061 1600339939
0.8972 1600339939
1.0833 1600339939
0.9017999999999999 1600339939
1.0635000000000001 1600339939
0.9251 1600339939
1.0657 1600339939
1.0111 1600339939
0.8946 1600339939
0.9593 1600339939
1.0758999999999999 1600339939
1.0814 1600339939
0.9197000000000001 1600339939
1.0375 1600339939
1.0514000000000001 1600339939
0.8439 1600339939
0.9289000000000001 1600339939
0.911 1600339939
1.0543 1600339939
1.0842 1600339939
1.0141 1600339939
1.0642 1600339939
0.9036000000000001 1600339939
0.8926999999999999 1600339939
0.8422000000000001 1600339939
0.9139 1600339939
0.9357000000000001 1600339939
0.9048999999999999 1600339939
1.0774 1600339939
0.8659 1600339939
1.0496 1600339939
1.0034 1600339939
1.0177999999999998 1600339939
1.0481 1600339939
1.0347 1600339939
1.0514000000000001 1600339939
1.0415999999999999 1600339939
0.8596 1600339939
1.041 1600339939
0.8969 1600339939
0.9037999999999999 1600339939
0.8648 1600339939
1.0005 1600339939
1.0519 1600339939
1.0195 1600339939
0.8747999999999999 1600339939
0.8977 1600339939
0.8621 1600339939
0.9026 1600339939
1.0259999999999998 1600339939
0.8707 1600339939
1.0764999999999998 1600339939
0.9244 1600339939
0.9406 1600339939
0.9324 1600339939
0.8669 1600339939
1.0232 1600339939
1.0372000000000001 1600339939
1.0418 1600339939
1.0198 1600339939
0.9237 1600339939
0.9194 1600339939
0.8966000000000001 1600339939
0.8591 1600339939
1.0097 1600339939
0.8597 1600339939
0.9308000000000001 1600339939
1.0281 1600339939
1.0079000000000002 1600339939
0.8893 1600339939
0.8489 1600339939
0.9452 1600339939
0.9226000000000001 1600339939
0.9109000000000002 1600339939
1.0564 1600339939
1.0607000000000002 1600339939
1.0510000000000002 1600339939
0.8464 1600339939
1.0211000000000001 1600339939
0.9117999999999999 1600339939
1.0454 1600339939
1.0727000000000002 1600339939
0.9707 1600339939
0.9282000000000001 1600339939
0.8865999999999999 1600339939
0.9188999999999999 1600339939
0.8620000000000001 1600339939
0.9919 1600339939
0.9891 1600339939
0.8322999999999999 1600339939
1.083 1600339939
1.0108 1600339939
0.9112 1600339939
0.8403 1600339939
0.8665 1600339939
1.0527000000000002 1600339939
0.8581 1600339939
1.0552000000000001 1600339939
1.0501 1600339939
1.0496 1600339939
0.9241 1600339939
0.9481999999999999 1600339939
1.0204 1600339939
0.9296000000000001 1600339939
1.0565000000000002 1600339939
1.05 1600339939
1.0508 1600339939
0.8717000000000001 1600339939
1.0695999999999999 1600339939
0.9439000000000001 1600339939
0.9103 1600339939
1.0496 1600339939
0.9027999999999999 1600339939
1.0421999999999998 1600339939
0.8612000000000001 1600339939
1.0555 1600339939
0.876 1600339939
0.9336000000000001 1600339939
1.0124 1600339939
1.0146 1600339939
0.9141999999999999 1600339939
0.8723999999999998 1600339939
0.9138999999999999 1600339939
0.8504 1600339939
0.9586000000000001 1600339939
0.8351000000000001 1600339939
1.0161 1600339939
1.0375 1600339939
1.0202 1600339939
0.9787999999999999 1600339939
0.9560000000000001 1600339939
0.9102000000000001 1600339939
0.8491 1600339939
0.9232 1600339939
0.8116 1600339939
1.0695 1600339939
0.9319 1600339939
0.9254999999999999 1600339939
1.065 1600339939
1.048 1600339939
0.8674 1600339939
0.9345000000000001 1600339939
1.0605000000000002 1600339939
1.0528 1600339939
1.0536999999999999 1600339939
1.0213 1600339939
1.06 1600339939
0.9707 1600339939
1.0747 1600339939
0.8969 1600339939
1.0516999999999999 1600339939
0.9803000000000001 1600339939
1.0124 1600339939
1.0508 1600339939
0.9354 1600339939
1.0095 1600339939
0.9592999999999999 1600339939
1.0482 1600339939
1.0081000000000002 1600339939
1.0527000000000002 1600339939
0.8730000000000001 1600339939
1.0465 1600339939
1.0206 1600339939
0.8572 1600339939
1.0430000000000001 1600339939
1.0651000000000002 1600339939
0.8603000000000001 1600339939
1.0432 1600339939
0.9024 1600339939
1.0165000000000002 1600339939
0.8769999999999999 1600339939
0.8527999999999999 1600339939
1.0419 1600339939
1.0127 1600339939
0.8951 1600339939
0.9229 1600339939
0.8623999999999999 1600339939
1.072 1600339939
1.0164 1600339939
0.8395 1600339939
1.0215 1600339939
1.0196 1600339939
0.9356 1600339939
0.911 1600339939
0.8964 1600339939
1.0797999999999999 1600339939
0.9295000000000001 1600339939
1.0517 1600339939
0.9116 1600339939
0.9107999999999999 1600339939
0.9348000000000001 1600339939
0.9767 1600339939
0.9324 1600339939
1.062 1600339939
0.9138 1600339939
1.0182000000000002 1600339939
0.9719000000000001 1600339939
1.0213 1600339939
0.9269 1600339939
0.9307 1600339939
0.9126000000000001 1600339939
1.0814000000000001 1600339939
0.9141 1600339939
0.9327000000000001 1600339939
0.9495 1600339939
0.8547 1600339939
1.0492 1600339939
0.926 1600339939
0.9085 1600339939
1.046 1600339939
0.8473 1600339939
0.8307000000000001 1600339939
1.0656 1600339939
1.0221999999999998 1600339939
1.0484 1600339939
1.0190000000000001 1600339939
0.8994 1600339939
1.0345 1600339939
0.9178000000000001 1600339939
0.9133000000000001 1600339939
0.9113 1600339939
0.8806 1600339939
0.8654000000000001 1600339939
1.0097 1600339939
1.0028000000000001 1600339939
0.8876000000000001 1600339939
0.8547 1600339939
0.8503 1600339939
0.8513000000000001 1600339939
1.0554000000000001 1600339939
0.9057 1600339939
1.077 1600339939
0.9532 1600339939
0.9029999999999999 1600339939
1.0409 1600339939
0.9311999999999999 1600339939
0.9104999999999999 1600339939
1.0237 1600339939
1.036 1600339939
1.062 1600339939
1.0476 1600339939
0.9303999999999999 1600339939
0.969 1600339939
1.0153 1600339939
1.0802 1600339939
1.0059 1600339939
0.9272 1600339939
0.9110999999999999 1600339939
0.9637000000000001 1600339939
0.8990000000000001 1600339939
0.9136 1600339939
1.0140000000000002 1600339939
0.8454 1600339939
0.9717000000000001 1600339939
0.9166 1600339939
0.9482999999999999 1600339939
0.9437 1600339939
1.0096 1600339939
0.9135999999999999 1600339939
0.9 1600339939
1.0652 1600339939
1.0584 1600339939
1.0212999999999999 1600339939
0.8898 1600339939
1.061 1600339939
0.8861000000000001 1600339939
0.8465 1600339939
0.9090999999999999 1600339939
1.0536 1600339939
0.8497 1600339939
0.8564999999999999 1600339939
0.8683 1600339939
0.896 1600339939
0.8976 1600339939
0.8954000000000001 1600339939
0.9144 1600339939
0.9419000000000001 1600339939
1.0684 1600339939
1.0497999999999998 1600339939
0.9673 1600339939
1.0379999999999998 1600339939
0.8974000000000001 1600339939
1.0231000000000001 1600339939
0.8970999999999999 1600339939
0.9324000000000001 1600339939
0.8645999999999999 1600339939
0.8601000000000001 1600339939
0.9337 1600339939
0.8613 1600339939
1.0051999999999999 1600339939
0.9157000000000001 1600339939
1.01 1600339939
0.9188 1600339939
1.0551 1600339939
1.0445000000000002 1600339939
1.004 1600339939
0.9266 1600339939
1.0429 1600339939
1.0633000000000001 1600339939
0.8964999999999999 1600339939
0.9262 1600339939
1.0167 1600339939
1.0510000000000002 1600339939
1.0817999999999999 1600339939
0.8983 1600339939
0.9645000000000001 1600339939
0.8976999999999999 1600339939
1.0052 1600339939
1.0175999999999998 1600339939
1.0619 1600339939
1.0823 1600339939
0.9238 1600339939
1.0189 1600339939
1.0571000000000002 1600339939
1.0190000000000001 1600339939
1.0631 1600339939
1.0248 1600339939
0.9295 1600339939
0.9293000000000001 1600339939
1.0152 1600339939
0.906 1600339939
0.9158000000000001 1600339939
1.0074 1600339939
1.0120999999999998 1600339939
0.8976999999999999 1600339939
1.0152 1600339939
0.8609 1600339939
0.9196 1600339939
0.937 1600339939
0.9234 1600339939
1.0779999999999998 1600339939
1.0503 1600339939
0.9052 1600339939
1.0577 1600339939
0.9215 1600339939
0.9461 1600339939
1.0516999999999999 1600339939
1.0602 1600339939
0.8865000000000001 1600339939
1.0590000000000002 1600339939
0.9181 1600339939
0.9265 1600339939
0.9297000000000001 1600339939
0.9433 1600339939
0.9993 1600339939
0.8509 1600339939
0.9339000000000001 1600339939
1.0455 1600339939
1.0516 1600339939
0.8623 1600339939
1.0607000000000002 1600339939
0.9167999999999998 1600339939
1.0097 1600339939
0.8654000000000001 1600339939
1.0611000000000002 1600339939
1.0541 1600339939
0.9880000000000001 1600339939
1.0527000000000002 1600339939
0.8606 1600339939
0.9215 1600339939
0.9203000000000001 1600339939
1.0008000000000001 1600339939
1.0121000000000002 1600339939
0.9040999999999999 1600339939
1.0015 1600339939
1.081 1600339939
1.0427 1600339939
1.0593 1600339939
0.9079 1600339939
1.0751 1600339939
0.8559000000000001 1600339939
0.8681 1600339939
0.9217 1600339939
0.8119 1600339939
1.0489 1600339939
1.0612 1600339939
1.0055 1600339939
1.0158 1600339939
0.898 1600339939
0.9309000000000001 1600339939
1.0506000000000002 1600339939
1.0657 1600339939
1.0521 1600339939
0.897 1600339939
1.0531000000000001 1600339939
0.9296 1600339939
1.0779 1600339939
