0.7605 1600215321
1.3308 1600215321
1.2087999999999999 1600215321
0.5692999999999999 1600215321
0.7948 1600215321
1.6577 1600215321
1.8705999999999998 1600215321
0.3964 1600215321
0.7603 1600215321
1.22 1600215321
2.1744000000000003 1600215321
1.1182 1600215321
1.5602 1600215321
0.3967 1600215321
1.7175 1600215321
1.1994 1600215321
1.9084999999999999 1600215321
1.5288 1600215321
1.662 1600215321
2.1535 1600215321
0.6174999999999999 1600215321
1.7675 1600215321
1.5979 1600215321
1.697 1600215321
1.7672 1600215321
1.2904 1600215321
1.2 1600215321
1.7671999999999999 1600215321
1.9311999999999998 1600215321
0.6272 1600215321
1.9531999999999998 1600215321
0.9241999999999999 1600215321
1.29 1600215321
1.6064 1600215321
0.7963 1600215321
1.6975 1600215321
1.4785 1600215321
1.6152 1600215321
1.7673999999999999 1600215321
0.7947 1600215321
1.1612 1600215321
1.8688 1600215321
1.9462 1600215321
1.1993 1600215321
1.7299 1600215321
1.4908 1600215321
1.3205 1600215321
1.5537 1600215321
1.5683 1600215321
1.3205 1600215321
1.1997 1600215321
1.2559 1600215321
1.6149 1600215321
1.2 1600215321
1.3169 1600215321
1.1996 1600215321
1.8670000000000002 1600215321
1.1999 1600215321
1.3012 1600215321
0.6178999999999999 1600215321
1.2985 1600215321
1.1999 1600215321
1.4798 1600215321
1.2904 1600215321
1.3288 1600215321
1.2906 1600215321
1.3217 1600215321
1.521 1600215321
1.5017 1600215321
0.3962 1600215321
1.4979 1600215321
1.6716 1600215321
1.5611 1600215321
0.7953999999999999 1600215321
1.6554 1600215321
1.757 1600215321
1.6902 1600215321
1.5534999999999999 1600215321
1.8360999999999998 1600215321
0.5875 1600215321
1.3207 1600215321
1.2 1600215321
1.6561 1600215321
0.5879000000000001 1600215321
1.6529 1600215321
1.2 1600215321
1.8688 1600215321
0.5879000000000001 1600215321
1.6436 1600215321
1.297 1600215321
1.2001 1600215321
1.2989 1600215321
1.5599 1600215321
1.1999 1600215321
1.2526 1600215321
0.5879000000000001 1600215321
0.7602 1600215321
1.8868 1600215321
1.6434 1600215321
0.7602 1600215321
1.0354 1600215321
2.1748 1600215321
1.0355 1600215321
1.832 1600215321
0.7602 1600215321
1.5979 1600215321
1.6976 1600215321
1.7671000000000001 1600215321
0.7602 1600215321
1.3285 1600215321
1.5614 1600215321
1.6942 1600215321
1.6902 1600215321
0.5880000000000001 1600215321
1.7674999999999998 1600215321
0.7602 1600215321
1.0357 1600215321
1.9514 1600215321
1.5981 1600215321
1.1182 1600215321
1.6148 1600215321
1.5535 1600215321
1.3215999999999999 1600215321
1.0352 1600215321
1.8687 1600215321
1.5537 1600215321
1.2905 1600215321
1.6976 1600215321
1.0352 1600215321
1.5143 1600215321
1.6653 1600215321
1.7671000000000001 1600215321
1.082 1600215321
1.4546 1600215321
1.2083 1600215321
1.4209 1600215321
1.8861999999999999 1600215321
1.5534999999999999 1600215321
1.8905999999999998 1600215321
1.4197 1600215321
1.1994 1600215321
1.6204 1600215321
1.0357 1600215321
1.6905 1600215321
0.7605 1600215321
2.0147000000000004 1600215321
1.2957 1600215321
1.1994 1600215321
1.5533 1600215321
1.3286 1600215321
1.5537 1600215321
1.9524000000000001 1600215321
1.1995 1600215321
1.3287 1600215321
0.7606999999999999 1600215321
1.2985 1600215321
1.9351999999999998 1600215321
1.2899 1600215321
1.6465 1600215321
1.6902 1600215321
1.9313 1600215321
1.2902 1600215321
0.5882000000000001 1600215321
1.6024 1600215321
1.6068 1600215321
1.2198 1600215321
1.0362 1600215321
1.2086 1600215321
1.9399 1600215321
1.0357 1600215321
0.5879000000000001 1600215321
0.7605 1600215321
0.3965 1600215321
1.2969 1600215321
1.1998 1600215321
1.5977999999999999 1600215321
1.2516 1600215321
1.7673999999999999 1600215321
1.6983 1600215321
1.4196 1600215321
1.2517 1600215321
1.7217 1600215321
1.6434 1600215321
1.1991 1600215321
2.0309 1600215321
1.6143 1600215321
0.6560999999999999 1600215321
1.7671000000000001 1600215321
2.1527000000000003 1600215321
1.7672999999999999 1600215321
0.6560999999999999 1600215321
1.5491 1600215321
0.6555 1600215321
1.9572 1600215321
1.7674 1600215321
0.7599 1600215321
1.8569000000000002 1600215321
1.1995 1600215321
2.1742 1600215321
1.5015 1600215321
0.7495 1600215321
1.4692 1600215321
1.6913 1600215321
1.1022 1600215321
1.3857 1600215321
1.2076 1600215321
1.3207 1600215321
1.7237 1600215321
1.4528 1600215321
1.7431999999999999 1600215321
1.2902 1600215321
1.5383 1600215321
1.3293 1600215321
1.3055999999999999 1600215321
1.1991 1600215321
1.2973 1600215321
0.6556 1600215321
1.7316 1600215321
1.2196 1600215321
1.506 1600215321
1.2826 1600215321
1.6699 1600215321
1.9182000000000001 1600215321
1.2825 1600215321
1.9312 1600215321
1.0836 1600215321
1.7075 1600215321
0.6920999999999999 1600215321
1.7516999999999998 1600215321
1.5409 1600215321
0.5762 1600215321
1.2831 1600215321
1.6297 1600215321
1.4704 1600215321
1.7075 1600215321
0.5753 1600215321
1.707 1600215321
0.7629999999999999 1600215321
1.7051 1600215321
0.7109 1600215321
1.9411 1600215321
1.7049 1600215321
1.1019 1600215321
1.5013 1600215321
1.1567 1600215321
1.8098 1600215321
1.2826 1600215321
1.7072 1600215321
1.2825 1600215321
0.7113 1600215321
0.8959999999999999 1600215321
1.4367 1600215321
1.6382 1600215321
1.4383 1600215321
1.0583 1600215321
1.2827 1600215321
0.5332000000000001 1600215321
1.6326 1600215321
1.9177000000000002 1600215321
0.9246000000000001 1600215321
2.0683999999999996 1600215321
0.9246000000000001 1600215321
1.7707 1600215321
2.0683999999999996 1600215321
0.9245000000000001 1600215321
1.4707999999999999 1600215321
1.6297 1600215321
1.7373999999999998 1600215321
0.9245000000000001 1600215321
2.0796 1600215321
1.6694 1600215321
1.9187 1600215321
1.6692 1600215321
0.4588 1600215321
1.0946 1600215321
1.8326000000000002 1600215321
0.8914 1600215321
1.8412 1600215321
1.0661 1600215321
1.3322 1600215321
1.6372 1600215321
1.2391 1600215321
0.5662 1600215321
1.129 1600215321
1.42 1600215321
1.8512000000000002 1600215321
1.1141 1600215321
1.2089 1600215321
1.157 1600215321
1.812 1600215321
2.0175 1600215321
1.1133 1600215321
1.1566 1600215321
2.0015 1600215321
1.5881 1600215321
0.5334 1600215321
0.7622 1600215321
1.5956 1600215321
1.1571 1600215321
1.8089000000000002 1600215321
1.8777 1600215321
1.4205 1600215321
1.2829 1600215321
1.3639000000000001 1600215321
1.9650999999999998 1600215321
1.6695 1600215321
1.1569 1600215321
1.6331 1600215321
1.9174 1600215321
0.8954 1600215321
1.9183000000000001 1600215321
0.711 1600215321
1.3638 1600215321
2.0636 1600215321
1.3642 1600215321
1.4205 1600215321
1.8484999999999998 1600215321
1.7523000000000002 1600215321
0.5226 1600215321
1.2827 1600215321
0.5221 1600215321
1.4688 1600215321
2.0672 1600215321
0.4586 1600215321
1.329 1600215321
0.8355999999999999 1600215321
1.3712 1600215321
1.4732 1600215321
0.8348 1600215321
1.2828 1600215321
1.6852 1600215321
1.8091000000000002 1600215321
1.9120000000000001 1600215321
1.7076 1600215321
1.4273 1600215321
1.2328 1600215321
1.2387 1600215321
1.8091000000000002 1600215321
2.0471000000000004 1600215321
0.5652 1600215321
1.0655 1600215321
1.4913 1600215321
0.4588 1600215321
1.3775 1600215321
1.6307 1600215321
1.3362 1600215321
0.4593 1600215321
1.7185 1600215321
1.752 1600215321
1.2598 1600215321
0.9675 1600215321
0.5662 1600215321
1.3639000000000001 1600215321
1.4206 1600215321
0.9504999999999999 1600215321
1.7521000000000002 1600215321
1.3846 1600215321
0.9502999999999999 1600215321
2.0117000000000003 1600215321
1.0656 1600215321
1.072 1600215321
2.0213 1600215321
1.3539 1600215321
0.95 1600215321
1.3291 1600215321
1.2388 1600215321
1.3351 1600215321
1.5674 1600215321
0.566 1600215321
2.0115999999999996 1600215321
0.7114 1600215321
1.5404 1600215321
1.5408 1600215321
1.239 1600215321
0.7113 1600215321
1.8089000000000002 1600215321
1.1177 1600215321
1.7748000000000002 1600215321
1.9058 1600215321
2.0168 1600215321
1.1177 1600215321
1.8091000000000002 1600215321
1.9964000000000002 1600215321
1.1175 1600215321
1.637 1600215321
1.3294 1600215321
1.5956 1600215321
0.5662 1600215321
1.6691 1600215321
1.8171000000000002 1600215321
1.2389000000000001 1600215321
1.6693 1600215321
1.6295 1600215321
1.3291 1600215321
1.9965 1600215321
0.566 1600215321
0.8115000000000001 1600215321
1.7777 1600215321
0.5664 1600215321
1.7708000000000002 1600215321
0.5661 1600215321
1.3733 1600215321
0.7685 1600215321
1.3775 1600215321
2.0682 1600215321
1.595 1600215321
0.8118000000000001 1600215321
1.3481 1600215321
0.4586 1600215321
1.7549 1600215321
1.8135000000000001 1600215321
0.4587 1600215321
1.3837 1600215321
0.7111 1600215321
1.7093 1600215321
0.7111 1600215321
0.7752000000000001 1600215321
1.9652 1600215321
1.7724 1600215321
1.1704 1600215321
1.933 1600215321
0.7114 1600215321
1.6736 1600215321
0.7113 1600215321
0.8116000000000001 1600215321
1.4207 1600215321
1.6300999999999999 1600215321
1.6693 1600215321
0.8122 1600215321
0.9016 1600215321
1.6906 1600215321
1.2825 1600215321
1.6691 1600215321
1.8381999999999998 1600215321
2.1468 1600215321
0.7115 1600215321
1.9175000000000002 1600215321
1.7311999999999999 1600215321
1.6038 1600215321
1.2326 1600215321
0.8070999999999999 1600215321
2.0637999999999996 1600215321
1.9176000000000002 1600215321
1.1567 1600215321
1.7971000000000001 1600215321
0.4586 1600215321
1.9966000000000002 1600215321
1.4362 1600215321
1.3637 1600215321
1.7183 1600215321
1.7712 1600215321
1.9572 1600215321
0.45840000000000003 1600215321
1.3778 1600215321
1.2389000000000001 1600215321
1.3775 1600215321
1.2385 1600215321
1.4687 1600215321
1.7526 1600215321
1.933 1600215321
1.348 1600215321
1.2386 1600215321
1.5881 1600215321
1.7373 1600215321
0.4585 1600215321
1.7381 1600215321
1.2774 1600215321
0.4587 1600215321
0.5226999999999999 1600215321
0.4593 1600215321
0.9000999999999999 1600215321
0.6288 1600215321
0.6288 1600215321
1.0899 1600215321
0.8816999999999999 1600215321
0.45840000000000003 1600215321
0.8817999999999999 1600215321
0.5224 1600215321
0.7115 1600215321
0.7957000000000001 1600215321
0.4586 1600215321
0.8813 1600215321
0.5662 1600215321
0.8162 1600215321
0.7958000000000001 1600215321
0.7114 1600215321
1.0728 1600215321
0.8115000000000001 1600215321
0.9022000000000001 1600215321
0.8119000000000001 1600215321
0.9027000000000001 1600215321
0.566 1600215321
0.007400000000000018 1600215321
1.2672 1600215321
0.8812 1600215321
0.7112 1600215321
0.8956999999999999 1600215321
0.45819999999999994 1600215321
0.8832 1600215321
0.45830000000000004 1600215321
0.45819999999999994 1600215321
0.8999999999999999 1600215321
0.7111 1600215321
0.8991 1600215321
0.7112 1600215321
0.45840000000000003 1600215321
0.6347 1600215321
0.8951 1600215321
0.867 1600215321
0.6283 1600215321
1.2772000000000001 1600215321
0.8111999999999999 1600215321
