1.0219 1600211979
2.128 1600211979
1.7572 1600211979
1.6187 1600211979
1.4708999999999999 1600211979
1.4027999999999998 1600211979
1.4132 1600211979
1.7996 1600211979
1.5728 1600211979
1.6180999999999999 1600211979
1.5461999999999998 1600211979
2.0107999999999997 1600211979
1.3764999999999998 1600211979
1.4656999999999998 1600211979
1.8474000000000002 1600211979
1.1065 1600211979
1.9504000000000001 1600211979
2.0093 1600211979
2.1234 1600211979
1.5970000000000002 1600211979
1.7979 1600211979
2.1361999999999997 1600211979
1.4639 1600211979
1.5969000000000002 1600211979
1.8344 1600211979
1.4112 1600211979
2.0053 1600211979
1.8622999999999998 1600211979
1.4655 1600211979
1.4185999999999996 1600211979
2.0055 1600211979
1.8417999999999999 1600211979
1.8474 1600211979
1.8469 1600211979
2.1276 1600211979
1.8688 1600211979
2.0311 1600211979
1.4223999999999999 1600211979
1.9532999999999998 1600211979
1.3842 1600211979
2.0107 1600211979
1.4713 1600211979
1.8396000000000001 1600211979
1.8396000000000001 1600211979
1.8478999999999999 1600211979
1.8566999999999998 1600211979
1.3812 1600211979
1.8023999999999998 1600211979
1.6016 1600211979
2.0938999999999997 1600211979
1.8482999999999998 1600211979
1.3513 1600211979
1.9732999999999998 1600211979
1.4033999999999998 1600211979
1.5189000000000001 1600211979
1.8476000000000001 1600211979
1.8397 1600211979
1.6198 1600211979
1.5292000000000001 1600211979
1.3974 1600211979
2.122 1600211979
1.3812 1600211979
1.6217 1600211979
1.8395 1600211979
1.3767 1600211979
1.8665 1600211979
1.8467999999999998 1600211979
1.3345999999999998 1600211979
2.0103 1600211979
1.8394000000000001 1600211979
1.8640999999999999 1600211979
1.9275 1600211979
1.8476000000000001 1600211979
1.8667 1600211979
1.4142 1600211979
1.5433000000000001 1600211979
1.8486 1600211979
1.7564 1600211979
1.6300000000000001 1600211979
1.8669 1600211979
1.4238 1600211979
2.1241000000000003 1600211979
1.8596000000000001 1600211979
1.3821999999999999 1600211979
1.8669 1600211979
2.0103 1600211979
1.8688 1600211979
1.6180999999999999 1600211979
2.0107 1600211979
1.5075999999999998 1600211979
1.8503 1600211979
1.522 1600211979
1.422 1600211979
1.7571999999999999 1600211979
1.3774 1600211979
2.1177 1600211979
1.8501999999999998 1600211979
1.5658 1600211979
1.8478 1600211979
1.8021 1600211979
1.8509 1600211979
2.1284 1600211979
1.6018000000000001 1600211979
2.1247 1600211979
1.4738999999999998 1600211979
2.128 1600211979
1.3766 1600211979
1.5683999999999998 1600211979
2.0103999999999997 1600211979
1.5464999999999998 1600211979
1.8465999999999998 1600211979
1.6188 1600211979
1.8945 1600211979
1.3516000000000001 1600211979
1.5873000000000002 1600211979
1.5847999999999998 1600211979
1.8499 1600211979
1.41 1600211979
1.4692999999999998 1600211979
1.4199 1600211979
1.7205000000000001 1600211979
1.6018999999999999 1600211979
1.4117 1600211979
1.6018000000000001 1600211979
2.0107999999999997 1600211979
1.7192999999999998 1600211979
1.5664 1600211979
1.7188 1600211979
1.4678 1600211979
1.8458999999999999 1600211979
1.8001 1600211979
1.9521000000000002 1600211979
1.5144000000000002 1600211979
1.4712 1600211979
1.4093999999999998 1600211979
1.9266 1600211979
1.4037000000000002 1600211979
1.3506 1600211979
1.7559 1600211979
1.1326 1600211979
1.3860999999999999 1600211979
1.601 1600211979
1.4735 1600211979
1.4952 1600211979
1.4184 1600211979
1.8458 1600211979
1.3498999999999999 1600211979
1.8472 1600211979
1.6004 1600211979
2.1199999999999997 1600211979
1.9434 1600211979
1.8655999999999997 1600211979
1.4693 1600211979
1.0762 1600211979
2.1157999999999997 1600211979
1.7190999999999996 1600211979
2.1144000000000003 1600211979
2.117 1600211979
2.1037999999999997 1600211979
1.6174999999999997 1600211979
1.9519000000000002 1600211979
1.6181999999999999 1600211979
2.1271 1600211979
2.1208 1600211979
1.8460999999999999 1600211979
2.0091 1600211979
2.1247000000000003 1600211979
1.8048000000000002 1600211979
1.3755000000000002 1600211979
1.7570000000000001 1600211979
2.1268000000000002 1600211979
2.1165000000000003 1600211979
1.8446000000000002 1600211979
1.601 1600211979
1.3904999999999998 1600211979
1.8008000000000002 1600211979
1.4126 1600211979
1.4196 1600211979
1.8049 1600211979
1.6009000000000002 1600211979
1.4693 1600211979
1.6008 1600211979
1.6176 1600211979
1.6006 1600211979
1.5173999999999999 1600211979
1.8489 1600211979
1.601 1600211979
1.5847000000000002 1600211979
2.1404 1600211979
1.7565 1600211979
2.1162 1600211979
1.8432 1600211979
1.5851 1600211979
1.8469 1600211979
1.8597 1600211979
2.1284 1600211979
1.075 1600211979
1.8499999999999999 1600211979
2.0107 1600211979
1.7122 1600211979
1.4117 1600211979
1.8231 1600211979
1.8478999999999999 1600211979
1.4745000000000001 1600211979
1.4221000000000001 1600211979
1.9273999999999998 1600211979
1.8649 1600211979
1.4178 1600211979
1.8665 1600211979
1.5184999999999997 1600211979
1.5592 1600211979
1.8019 1600211979
1.8395 1600211979
1.8469 1600211979
2.128 1600211979
1.8947999999999998 1600211979
2.1277 1600211979
2.0103 1600211979
2.1273999999999997 1600211979
1.6184 1600211979
1.9277 1600211979
1.9286 1600211979
1.7127000000000001 1600211979
1.8470999999999997 1600211979
1.3768 1600211979
1.4692 1600211979
1.3514000000000002 1600211979
2.1270999999999995 1600211979
1.8059 1600211979
1.6182 1600211979
1.8636000000000001 1600211979
1.6197000000000001 1600211979
1.8604999999999998 1600211979
1.865 1600211979
1.5182 1600211979
1.4351999999999998 1600211979
1.5073 1600211979
1.4728999999999999 1600211979
1.6182 1600211979
1.4690999999999999 1600211979
1.8945999999999998 1600211979
2.1266 1600211979
1.8059 1600211979
2.1171999999999995 1600211979
2.1285 1600211979
2.0142999999999995 1600211979
2.1283000000000003 1600211979
1.4687 1600211979
2.1291 1600211979
1.3764999999999998 1600211979
2.1266999999999996 1600211979
1.4124 1600211979
1.6180999999999999 1600211979
1.3774 1600211979
1.6192999999999997 1600211979
1.6186999999999998 1600211979
1.5181 1600211979
2.1421 1600211979
1.8058 1600211979
2.124 1600211979
1.4104 1600211979
1.8016999999999999 1600211979
2.0106 1600211979
1.7201 1600211979
1.9281000000000001 1600211979
2.1162 1600211979
1.6181999999999999 1600211979
1.4161 1600211979
1.847 1600211979
1.0776999999999999 1600211979
1.6257 1600211979
1.8229999999999997 1600211979
1.6019 1600211979
1.9445000000000001 1600211979
1.602 1600211979
1.953 1600211979
1.8468999999999998 1600211979
1.6018999999999999 1600211979
1.8471 1600211979
1.8509 1600211979
1.4163999999999999 1600211979
1.4107 1600211979
1.3518000000000001 1600211979
1.5054999999999998 1600211979
1.2729 1600211979
1.8465999999999998 1600211979
1.7105 1600211979
1.618 1600211979
1.8469 1600211979
1.4023 1600211979
1.9521 1600211979
1.7112999999999998 1600211979
1.4949 1600211979
1.4683000000000002 1600211979
1.6345999999999998 1600211979
1.8502 1600211979
1.4949999999999999 1600211979
1.5944 1600211979
2.1184000000000003 1600211979
1.9269 1600211979
1.4755 1600211979
1.4671999999999998 1600211979
1.4364000000000001 1600211979
1.4734 1600211979
2.1285 1600211979
1.9267999999999998 1600211979
1.4680999999999997 1600211979
1.8467 1600211979
1.4738 1600211979
1.973 1600211979
1.4138 1600211979
1.8059 1600211979
1.9545000000000001 1600211979
2.0107 1600211979
1.466 1600211979
1.6180999999999999 1600211979
1.4212 1600211979
1.6198 1600211979
1.7110999999999998 1600211979
1.8019999999999998 1600211979
1.5453999999999999 1600211979
1.6176 1600211979
1.4249 1600211979
1.8664 1600211979
1.8014999999999999 1600211979
1.3335 1600211979
1.415 1600211979
1.4712 1600211979
1.7046000000000001 1600211979
1.4132000000000002 1600211979
1.851 1600211979
1.4151000000000002 1600211979
1.7817000000000003 1600211979
1.4710999999999999 1600211979
1.5196 1600211979
1.8471000000000002 1600211979
2.1261 1600211979
1.8938000000000001 1600211979
1.4491 1600211979
2.0291 1600211979
1.5143 1600211979
1.4750999999999999 1600211979
1.6181999999999999 1600211979
2.0095 1600211979
1.9272 1600211979
2.0095 1600211979
1.5173 1600211979
1.8016999999999999 1600211979
1.626 1600211979
2.1272 1600211979
1.601 1600211979
1.6171000000000002 1600211979
2.1256999999999997 1600211979
1.4017999999999997 1600211979
1.4112 1600211979
1.6006 1600211979
1.4151000000000002 1600211979
1.4215 1600211979
1.4215999999999998 1600211979
1.6180999999999996 1600211979
1.4733999999999998 1600211979
1.8013999999999997 1600211979
1.6174999999999997 1600211979
1.4659 1600211979
1.8464999999999998 1600211979
1.7119999999999997 1600211979
1.4653999999999998 1600211979
1.4091 1600211979
1.4723000000000002 1600211979
1.8673000000000002 1600211979
1.8460999999999999 1600211979
1.3918 1600211979
1.802 1600211979
1.4043 1600211979
1.7578 1600211979
1.8004000000000002 1600211979
1.5343 1600211979
1.4024 1600211979
1.6187 1600211979
1.4043999999999999 1600211979
1.4365 1600211979
1.7567 1600211979
1.8019000000000003 1600211979
1.4681000000000002 1600211979
1.5065 1600211979
1.65 1600211979
1.9548 1600211979
1.6182 1600211979
2.1426 1600211979
1.4182 1600211979
1.5763999999999998 1600211979
1.3882 1600211979
2.0101999999999998 1600211979
1.7123000000000002 1600211979
2.1432 1600211979
1.8513 1600211979
1.38 1600211979
1.8478999999999999 1600211979
1.5106 1600211979
1.9726000000000001 1600211979
2.0103999999999997 1600211979
1.6188 1600211979
1.9284000000000001 1600211979
1.3518999999999999 1600211979
1.6020999999999999 1600211979
1.6184 1600211979
1.6188 1600211979
1.5313 1600211979
1.7824 1600211979
1.8698 1600211979
2.1285999999999996 1600211979
1.4041 1600211979
1.6022 1600211979
2.1254999999999997 1600211979
1.5824 1600211979
1.9280000000000002 1600211979
1.529 1600211979
1.4702 1600211979
1.847 1600211979
1.4063 1600211979
1.8468999999999998 1600211979
1.7573999999999999 1600211979
1.6203999999999998 1600211979
1.4145 1600211979
2.0140000000000002 1600211979
1.8698 1600211979
1.5085 1600211979
1.8231 1600211979
1.4185999999999999 1600211979
1.4694999999999998 1600211979
1.6188 1600211979
1.5312 1600211979
1.4748999999999999 1600211979
1.6186 1600211979
1.4033 1600211979
1.9281 1600211979
1.4768999999999999 1600211979
1.4688999999999999 1600211979
1.4163999999999999 1600211979
1.4248999999999998 1600211979
1.3514000000000002 1600211979
1.5227000000000002 1600211979
1.8394000000000001 1600211979
1.8669999999999998 1600211979
1.6258000000000001 1600211979
1.0789 1600211979
1.7569000000000001 1600211979
1.3766999999999998 1600211979
1.5131999999999999 1600211979
2.0050999999999997 1600211979
1.7959999999999998 1600211979
2.0242999999999998 1600211979
1.5969000000000002 1600211979
1.7000000000000002 1600211979
1.8620999999999999 1600211979
1.653 1600211979
1.4456000000000002 1600211979
2.0262 1600211979
1.7081 1600211979
1.6147999999999998 1600211979
1.3767 1600211979
1.9474999999999998 1600211979
1.9473000000000003 1600211979
1.6133000000000002 1600211979
1.9230999999999998 1600211979
2.0051 1600211979
1.8007 1600211979
1.8620999999999999 1600211979
1.5964999999999998 1600211979
1.4596 1600211979
2.1361 1600211979
1.8449 1600211979
1.6067 1600211979
1.6072000000000002 1600211979
1.8428 1600211979
1.4046000000000003 1600211979
1.5966999999999998 1600211979
1.4606999999999997 1600211979
1.7515999999999998 1600211979
1.709 1600211979
1.9507000000000003 1600211979
2.0885 1600211979
1.3975 1600211979
1.8426 1600211979
1.8413 1600211979
2.0048 1600211979
1.8415999999999997 1600211979
1.4436999999999998 1600211979
1.6130999999999998 1600211979
1.5108000000000001 1600211979
1.7143000000000002 1600211979
1.4053 1600211979
1.7062 1600211979
1.4717000000000002 1600211979
1.4002 1600211979
1.8427000000000002 1600211979
2.1229 1600211979
1.4634 1600211979
2.1224 1600211979
1.7081 1600211979
1.6075 1600211979
1.8455 1600211979
1.5104000000000002 1600211979
2.0053 1600211979
1.5966999999999998 1600211979
1.4896000000000003 1600211979
1.4076999999999997 1600211979
1.4904000000000002 1600211979
1.5771000000000002 1600211979
1.7132 1600211979
1.7004000000000001 1600211979
1.4095 1600211979
