0.2816 1600635181
0.3399 1600635181
0.16020000000000004 1600635181
0.30569999999999997 1600635181
0.0028000000000000247 1600635181
0.161 1600635181
0.25370000000000004 1600635181
0.1424 1600635181
0.3015 1600635181
0.17200000000000001 1600635181
0.002700000000000008 1600635181
0.3087 1600635181
0.3666 1600635181
0.3096 1600635181
0.1923 1600635181
0.1424 1600635181
0.15870000000000004 1600635181
0.0028000000000000247 1600635181
0.1672 1600635181
0.3056 1600635181
0.15930000000000002 1600635181
0.3093 1600635181
0.21570000000000003 1600635181
0.3055 1600635181
0.1584 1600635181
0.3156 1600635181
0.0028000000000000247 1600635181
0.1747 1600635181
0.16740000000000002 1600635181
0.0029000000000000137 1600635181
0.3677 1600635181
0.1908 1600635181
0.16730000000000003 1600635181
0.002700000000000008 1600635181
0.14320000000000002 1600635181
0.1721 1600635181
0.1727 1600635181
0.0028000000000000247 1600635181
0.3246 1600635181
0.17290000000000003 1600635181
0.17090000000000002 1600635181
0.32510000000000006 1600635181
0.3731 1600635181
0.1707 1600635181
0.0028000000000000247 1600635181
0.32910000000000006 1600635181
0.0028000000000000247 1600635181
0.40900000000000003 1600635181
0.24340000000000003 1600635181
0.14210000000000003 1600635181
0.24390000000000003 1600635181
0.37140000000000006 1600635181
0.29980000000000007 1600635181
0.002700000000000008 1600635181
0.4852000000000001 1600635181
0.3345 1600635181
0.3348 1600635181
0.24240000000000003 1600635181
0.4054000000000001 1600635181
0.2426 1600635181
0.24240000000000003 1600635181
0.33430000000000004 1600635181
0.0029000000000000137 1600635181
0.27980000000000005 1600635181
0.27270000000000005 1600635181
0.21470000000000003 1600635181
0.002600000000000019 1600635181
0.2672 1600635181
0.2671 1600635181
0.002700000000000008 1600635181
0.21480000000000002 1600635181
0.29479999999999995 1600635181
0.002600000000000019 1600635181
0.4353 1600635181
0.3819 1600635181
0.21320000000000003 1600635181
0.2672 1600635181
0.38180000000000003 1600635181
0.4902000000000001 1600635181
0.3812000000000001 1600635181
0.002700000000000008 1600635181
0.3849 1600635181
0.2986 1600635181
0.002799999999999997 1600635181
0.26680000000000004 1600635181
0.3907 1600635181
0.2804 1600635181
0.0025000000000000022 1600635181
0.002600000000000019 1600635181
0.4796 1600635181
0.30469999999999997 1600635181
0.15230000000000002 1600635181
0.35120000000000007 1600635181
0.3035 1600635181
0.13110000000000002 1600635181
0.30469999999999997 1600635181
0.2911 1600635181
0.11280000000000004 1600635181
0.2652 1600635181
0.3618 1600635181
0.11240000000000003 1600635181
0.3621000000000001 1600635181
0.1307 1600635181
0.2692 1600635181
0.29059999999999997 1600635181
0.002700000000000008 1600635181
0.13149999999999998 1600635181
0.256 1600635181
0.2009 1600635181
0.3204 1600635181
0.18560000000000001 1600635181
0.3617 1600635181
0.3618 1600635181
0.3097 1600635181
0.002799999999999997 1600635181
0.1309 1600635181
0.20160000000000003 1600635181
0.002600000000000019 1600635181
0.1307 1600635181
0.18510000000000001 1600635181
0.1302 1600635181
0.18690000000000004 1600635181
0.2428 1600635181
0.18640000000000004 1600635181
0.1721 1600635181
0.002700000000000008 1600635181
0.2024 1600635181
0.3065 1600635181
0.3587 1600635181
0.16270000000000004 1600635181
0.30110000000000003 1600635181
0.3642000000000001 1600635181
0.16220000000000004 1600635181
0.3621000000000001 1600635181
0.1626 1600635181
0.3582000000000001 1600635181
0.002600000000000019 1600635181
0.2053 1600635181
0.002700000000000008 1600635181
0.29810000000000003 1600635181
0.1625 1600635181
0.359 1600635181
0.2992 1600635181
0.16230000000000003 1600635181
0.16230000000000003 1600635181
0.3648 1600635181
0.002700000000000008 1600635181
0.29790000000000005 1600635181
0.16190000000000002 1600635181
0.35840000000000005 1600635181
0.3902 1600635181
0.162 1600635181
0.38970000000000005 1600635181
0.36040000000000005 1600635181
0.18390000000000004 1600635181
0.0552 1600635181
0.23180000000000003 1600635181
0.1667 1600635181
0.3276 1600635181
0.22720000000000004 1600635181
0.32820000000000005 1600635181
0.2983 1600635181
0.1715 1600635181
0.0028000000000000247 1600635181
0.3437 1600635181
0.002700000000000008 1600635181
0.32820000000000005 1600635181
0.16629999999999998 1600635181
0.16580000000000003 1600635181
0.30500000000000005 1600635181
0.231 1600635181
0.28780000000000006 1600635181
0.2295 1600635181
0.3087 1600635181
0.16640000000000002 1600635181
0.34340000000000004 1600635181
0.16730000000000003 1600635181
0.0029000000000000137 1600635181
0.11590000000000003 1600635181
0.28890000000000005 1600635181
0.4267000000000001 1600635181
0.1152 1600635181
0.27670000000000006 1600635181
0.1657 1600635181
0.16630000000000003 1600635181
0.39 1600635181
0.31710000000000005 1600635181
0.1514 1600635181
0.382 1600635181
0.3325 1600635181
0.15160000000000004 1600635181
0.3147 1600635181
0.32289999999999996 1600635181
0.1519 1600635181
0.32030000000000003 1600635181
0.15130000000000002 1600635181
0.44730000000000003 1600635181
0.382 1600635181
0.1515 1600635181
0.31479999999999997 1600635181
0.3147 1600635181
0.15160000000000004 1600635181
0.38260000000000005 1600635181
0.15170000000000003 1600635181
0.15120000000000003 1600635181
0.32310000000000005 1600635181
0.15220000000000003 1600635181
0.002700000000000008 1600635181
0.5051000000000001 1600635181
0.4587 1600635181
0.4222 1600635181
0.38110000000000005 1600635181
0.3143 1600635181
0.38260000000000005 1600635181
0.5332 1600635181
0.147 1600635181
0.5895 1600635181
0.6638000000000001 1600635181
0.0028000000000000247 1600635181
0.2044 1600635181
0.5331 1600635181
0.2048 1600635181
0.5997 1600635181
0.6884 1600635181
0.2045 1600635181
0.6892 1600635181
0.5493 1600635181
0.2044 1600635181
0.0028000000000000247 1600635181
0.534 1600635181
0.5918 1600635181
0.658 1600635181
0.19900000000000004 1600635181
0.5341 1600635181
0.6041000000000001 1600635181
0.5331 1600635181
0.6577000000000001 1600635181
0.597 1600635181
0.5344 1600635181
0.0029000000000000137 1600635181
0.0028000000000000247 1600635181
0.7042 1600635181
0.2219 1600635181
0.6974 1600635181
0.5899000000000001 1600635181
0.15130000000000002 1600635181
0.3226 1600635181
0.3678 1600635181
0.2904 1600635181
0.3761 1600635181
0.3295 1600635181
0.1494 1600635181
0.32489999999999997 1600635181
0.24039999999999997 1600635181
0.3256 1600635181
0.23990000000000003 1600635181
0.002700000000000008 1600635181
0.401 1600635181
0.002700000000000008 1600635181
0.23380000000000004 1600635181
0.14960000000000004 1600635181
0.2457 1600635181
0.3656 1600635181
0.2905 1600635181
0.2406 1600635181
0.15480000000000002 1600635181
0.002700000000000008 1600635181
0.24050000000000002 1600635181
0.14820000000000003 1600635181
0.1827 1600635181
0.33740000000000003 1600635181
0.0028000000000000247 1600635181
0.0029000000000000137 1600635181
0.24700000000000003 1600635181
0.14920000000000003 1600635181
0.24590000000000004 1600635181
0.19110000000000002 1600635181
0.0029000000000000137 1600635181
0.27959999999999996 1600635181
0.4306000000000001 1600635181
0.21320000000000003 1600635181
0.0029000000000000137 1600635181
0.2811 1600635181
0.0029000000000000137 1600635181
0.39080000000000004 1600635181
0.0028000000000000247 1600635181
0.34309999999999996 1600635181
0.18190000000000003 1600635181
0.2784 1600635181
0.002700000000000008 1600635181
0.1822 1600635181
0.3379 1600635181
0.2712 1600635181
0.485 1600635181
0.18200000000000002 1600635181
0.41670000000000007 1600635181
0.32410000000000005 1600635181
0.18240000000000003 1600635181
0.0029000000000000137 1600635181
0.2792 1600635181
0.002700000000000008 1600635181
0.3428 1600635181
0.38450000000000006 1600635181
0.19000000000000003 1600635181
0.18090000000000003 1600635181
0.45600000000000007 1600635181
0.2714 1600635181
0.11729999999999999 1600635181
0.11960000000000001 1600635181
0.002600000000000019 1600635181
0.30800000000000005 1600635181
0.11750000000000002 1600635181
0.9625000000000001 1600635181
0.002600000000000019 1600635181
0.2165 1600635181
0.1192 1600635181
0.11929999999999999 1600635181
0.29059999999999997 1600635181
0.11929999999999999 1600635181
0.2751 1600635181
0.44610000000000005 1600635181
0.276 1600635181
0.11950000000000002 1600635181
0.4456 1600635181
0.12600000000000003 1600635181
0.002799999999999997 1600635181
0.2201 1600635181
0.11879999999999999 1600635181
0.2545 1600635181
0.48150000000000004 1600635181
1.0253 1600635181
0.255 1600635181
0.9621999999999999 1600635181
0.44600000000000006 1600635181
0.11900000000000002 1600635181
0.2903 1600635181
0.40390000000000004 1600635181
0.23690000000000003 1600635181
0.002700000000000008 1600635181
0.25350000000000006 1600635181
0.25350000000000006 1600635181
0.1772 1600635181
0.2538 1600635181
0.39760000000000006 1600635181
0.3975000000000001 1600635181
0.002700000000000008 1600635181
0.23530000000000004 1600635181
0.0028000000000000247 1600635181
0.39780000000000004 1600635181
0.3528 1600635181
0.25370000000000004 1600635181
0.002600000000000019 1600635181
0.407 1600635181
0.2366 1600635181
0.40800000000000003 1600635181
0.238 1600635181
0.361 1600635181
0.25370000000000004 1600635181
0.4005000000000001 1600635181
0.23600000000000002 1600635181
0.0028000000000000247 1600635181
0.25370000000000004 1600635181
0.893 1600635181
0.5006 1600635181
0.2382 1600635181
0.6382 1600635181
0.05760000000000001 1600635181
0.349 1600635181
0.002700000000000008 1600635181
0.2085 1600635181
0.3821 1600635181
0.7591 1600635181
0.8900000000000001 1600635181
0.49550000000000005 1600635181
0.3819 1600635181
0.8191999999999999 1600635181
0.002700000000000008 1600635181
0.8829 1600635181
0.493 1600635181
0.8820000000000001 1600635181
0.2058 1600635181
0.4952000000000001 1600635181
0.8834 1600635181
0.20510000000000003 1600635181
0.002700000000000008 1600635181
0.2065 1600635181
0.3791 1600635181
0.8331000000000001 1600635181
0.37850000000000006 1600635181
0.8915 1600635181
0.0028000000000000247 1600635181
0.8496000000000001 1600635181
0.16030000000000003 1600635181
0.5354 1600635181
0.16020000000000004 1600635181
0.37840000000000007 1600635181
0.3788 1600635181
0.3096 1600635181
0.41270000000000007 1600635181
0.1949 1600635181
0.3982 1600635181
0.0029000000000000137 1600635181
0.2166 1600635181
0.3083 1600635181
0.1948 1600635181
0.31010000000000004 1600635181
0.39 1600635181
0.1994 1600635181
0.0028000000000000247 1600635181
0.20000000000000004 1600635181
0.3255 1600635181
0.19920000000000002 1600635181
0.3933000000000001 1600635181
0.30979999999999996 1600635181
0.3903000000000001 1600635181
0.0028000000000000247 1600635181
0.3086 1600635181
0.38980000000000004 1600635181
0.0030000000000000027 1600635181
0.19950000000000004 1600635181
0.0028000000000000247 1600635181
0.4466 1600635181
0.39780000000000004 1600635181
0.1988 1600635181
0.4527 1600635181
0.1943 1600635181
0.4796 1600635181
0.19460000000000002 1600635181
0.1924 1600635181
0.7234 1600635181
0.7895000000000001 1600635181
0.6967 1600635181
0.25650000000000006 1600635181
0.19300000000000003 1600635181
0.2571 1600635181
0.7224 1600635181
0.19260000000000002 1600635181
0.0028000000000000247 1600635181
0.7075 1600635181
0.7724000000000001 1600635181
0.7519 1600635181
0.19300000000000003 1600635181
0.8053 1600635181
0.1923 1600635181
0.25660000000000005 1600635181
0.1927 1600635181
0.2457 1600635181
0.7072 1600635181
0.2651 1600635181
0.19310000000000002 1600635181
0.7250000000000001 1600635181
0.19250000000000003 1600635181
0.6966 1600635181
0.7789 1600635181
0.6980000000000001 1600635181
0.0028000000000000247 1600635181
0.19200000000000003 1600635181
0.6986 1600635181
0.0029000000000000137 1600635181
0.15080000000000002 1600635181
0.4660000000000001 1600635181
0.38950000000000007 1600635181
0.31420000000000003 1600635181
0.14770000000000003 1600635181
0.46610000000000007 1600635181
0.3147 1600635181
0.4161 1600635181
0.002700000000000008 1600635181
0.0028000000000000247 1600635181
0.38570000000000004 1600635181
0.4538000000000001 1600635181
0.002700000000000008 1600635181
0.44910000000000005 1600635181
0.3278 1600635181
0.2194 1600635181
0.002700000000000008 1600635181
0.39570000000000005 1600635181
0.002700000000000008 1600635181
0.45720000000000005 1600635181
0.31310000000000004 1600635181
0.002700000000000008 1600635181
0.28570000000000007 1600635181
0.47940000000000005 1600635181
0.31379999999999997 1600635181
0.47830000000000006 1600635181
0.2863 1600635181
0.0030000000000000027 1600635181
0.15469999999999998 1600635181
0.6054 1600635181
0.4635 1600635181
0.1943 1600635181
0.055499999999999994 1600635181
0.4627 1600635181
0.0030000000000000027 1600635181
0.6191000000000001 1600635181
0.24200000000000002 1600635181
0.621 1600635181
0.19960000000000003 1600635181
0.0029000000000000137 1600635181
0.13470000000000001 1600635181
0.4770000000000001 1600635181
0.0030000000000000027 1600635181
0.46340000000000003 1600635181
0.1877 1600635181
0.4626 1600635181
0.18860000000000002 1600635181
0.47350000000000003 1600635181
0.6129 1600635181
0.0030000000000000027 1600635181
0.18810000000000002 1600635181
0.29069999999999996 1600635181
0.4629 1600635181
