13.8856 1600644514
18.2688 1600644514
18.3774 1600644514
18.4489 1600644514
23.3321 1600644514
21.3158 1600644514
18.1808 1600644514
22.2235 1600644514
18.622600000000002 1600644514
25.5026 1600644514
16.3076 1600644514
17.1279 1600644514
17.9075 1600644514
22.368000000000002 1600644514
12.7479 1600644514
20.5847 1600644514
20.4726 1600644514
21.8732 1600644514
23.0176 1600644514
17.7173 1600644514
17.8308 1600644514
18.3419 1600644514
28.811400000000003 1600644514
22.7739 1600644514
20.1914 1600644514
22.9013 1600644514
25.1412 1600644514
27.5883 1600644514
19.3115 1600644514
19.9174 1600644514
20.168300000000002 1600644514
20.3624 1600644514
17.2671 1600644514
20.075 1600644514
21.015 1600644514
21.2835 1600644514
22.4627 1600644514
21.289 1600644514
18.5118 1600644514
21.3796 1600644514
21.704800000000002 1600644514
26.192800000000002 1600644514
13.8351 1600644514
15.096400000000001 1600644514
16.8236 1600644514
22.9938 1600644514
19.5138 1600644514
19.5029 1600644514
19.8074 1600644514
20.1053 1600644514
22.7861 1600644514
20.535800000000002 1600644514
12.422500000000001 1600644514
21.2307 1600644514
24.657 1600644514
21.7053 1600644514
21.733 1600644514
21.8438 1600644514
15.0703 1600644514
26.288 1600644514
23.319 1600644514
23.3516 1600644514
23.616 1600644514
23.8037 1600644514
22.3728 1600644514
17.468500000000002 1600644514
13.7574 1600644514
17.4684 1600644514
25.7153 1600644514
15.9402 1600644514
17.1136 1600644514
17.6818 1600644514
21.7698 1600644514
25.2486 1600644514
16.0365 1600644514
21.895400000000002 1600644514
14.501100000000001 1600644514
26.5683 1600644514
20.4555 1600644514
20.6367 1600644514
20.8067 1600644514
20.6369 1600644514
24.028100000000002 1600644514
13.3366 1600644514
16.709500000000002 1600644514
16.9181 1600644514
25.9079 1600644514
22.3107 1600644514
18.8799 1600644514
18.3839 1600644514
19.8936 1600644514
25.0474 1600644514
19.4432 1600644514
21.8462 1600644514
19.3743 1600644514
13.5282 1600644514
25.6718 1600644514
19.7266 1600644514
22.5919 1600644514
16.6488 1600644514
27.5813 1600644514
12.2072 1600644514
18.8761 1600644514
21.5998 1600644514
22.2278 1600644514
23.8012 1600644514
19.8593 1600644514
20.7044 1600644514
21.0919 1600644514
22.738 1600644514
19.4483 1600644514
19.8264 1600644514
19.7789 1600644514
21.4732 1600644514
26.657400000000003 1600644514
19.1109 1600644514
19.2633 1600644514
20.187 1600644514
26.4984 1600644514
17.9736 1600644514
17.9643 1600644514
18.2142 1600644514
18.452 1600644514
24.674599999999998 1600644514
22.4609 1600644514
20.5848 1600644514
14.0402 1600644514
21.8171 1600644514
20.0188 1600644514
21.2445 1600644514
21.5687 1600644514
17.8237 1600644514
27.5451 1600644514
21.922900000000002 1600644514
22.498 1600644514
22.4979 1600644514
22.4242 1600644514
27.6343 1600644514
20.196 1600644514
20.6437 1600644514
21.4719 1600644514
22.584600000000002 1600644514
22.5656 1600644514
22.7684 1600644514
22.9505 1600644514
21.2838 1600644514
25.956 1600644514
18.3998 1600644514
2.2154 1600644514
19.0009 1600644514
27.3137 1600644514
19.647 1600644514
15.8129 1600644514
18.666800000000002 1600644514
19.4373 1600644514
23.7943 1600644514
20.188200000000002 1600644514
14.11 1600644514
14.2841 1600644514
17.0674 1600644514
21.4182 1600644514
15.293800000000001 1600644514
15.6403 1600644514
16.275 1600644514
24.0912 1600644514
21.985 1600644514
22.147100000000002 1600644514
17.1736 1600644514
18.7921 1600644514
27.39 1600644514
24.7118 1600644514
23.8037 1600644514
24.4196 1600644514
25.935100000000002 1600644514
15.2565 1600644514
17.3539 1600644514
18.0793 1600644514
18.4508 1600644514
25.0612 1600644514
18.0826 1600644514
18.8527 1600644514
20.0429 1600644514
27.7428 1600644514
16.1431 1600644514
16.7791 1600644514
18.4007 1600644514
19.9825 1600644514
23.414 1600644514
20.4556 1600644514
21.6011 1600644514
20.4553 1600644514
19.2619 1600644514
17.087600000000002 1600644514
17.8897 1600644514
19.363400000000002 1600644514
19.8895 1600644514
25.1662 1600644514
19.8936 1600644514
19.8933 1600644514
20.2296 1600644514
20.3229 1600644514
22.4464 1600644514
19.9757 1600644514
21.8161 1600644514
19.976 1600644514
27.2833 1600644514
24.0612 1600644514
24.3323 1600644514
24.4442 1600644514
17.582900000000002 1600644514
28.057 1600644514
19.1999 1600644514
18.4319 1600644514
18.6795 1600644514
25.9546 1600644514
22.7786 1600644514
19.5869 1600644514
13.792 1600644514
16.7637 1600644514
27.2921 1600644514
19.9144 1600644514
20.7382 1600644514
21.3198 1600644514
19.9143 1600644514
19.184 1600644514
21.3513 1600644514
22.0902 1600644514
19.4377 1600644514
26.1899 1600644514
18.84 1600644514
18.4523 1600644514
20.2925 1600644514
18.214100000000002 1600644514
25.8086 1600644514
21.963700000000003 1600644514
22.082900000000002 1600644514
14.499 1600644514
26.2017 1600644514
17.2328 1600644514
18.4304 1600644514
18.4299 1600644514
20.0576 1600644514
27.793 1600644514
22.7191 1600644514
23.1149 1600644514
23.5013 1600644514
28.8695 1600644514
21.9686 1600644514
22.0843 1600644514
0.34919999999999995 1600644514
21.2727 1600644514
24.487 1600644514
14.0655 1600644514
20.8507 1600644514
21.8242 1600644514
21.2464 1600644514
19.001 1600644514
12.320400000000001 1600644514
19.1686 1600644514
19.1323 1600644514
23.913 1600644514
18.9476 1600644514
19.6467 1600644514
20.439 1600644514
19.6098 1600644514
22.9706 1600644514
18.6043 1600644514
14.8719 1600644514
18.6695 1600644514
24.4046 1600644514
20.5362 1600644514
17.3935 1600644514
18.0452 1600644514
17.8073 1600644514
23.7338 1600644514
19.277 1600644514
19.4729 1600644514
19.7733 1600644514
28.677 1600644514
25.7871 1600644514
23.5953 1600644514
26.2883 1600644514
23.8035 1600644514
27.4896 1600644514
19.874 1600644514
20.2117 1600644514
20.1678 1600644514
20.4138 1600644514
18.2821 1600644514
19.176000000000002 1600644514
21.6334 1600644514
21.7244 1600644514
24.8154 1600644514
21.8893 1600644514
19.9549 1600644514
21.0975 1600644514
21.2223 1600644514
26.651 1600644514
20.1415 1600644514
21.3401 1600644514
21.536 1600644514
24.9332 1600644514
20.2936 1600644514
15.8399 1600644514
20.5332 1600644514
17.0872 1600644514
24.1937 1600644514
21.5222 1600644514
20.3982 1600644514
0.6917 1600644514
26.1122 1600644514
21.2461 1600644514
21.509900000000002 1600644514
21.2451 1600644514
21.5709 1600644514
25.3211 1600644514
16.4338 1600644514
18.8647 1600644514
25.6203 1600644514
19.999200000000002 1600644514
21.793 1600644514
21.9405 1600644514
18.9219 1600644514
21.9929 1600644514
27.6055 1600644514
20.4234 1600644514
22.7394 1600644514
14.783100000000001 1600644514
19.2377 1600644514
26.3578 1600644514
20.4557 1600644514
20.6667 1600644514
21.636400000000002 1600644514
26.7442 1600644514
19.4376 1600644514
19.4536 1600644514
19.6015 1600644514
19.6015 1600644514
24.4426 1600644514
18.5329 1600644514
18.8907 1600644514
18.8402 1600644514
26.5578 1600644514
18.7056 1600644514
19.3527 1600644514
19.3981 1600644514
19.542 1600644514
22.9323 1600644514
19.9933 1600644514
20.8541 1600644514
21.2447 1600644514
21.244699999999998 1600644514
24.4326 1600644514
23.849 1600644514
25.1107 1600644514
25.1108 1600644514
26.6891 1600644514
22.3739 1600644514
20.6435 1600644514
20.196 1600644514
21.5173 1600644514
24.2422 1600644514
21.6027 1600644514
21.7015 1600644514
21.6855 1600644514
26.0842 1600644514
19.2962 1600644514
19.6701 1600644514
19.6626 1600644514
14.311200000000001 1600644514
26.3508 1600644514
20.008300000000002 1600644514
22.3519 1600644514
18.9995 1600644514
26.5979 1600644514
18.995 1600644514
18.9951 1600644514
19.6236 1600644514
20.1052 1600644514
25.064 1600644514
19.8081 1600644514
18.3578 1600644514
18.3443 1600644514
18.5863 1600644514
17.5381 1600644514
12.719199999999999 1600644514
20.1158 1600644514
19.277 1600644514
27.4189 1600644514
24.8537 1600644514
24.8536 1600644514
24.8536 1600644514
24.9358 1600644514
25.9031 1600644514
20.3192 1600644514
20.6795 1600644514
21.0619 1600644514
24.4861 1600644514
21.7191 1600644514
21.9453 1600644514
21.9454 1600644514
22.3856 1600644514
27.1503 1600644514
14.4724 1600644514
16.9868 1600644514
17.1461 1600644514
27.2933 1600644514
21.876 1600644514
20.3335 1600644514
20.8509 1600644514
21.0043 1600644514
23.9941 1600644514
17.4324 1600644514
19.7618 1600644514
17.6635 1600644514
16.3586 1600644514
16.1268 1600644514
20.3228 1600644514
20.5564 1600644514
21.062 1600644514
23.7369 1600644514
21.5963 1600644514
14.572000000000001 1600644514
21.9094 1600644514
19.6205 1600644514
27.4009 1600644514
19.999200000000002 1600644514
22.380300000000002 1600644514
19.9523 1600644514
28.5841 1600644514
16.1625 1600644514
19.1117 1600644514
19.331500000000002 1600644514
19.6914 1600644514
27.022000000000002 1600644514
19.9811 1600644514
22.1853 1600644514
0.26489999999999997 1600644514
27.7286 1600644514
20.7128 1600644514
21.0706 1600644514
20.6667 1600644514
21.1401 1600644514
23.226 1600644514
13.5791 1600644514
19.7169 1600644514
16.5384 1600644514
21.605900000000002 1600644514
18.8271 1600644514
18.8769 1600644514
18.8146 1600644514
19.380300000000002 1600644514
23.0075 1600644514
19.541800000000002 1600644514
19.7861 1600644514
20.107400000000002 1600644514
20.0258 1600644514
24.2817 1600644514
21.8762 1600644514
18.4298 1600644514
21.0572 1600644514
27.8569 1600644514
22.6265 1600644514
26.0105 1600644514
22.983 1600644514
23.3555 1600644514
26.511300000000002 1600644514
21.6902 1600644514
17.5923 1600644514
21.8243 1600644514
23.5729 1600644514
21.2836 1600644514
21.7982 1600644514
22.1294 1600644514
22.2025 1600644514
26.5991 1600644514
21.093600000000002 1600644514
21.3828 1600644514
21.3824 1600644514
21.7458 1600644514
20.2137 1600644514
20.0406 1600644514
12.4399 1600644514
0.6171 1600644514
24.6724 1600644514
20.6926 1600644514
16.0457 1600644514
11.7932 1600644514
0.5038 1600644514
24.1829 1600644514
18.7646 1600644514
19.0765 1600644514
20.1565 1600644514
22.2176 1600644514
21.3366 1600644514
1.5295 1600644514
21.6355 1600644514
17.531 1600644514
27.731 1600644514
19.1762 1600644514
15.366800000000001 1600644514
0.3903 1600644514
28.8678 1600644514
21.4686 1600644514
16.9787 1600644514
21.916 1600644514
18.5651 1600644514
27.5475 1600644514
19.1152 1600644514
21.9459 1600644514
19.3733 1600644514
19.6248 1600644514
