39.390499999999996 1600228469
42.7226 1600228469
56.2519 1600228469
42.219 1600228469
50.7247 1600228469
53.5056 1600228469
54.1267 1600228469
42.2322 1600228469
57.3761 1600228469
45.075799999999994 1600228469
54.719 1600228469
45.0317 1600228469
38.326499999999996 1600228469
54.1139 1600228469
44.5473 1600228469
46.7262 1600228469
53.7229 1600228469
48.207499999999996 1600228469
49.1988 1600228469
44.4529 1600228469
53.524499999999996 1600228469
57.3891 1600228469
45.895900000000005 1600228469
34.3629 1600228469
46.3688 1600228469
48.2594 1600228469
46.9405 1600228469
48.037299999999995 1600228469
56.2959 1600228469
48.2073 1600228469
49.6515 1600228469
39.4343 1600228469
54.87329999999999 1600228469
58.1689 1600228469
53.7135 1600228469
46.0836 1600228469
53.5057 1600228469
54.378899999999994 1600228469
48.117999999999995 1600228469
54.6779 1600228469
48.4402 1600228469
45.7307 1600228469
52.973499999999994 1600228469
52.6517 1600228469
46.0853 1600228469
48.3664 1600228469
54.3792 1600228469
29.9588 1600228469
49.1779 1600228469
54.9838 1600228469
53.259299999999996 1600228469
48.1584 1600228469
50.4357 1600228469
45.1431 1600228469
54.0613 1600228469
49.9895 1600228469
47.1419 1600228469
57.435399999999994 1600228469
48.397600000000004 1600228469
50.320299999999996 1600228469
27.4682 1600228469
52.9481 1600228469
54.8334 1600228469
50.1461 1600228469
56.612 1600228469
30.865299999999998 1600228469
56.561099999999996 1600228469
58.427 1600228469
53.762699999999995 1600228469
43.0768 1600228469
46.6711 1600228469
47.310599999999994 1600228469
49.5618 1600228469
53.4154 1600228469
43.0764 1600228469
52.2188 1600228469
42.22239999999999 1600228469
53.857099999999996 1600228469
53.9156 1600228469
47.2975 1600228469
48.912400000000005 1600228469
54.3904 1600228469
44.6961 1600228469
52.6589 1600228469
57.1188 1600228469
45.0754 1600228469
47.2684 1600228469
53.7571 1600228469
52.5106 1600228469
47.3349 1600228469
54.6036 1600228469
55.5652 1600228469
36.2356 1600228469
49.608799999999995 1600228469
52.218599999999995 1600228469
55.3766 1600228469
35.980599999999995 1600228469
53.7581 1600228469
36.966 1600228469
54.5902 1600228469
57.3271 1600228469
58.193999999999996 1600228469
58.5256 1600228469
46.7053 1600228469
54.5449 1600228469
31.958800000000004 1600228469
58.0162 1600228469
39.247699999999995 1600228469
40.538999999999994 1600228469
31.1823 1600228469
43.157 1600228469
49.3199 1600228469
32.6669 1600228469
47.2676 1600228469
49.0027 1600228469
50.5875 1600228469
33.073 1600228469
54.5451 1600228469
42.972500000000004 1600228469
38.386399999999995 1600228469
54.2207 1600228469
43.327 1600228469
54.220499999999994 1600228469
57.0068 1600228469
42.4912 1600228469
57.237 1600228469
46.7118 1600228469
54.2209 1600228469
45.4357 1600228469
53.7117 1600228469
54.3757 1600228469
56.9993 1600228469
45.4348 1600228469
56.6699 1600228469
48.1635 1600228469
49.611700000000006 1600228469
57.933499999999995 1600228469
56.4039 1600228469
52.8413 1600228469
50.5971 1600228469
58.162600000000005 1600228469
46.5537 1600228469
44.6567 1600228469
44.8305 1600228469
31.517699999999998 1600228469
50.7383 1600228469
34.0507 1600228469
49.4786 1600228469
49.2267 1600228469
53.7587 1600228469
34.7283 1600228469
55.2304 1600228469
34.7287 1600228469
52.881 1600228469
36.239599999999996 1600228469
45.1122 1600228469
40.0939 1600228469
56.388 1600228469
45.8872 1600228469
49.8791 1600228469
35.9786 1600228469
45.8654 1600228469
53.7512 1600228469
48.5856 1600228469
49.8788 1600228469
55.319199999999995 1600228469
50.7759 1600228469
35.62179999999999 1600228469
57.5336 1600228469
55.8301 1600228469
56.858799999999995 1600228469
46.4792 1600228469
57.481500000000004 1600228469
46.0599 1600228469
52.471 1600228469
53.1669 1600228469
47.9826 1600228469
38.709799999999994 1600228469
38.1923 1600228469
48.0646 1600228469
56.691199999999995 1600228469
57.881099999999996 1600228469
49.293499999999995 1600228469
42.0655 1600228469
45.5605 1600228469
49.8716 1600228469
35.1648 1600228469
49.293 1600228469
46.862399999999994 1600228469
53.431799999999996 1600228469
54.2739 1600228469
49.1735 1600228469
37.8152 1600228469
49.3238 1600228469
54.1726 1600228469
52.676899999999996 1600228469
39.305 1600228469
56.1933 1600228469
52.3763 1600228469
39.285999999999994 1600228469
41.6838 1600228469
55.3813 1600228469
57.2002 1600228469
58.0531 1600228469
58.2246 1600228469
48.3686 1600228469
47.6816 1600228469
50.376099999999994 1600228469
53.8838 1600228469
50.525299999999994 1600228469
57.3648 1600228469
53.4129 1600228469
50.4648 1600228469
47.375 1600228469
47.87 1600228469
52.3371 1600228469
30.943400000000004 1600228469
55.9428 1600228469
51.7714 1600228469
32.604 1600228469
52.911699999999996 1600228469
53.919000000000004 1600228469
35.250499999999995 1600228469
53.8833 1600228469
37.5241 1600228469
44.9672 1600228469
56.814099999999996 1600228469
53.8091 1600228469
35.1753 1600228469
53.926199999999994 1600228469
34.837 1600228469
49.4257 1600228469
37.273 1600228469
44.2928 1600228469
42.759699999999995 1600228469
54.1769 1600228469
45.249 1600228469
54.613299999999995 1600228469
58.2774 1600228469
53.6071 1600228469
57.378 1600228469
46.6492 1600228469
39.1689 1600228469
47.613099999999996 1600228469
49.520799999999994 1600228469
55.7017 1600228469
39.7766 1600228469
44.3174 1600228469
49.7456 1600228469
52.6583 1600228469
46.0687 1600228469
47.2712 1600228469
49.163 1600228469
38.7083 1600228469
54.289899999999996 1600228469
50.684099999999994 1600228469
56.261700000000005 1600228469
57.398399999999995 1600228469
39.0558 1600228469
54.1222 1600228469
57.3948 1600228469
42.8274 1600228469
49.2124 1600228469
47.1023 1600228469
50.7427 1600228469
54.731899999999996 1600228469
44.6421 1600228469
52.293 1600228469
45.382299999999994 1600228469
52.690099999999994 1600228469
48.7958 1600228469
55.5782 1600228469
58.3743 1600228469
48.8048 1600228469
53.461800000000004 1600228469
56.277899999999995 1600228469
49.3165 1600228469
42.2317 1600228469
53.1397 1600228469
55.3803 1600228469
42.2323 1600228469
47.194199999999995 1600228469
50.6053 1600228469
42.502199999999995 1600228469
52.3917 1600228469
54.1108 1600228469
53.524699999999996 1600228469
44.547 1600228469
48.259 1600228469
53.2029 1600228469
52.2697 1600228469
56.108000000000004 1600228469
53.1395 1600228469
54.779599999999995 1600228469
44.5042 1600228469
44.9786 1600228469
57.835 1600228469
48.157 1600228469
48.8055 1600228469
45.8342 1600228469
50.6051 1600228469
54.115 1600228469
50.725 1600228469
46.2203 1600228469
54.531400000000005 1600228469
58.0817 1600228469
58.5911 1600228469
48.2247 1600228469
35.5502 1600228469
46.336999999999996 1600228469
54.6776 1600228469
47.4754 1600228469
50.5566 1600228469
34.519099999999995 1600228469
52.651799999999994 1600228469
37.4554 1600228469
42.9688 1600228469
48.735299999999995 1600228469
48.340199999999996 1600228469
53.6767 1600228469
53.4168 1600228469
42.1881 1600228469
54.708 1600228469
55.6886 1600228469
39.4062 1600228469
40.9587 1600228469
57.4358 1600228469
40.6759 1600228469
58.234700000000004 1600228469
42.4749 1600228469
49.4585 1600228469
45.696 1600228469
49.873599999999996 1600228469
54.062 1600228469
43.286699999999996 1600228469
54.5719 1600228469
55.5851 1600228469
49.1009 1600228469
53.9375 1600228469
58.165000000000006 1600228469
58.345499999999994 1600228469
56.958 1600228469
56.782000000000004 1600228469
48.538199999999996 1600228469
57.8764 1600228469
53.9807 1600228469
39.1695 1600228469
47.5769 1600228469
45.074799999999996 1600228469
39.1691 1600228469
55.6548 1600228469
57.2157 1600228469
39.4694 1600228469
57.2158 1600228469
45.777 1600228469
38.390899999999995 1600228469
48.4537 1600228469
50.1036 1600228469
53.7575 1600228469
54.4759 1600228469
41.5893 1600228469
57.2155 1600228469
43.203399999999995 1600228469
48.4549 1600228469
54.4328 1600228469
43.1501 1600228469
47.430299999999995 1600228469
48.1767 1600228469
54.589800000000004 1600228469
56.628 1600228469
48.1636 1600228469
57.4145 1600228469
53.4152 1600228469
48.3073 1600228469
58.164199999999994 1600228469
58.8289 1600228469
36.2343 1600228469
40.9586 1600228469
50.5642 1600228469
44.2868 1600228469
44.0733 1600228469
50.666 1600228469
48.002900000000004 1600228469
57.2453 1600228469
51.951 1600228469
48.20399999999999 1600228469
54.451499999999996 1600228469
44.016799999999996 1600228469
47.7181 1600228469
53.001400000000004 1600228469
57.3974 1600228469
46.9653 1600228469
54.2208 1600228469
54.4605 1600228469
55.3964 1600228469
46.948499999999996 1600228469
49.7453 1600228469
46.5822 1600228469
35.9717 1600228469
53.001200000000004 1600228469
55.490300000000005 1600228469
48.2123 1600228469
44.792 1600228469
49.744 1600228469
54.451699999999995 1600228469
51.3865 1600228469
35.9721 1600228469
57.2811 1600228469
56.9762 1600228469
58.492 1600228469
37.4932 1600228469
42.526599999999995 1600228469
53.952 1600228469
50.8402 1600228469
54.2608 1600228469
42.9717 1600228469
37.3849 1600228469
47.8949 1600228469
48.7483 1600228469
40.6868 1600228469
57.4911 1600228469
47.5352 1600228469
53.5224 1600228469
47.5247 1600228469
48.7483 1600228469
56.7682 1600228469
48.7998 1600228469
40.897 1600228469
48.794799999999995 1600228469
52.515499999999996 1600228469
48.7705 1600228469
36.9906 1600228469
53.2845 1600228469
55.367200000000004 1600228469
43.6273 1600228469
56.4265 1600228469
53.426 1600228469
56.4266 1600228469
46.1579 1600228469
44.0156 1600228469
48.748200000000004 1600228469
57.0397 1600228469
57.481500000000004 1600228469
58.2267 1600228469
40.6305 1600228469
45.7343 1600228469
53.459500000000006 1600228469
42.7848 1600228469
37.855900000000005 1600228469
51.3545 1600228469
52.3763 1600228469
39.509 1600228469
53.448100000000004 1600228469
45.017199999999995 1600228469
55.870000000000005 1600228469
47.893899999999995 1600228469
38.7518 1600228469
52.788 1600228469
54.758599999999994 1600228469
55.7015 1600228469
43.327 1600228469
56.1565 1600228469
45.7422 1600228469
57.2605 1600228469
49.3926 1600228469
39.2171 1600228469
44.292 1600228469
46.682700000000004 1600228469
43.8609 1600228469
55.887100000000004 1600228469
46.163999999999994 1600228469
53.854 1600228469
46.1971 1600228469
47.091100000000004 1600228469
55.9118 1600228469
57.272999999999996 1600228469
43.5503 1600228469
51.953 1600228469
54.8369 1600228469
46.0072 1600228469
58.0537 1600228469
54.2627 1600228469
46.6038 1600228469
53.4128 1600228469
55.9194 1600228469
37.271699999999996 1600228469
56.8075 1600228469
42.403 1600228469
47.4475 1600228469
46.751799999999996 1600228469
46.6532 1600228469
56.477000000000004 1600228469
47.7373 1600228469
36.157199999999996 1600228469
47.7217 1600228469
49.4263 1600228469
41.6386 1600228469
50.6417 1600228469
53.7053 1600228469
55.6596 1600228469
54.538599999999995 1600228469
36.363099999999996 1600228469
43.852799999999995 1600228469
57.8575 1600228469
48.797900000000006 1600228469
53.8835 1600228469
54.9015 1600228469
39.9026 1600228469
50.526199999999996 1600228469
2.7741 1600228469
54.571099999999994 1600228469
58.273199999999996 1600228469
