52.847 1600359266
58.8632 1600359266
51.8769 1600359266
47.0725 1600359266
58.0299 1600359266
51.8566 1600359266
53.1996 1600359266
53.0622 1600359266
58.528200000000005 1600359266
37.9206 1600359266
60.1105 1600359266
39.9231 1600359266
41.1278 1600359266
35.433299999999996 1600359266
45.6274 1600359266
45.579499999999996 1600359266
48.2496 1600359266
40.365899999999996 1600359266
54.2973 1600359266
48.4728 1600359266
45.1655 1600359266
51.856899999999996 1600359266
56.936299999999996 1600359266
44.8764 1600359266
56.8825 1600359266
50.2734 1600359266
58.0294 1600359266
60.3011 1600359266
51.7509 1600359266
58.0298 1600359266
43.5965 1600359266
39.9229 1600359266
61.1216 1600359266
62.2588 1600359266
46.3547 1600359266
38.928000000000004 1600359266
54.9928 1600359266
47.7135 1600359266
59.027499999999996 1600359266
60.6768 1600359266
50.3146 1600359266
36.5566 1600359266
50.1879 1600359266
58.3808 1600359266
37.6359 1600359266
56.9352 1600359266
37.1639 1600359266
58.6879 1600359266
43.6835 1600359266
57.6678 1600359266
57.9395 1600359266
40.8063 1600359266
59.7246 1600359266
57.9396 1600359266
40.9414 1600359266
47.060500000000005 1600359266
59.0233 1600359266
51.0208 1600359266
57.667699999999996 1600359266
51.2506 1600359266
52.195499999999996 1600359266
57.7376 1600359266
54.775800000000004 1600359266
41.312400000000004 1600359266
54.0649 1600359266
46.704299999999996 1600359266
59.045300000000005 1600359266
58.2432 1600359266
60.5557 1600359266
51.0278 1600359266
57.6832 1600359266
54.1107 1600359266
60.8506 1600359266
54.179500000000004 1600359266
57.1405 1600359266
49.650200000000005 1600359266
58.6546 1600359266
37.2581 1600359266
53.774100000000004 1600359266
57.994099999999996 1600359266
35.440400000000004 1600359266
59.9329 1600359266
46.4921 1600359266
54.7367 1600359266
53.7224 1600359266
35.6393 1600359266
58.4288 1600359266
40.372 1600359266
39.0178 1600359266
59.8119 1600359266
45.2119 1600359266
40.1224 1600359266
43.6663 1600359266
57.8955 1600359266
41.8002 1600359266
46.728899999999996 1600359266
56.8478 1600359266
47.1043 1600359266
51.7713 1600359266
41.3335 1600359266
59.9645 1600359266
62.2083 1600359266
58.508 1600359266
39.707499999999996 1600359266
47.0551 1600359266
39.5773 1600359266
58.6522 1600359266
41.5617 1600359266
48.9686 1600359266
25.306199999999997 1600359266
52.1759 1600359266
51.8042 1600359266
53.5961 1600359266
57.842 1600359266
53.6325 1600359266
57.7344 1600359266
58.6113 1600359266
44.4576 1600359266
58.5983 1600359266
54.1573 1600359266
56.902699999999996 1600359266
43.954299999999996 1600359266
59.694199999999995 1600359266
56.2795 1600359266
58.440400000000004 1600359266
42.160199999999996 1600359266
60.144800000000004 1600359266
47.6205 1600359266
39.4521 1600359266
60.748000000000005 1600359266
56.5034 1600359266
47.0764 1600359266
58.2993 1600359266
47.1284 1600359266
62.281 1600359266
60.4806 1600359266
62.1774 1600359266
54.722699999999996 1600359266
41.804899999999996 1600359266
57.9256 1600359266
58.3326 1600359266
35.2703 1600359266
58.6787 1600359266
60.2806 1600359266
40.1616 1600359266
60.147 1600359266
57.9247 1600359266
40.5346 1600359266
48.567800000000005 1600359266
57.3787 1600359266
58.6525 1600359266
59.7945 1600359266
40.5679 1600359266
43.669799999999995 1600359266
59.452600000000004 1600359266
53.943599999999996 1600359266
37.142199999999995 1600359266
53.405 1600359266
54.7286 1600359266
58.3786 1600359266
55.2442 1600359266
37.3095 1600359266
43.6056 1600359266
57.9247 1600359266
58.2398 1600359266
42.4227 1600359266
58.672599999999996 1600359266
53.0163 1600359266
60.4983 1600359266
60.5683 1600359266
56.697 1600359266
48.8741 1600359266
33.6257 1600359266
57.613 1600359266
58.5091 1600359266
58.4206 1600359266
49.141799999999996 1600359266
48.9265 1600359266
52.0987 1600359266
2.3148 1600359266
59.978300000000004 1600359266
51.6372 1600359266
60.543 1600359266
53.062599999999996 1600359266
36.8061 1600359266
55.895700000000005 1600359266
53.9985 1600359266
35.0623 1600359266
41.5567 1600359266
60.7802 1600359266
57.6128 1600359266
48.9264 1600359266
53.0701 1600359266
51.8119 1600359266
59.9576 1600359266
53.205400000000004 1600359266
41.337900000000005 1600359266
57.4123 1600359266
58.309599999999996 1600359266
44.555800000000005 1600359266
58.3313 1600359266
44.749900000000004 1600359266
53.0436 1600359266
52.123 1600359266
54.4741 1600359266
57.8402 1600359266
58.1659 1600359266
51.9225 1600359266
59.3945 1600359266
46.6218 1600359266
52.5807 1600359266
58.6207 1600359266
52.2924 1600359266
38.6308 1600359266
54.144800000000004 1600359266
39.716699999999996 1600359266
59.3492 1600359266
54.1448 1600359266
58.1661 1600359266
47.6188 1600359266
60.4408 1600359266
58.1662 1600359266
58.537800000000004 1600359266
40.4987 1600359266
44.337 1600359266
60.020199999999996 1600359266
47.499900000000004 1600359266
46.4218 1600359266
51.2192 1600359266
53.0982 1600359266
57.544000000000004 1600359266
47.466 1600359266
59.544200000000004 1600359266
49.2714 1600359266
57.3753 1600359266
44.314 1600359266
60.114 1600359266
62.4087 1600359266
64.83789999999999 1600359266
46.243 1600359266
58.8522 1600359266
60.9981 1600359266
47.6197 1600359266
48.5268 1600359266
48.988 1600359266
44.5561 1600359266
27.922400000000003 1600359266
54.3044 1600359266
51.9263 1600359266
60.3658 1600359266
40.9034 1600359266
52.096599999999995 1600359266
43.951499999999996 1600359266
53.842999999999996 1600359266
55.894999999999996 1600359266
59.0949 1600359266
42.2845 1600359266
47.0307 1600359266
61.6448 1600359266
46.3717 1600359266
48.679 1600359266
32.9516 1600359266
52.3478 1600359266
52.2669 1600359266
53.6398 1600359266
53.367 1600359266
56.8173 1600359266
56.9715 1600359266
50.8915 1600359266
37.1579 1600359266
60.8916 1600359266
42.0415 1600359266
61.219899999999996 1600359266
47.0733 1600359266
51.502300000000005 1600359266
51.8762 1600359266
57.0866 1600359266
53.1344 1600359266
47.868 1600359266
44.5026 1600359266
60.300900000000006 1600359266
44.1657 1600359266
48.068000000000005 1600359266
55.9914 1600359266
58.734300000000005 1600359266
60.876400000000004 1600359266
48.0679 1600359266
51.7723 1600359266
44.098600000000005 1600359266
51.8197 1600359266
56.9539 1600359266
45.179 1600359266
58.8626 1600359266
56.534800000000004 1600359266
45.5195 1600359266
47.0721 1600359266
48.5732 1600359266
48.4238 1600359266
46.5114 1600359266
51.9154 1600359266
59.026900000000005 1600359266
51.9879 1600359266
57.5269 1600359266
51.972100000000005 1600359266
47.9612 1600359266
58.9057 1600359266
61.1219 1600359266
58.847 1600359266
61.5672 1600359266
53.772400000000005 1600359266
54.7896 1600359266
59.0233 1600359266
54.349900000000005 1600359266
46.9238 1600359266
58.5316 1600359266
43.6556 1600359266
58.2915 1600359266
37.4139 1600359266
42.9932 1600359266
44.5229 1600359266
59.038399999999996 1600359266
61.1564 1600359266
44.9576 1600359266
51.367900000000006 1600359266
46.9571 1600359266
54.1603 1600359266
57.1076 1600359266
47.2585 1600359266
60.6747 1600359266
31.650499999999997 1600359266
49.5719 1600359266
52.7192 1600359266
54.1683 1600359266
53.772400000000005 1600359266
57.457699999999996 1600359266
49.8687 1600359266
55.9424 1600359266
52.2982 1600359266
40.2819 1600359266
58.5514 1600359266
60.5574 1600359266
58.975699999999996 1600359266
50.7077 1600359266
52.1012 1600359266
53.4199 1600359266
40.2147 1600359266
60.301 1600359266
37.4255 1600359266
56.0543 1600359266
51.9716 1600359266
56.9341 1600359266
58.5165 1600359266
46.3435 1600359266
58.5061 1600359266
52.6914 1600359266
52.1057 1600359266
47.803200000000004 1600359266
52.7313 1600359266
57.8994 1600359266
37.9362 1600359266
48.246 1600359266
59.74 1600359266
57.8952 1600359266
57.682700000000004 1600359266
58.503800000000005 1600359266
37.7164 1600359266
58.494 1600359266
46.2214 1600359266
48.387499999999996 1600359266
58.0101 1600359266
37.6075 1600359266
58.429100000000005 1600359266
40.990899999999996 1600359266
59.7526 1600359266
60.3834 1600359266
62.6676 1600359266
50.3123 1600359266
51.932300000000005 1600359266
54.6835 1600359266
55.876799999999996 1600359266
57.9848 1600359266
50.3121 1600359266
41.8673 1600359266
58.6154 1600359266
60.3837 1600359266
58.4746 1600359266
53.3234 1600359266
52.618 1600359266
55.8856 1600359266
58.4745 1600359266
58.758700000000005 1600359266
55.2448 1600359266
49.2053 1600359266
47.8721 1600359266
59.7203 1600359266
47.508399999999995 1600359266
51.932100000000005 1600359266
51.786100000000005 1600359266
54.6269 1600359266
55.3796 1600359266
59.1342 1600359266
40.1794 1600359266
51.725699999999996 1600359266
53.745999999999995 1600359266
53.4255 1600359266
34.0597 1600359266
55.4375 1600359266
60.8697 1600359266
61.411699999999996 1600359266
60.6725 1600359266
57.1701 1600359266
55.9947 1600359266
59.7278 1600359266
44.736999999999995 1600359266
56.2189 1600359266
40.562799999999996 1600359266
47.5561 1600359266
43.1983 1600359266
57.3787 1600359266
42.7379 1600359266
46.307500000000005 1600359266
52.687 1600359266
39.8376 1600359266
51.055299999999995 1600359266
55.5057 1600359266
60.365 1600359266
46.198100000000004 1600359266
55.2441 1600359266
46.9239 1600359266
53.7078 1600359266
60.537400000000005 1600359266
53.9437 1600359266
39.9386 1600359266
41.1232 1600359266
58.3836 1600359266
41.123 1600359266
53.6494 1600359266
42.036899999999996 1600359266
47.1492 1600359266
52.6288 1600359266
46.128 1600359266
58.382400000000004 1600359266
60.4981 1600359266
62.653200000000005 1600359266
52.0287 1600359266
39.9283 1600359266
58.1668 1600359266
59.7156 1600359266
48.0935 1600359266
48.0049 1600359266
51.405100000000004 1600359266
58.4401 1600359266
51.3819 1600359266
36.2143 1600359266
44.4358 1600359266
57.8417 1600359266
45.847899999999996 1600359266
58.421 1600359266
52.4031 1600359266
60.5392 1600359266
53.8439 1600359266
47.7857 1600359266
53.205000000000005 1600359266
58.4342 1600359266
61.1497 1600359266
47.8168 1600359266
57.5452 1600359266
59.6614 1600359266
44.338 1600359266
56.8447 1600359266
38.6978 1600359266
59.8814 1600359266
45.9594 1600359266
48.257600000000004 1600359266
50.5165 1600359266
62.533 1600359266
61.661 1600359266
64.7145 1600359266
49.2656 1600359266
52.1238 1600359266
51.9227 1600359266
57.544200000000004 1600359266
45.6706 1600359266
58.209199999999996 1600359266
57.253 1600359266
58.615 1600359266
51.9225 1600359266
58.6207 1600359266
52.9463 1600359266
60.477000000000004 1600359266
38.8127 1600359266
48.9244 1600359266
51.718700000000005 1600359266
55.7757 1600359266
60.4772 1600359266
57.3753 1600359266
52.9461 1600359266
58.2269 1600359266
60.440200000000004 1600359266
48.7671 1600359266
53.047000000000004 1600359266
53.760200000000005 1600359266
41.1813 1600359266
57.375299999999996 1600359266
34.9875 1600359266
59.3491 1600359266
46.3134 1600359266
59.2369 1600359266
48.0353 1600359266
58.4038 1600359266
61.692 1600359266
61.1241 1600359266
