51.9873 1600228139
61.0787 1600228139
51.9701 1600228139
49.3109 1600228139
57.7241 1600228139
57.666399999999996 1600228139
68.1779 1600228139
56.1408 1600228139
61.7085 1600228139
67.2547 1600228139
64.3897 1600228139
49.2889 1600228139
68.175 1600228139
49.2893 1600228139
69.7279 1600228139
60.0081 1600228139
50.8118 1600228139
56.1406 1600228139
60.1024 1600228139
58.516799999999996 1600228139
50.8117 1600228139
56.2058 1600228139
61.6573 1600228139
34.646699999999996 1600228139
61.702600000000004 1600228139
68.3075 1600228139
43.908500000000004 1600228139
60.0565 1600228139
42.4573 1600228139
46.256 1600228139
64.2491 1600228139
59.9914 1600228139
67.8974 1600228139
69.7004 1600228139
67.3347 1600228139
50.3069 1600228139
42.5677 1600228139
61.7367 1600228139
42.5157 1600228139
47.1213 1600228139
53.5046 1600228139
64.1228 1600228139
55.7706 1600228139
61.693999999999996 1600228139
45.0246 1600228139
64.2251 1600228139
55.8799 1600228139
68.1711 1600228139
59.8114 1600228139
44.7917 1600228139
59.768699999999995 1600228139
60.3422 1600228139
68.4613 1600228139
60.9764 1600228139
50.5006 1600228139
43.3918 1600228139
44.3507 1600228139
59.339 1600228139
61.6945 1600228139
48.13549999999999 1600228139
68.28469999999999 1600228139
50.3749 1600228139
48.3093 1600228139
55.2206 1600228139
60.212999999999994 1600228139
51.0512 1600228139
64.29390000000001 1600228139
68.36580000000001 1600228139
69.2408 1600228139
45.4874 1600228139
63.751799999999996 1600228139
49.4189 1600228139
69.2382 1600228139
54.786699999999996 1600228139
45.045199999999994 1600228139
51.4085 1600228139
51.2065 1600228139
52.7581 1600228139
61.6542 1600228139
67.1173 1600228139
51.2757 1600228139
64.4513 1600228139
54.311 1600228139
67.1532 1600228139
67.9867 1600228139
48.7675 1600228139
68.0726 1600228139
48.3882 1600228139
69.09299999999999 1600228139
70.0224 1600228139
34.630599999999994 1600228139
50.579299999999996 1600228139
61.4792 1600228139
49.9159 1600228139
68.0723 1600228139
57.8569 1600228139
59.81679999999999 1600228139
34.1322 1600228139
38.8458 1600228139
59.295899999999996 1600228139
70.2007 1600228139
70.5261 1600228139
67.1515 1600228139
68.01689999999999 1600228139
59.6297 1600228139
69.54939999999999 1600228139
61.6469 1600228139
34.8388 1600228139
64.26660000000001 1600228139
38.89790000000001 1600228139
59.6292 1600228139
64.2667 1600228139
35.652699999999996 1600228139
67.168 1600228139
42.1214 1600228139
50.774 1600228139
67.12549999999999 1600228139
68.23259999999999 1600228139
59.645799999999994 1600228139
41.8374 1600228139
64.4301 1600228139
69.2066 1600228139
42.4703 1600228139
10.1286 1600228139
40.9897 1600228139
57.8025 1600228139
42.8649 1600228139
63.738099999999996 1600228139
50.5428 1600228139
59.6371 1600228139
42.5454 1600228139
59.2981 1600228139
63.807199999999995 1600228139
47.0868 1600228139
69.3373 1600228139
59.104 1600228139
69.39059999999999 1600228139
37.31 1600228139
59.998200000000004 1600228139
42.1214 1600228139
67.89569999999999 1600228139
44.4987 1600228139
43.8293 1600228139
68.3363 1600228139
48.7667 1600228139
34.812 1600228139
52.0744 1600228139
41.745400000000004 1600228139
50.3722 1600228139
49.599199999999996 1600228139
52.5608 1600228139
58.2478 1600228139
63.322100000000006 1600228139
68.49629999999999 1600228139
57.755300000000005 1600228139
60.8646 1600228139
68.0441 1600228139
49.4604 1600228139
40.927 1600228139
59.1049 1600228139
67.896 1600228139
56.097199999999994 1600228139
44.623 1600228139
59.5497 1600228139
67.2652 1600228139
59.2847 1600228139
48.1141 1600228139
49.313399999999994 1600228139
67.27250000000001 1600228139
61.4302 1600228139
64.3642 1600228139
67.951 1600228139
48.8387 1600228139
64.61489999999999 1600228139
55.833299999999994 1600228139
49.1731 1600228139
50.1707 1600228139
50.4708 1600228139
52.0057 1600228139
48.8385 1600228139
56.2215 1600228139
59.9616 1600228139
57.965 1600228139
50.714 1600228139
68.26530000000001 1600228139
69.8125 1600228139
54.186800000000005 1600228139
59.8782 1600228139
67.9845 1600228139
36.471000000000004 1600228139
53.0719 1600228139
68.1673 1600228139
53.321799999999996 1600228139
69.615 1600228139
58.0129 1600228139
60.4436 1600228139
37.983799999999995 1600228139
60.9602 1600228139
37.7919 1600228139
48.964 1600228139
59.1157 1600228139
61.5498 1600228139
70.0449 1600228139
61.0171 1600228139
68.2503 1600228139
64.30959999999999 1600228139
44.3538 1600228139
64.3098 1600228139
51.4533 1600228139
48.668 1600228139
57.8723 1600228139
61.0393 1600228139
64.49189999999999 1600228139
57.9068 1600228139
43.2917 1600228139
61.7962 1600228139
48.3904 1600228139
68.9904 1600228139
56.0703 1600228139
44.34310000000001 1600228139
59.954 1600228139
63.7434 1600228139
43.8441 1600228139
63.3682 1600228139
68.1849 1600228139
50.592299999999994 1600228139
57.741600000000005 1600228139
68.72569999999999 1600228139
51.4723 1600228139
61.1405 1600228139
43.7629 1600228139
68.1492 1600228139
51.3394 1600228139
60.0581 1600228139
51.661199999999994 1600228139
39.8076 1600228139
61.323100000000004 1600228139
45.7 1600228139
69.9764 1600228139
45.2279 1600228139
55.0789 1600228139
35.8493 1600228139
59.940000000000005 1600228139
64.24759999999999 1600228139
38.2301 1600228139
52.168 1600228139
64.24749999999999 1600228139
39.9388 1600228139
57.700500000000005 1600228139
60.830299999999994 1600228139
42.1295 1600228139
61.5768 1600228139
61.054300000000005 1600228139
68.5619 1600228139
43.8956 1600228139
56.4327 1600228139
67.2957 1600228139
44.348600000000005 1600228139
41.905 1600228139
50.451 1600228139
63.7641 1600228139
69.5368 1600228139
60.0469 1600228139
68.1647 1600228139
46.1239 1600228139
44.8064 1600228139
68.1071 1600228139
68.9893 1600228139
45.1499 1600228139
51.4491 1600228139
50.2352 1600228139
68.08420000000001 1600228139
68.19279999999999 1600228139
49.4443 1600228139
58.4946 1600228139
38.4001 1600228139
64.4487 1600228139
34.8355 1600228139
53.6186 1600228139
51.0237 1600228139
68.6444 1600228139
39.8708 1600228139
61.015600000000006 1600228139
64.48299999999999 1600228139
41.7443 1600228139
43.5974 1600228139
67.2923 1600228139
51.0964 1600228139
52.6179 1600228139
67.2918 1600228139
55.827 1600228139
41.6505 1600228139
59.108 1600228139
67.90090000000001 1600228139
39.8026 1600228139
57.9386 1600228139
52.6175 1600228139
68.3167 1600228139
42.8833 1600228139
61.6535 1600228139
40.595 1600228139
68.0924 1600228139
44.4263 1600228139
46.237700000000004 1600228139
52.0725 1600228139
68.1712 1600228139
68.93289999999999 1600228139
70.025 1600228139
50.4912 1600228139
34.6311 1600228139
52.866 1600228139
68.9334 1600228139
48.111799999999995 1600228139
51.4479 1600228139
50.260999999999996 1600228139
57.748099999999994 1600228139
67.1706 1600228139
57.7949 1600228139
61.568599999999996 1600228139
50.229899999999994 1600228139
59.7325 1600228139
58.281699999999994 1600228139
63.339200000000005 1600228139
59.8278 1600228139
64.2259 1600228139
68.9149 1600228139
33.504000000000005 1600228139
43.934799999999996 1600228139
58.4199 1600228139
67.3163 1600228139
43.182900000000004 1600228139
47.4871 1600228139
55.9456 1600228139
63.3246 1600228139
69.6932 1600228139
59.5799 1600228139
42.5618 1600228139
60.174299999999995 1600228139
47.1268 1600228139
23.6814 1600228139
58.1125 1600228139
63.7381 1600228139
43.8526 1600228139
68.0529 1600228139
64.07339999999999 1600228139
64.3222 1600228139
45.6977 1600228139
50.054199999999994 1600228139
55.879 1600228139
59.544399999999996 1600228139
59.7316 1600228139
34.1319 1600228139
49.485 1600228139
56.3274 1600228139
59.7893 1600228139
59.4945 1600228139
45.5753 1600228139
68.1034 1600228139
35.0111 1600228139
49.7262 1600228139
50.77460000000001 1600228139
69.9623 1600228139
49.8214 1600228139
67.121 1600228139
51.3717 1600228139
53.0538 1600228139
57.7283 1600228139
59.7322 1600228139
61.654599999999995 1600228139
50.9753 1600228139
64.3222 1600228139
59.1233 1600228139
58.400499999999994 1600228139
69.74419999999999 1600228139
69.30279999999999 1600228139
70.2482 1600228139
67.1627 1600228139
35.7873 1600228139
67.9911 1600228139
50.2057 1600228139
42.954899999999995 1600228139
52.562 1600228139
68.3066 1600228139
51.0895 1600228139
67.1817 1600228139
42.246300000000005 1600228139
52.5619 1600228139
64.2672 1600228139
52.118900000000004 1600228139
47.917 1600228139
64.2668 1600228139
49.756600000000006 1600228139
46.0991 1600228139
68.30550000000001 1600228139
69.95309999999999 1600228139
49.416599999999995 1600228139
50.2122 1600228139
57.8164 1600228139
60.1057 1600228139
49.8003 1600228139
35.5732 1600228139
60.098 1600228139
67.9292 1600228139
55.9464 1600228139
59.6222 1600228139
63.7379 1600228139
37.4994 1600228139
69.8331 1600228139
53.7517 1600228139
69.0092 1600228139
67.18430000000001 1600228139
50.8058 1600228139
68.60220000000001 1600228139
55.0729 1600228139
59.6289 1600228139
63.322 1600228139
68.3397 1600228139
47.6434 1600228139
60.9721 1600228139
40.925999999999995 1600228139
57.669200000000004 1600228139
44.5267 1600228139
69.006 1600228139
51.8756 1600228139
59.1042 1600228139
59.6295 1600228139
59.815 1600228139
59.4034 1600228139
63.731199999999994 1600228139
47.0845 1600228139
61.8219 1600228139
68.5741 1600228139
45.2411 1600228139
59.641299999999994 1600228139
45.24079999999999 1600228139
69.9695 1600228139
50.0561 1600228139
35.244 1600228139
29.0311 1600228139
50.7298 1600228139
52.5596 1600228139
67.89620000000001 1600228139
58.1192 1600228139
69.43740000000001 1600228139
37.7401 1600228139
57.6818 1600228139
63.8115 1600228139
56.1447 1600228139
61.561499999999995 1600228139
37.9765 1600228139
42.6265 1600228139
54.8483 1600228139
41.7459 1600228139
69.2606 1600228139
51.6205 1600228139
47.4112 1600228139
53.9619 1600228139
64.2494 1600228139
61.7521 1600228139
40.2109 1600228139
44.6685 1600228139
67.9846 1600228139
49.951499999999996 1600228139
51.5866 1600228139
68.32469999999999 1600228139
49.926899999999996 1600228139
37.7608 1600228139
54.7475 1600228139
59.2915 1600228139
67.3283 1600228139
44.7255 1600228139
56.1485 1600228139
59.473 1600228139
39.5914 1600228139
69.446 1600228139
68.2654 1600228139
43.7628 1600228139
69.0695 1600228139
50.432399999999994 1600228139
51.8702 1600228139
67.3077 1600228139
33.7566 1600228139
44.5401 1600228139
53.1479 1600228139
69.5847 1600228139
59.1087 1600228139
64.5774 1600228139
50.6524 1600228139
67.96690000000001 1600228139
57.9704 1600228139
61.1404 1600228139
51.4722 1600228139
60.283899999999996 1600228139
67.16720000000001 1600228139
44.5691 1600228139
55.830600000000004 1600228139
61.017599999999995 1600228139
68.1291 1600228139
61.039 1600228139
35.5008 1600228139
42.480199999999996 1600228139
69.48849999999999 1600228139
41.5899 1600228139
58.7949 1600228139
44.6447 1600228139
49.308 1600228139
67.9667 1600228139
48.576100000000004 1600228139
58.2945 1600228139
69.5783 1600228139
61.7166 1600228139
69.4321 1600228139
