0.6183 1600352229
0.9792 1600352229
0.8391000000000001 1600352229
0.8349000000000001 1600352229
0.8541 1600352229
1.0428000000000002 1600352229
0.781 1600352229
0.8432000000000001 1600352229
0.7606 1600352229
0.765 1600352229
0.7745000000000001 1600352229
1.0660000000000003 1600352229
1.0942000000000003 1600352229
1.1828000000000003 1600352229
0.8493 1600352229
1.2317 1600352229
0.701 1600352229
0.8343000000000002 1600352229
0.65 1600352229
0.8265000000000001 1600352229
0.8535 1600352229
0.7118000000000001 1600352229
0.9985 1600352229
0.8277 1600352229
0.8227000000000001 1600352229
0.9998000000000001 1600352229
0.8697 1600352229
0.8180999999999999 1600352229
0.7353 1600352229
0.7353 1600352229
0.8426000000000001 1600352229
0.8154 1600352229
1.2832000000000003 1600352229
1.0131999999999999 1600352229
0.9786 1600352229
0.6492000000000001 1600352229
1.0127000000000002 1600352229
0.8109000000000001 1600352229
0.7008 1600352229
0.7116000000000001 1600352229
0.8357 1600352229
0.7354999999999999 1600352229
0.731 1600352229
0.7466 1600352229
1.1108000000000002 1600352229
0.7606 1600352229
1.0234 1600352229
1.0219 1600352229
0.7649 1600352229
1.0439000000000003 1600352229
0.8433 1600352229
1.0851000000000002 1600352229
1.0615 1600352229
1.0941 1600352229
0.8356 1600352229
0.7312 1600352229
0.7311 1600352229
0.7647 1600352229
1.1144000000000003 1600352229
0.8457 1600352229
0.9789 1600352229
0.9811 1600352229
0.7828 1600352229
0.8064000000000001 1600352229
1.2284 1600352229
1.0888000000000002 1600352229
1.2487 1600352229
1.2446 1600352229
1.0882 1600352229
1.2041 1600352229
1.2246000000000001 1600352229
1.0886000000000002 1600352229
1.2148999999999999 1600352229
1.2482 1600352229
1.2357 1600352229
1.2372 1600352229
1.2777999999999998 1600352229
1.0917999999999999 1600352229
1.2285 1600352229
1.1181999999999999 1600352229
1.2516 1600352229
1.1898000000000002 1600352229
1.1026 1600352229
1.1703 1600352229
1.2492 1600352229
1.1742000000000001 1600352229
1.2057 1600352229
1.0754000000000001 1600352229
1.2297 1600352229
1.2224 1600352229
1.2142000000000002 1600352229
1.1800000000000002 1600352229
1.1821 1600352229
1.0971000000000002 1600352229
1.2369 1600352229
1.2067999999999999 1600352229
1.2140000000000002 1600352229
1.2226000000000001 1600352229
1.2626000000000002 1600352229
1.222 1600352229
1.1529999999999998 1600352229
1.2064 1600352229
1.1864000000000001 1600352229
1.1904 1600352229
1.0357 1600352229
1.2062000000000002 1600352229
1.0969000000000002 1600352229
1.2282000000000002 1600352229
1.2247999999999999 1600352229
1.2342 1600352229
1.1025999999999998 1600352229
1.2144 1600352229
1.1904 1600352229
1.2282000000000002 1600352229
1.2301000000000002 1600352229
1.0749 1600352229
1.2138 1600352229
1.0834000000000001 1600352229
1.093 1600352229
1.251 1600352229
1.2058 1600352229
1.238 1600352229
1.0852 1600352229
1.2376 1600352229
1.2364000000000002 1600352229
1.1902 1600352229
1.1552000000000002 1600352229
1.2137000000000002 1600352229
0.9920999999999999 1600352229
0.9451999999999999 1600352229
1.093 1600352229
1.0173 1600352229
1.2349999999999999 1600352229
1.093 1600352229
1.0883000000000003 1600352229
1.2092 1600352229
1.2391 1600352229
1.0891000000000002 1600352229
1.226 1600352229
1.1966 1600352229
1.0446 1600352229
1.2408000000000001 1600352229
1.0706000000000002 1600352229
1.0735999999999999 1600352229
0.7755 1600352229
1.2522000000000002 1600352229
1.0577 1600352229
1.0229 1600352229
1.0780000000000003 1600352229
0.9946 1600352229
0.7557999999999999 1600352229
1.0448 1600352229
1.2286000000000001 1600352229
1.0182000000000002 1600352229
1.0537 1600352229
1.2379000000000002 1600352229
1.0623 1600352229
0.9138000000000001 1600352229
0.9753999999999999 1600352229
1.1774 1600352229
1.2372 1600352229
1.0787 1600352229
1.0542000000000002 1600352229
0.9336999999999999 1600352229
1.1059 1600352229
1.1777000000000002 1600352229
1.2051000000000003 1600352229
0.8415 1600352229
1.1720000000000002 1600352229
1.0167000000000002 1600352229
0.9243 1600352229
1.1914000000000002 1600352229
1.2779000000000003 1600352229
0.9937999999999999 1600352229
1.2123 1600352229
0.8423999999999999 1600352229
1.0507 1600352229
1.251 1600352229
1.0097 1600352229
1.2136 1600352229
1.0915 1600352229
1.2285 1600352229
1.1736999999999997 1600352229
1.2344999999999997 1600352229
1.2275999999999998 1600352229
1.2481999999999998 1600352229
1.2130999999999998 1600352229
1.1740999999999997 1600352229
1.1873 1600352229
1.2222999999999997 1600352229
0.9894 1600352229
1.2786 1600352229
0.8370000000000001 1600352229
0.8477 1600352229
1.0413000000000001 1600352229
0.6788 1600352229
1.0923000000000003 1600352229
0.8477 1600352229
1.1603000000000003 1600352229
0.6988 1600352229
1.0558 1600352229
0.7715 1600352229
1.0414000000000003 1600352229
0.7332 1600352229
1.1806 1600352229
0.6786 1600352229
0.7585000000000001 1600352229
1.0922 1600352229
0.8504 1600352229
0.833 1600352229
1.1036 1600352229
1.0191 1600352229
0.8119000000000001 1600352229
0.8038000000000001 1600352229
0.938 1600352229
0.706 1600352229
1.0122 1600352229
1.059 1600352229
0.6782999999999999 1600352229
0.8356999999999999 1600352229
0.6982999999999999 1600352229
1.0175 1600352229
0.7808999999999999 1600352229
0.7285999999999999 1600352229
1.0550000000000002 1600352229
0.9110000000000001 1600352229
1.092 1600352229
0.9397000000000001 1600352229
0.8023000000000001 1600352229
0.7364 1600352229
0.6995000000000001 1600352229
0.6788 1600352229
1.0167000000000002 1600352229
0.6815000000000001 1600352229
0.7806 1600352229
0.7492 1600352229
0.7312 1600352229
0.8547000000000001 1600352229
0.8755000000000001 1600352229
0.8438 1600352229
0.7698 1600352229
0.8009999999999999 1600352229
0.8457999999999999 1600352229
1.0318999999999998 1600352229
0.9079999999999999 1600352229
1.1803 1600352229
0.6780999999999999 1600352229
1.0465 1600352229
0.7198 1600352229
1.0918999999999999 1600352229
0.6734 1600352229
1.0543 1600352229
0.8222 1600352229
1.0548000000000002 1600352229
0.7813999999999999 1600352229
0.8346 1600352229
0.8308 1600352229
0.7113 1600352229
0.8485 1600352229
1.0230000000000001 1600352229
0.7504 1600352229
1.0206 1600352229
1.13 1600352229
0.762 1600352229
0.7006999999999999 1600352229
0.7116 1600352229
0.7644 1600352229
1.0570000000000002 1600352229
0.8143 1600352229
1.1928 1600352229
0.7644 1600352229
0.7309999999999999 1600352229
0.7913999999999999 1600352229
0.7802 1600352229
0.8346 1600352229
0.7908999999999999 1600352229
0.7474000000000001 1600352229
0.8271 1600352229
0.7308999999999999 1600352229
1.1318 1600352229
1.2016 1600352229
1.0933000000000002 1600352229
0.9678 1600352229
1.0127 1600352229
0.6806999999999999 1600352229
0.8539999999999999 1600352229
0.6892 1600352229
0.8303 1600352229
0.7277 1600352229
1.2719999999999998 1600352229
0.7877000000000001 1600352229
0.7219 1600352229
1.237 1600352229
0.8592 1600352229
1.0790000000000002 1600352229
0.8572 1600352229
1.0123 1600352229
1.2227999999999999 1600352229
1.2149 1600352229
0.8572 1600352229
1.1149999999999998 1600352229
0.8582000000000001 1600352229
0.7510999999999999 1600352229
1.1139000000000001 1600352229
0.8061 1600352229
0.8595999999999999 1600352229
0.76 1600352229
0.8366 1600352229
1.0571000000000002 1600352229
0.8696999999999999 1600352229
1.0936 1600352229
0.8044 1600352229
0.7012 1600352229
0.9981 1600352229
1.1831 1600352229
0.7827999999999999 1600352229
0.7510999999999999 1600352229
0.7562 1600352229
0.6893 1600352229
0.8569 1600352229
0.8140000000000001 1600352229
0.8333999999999999 1600352229
0.7350999999999999 1600352229
0.8499999999999999 1600352229
0.8526 1600352229
1.0937000000000001 1600352229
1.0939999999999999 1600352229
1.1062999999999998 1600352229
0.8504 1600352229
0.9674 1600352229
0.722 1600352229
1.1767999999999998 1600352229
0.8593999999999999 1600352229
0.8620999999999999 1600352229
0.7504 1600352229
0.7238 1600352229
0.6745999999999999 1600352229
0.6519999999999999 1600352229
0.7182999999999999 1600352229
0.8606 1600352229
1.1154000000000002 1600352229
1.1147999999999998 1600352229
0.7645 1600352229
1.1392 1600352229
0.7602 1600352229
1.0756000000000001 1600352229
0.8332999999999999 1600352229
0.8414999999999999 1600352229
0.7818 1600352229
0.9789999999999999 1600352229
0.8514999999999999 1600352229
0.7643 1600352229
0.6722999999999999 1600352229
0.8443 1600352229
1.0575 1600352229
0.8326 1600352229
1.0941999999999998 1600352229
1.094 1600352229
0.8419999999999999 1600352229
0.7826 1600352229
1.0848999999999998 1600352229
0.8509 1600352229
0.7827999999999999 1600352229
1.1054000000000002 1600352229
0.7229999999999999 1600352229
1.0357 1600352229
0.8511 1600352229
1.1062 1600352229
1.1149 1600352229
0.6664999999999999 1600352229
0.7783 1600352229
0.7645 1600352229
0.9262999999999999 1600352229
1.0849 1600352229
0.9446999999999999 1600352229
1.0475999999999999 1600352229
1.1063999999999998 1600352229
0.7230999999999999 1600352229
0.8263 1600352229
1.2 1600352229
1.0937999999999999 1600352229
1.2318 1600352229
0.9735 1600352229
0.8447 1600352229
0.8459999999999999 1600352229
0.6574 1600352229
0.702 1600352229
0.8039000000000001 1600352229
0.7232000000000001 1600352229
0.7508999999999999 1600352229
1.0427 1600352229
0.7148999999999999 1600352229
1.1825999999999999 1600352229
1.0798 1600352229
0.7116 1600352229
0.7221 1600352229
0.6805999999999999 1600352229
0.722 1600352229
1.1644 1600352229
0.8534999999999999 1600352229
1.0621999999999998 1600352229
0.8493999999999999 1600352229
0.7482 1600352229
0.9659 1600352229
0.8161 1600352229
0.8338999999999999 1600352229
0.8331 1600352229
0.7510999999999999 1600352229
1.0207 1600352229
0.8452 1600352229
0.7118 1600352229
1.0433 1600352229
0.8342 1600352229
0.6804999999999999 1600352229
0.7349999999999999 1600352229
0.8448 1600352229
1.1063999999999998 1600352229
0.8514999999999999 1600352229
0.7307999999999999 1600352229
1.2000000000000002 1600352229
0.7308999999999999 1600352229
0.8431 1600352229
0.7726 1600352229
0.9502999999999999 1600352229
0.8427 1600352229
0.8124 1600352229
0.7351999999999999 1600352229
0.7308999999999999 1600352229
0.7501 1600352229
0.853 1600352229
0.8492999999999999 1600352229
1.0658999999999998 1600352229
1.013 1600352229
0.8336999999999999 1600352229
1.0659999999999998 1600352229
0.6666999999999998 1600352229
1.1143 1600352229
0.8452999999999999 1600352229
1.0578 1600352229
1.1060999999999999 1600352229
1.0937000000000001 1600352229
1.1148999999999998 1600352229
0.8421000000000001 1600352229
0.8444 1600352229
0.8306 1600352229
1.1062 1600352229
0.8457999999999999 1600352229
1.1689 1600352229
0.7911999999999999 1600352229
0.8598999999999999 1600352229
0.8343 1600352229
1.0126 1600352229
0.8342 1600352229
0.8181 1600352229
0.8179000000000001 1600352229
0.6725999999999999 1600352229
0.7602 1600352229
1.2214 1600352229
0.798 1600352229
0.7932999999999999 1600352229
0.9794 1600352229
0.702 1600352229
0.702 1600352229
0.8334999999999999 1600352229
0.6724999999999999 1600352229
0.8342 1600352229
0.8419999999999999 1600352229
0.8178999999999998 1600352229
0.8331 1600352229
0.7192000000000001 1600352229
0.7116 1600352229
0.8221 1600352229
0.851 1600352229
0.7014 1600352229
0.7239 1600352229
0.7410999999999999 1600352229
0.8336999999999999 1600352229
0.7603 1600352229
0.8445 1600352229
0.792 1600352229
0.7088999999999999 1600352229
1.0429000000000002 1600352229
0.8509 1600352229
0.8504 1600352229
0.8180000000000001 1600352229
1.0575999999999999 1600352229
0.778 1600352229
0.8397999999999999 1600352229
0.8327 1600352229
0.7609999999999999 1600352229
0.6667000000000001 1600352229
0.9984999999999999 1600352229
0.7021 1600352229
1.1142999999999998 1600352229
0.7483 1600352229
1.0273999999999999 1600352229
0.7882 1600352229
1.0104 1600352229
0.8941999999999999 1600352229
0.7007999999999999 1600352229
0.6965999999999999 1600352229
1.0273 1600352229
0.7270999999999999 1600352229
1.0656 1600352229
0.851 1600352229
1.0055 1600352229
0.7511999999999999 1600352229
1.0736 1600352229
1.1064 1600352229
0.6669 1600352229
0.8433999999999999 1600352229
1.2316999999999998 1600352229
