0.4945 1600222208
0.9124999999999999 1600222208
1.0236 1600222208
0.8949 1600222208
1.1837 1600222208
1.1824999999999999 1600222208
0.9841 1600222208
0.7633999999999999 1600222208
1.0159 1600222208
1.0467 1600222208
0.8128 1600222208
0.8355999999999999 1600222208
1.0478 1600222208
0.7637 1600222208
0.8923999999999999 1600222208
1.0481 1600222208
0.7188000000000001 1600222208
0.6756 1600222208
0.7557 1600222208
0.8244 1600222208
0.7648999999999999 1600222208
1.0199 1600222208
0.8236999999999999 1600222208
0.8412999999999999 1600222208
1.0633 1600222208
0.6936 1600222208
0.8254999999999999 1600222208
0.8947 1600222208
0.9088 1600222208
0.8565 1600222208
0.6753 1600222208
1.1516 1600222208
0.8548 1600222208
0.8222 1600222208
0.786 1600222208
0.7564 1600222208
0.8894 1600222208
1.0525 1600222208
1.0101 1600222208
0.887 1600222208
0.6939 1600222208
0.8566 1600222208
1.0199 1600222208
1.0372999999999999 1600222208
1.0122 1600222208
1.0574999999999999 1600222208
0.9548999999999999 1600222208
0.7631999999999999 1600222208
1.047 1600222208
0.8549 1600222208
0.8609 1600222208
1.1494 1600222208
0.8252999999999999 1600222208
1.0473 1600222208
0.8952 1600222208
0.8127 1600222208
0.8874 1600222208
1.1489 1600222208
1.1533 1600222208
0.8618999999999999 1600222208
1.1103 1600222208
0.6614 1600222208
1.2428 1600222208
1.1598 1600222208
0.6938 1600222208
0.7555000000000001 1600222208
0.7607999999999999 1600222208
1.0474999999999999 1600222208
1.0792 1600222208
1.0115 1600222208
0.7196 1600222208
0.5583 1600222208
1.0503 1600222208
0.8569 1600222208
0.9551000000000001 1600222208
1.1402999999999999 1600222208
0.8621999999999999 1600222208
0.7631999999999999 1600222208
0.8836999999999999 1600222208
0.7634999999999998 1600222208
0.9545999999999999 1600222208
0.7827 1600222208
0.7703 1600222208
0.8936 1600222208
1.1616 1600222208
0.6756 1600222208
1.0098 1600222208
1.0465 1600222208
1.2269999999999999 1600222208
1.0482 1600222208
0.7632999999999999 1600222208
1.1058999999999999 1600222208
0.9081999999999999 1600222208
0.8933 1600222208
0.6748000000000001 1600222208
0.9907999999999999 1600222208
1.0115 1600222208
1.0494999999999999 1600222208
0.8621999999999999 1600222208
0.8934 1600222208
1.0121 1600222208
0.8011999999999999 1600222208
0.8412 1600222208
0.8053999999999999 1600222208
0.8567 1600222208
0.49490000000000006 1600222208
1.0481 1600222208
0.6923999999999999 1600222208
1.1613 1600222208
0.8897999999999999 1600222208
1.0122 1600222208
1.0462 1600222208
0.9534 1600222208
0.6928000000000001 1600222208
1.0487 1600222208
1.0469 1600222208
0.7609999999999999 1600222208
1.0474999999999999 1600222208
1.0529 1600222208
0.9546999999999999 1600222208
1.1097 1600222208
0.8416999999999999 1600222208
1.0761 1600222208
1.0445 1600222208
0.6771 1600222208
0.7553999999999998 1600222208
0.6927000000000001 1600222208
0.7566999999999999 1600222208
0.8232999999999999 1600222208
0.8386 1600222208
1.0483 1600222208
0.7553999999999998 1600222208
1.0484 1600222208
0.5798000000000001 1600222208
1.0473999999999999 1600222208
1.1402999999999999 1600222208
0.9546999999999999 1600222208
1.053 1600222208
0.8869 1600222208
0.8339999999999999 1600222208
0.9033 1600222208
1.0002 1600222208
0.6927000000000001 1600222208
0.8231999999999999 1600222208
0.9547999999999999 1600222208
0.8529 1600222208
1.0265 1600222208
0.8193999999999999 1600222208
1.0466 1600222208
1.0127 1600222208
1.0351 1600222208
0.8608 1600222208
0.8235999999999999 1600222208
1.1526 1600222208
0.7849999999999999 1600222208
1.1351 1600222208
0.5418000000000001 1600222208
0.9897 1600222208
0.5326 1600222208
1.1382999999999999 1600222208
1.0774 1600222208
1.0468 1600222208
0.7843 1600222208
0.7437 1600222208
1.012 1600222208
0.6928000000000001 1600222208
1.053 1600222208
1.0183 1600222208
0.6920999999999999 1600222208
1.0232999999999999 1600222208
0.8359999999999999 1600222208
0.8131999999999999 1600222208
0.8537999999999999 1600222208
1.0461 1600222208
1.0469 1600222208
0.8935 1600222208
1.0257 1600222208
0.9544999999999999 1600222208
1.1829 1600222208
0.8952 1600222208
1.0143 1600222208
0.692 1600222208
1.1797 1600222208
1.016 1600222208
1.1681 1600222208
0.8527 1600222208
0.8951 1600222208
0.6979 1600222208
0.8131999999999999 1600222208
0.7632999999999999 1600222208
0.7783 1600222208
0.7629999999999999 1600222208
0.8413999999999999 1600222208
0.7612999999999999 1600222208
0.8918999999999999 1600222208
0.7265999999999999 1600222208
1.048 1600222208
0.7561 1600222208
0.9951999999999999 1600222208
0.7191000000000001 1600222208
0.6937 1600222208
0.8131999999999999 1600222208
0.8634 1600222208
0.8565 1600222208
0.6975 1600222208
0.7554999999999998 1600222208
1.063 1600222208
1.0475999999999999 1600222208
0.8157999999999999 1600222208
0.6675 1600222208
1.0494999999999999 1600222208
0.7623 1600222208
0.8898999999999999 1600222208
0.8195999999999999 1600222208
0.7555000000000001 1600222208
1.1106 1600222208
0.8452999999999999 1600222208
0.8253999999999999 1600222208
0.7784 1600222208
1.0158 1600222208
1.0104 1600222208
0.7628999999999999 1600222208
0.8371 1600222208
0.8958999999999999 1600222208
0.8354999999999999 1600222208
0.8249 1600222208
1.0473999999999999 1600222208
0.5730999999999999 1600222208
1.0128 1600222208
0.8176999999999999 1600222208
0.7185999999999999 1600222208
1.1351 1600222208
0.8620999999999999 1600222208
0.9819 1600222208
1.0471 1600222208
1.1663 1600222208
1.016 1600222208
0.8233999999999999 1600222208
1.1473 1600222208
0.7628999999999999 1600222208
1.1401999999999999 1600222208
0.7781 1600222208
0.8548 1600222208
0.9545999999999999 1600222208
0.6616 1600222208
0.6941999999999999 1600222208
0.8362 1600222208
0.8230999999999999 1600222208
0.8869 1600222208
1.048 1600222208
0.7265999999999999 1600222208
0.8415999999999999 1600222208
1.0465 1600222208
0.8355999999999999 1600222208
1.0466 1600222208
0.8955 1600222208
1.0448 1600222208
1.0261 1600222208
1.1255 1600222208
0.9513 1600222208
1.1589 1600222208
1.0813 1600222208
0.9036 1600222208
1.0549 1600222208
1.1611 1600222208
1.0139 1600222208
1.1449 1600222208
0.9930999999999999 1600222208
1.0803 1600222208
0.9926999999999999 1600222208
1.1448 1600222208
0.9558 1600222208
1.0145 1600222208
1.0612 1600222208
1.2314 1600222208
0.7498 1600222208
0.885 1600222208
0.8393999999999999 1600222208
1.1692 1600222208
1.0153999999999999 1600222208
0.8375999999999999 1600222208
1.0743 1600222208
0.9928999999999999 1600222208
0.8887 1600222208
1.0072999999999999 1600222208
0.827 1600222208
1.151 1600222208
1.0443 1600222208
1.2505 1600222208
1.1598 1600222208
0.7746999999999999 1600222208
1.2508 1600222208
1.0449 1600222208
1.1379 1600222208
1.0449 1600222208
1.0101 1600222208
0.9025000000000001 1600222208
1.0453999999999999 1600222208
1.1241999999999999 1600222208
0.837 1600222208
1.1991 1600222208
1.0454999999999999 1600222208
1.1575 1600222208
1.0726 1600222208
1.0117 1600222208
1.1298 1600222208
0.9537 1600222208
0.893 1600222208
1.2265 1600222208
0.8229 1600222208
1.2424 1600222208
1.1255 1600222208
1.1038999999999999 1600222208
1.0462 1600222208
0.8800999999999999 1600222208
1.0695999999999999 1600222208
1.0237 1600222208
1.1786999999999999 1600222208
1.1652 1600222208
1.0463 1600222208
0.8843 1600222208
1.2225000000000001 1600222208
1.1848999999999998 1600222208
1.1768 1600222208
1.2308 1600222208
1.1432000000000002 1600222208
1.1964000000000001 1600222208
1.0692 1600222208
1.1524999999999999 1600222208
1.2391 1600222208
1.2383000000000002 1600222208
1.1865 1600222208
1.1782 1600222208
1.1343999999999999 1600222208
1.2167 1600222208
1.2473 1600222208
1.1864 1600222208
1.2094999999999998 1600222208
1.0503 1600222208
1.1583999999999999 1600222208
1.2139000000000002 1600222208
1.1957 1600222208
1.1749 1600222208
1.2119 1600222208
1.1002 1600222208
1.2233 1600222208
1.0196999999999998 1600222208
1.1972 1600222208
1.2366000000000001 1600222208
1.1951999999999998 1600222208
1.1728 1600222208
1.1913 1600222208
1.19 1600222208
1.0230000000000001 1600222208
1.2189 1600222208
1.1863000000000001 1600222208
1.2376 1600222208
1.2374 1600222208
1.101 1600222208
1.1936 1600222208
1.0432000000000001 1600222208
1.2124000000000001 1600222208
1.1779000000000002 1600222208
1.1475 1600222208
1.2142 1600222208
1.0541 1600222208
0.8901 1600222208
1.2395 1600222208
1.1955 1600222208
1.1351 1600222208
1.1458 1600222208
1.0675 1600222208
1.2130999999999998 1600222208
1.2191 1600222208
1.1578 1600222208
1.1736 1600222208
1.2142 1600222208
1.1482 1600222208
1.2219000000000002 1600222208
1.1423 1600222208
1.1943000000000001 1600222208
1.2151999999999998 1600222208
1.2157 1600222208
1.1360000000000001 1600222208
1.1395 1600222208
1.1537 1600222208
1.161 1600222208
1.2394 1600222208
1.1507 1600222208
1.0248 1600222208
1.2498 1600222208
1.1206 1600222208
1.0304 1600222208
1.1393 1600222208
1.0538 1600222208
1.0259 1600222208
1.0106 1600222208
1.2511999999999999 1600222208
1.113 1600222208
1.1379 1600222208
1.0457 1600222208
1.1358 1600222208
1.0613 1600222208
1.0238 1600222208
0.929 1600222208
1.2253 1600222208
0.8394999999999999 1600222208
1.014 1600222208
1.0161 1600222208
1.1812 1600222208
0.9014 1600222208
1.0159 1600222208
1.1357 1600222208
1.0627 1600222208
1.0141 1600222208
0.7469999999999999 1600222208
1.1513 1600222208
1.0464 1600222208
0.8877999999999999 1600222208
1.1507 1600222208
0.8855 1600222208
1.2237 1600222208
1.0445 1600222208
1.2227999999999999 1600222208
0.8398999999999999 1600222208
1.0109 1600222208
1.1849 1600222208
1.1366 1600222208
1.1388 1600222208
1.1395 1600222208
1.1999 1600222208
1.0211 1600222208
0.8348 1600222208
1.2257 1600222208
1.1192 1600222208
1.138 1600222208
1.0473999999999999 1600222208
0.8320000000000001 1600222208
0.9929999999999999 1600222208
1.0464 1600222208
1.0453999999999999 1600222208
1.046 1600222208
1.2213 1600222208
1.1597 1600222208
1.1612 1600222208
1.0457 1600222208
1.0464 1600222208
1.0609 1600222208
0.9981 1600222208
1.047 1600222208
0.8427 1600222208
0.8875 1600222208
1.0442 1600222208
1.0447 1600222208
1.1663999999999999 1600222208
1.1383999999999999 1600222208
1.0628 1600222208
1.0455999999999999 1600222208
0.7338 1600222208
1.2344 1600222208
0.7539 1600222208
1.0188 1600222208
1.0509 1600222208
1.1098999999999999 1600222208
0.7535000000000001 1600222208
0.9926999999999999 1600222208
0.8600999999999999 1600222208
1.1363999999999999 1600222208
0.9924999999999999 1600222208
0.9536 1600222208
0.8136999999999999 1600222208
1.0162 1600222208
1.1394 1600222208
0.7749999999999999 1600222208
0.9093 1600222208
1.062 1600222208
0.9906999999999999 1600222208
0.9538 1600222208
1.0238 1600222208
1.0135 1600222208
0.8331 1600222208
1.0264 1600222208
1.1401999999999999 1600222208
1.0456999999999999 1600222208
1.0448 1600222208
0.8982999999999999 1600222208
1.1878 1600222208
1.0464 1600222208
1.0349 1600222208
1.22 1600222208
0.9964 1600222208
0.9931999999999999 1600222208
0.7747999999999999 1600222208
1.119 1600222208
0.9526999999999999 1600222208
0.8613999999999999 1600222208
1.0507 1600222208
0.8211999999999999 1600222208
1.1607 1600222208
1.0189 1600222208
1.1325 1600222208
1.0458 1600222208
1.2202 1600222208
0.8415999999999999 1600222208
1.044 1600222208
1.1461 1600222208
1.212 1600222208
0.8886000000000001 1600222208
1.0467 1600222208
1.008 1600222208
1.1598 1600222208
1.1507 1600222208
