0.4071 1600221500
1.4823000000000002 1600221500
1.3702000000000003 1600221500
1.018 1600221500
1.6114 1600221500
1.6596 1600221500
0.8053999999999999 1600221500
1.3703 1600221500
1.4338 1600221500
1.0851 1600221500
0.7553000000000003 1600221500
1.3118 1600221500
0.9796000000000002 1600221500
1.0387000000000002 1600221500
1.6101000000000003 1600221500
0.7325999999999999 1600221500
1.0104 1600221500
1.2365000000000002 1600221500
1.2909 1600221500
0.9263000000000001 1600221500
1.6113000000000002 1600221500
1.4229 1600221500
1.6025000000000003 1600221500
0.9507000000000001 1600221500
0.9682000000000002 1600221500
1.5884000000000003 1600221500
1.6113000000000002 1600221500
1.0096 1600221500
1.4956000000000003 1600221500
1.0512 1600221500
0.9888999999999999 1600221500
0.9117 1600221500
1.6105000000000003 1600221500
1.6716 1600221500
1.4847 1600221500
0.7901 1600221500
1.6714 1600221500
1.0289 1600221500
1.0106 1600221500
1.4238000000000002 1600221500
1.1409 1600221500
1.4921 1600221500
0.8552000000000002 1600221500
1.0162000000000002 1600221500
1.63 1600221500
0.6979000000000002 1600221500
1.2825000000000002 1600221500
1.5136000000000003 1600221500
1.1399000000000001 1600221500
1.6098999999999999 1600221500
0.9675 1600221500
0.764 1600221500
1.6029000000000002 1600221500
0.7503 1600221500
1.0179000000000002 1600221500
0.7394000000000001 1600221500
0.8886000000000001 1600221500
0.8141 1600221500
0.9016 1600221500
1.6103000000000003 1600221500
1.2914 1600221500
1.4825000000000002 1600221500
0.8124 1600221500
0.8966000000000001 1600221500
1.5891 1600221500
0.9964999999999999 1600221500
1.2777 1600221500
0.7499 1600221500
1.6692000000000002 1600221500
0.9773000000000003 1600221500
1.0106 1600221500
1.6719000000000002 1600221500
1.6712 1600221500
1.0996 1600221500
0.9004000000000001 1600221500
0.9701000000000002 1600221500
1.6021000000000003 1600221500
1.2611 1600221500
1.2774000000000003 1600221500
0.9772000000000001 1600221500
1.0681 1600221500
1.2914 1600221500
1.4746 1600221500
1.4235 1600221500
0.9674000000000003 1600221500
1.1419 1600221500
0.7900000000000003 1600221500
0.8632000000000002 1600221500
1.2792000000000001 1600221500
0.6037000000000001 1600221500
0.9676000000000002 1600221500
1.4952000000000003 1600221500
1.1127 1600221500
1.5136 1600221500
1.5883 1600221500
1.2917000000000003 1600221500
1.2765000000000002 1600221500
0.5722000000000003 1600221500
1.602 1600221500
1.1085 1600221500
1.6104 1600221500
1.2836 1600221500
0.9909000000000001 1600221500
1.2926 1600221500
1.2105 1600221500
1.2909 1600221500
0.7503 1600221500
0.9286000000000001 1600221500
1.6395000000000002 1600221500
0.8551 1600221500
1.6596 1600221500
1.0256 1600221500
0.7901 1600221500
1.5875000000000001 1600221500
0.5804000000000002 1600221500
0.6620000000000001 1600221500
1.1171 1600221500
0.8139000000000001 1600221500
1.1086000000000003 1600221500
0.9002999999999999 1600221500
0.7904000000000002 1600221500
0.9258 1600221500
0.7649999999999999 1600221500
0.9907000000000001 1600221500
1.2695 1600221500
0.8995 1600221500
1.5467000000000002 1600221500
0.7879000000000003 1600221500
1.6113000000000002 1600221500
1.0862 1600221500
1.6115000000000002 1600221500
0.7901 1600221500
0.9009000000000003 1600221500
1.6026 1600221500
0.8066000000000002 1600221500
0.8340000000000003 1600221500
0.8055999999999999 1600221500
0.8649000000000002 1600221500
1.4031 1600221500
1.6061000000000003 1600221500
1.4068000000000003 1600221500
1.2785 1600221500
1.2771000000000001 1600221500
1.6714 1600221500
0.7047000000000001 1600221500
0.9508000000000003 1600221500
0.6969000000000001 1600221500
1.5946 1600221500
0.9811000000000001 1600221500
1.5603 1600221500
1.0307000000000002 1600221500
1.0179000000000002 1600221500
1.6717 1600221500
0.7502 1600221500
1.5931000000000002 1600221500
1.0024 1600221500
1.503 1600221500
1.2917000000000003 1600221500
1.2836 1600221500
1.2777 1600221500
1.2451 1600221500
0.9949000000000001 1600221500
1.5601 1600221500
1.4834000000000003 1600221500
1.4749 1600221500
1.0057000000000003 1600221500
1.5933 1600221500
0.9509000000000001 1600221500
1.5877999999999999 1600221500
1.1079999999999999 1600221500
1.5683 1600221500
1.5956 1600221500
1.4749 1600221500
1.0172 1600221500
0.6735 1600221500
1.3702000000000003 1600221500
0.8879999999999999 1600221500
0.6547999999999998 1600221500
0.9674 1600221500
1.0178000000000003 1600221500
1.5767000000000002 1600221500
0.9159999999999999 1600221500
0.9822000000000002 1600221500
0.9822000000000002 1600221500
0.9253999999999998 1600221500
0.9674 1600221500
1.0178000000000003 1600221500
1.5465 1600221500
1.5865999999999998 1600221500
1.1269 1600221500
1.5599000000000003 1600221500
0.9751000000000003 1600221500
0.8870000000000002 1600221500
1.1377 1600221500
1.4747999999999999 1600221500
1.5603 1600221500
0.7653000000000001 1600221500
0.9672000000000003 1600221500
1.2369999999999999 1600221500
0.9831000000000001 1600221500
1.5883 1600221500
0.7393000000000003 1600221500
1.6103000000000003 1600221500
1.2365000000000002 1600221500
1.4390000000000003 1600221500
1.0160000000000002 1600221500
0.7041999999999999 1600221500
1.0280000000000002 1600221500
1.0099000000000002 1600221500
0.9268000000000003 1600221500
0.7963000000000002 1600221500
1.5811 1600221500
0.8981999999999999 1600221500
0.8985000000000001 1600221500
1.2910000000000001 1600221500
0.7878000000000001 1600221500
1.5021000000000002 1600221500
1.6718 1600221500
1.5604000000000002 1600221500
0.9907000000000001 1600221500
0.9997 1600221500
1.5766000000000002 1600221500
1.0103000000000002 1600221500
0.8469 1600221500
1.5881000000000003 1600221500
1.6112000000000002 1600221500
1.0207000000000002 1600221500
1.4822000000000002 1600221500
0.9674 1600221500
0.9666000000000001 1600221500
1.2034000000000002 1600221500
0.7901000000000002 1600221500
1.6099 1600221500
0.9948999999999999 1600221500
0.7070000000000003 1600221500
1.1094 1600221500
1.2839 1600221500
1.6025 1600221500
0.9799000000000002 1600221500
1.1089000000000002 1600221500
1.0373999999999999 1600221500
1.56 1600221500
0.9672000000000001 1600221500
1.5228000000000002 1600221500
1.2906999999999997 1600221500
1.3834 1600221500
1.5932999999999997 1600221500
1.6031 1600221500
1.5955 1600221500
0.9642 1600221500
1.5103999999999997 1600221500
1.5880999999999998 1600221500
1.1437999999999997 1600221500
1.5463 1600221500
1.1412 1600221500
1.2534999999999998 1600221500
0.6382999999999999 1600221500
1.5700999999999998 1600221500
0.9671000000000001 1600221500
1.5014 1600221500
0.889 1600221500
1.5763999999999998 1600221500
1.313 1600221500
1.1098999999999999 1600221500
0.9581999999999999 1600221500
1.5923999999999998 1600221500
1.1405 1600221500
1.5881 1600221500
1.1807 1600221500
1.5876 1600221500
1.0033 1600221500
0.8884999999999998 1600221500
0.9254999999999998 1600221500
0.8997999999999997 1600221500
1.2768999999999997 1600221500
0.9582999999999997 1600221500
1.0119999999999998 1600221500
0.9909999999999999 1600221500
0.8882000000000001 1600221500
1.6097 1600221500
1.5877000000000001 1600221500
1.0569 1600221500
1.5982 1600221500
1.6708999999999998 1600221500
0.7901 1600221500
1.6714 1600221500
1.0155 1600221500
1.0033999999999998 1600221500
1.5948999999999998 1600221500
1.6590999999999998 1600221500
1.0104999999999997 1600221500
1.5946999999999998 1600221500
1.672 1600221500
1.6022999999999998 1600221500
1.6716999999999997 1600221500
1.6096999999999997 1600221500
1.6720999999999997 1600221500
1.6712999999999998 1600221500
1.2914999999999999 1600221500
1.6112 1600221500
1.2638 1600221500
1.6108999999999998 1600221500
0.6978 1600221500
0.5737000000000001 1600221500
1.5931 1600221500
1.6691999999999998 1600221500
1.4923 1600221500
1.0695 1600221500
1.1190999999999998 1600221500
1.6104 1600221500
1.2388000000000001 1600221500
1.1836 1600221500
1.0108999999999997 1600221500
1.6722 1600221500
1.5464 1600221500
0.9132 1600221500
0.6712 1600221500
0.9829000000000001 1600221500
1.0172 1600221500
1.6716 1600221500
1.0163999999999997 1600221500
1.2772 1600221500
1.4951 1600221500
1.1856 1600221500
1.4744999999999997 1600221500
1.0415999999999999 1600221500
1.2377 1600221500
0.9782 1600221500
0.9833000000000001 1600221500
0.7657 1600221500
1.5952 1600221500
1.5919 1600221500
1.6112999999999997 1600221500
1.6108999999999998 1600221500
1.4965999999999997 1600221500
1.5946 1600221500
1.4934 1600221500
0.8924000000000001 1600221500
1.2429 1600221500
1.61 1600221500
0.9132999999999998 1600221500
1.4332 1600221500
0.6466000000000001 1600221500
1.1411 1600221500
1.0384999999999998 1600221500
1.2781 1600221500
0.9803 1600221500
1.4473 1600221500
1.2369 1600221500
1.4761999999999997 1600221500
1.0176999999999998 1600221500
0.7199 1600221500
1.5607 1600221500
1.5912999999999997 1600221500
1.5879999999999999 1600221500
0.9256 1600221500
1.2398999999999998 1600221500
0.8133999999999999 1600221500
1.4302999999999997 1600221500
1.2414999999999998 1600221500
0.5717000000000001 1600221500
1.6110999999999998 1600221500
0.9117999999999997 1600221500
0.5879000000000001 1600221500
1.0858999999999999 1600221500
0.9690999999999999 1600221500
1.6108 1600221500
1.1077 1600221500
0.8057999999999998 1600221500
0.9250999999999998 1600221500
0.8798999999999997 1600221500
0.8128999999999997 1600221500
1.6112 1600221500
0.7651999999999999 1600221500
1.1876999999999998 1600221500
1.6718999999999997 1600221500
0.9120999999999999 1600221500
1.4251999999999998 1600221500
0.9254999999999998 1600221500
0.8144 1600221500
1.1393 1600221500
1.5766 1600221500
1.5806999999999998 1600221500
1.6111 1600221500
1.6127 1600221500
0.7895999999999999 1600221500
1.0104 1600221500
0.9290999999999998 1600221500
1.4233999999999998 1600221500
0.6965999999999999 1600221500
1.6514999999999997 1600221500
1.4233999999999998 1600221500
1.1403 1600221500
1.6718 1600221500
1.5952 1600221500
1.595 1600221500
1.5927 1600221500
1.595 1600221500
1.1415 1600221500
1.6113 1600221500
1.6718 1600221500
1.0179 1600221500
0.8126999999999998 1600221500
1.5879999999999999 1600221500
1.1180999999999999 1600221500
1.0912999999999997 1600221500
0.9906999999999997 1600221500
1.4955 1600221500
1.1156 1600221500
1.1844 1600221500
1.4065999999999999 1600221500
1.61 1600221500
1.1659 1600221500
1.5595999999999999 1600221500
1.4948 1600221500
1.6112999999999997 1600221500
0.5807 1600221500
1.6112 1600221500
1.2005000000000001 1600221500
0.9639999999999997 1600221500
1.0855 1600221500
1.5136 1600221500
1.0836 1600221500
1.5879999999999999 1600221500
1.0052 1600221500
1.1333999999999997 1600221500
1.4957999999999998 1600221500
0.8984999999999999 1600221500
0.8888999999999998 1600221500
1.6106 1600221500
1.0094 1600221500
1.5466 1600221500
1.6716 1600221500
0.9256999999999997 1600221500
1.2366 1600221500
0.7870999999999999 1600221500
0.9130999999999998 1600221500
1.6390999999999998 1600221500
1.5881 1600221500
0.9016999999999997 1600221500
0.8061999999999998 1600221500
0.9094 1600221500
0.9675 1600221500
0.9670000000000001 1600221500
1.2379999999999998 1600221500
0.7654999999999998 1600221500
1.6110999999999998 1600221500
1.5878 1600221500
0.9261999999999999 1600221500
1.6714999999999998 1600221500
1.6026 1600221500
1.6708 1600221500
1.1663 1600221500
1.0174 1600221500
1.196 1600221500
0.7901 1600221500
1.0506999999999997 1600221500
1.6716 1600221500
1.0098999999999998 1600221500
1.0165999999999997 1600221500
1.2836999999999998 1600221500
1.0102999999999998 1600221500
1.2032 1600221500
1.0993999999999997 1600221500
1.2832000000000001 1600221500
1.2773999999999999 1600221500
0.9673 1600221500
1.0096999999999998 1600221500
1.2764999999999997 1600221500
1.2515999999999998 1600221500
1.5803 1600221500
1.1842 1600221500
1.6714 1600221500
1.002 1600221500
1.595 1600221500
0.8050999999999997 1600221500
0.9260999999999997 1600221500
1.2760999999999998 1600221500
1.6016 1600221500
0.9445999999999999 1600221500
1.0108 1600221500
1.6592999999999998 1600221500
1.6017 1600221500
1.6103 1600221500
1.0632999999999997 1600221500
1.2760999999999998 1600221500
0.8629999999999998 1600221500
0.5732999999999999 1600221500
0.9907999999999999 1600221500
1.4959999999999998 1600221500
0.7899999999999998 1600221500
1.6056 1600221500
1.0104 1600221500
1.4376 1600221500
1.1587999999999998 1600221500
1.6296999999999997 1600221500
1.5595999999999999 1600221500
1.6026999999999998 1600221500
1.5599 1600221500
0.9690999999999999 1600221500
1.0102 1600221500
1.6393 1600221500
1.4963 1600221500
1.3133 1600221500
1.0174999999999998 1600221500
1.6108999999999998 1600221500
0.6961999999999999 1600221500
1.6713999999999998 1600221500
0.9688999999999999 1600221500
0.8988999999999998 1600221500
1.0171999999999999 1600221500
0.7496 1600221500
