50.722100000000005 1600221275
63.6337 1600221275
63.527899999999995 1600221275
59.912200000000006 1600221275
57.9144 1600221275
62.8205 1600221275
46.1226 1600221275
46.4716 1600221275
48.5274 1600221275
48.0965 1600221275
53.3285 1600221275
48.692800000000005 1600221275
54.1283 1600221275
46.9094 1600221275
57.3774 1600221275
41.3031 1600221275
62.1594 1600221275
52.284600000000005 1600221275
45.2109 1600221275
51.6263 1600221275
63.0839 1600221275
57.1499 1600221275
44.933800000000005 1600221275
52.7271 1600221275
54.1261 1600221275
52.693400000000004 1600221275
59.177 1600221275
63.1271 1600221275
60.7533 1600221275
54.7975 1600221275
54.1268 1600221275
55.2137 1600221275
57.5462 1600221275
45.8293 1600221275
59.0405 1600221275
47.698 1600221275
57.8361 1600221275
50.029700000000005 1600221275
59.538700000000006 1600221275
54.987700000000004 1600221275
55.943200000000004 1600221275
62.904500000000006 1600221275
59.5385 1600221275
60.912 1600221275
62.775400000000005 1600221275
47.5133 1600221275
60.9126 1600221275
55.4934 1600221275
62.820100000000004 1600221275
62.4057 1600221275
56.706500000000005 1600221275
50.8063 1600221275
51.800599999999996 1600221275
63.237300000000005 1600221275
63.085499999999996 1600221275
56.3917 1600221275
63.630199999999995 1600221275
63.4064 1600221275
63.1616 1600221275
56.6459 1600221275
58.823 1600221275
56.8615 1600221275
59.7638 1600221275
62.1216 1600221275
57.4087 1600221275
62.9281 1600221275
53.1942 1600221275
41.3029 1600221275
56.7229 1600221275
63.6218 1600221275
59.108900000000006 1600221275
42.277300000000004 1600221275
46.886 1600221275
43.347699999999996 1600221275
54.1272 1600221275
14.9713 1600221275
53.6946 1600221275
58.548899999999996 1600221275
45.3768 1600221275
56.7203 1600221275
61.7372 1600221275
59.0001 1600221275
37.480399999999996 1600221275
12.0158 1600221275
62.4052 1600221275
41.6852 1600221275
62.927 1600221275
42.2799 1600221275
55.2558 1600221275
52.6927 1600221275
0.010099999999999998 1600221275
43.9771 1600221275
62.918800000000005 1600221275
60.8067 1600221275
46.1228 1600221275
47.3672 1600221275
47.3699 1600221275
58.0755 1600221275
51.6251 1600221275
58.5519 1600221275
47.37 1600221275
60.9121 1600221275
61.7358 1600221275
47.5396 1600221275
57.8363 1600221275
53.458800000000004 1600221275
61.274699999999996 1600221275
58.8227 1600221275
58.823100000000004 1600221275
48.095 1600221275
59.5696 1600221275
47.010600000000004 1600221275
62.516200000000005 1600221275
59.926700000000004 1600221275
49.0507 1600221275
50.8081 1600221275
62.5025 1600221275
50.720800000000004 1600221275
55.342600000000004 1600221275
57.5201 1600221275
55.943400000000004 1600221275
33.3416 1600221275
59.538900000000005 1600221275
47.861799999999995 1600221275
57.1236 1600221275
51.620599999999996 1600221275
60.5665 1600221275
51.651500000000006 1600221275
60.924600000000005 1600221275
56.8613 1600221275
41.708800000000004 1600221275
47.698 1600221275
48.089999999999996 1600221275
34.7815 1600221275
59.113 1600221275
51.6264 1600221275
52.3479 1600221275
44.791599999999995 1600221275
53.3204 1600221275
47.0032 1600221275
61.5124 1600221275
52.285599999999995 1600221275
62.465199999999996 1600221275
63.026500000000006 1600221275
48.6931 1600221275
52.3483 1600221275
52.8168 1600221275
62.8163 1600221275
22.4501 1600221275
55.4783 1600221275
52.2835 1600221275
47.3671 1600221275
56.1927 1600221275
50.8254 1600221275
55.3784 1600221275
62.9252 1600221275
50.0167 1600221275
62.792899999999996 1600221275
48.0912 1600221275
50.8051 1600221275
62.121500000000005 1600221275
52.7271 1600221275
51.623200000000004 1600221275
52.726600000000005 1600221275
39.5302 1600221275
53.3164 1600221275
55.0225 1600221275
54.125299999999996 1600221275
62.5163 1600221275
54.987899999999996 1600221275
63.1529 1600221275
54.978699999999996 1600221275
51.8724 1600221275
57.6065 1600221275
51.620999999999995 1600221275
54.2862 1600221275
44.659 1600221275
61.7378 1600221275
54.797 1600221275
49.0492 1600221275
59.437200000000004 1600221275
58.7362 1600221275
62.8166 1600221275
59.4291 1600221275
59.4373 1600221275
54.6496 1600221275
57.1225 1600221275
61.5294 1600221275
58.1888 1600221275
50.016200000000005 1600221275
55.4955 1600221275
60.9121 1600221275
55.4932 1600221275
60.1678 1600221275
62.1832 1600221275
43.0638 1600221275
63.1527 1600221275
60.1679 1600221275
39.423700000000004 1600221275
42.622 1600221275
43.352000000000004 1600221275
45.2489 1600221275
62.1834 1600221275
62.6435 1600221275
45.8564 1600221275
63.600500000000004 1600221275
62.516600000000004 1600221275
55.028600000000004 1600221275
51.623000000000005 1600221275
62.2109 1600221275
52.4227 1600221275
58.2336 1600221275
63.0264 1600221275
43.8065 1600221275
60.5267 1600221275
62.7752 1600221275
60.5261 1600221275
52.3493 1600221275
63.1529 1600221275
51.6233 1600221275
52.4788 1600221275
57.1237 1600221275
55.3448 1600221275
53.0636 1600221275
13.555 1600221275
61.832300000000004 1600221275
54.1261 1600221275
57.3767 1600221275
44.5808 1600221275
54.9384 1600221275
50.638000000000005 1600221275
62.121500000000005 1600221275
56.872 1600221275
54.7961 1600221275
57.6452 1600221275
41.2997 1600221275
57.609700000000004 1600221275
51.8747 1600221275
60.3568 1600221275
59.5205 1600221275
63.085499999999996 1600221275
60.2717 1600221275
56.508900000000004 1600221275
60.2717 1600221275
44.5785 1600221275
63.6307 1600221275
63.161500000000004 1600221275
47.8615 1600221275
57.1233 1600221275
52.809799999999996 1600221275
56.7062 1600221275
57.609899999999996 1600221275
62.403400000000005 1600221275
57.610400000000006 1600221275
47.5418 1600221275
59.177 1600221275
47.3722 1600221275
62.5756 1600221275
61.7374 1600221275
63.1543 1600221275
47.3711 1600221275
62.4673 1600221275
63.154199999999996 1600221275
63.4063 1600221275
50.013799999999996 1600221275
52.3366 1600221275
55.4942 1600221275
63.1526 1600221275
55.9822 1600221275
52.284400000000005 1600221275
54.8053 1600221275
50.044900000000005 1600221275
57.9757 1600221275
59.3545 1600221275
58.4078 1600221275
59.7411 1600221275
63.406299999999995 1600221275
63.0855 1600221275
53.4232 1600221275
45.3772 1600221275
52.9016 1600221275
59.7466 1600221275
63.528099999999995 1600221275
54.795 1600221275
50.0448 1600221275
56.1926 1600221275
52.9015 1600221275
59.9125 1600221275
55.4936 1600221275
30.7548 1600221275
54.128 1600221275
56.7188 1600221275
59.429300000000005 1600221275
56.6801 1600221275
42.2817 1600221275
58.9911 1600221275
47.4088 1600221275
54.796800000000005 1600221275
63.1529 1600221275
63.2884 1600221275
58.0743 1600221275
54.0639 1600221275
62.9048 1600221275
57.747400000000006 1600221275
12.011800000000001 1600221275
58.5458 1600221275
42.5694 1600221275
62.8175 1600221275
58.6105 1600221275
49.4927 1600221275
63.0859 1600221275
20.4898 1600221275
44.6203 1600221275
43.602900000000005 1600221275
56.2879 1600221275
55.0219 1600221275
49.0503 1600221275
56.7434 1600221275
55.3614 1600221275
56.7046 1600221275
60.9123 1600221275
58.7061 1600221275
55.2151 1600221275
58.5449 1600221275
56.7539 1600221275
44.9344 1600221275
59.5392 1600221275
43.4591 1600221275
63.5345 1600221275
63.2245 1600221275
62.7757 1600221275
59.3484 1600221275
57.836000000000006 1600221275
59.108599999999996 1600221275
60.217 1600221275
45.8252 1600221275
62.7751 1600221275
62.4861 1600221275
62.1916 1600221275
62.4649 1600221275
48.1469 1600221275
50.0168 1600221275
59.1083 1600221275
62.9266 1600221275
63.1526 1600221275
62.5754 1600221275
59.8255 1600221275
52.817 1600221275
60.911899999999996 1600221275
53.3144 1600221275
55.3968 1600221275
62.516400000000004 1600221275
63.1526 1600221275
62.820299999999996 1600221275
55.4936 1600221275
62.226 1600221275
28.749499999999998 1600221275
63.601400000000005 1600221275
63.1529 1600221275
50.0109 1600221275
48.0904 1600221275
50.035900000000005 1600221275
61.738099999999996 1600221275
50.8063 1600221275
56.367700000000006 1600221275
57.168800000000005 1600221275
45.3622 1600221275
57.168200000000006 1600221275
50.720800000000004 1600221275
63.1683 1600221275
51.622 1600221275
21.941399999999998 1600221275
32.1578 1600221275
35.834 1600221275
63.1681 1600221275
51.6421 1600221275
55.493500000000004 1600221275
56.7507 1600221275
60.9583 1600221275
63.1522 1600221275
56.3085 1600221275
40.6207 1600221275
61.2743 1600221275
41.731300000000005 1600221275
63.3027 1600221275
62.82 1600221275
44.0212 1600221275
50.0115 1600221275
52.4742 1600221275
61.2742 1600221275
52.760000000000005 1600221275
57.520900000000005 1600221275
62.643800000000006 1600221275
62.182900000000004 1600221275
43.3483 1600221275
43.4427 1600221275
47.857 1600221275
63.630900000000004 1600221275
60.912400000000005 1600221275
50.7224 1600221275
57.4087 1600221275
58.5471 1600221275
58.074600000000004 1600221275
58.8664 1600221275
62.4651 1600221275
58.0771 1600221275
63.0844 1600221275
58.2141 1600221275
59.04 1600221275
50.8074 1600221275
62.503099999999996 1600221275
47.539100000000005 1600221275
63.066100000000006 1600221275
58.7064 1600221275
44.2132 1600221275
46.886 1600221275
48.6936 1600221275
55.9434 1600221275
62.5028 1600221275
43.8018 1600221275
62.9185 1600221275
58.2594 1600221275
63.407000000000004 1600221275
49.295100000000005 1600221275
46.1933 1600221275
63.3099 1600221275
47.0022 1600221275
44.3296 1600221275
54.6479 1600221275
54.9649 1600221275
62.2 1600221275
58.8229 1600221275
59.347100000000005 1600221275
55.394400000000005 1600221275
46.6203 1600221275
48.5294 1600221275
63.3432 1600221275
58.088499999999996 1600221275
56.308099999999996 1600221275
57.126799999999996 1600221275
48.2387 1600221275
58.1449 1600221275
54.4412 1600221275
55.255900000000004 1600221275
54.987899999999996 1600221275
57.528000000000006 1600221275
57.124 1600221275
57.4938 1600221275
42.7416 1600221275
63.6003 1600221275
52.7626 1600221275
42.283 1600221275
45.3385 1600221275
57.1222 1600221275
63.1623 1600221275
51.6274 1600221275
51.6246 1600221275
56.6766 1600221275
62.4679 1600221275
44.022000000000006 1600221275
54.1288 1600221275
57.1237 1600221275
56.3081 1600221275
56.7233 1600221275
62.502300000000005 1600221275
60.1677 1600221275
58.041900000000005 1600221275
50.6372 1600221275
57.584500000000006 1600221275
55.943599999999996 1600221275
63.4068 1600221275
58.7201 1600221275
59.108000000000004 1600221275
56.5091 1600221275
59.109100000000005 1600221275
43.848800000000004 1600221275
43.6018 1600221275
46.0367 1600221275
60.2723 1600221275
51.658 1600221275
59.7408 1600221275
58.0748 1600221275
63.34329999999999 1600221275
39.4722 1600221275
34.7789 1600221275
60.9125 1600221275
58.5454 1600221275
48.3168 1600221275
45.0998 1600221275
46.467999999999996 1600221275
61.737700000000004 1600221275
57.4901 1600221275
45.856300000000005 1600221275
52.2916 1600221275
63.621700000000004 1600221275
50.7213 1600221275
60.271699999999996 1600221275
59.429700000000004 1600221275
45.7517 1600221275
51.6574 1600221275
58.2337 1600221275
51.6518 1600221275
57.2269 1600221275
41.3927 1600221275
53.458600000000004 1600221275
62.5814 1600221275
59.1083 1600221275
59.7823 1600221275
60.526399999999995 1600221275
25.4596 1600221275
60.217 1600221275
61.7372 1600221275
