53.5446 1600221638
56.5845 1600221638
46.4349 1600221638
56.8939 1600221638
65.7074 1600221638
62.4951 1600221638
59.5612 1600221638
62.3462 1600221638
48.908300000000004 1600221638
59.5597 1600221638
24.0777 1600221638
51.495400000000004 1600221638
64.429 1600221638
55.335300000000004 1600221638
60.5856 1600221638
48.9705 1600221638
49.9193 1600221638
61.997099999999996 1600221638
56.442099999999996 1600221638
64.57350000000001 1600221638
28.8891 1600221638
66.32480000000001 1600221638
66.1376 1600221638
49.7954 1600221638
61.5602 1600221638
51.3765 1600221638
65.6369 1600221638
53.951299999999996 1600221638
55.456700000000005 1600221638
51.2873 1600221638
66.12950000000001 1600221638
57.3046 1600221638
61.8837 1600221638
58.791000000000004 1600221638
62.3294 1600221638
57.3049 1600221638
63.061600000000006 1600221638
61.9014 1600221638
62.694500000000005 1600221638
65.35000000000001 1600221638
31.579 1600221638
65.7941 1600221638
62.4428 1600221638
64.0302 1600221638
64.1944 1600221638
54.9179 1600221638
51.2766 1600221638
65.7923 1600221638
55.2664 1600221638
50.7403 1600221638
52.7047 1600221638
55.8887 1600221638
56.7143 1600221638
55.4677 1600221638
61.9016 1600221638
60.310100000000006 1600221638
61.548700000000004 1600221638
27.572 1600221638
56.444300000000005 1600221638
52.6043 1600221638
41.9988 1600221638
60.2706 1600221638
59.3042 1600221638
60.4049 1600221638
49.338800000000006 1600221638
64.1864 1600221638
29.9128 1600221638
53.7753 1600221638
65.5783 1600221638
54.056200000000004 1600221638
57.3866 1600221638
58.753 1600221638
60.2457 1600221638
58.790800000000004 1600221638
60.0125 1600221638
63.821000000000005 1600221638
57.3836 1600221638
51.288500000000006 1600221638
65.2252 1600221638
66.0234 1600221638
55.7118 1600221638
53.5956 1600221638
56.443000000000005 1600221638
53.543 1600221638
63.9476 1600221638
63.650200000000005 1600221638
63.995200000000004 1600221638
64.8741 1600221638
56.037000000000006 1600221638
66.1848 1600221638
63.2997 1600221638
64.23509999999999 1600221638
65.14309999999999 1600221638
65.5787 1600221638
45.480599999999995 1600221638
50.1721 1600221638
65.563 1600221638
62.9736 1600221638
50.5317 1600221638
51.4971 1600221638
64.491 1600221638
60.1853 1600221638
64.8748 1600221638
60.9853 1600221638
61.083999999999996 1600221638
66.22210000000001 1600221638
63.858399999999996 1600221638
61.901199999999996 1600221638
51.4882 1600221638
56.583200000000005 1600221638
65.35079999999999 1600221638
56.2873 1600221638
43.578300000000006 1600221638
63.660500000000006 1600221638
62.4318 1600221638
63.305 1600221638
64.2784 1600221638
51.7308 1600221638
64.49929999999999 1600221638
62.592600000000004 1600221638
35.4829 1600221638
64.18639999999999 1600221638
66.2588 1600221638
43.9673 1600221638
44.3055 1600221638
1.8212 1600221638
50.226600000000005 1600221638
52.6045 1600221638
61.0009 1600221638
51.7311 1600221638
61.1144 1600221638
44.268800000000006 1600221638
65.5785 1600221638
61.996900000000004 1600221638
43.966 1600221638
46.473600000000005 1600221638
46.444100000000006 1600221638
53.6882 1600221638
56.481 1600221638
57.437000000000005 1600221638
60.8551 1600221638
57.304899999999996 1600221638
60.7091 1600221638
53.9522 1600221638
46.336200000000005 1600221638
66.3179 1600221638
65.79249999999999 1600221638
60.0118 1600221638
47.4579 1600221638
62.634600000000006 1600221638
49.3451 1600221638
65.6604 1600221638
63.6608 1600221638
62.2401 1600221638
63.9085 1600221638
49.7935 1600221638
46.445800000000006 1600221638
66.2408 1600221638
52.202000000000005 1600221638
53.7146 1600221638
57.5563 1600221638
56.7744 1600221638
53.5443 1600221638
54.5458 1600221638
63.1869 1600221638
66.3248 1600221638
65.7077 1600221638
54.3031 1600221638
35.3799 1600221638
60.6614 1600221638
48.549600000000005 1600221638
63.6868 1600221638
63.801300000000005 1600221638
56.7149 1600221638
56.036699999999996 1600221638
60.2458 1600221638
65.7924 1600221638
63.1839 1600221638
62.593399999999995 1600221638
61.865700000000004 1600221638
63.7485 1600221638
56.7018 1600221638
52.886100000000006 1600221638
62.4431 1600221638
58.6516 1600221638
55.457 1600221638
39.0856 1600221638
61.3454 1600221638
48.542899999999996 1600221638
65.5636 1600221638
64.87639999999999 1600221638
55.2541 1600221638
49.9225 1600221638
51.2752 1600221638
65.3849 1600221638
57.3061 1600221638
59.5747 1600221638
49.407500000000006 1600221638
66.2035 1600221638
60.5581 1600221638
44.426500000000004 1600221638
50.2261 1600221638
60.403400000000005 1600221638
63.0612 1600221638
60.0441 1600221638
50.168099999999995 1600221638
66.185 1600221638
54.9161 1600221638
44.8354 1600221638
56.2577 1600221638
56.121900000000004 1600221638
56.701600000000006 1600221638
60.172900000000006 1600221638
58.7907 1600221638
59.6901 1600221638
60.8134 1600221638
65.3845 1600221638
61.2132 1600221638
56.049200000000006 1600221638
60.9326 1600221638
59.687599999999996 1600221638
65.68889999999999 1600221638
46.4444 1600221638
60.813500000000005 1600221638
59.304100000000005 1600221638
66.1848 1600221638
65.27199999999999 1600221638
60.985200000000006 1600221638
46.445800000000006 1600221638
66.3249 1600221638
66.0253 1600221638
50.525600000000004 1600221638
51.098800000000004 1600221638
46.3389 1600221638
52.7582 1600221638
51.7363 1600221638
60.0439 1600221638
37.4966 1600221638
62.313500000000005 1600221638
52.671400000000006 1600221638
62.8439 1600221638
53.5962 1600221638
63.0852 1600221638
61.4403 1600221638
62.6939 1600221638
64.8754 1600221638
51.7314 1600221638
52.7598 1600221638
52.6781 1600221638
62.889 1600221638
61.9812 1600221638
62.6939 1600221638
52.528000000000006 1600221638
65.28219999999999 1600221638
63.6317 1600221638
59.304 1600221638
49.442600000000006 1600221638
63.9085 1600221638
61.5626 1600221638
62.293 1600221638
62.518299999999996 1600221638
55.2549 1600221638
55.788700000000006 1600221638
65.4431 1600221638
55.7881 1600221638
56.5061 1600221638
61.117 1600221638
48.977700000000006 1600221638
56.1388 1600221638
49.309900000000006 1600221638
20.0273 1600221638
51.7014 1600221638
62.878600000000006 1600221638
62.0794 1600221638
51.7449 1600221638
53.686400000000006 1600221638
65.66040000000001 1600221638
63.654900000000005 1600221638
62.634299999999996 1600221638
63.7237 1600221638
63.6985 1600221638
60.6169 1600221638
63.6607 1600221638
54.6576 1600221638
64.4986 1600221638
63.184000000000005 1600221638
32.6925 1600221638
49.4439 1600221638
52.885799999999996 1600221638
65.59389999999999 1600221638
62.8886 1600221638
63.907900000000005 1600221638
52.528600000000004 1600221638
65.7938 1600221638
55.4664 1600221638
46.3357 1600221638
55.1233 1600221638
61.9649 1600221638
60.417100000000005 1600221638
56.4848 1600221638
66.18430000000001 1600221638
66.024 1600221638
63.1841 1600221638
62.380500000000005 1600221638
60.0123 1600221638
66.0246 1600221638
56.714400000000005 1600221638
57.556400000000004 1600221638
49.794 1600221638
63.0954 1600221638
59.4642 1600221638
63.650200000000005 1600221638
51.7348 1600221638
65.78030000000001 1600221638
55.2907 1600221638
59.6877 1600221638
61.3123 1600221638
63.3005 1600221638
64.59729999999999 1600221638
49.4902 1600221638
45.413700000000006 1600221638
61.9166 1600221638
50.5358 1600221638
65.143 1600221638
56.049 1600221638
66.222 1600221638
66.28739999999999 1600221638
57.5565 1600221638
58.8611 1600221638
38.697700000000005 1600221638
64.85929999999999 1600221638
50.531600000000005 1600221638
53.545500000000004 1600221638
61.286500000000004 1600221638
58.724500000000006 1600221638
61.1846 1600221638
55.102399999999996 1600221638
58.8481 1600221638
66.2155 1600221638
39.3543 1600221638
55.391600000000004 1600221638
52.6722 1600221638
60.4054 1600221638
66.18430000000001 1600221638
54.4515 1600221638
60.9336 1600221638
53.7154 1600221638
54.916 1600221638
52.6298 1600221638
62.5243 1600221638
55.4667 1600221638
62.2958 1600221638
53.5421 1600221638
56.0497 1600221638
56.598800000000004 1600221638
41.9992 1600221638
56.165400000000005 1600221638
65.3618 1600221638
66.0377 1600221638
55.704800000000006 1600221638
58.736700000000006 1600221638
66.22380000000001 1600221638
61.94 1600221638
61.1251 1600221638
61.495200000000004 1600221638
42.325 1600221638
64.4918 1600221638
56.0389 1600221638
55.8185 1600221638
63.651199999999996 1600221638
62.634100000000004 1600221638
65.3501 1600221638
42.3237 1600221638
66.25909999999999 1600221638
63.632 1600221638
65.7922 1600221638
59.304100000000005 1600221638
61.1162 1600221638
60.854200000000006 1600221638
61.3543 1600221638
42.8744 1600221638
64.69749999999999 1600221638
65.7934 1600221638
44.2665 1600221638
44.3115 1600221638
63.0849 1600221638
66.20330000000001 1600221638
44.3102 1600221638
45.4149 1600221638
54.0613 1600221638
52.6049 1600221638
55.4223 1600221638
59.5494 1600221638
57.556400000000004 1600221638
54.7295 1600221638
60.1726 1600221638
66.0541 1600221638
65.6611 1600221638
65.362 1600221638
57.3862 1600221638
66.0233 1600221638
64.8775 1600221638
64.6973 1600221638
65.22460000000001 1600221638
46.3357 1600221638
66.31739999999999 1600221638
65.7932 1600221638
50.7445 1600221638
60.246700000000004 1600221638
48.540600000000005 1600221638
65.7384 1600221638
66.0234 1600221638
48.9802 1600221638
61.1148 1600221638
50.532700000000006 1600221638
50.741400000000006 1600221638
61.7586 1600221638
56.775200000000005 1600221638
63.74869999999999 1600221638
57.386 1600221638
51.092400000000005 1600221638
64.4914 1600221638
59.304300000000005 1600221638
64.1128 1600221638
60.185100000000006 1600221638
61.549400000000006 1600221638
61.0176 1600221638
61.9012 1600221638
49.9212 1600221638
62.6788 1600221638
60.885000000000005 1600221638
52.5281 1600221638
63.0615 1600221638
61.963499999999996 1600221638
53.5433 1600221638
55.840900000000005 1600221638
63.5431 1600221638
61.6042 1600221638
64.5034 1600221638
66.02329999999999 1600221638
48.9694 1600221638
58.7913 1600221638
66.28710000000001 1600221638
55.1863 1600221638
48.5397 1600221638
60.7087 1600221638
65.14330000000001 1600221638
44.6845 1600221638
52.761100000000006 1600221638
63.7844 1600221638
62.6769 1600221638
65.56309999999999 1600221638
49.3389 1600221638
51.9999 1600221638
63.801700000000004 1600221638
55.727199999999996 1600221638
59.6144 1600221638
48.976000000000006 1600221638
61.2861 1600221638
49.92 1600221638
61.560500000000005 1600221638
59.304 1600221638
61.314 1600221638
50.1147 1600221638
53.5424 1600221638
65.7934 1600221638
58.7379 1600221638
55.0244 1600221638
65.6606 1600221638
64.8744 1600221638
58.725100000000005 1600221638
54.7308 1600221638
66.2642 1600221638
66.13749999999999 1600221638
65.44340000000001 1600221638
59.304 1600221638
48.4927 1600221638
60.8543 1600221638
65.7925 1600221638
50.039500000000004 1600221638
20.8463 1600221638
60.5868 1600221638
54.454 1600221638
61.1844 1600221638
66.05420000000001 1600221638
62.518299999999996 1600221638
57.309200000000004 1600221638
51.7248 1600221638
61.4688 1600221638
58.225500000000004 1600221638
62.889 1600221638
39.4941 1600221638
61.4555 1600221638
58.6518 1600221638
61.1252 1600221638
21.746199999999998 1600221638
50.07 1600221638
66.20309999999999 1600221638
63.8016 1600221638
62.1922 1600221638
56.4421 1600221638
63.651900000000005 1600221638
46.3354 1600221638
58.7906 1600221638
51.3727 1600221638
61.653600000000004 1600221638
52.193000000000005 1600221638
65.3772 1600221638
62.1219 1600221638
61.124300000000005 1600221638
62.0779 1600221638
62.454100000000004 1600221638
