0.04170000000000007 1600634868
0.07560000000000011 1600634868
0.05229999999999979 1600634868
0.06400000000000006 1600634868
0.06489999999999974 1600634868
0.0682999999999998 1600634868
0.05589999999999984 1600634868
0.05110000000000037 1600634868
0.09540000000000015 1600634868
0.06400000000000006 1600634868
0.06369999999999987 1600634868
0.0682999999999998 1600634868
0.054300000000000015 1600634868
0.06510000000000016 1600634868
0.07560000000000011 1600634868
0.0477000000000003 1600634868
0.10449999999999982 1600634868
0.06710000000000038 1600634868
0.0766 1600634868
0.0799000000000003 1600634868
0.12740000000000018 1600634868
0.07550000000000034 1600634868
0.11990000000000034 1600634868
0.10570000000000013 1600634868
0.17769999999999975 1600634868
0.07200000000000006 1600634868
0.08960000000000035 1600634868
0.08300000000000018 1600634868
0.14690000000000003 1600634868
0.12380000000000013 1600634868
0.10220000000000029 1600634868
0.17870000000000008 1600634868
0.07859999999999978 1600634868
0.06340000000000012 1600634868
0.07669999999999977 1600634868
0.08050000000000024 1600634868
0.07940000000000014 1600634868
0.055600000000000094 1600634868
0.10559999999999992 1600634868
0.07679999999999998 1600634868
0.09989999999999988 1600634868
0.13800000000000034 1600634868
0.14539999999999997 1600634868
0.1431 1600634868
0.09010000000000007 1600634868
0.05730000000000013 1600634868
0.12450000000000028 1600634868
0.09480000000000022 1600634868
0.07189999999999985 1600634868
0.0714999999999999 1600634868
0.12490000000000023 1600634868
0.09489999999999998 1600634868
0.11479999999999979 1600634868
0.08689999999999998 1600634868
0.08260000000000023 1600634868
0.06510000000000016 1600634868
0.06340000000000012 1600634868
0.0827 1600634868
0.13270000000000026 1600634868
0.06740000000000013 1600634868
0.08660000000000023 1600634868
0.0766 1600634868
0.0658000000000003 1600634868
0.13880000000000026 1600634868
0.07209999999999983 1600634868
0.08479999999999999 1600634868
0.13919999999999977 1600634868
0.08420000000000005 1600634868
0.06510000000000016 1600634868
0.14320000000000022 1600634868
0.08950000000000014 1600634868
0.13480000000000025 1600634868
0.07600000000000007 1600634868
0.13990000000000036 1600634868
0.05830000000000002 1600634868
0.08330000000000037 1600634868
0.07180000000000009 1600634868
0.11450000000000005 1600634868
0.06280000000000019 1600634868
0.06890000000000018 1600634868
0.13970000000000038 1600634868
0.06380000000000008 1600634868
0.07279999999999998 1600634868
0.0748000000000002 1600634868
0.13949999999999996 1600634868
0.08230000000000004 1600634868
0.08870000000000022 1600634868
0.06099999999999994 1600634868
0.07530000000000037 1600634868
0.10960000000000036 1600634868
0.1785000000000001 1600634868
0.12240000000000029 1600634868
0.1474000000000002 1600634868
0.08119999999999994 1600634868
0.07109999999999994 1600634868
0.07350000000000012 1600634868
0.17819999999999991 1600634868
0.12660000000000027 1600634868
0.08830000000000027 1600634868
0.05750000000000011 1600634868
0.09250000000000025 1600634868
0.07469999999999999 1600634868
0.06810000000000027 1600634868
0.07850000000000001 1600634868
0.12400000000000011 1600634868
0.12280000000000024 1600634868
0.0799000000000003 1600634868
0.08460000000000001 1600634868
0.08909999999999973 1600634868
0.10610000000000008 1600634868
0.07909999999999995 1600634868
0.09889999999999999 1600634868
0.06380000000000008 1600634868
0.07540000000000013 1600634868
0.1271 1600634868
0.07180000000000009 1600634868
0.1554000000000002 1600634868
0.08510000000000018 1600634868
0.08680000000000021 1600634868
0.0726 1600634868
0.06689999999999996 1600634868
0.0799000000000003 1600634868
0.0535000000000001 1600634868
0.07489999999999997 1600634868
0.06630000000000003 1600634868
0.06390000000000029 1600634868
0.06380000000000008 1600634868
0.0708000000000002 1600634868
0.12480000000000002 1600634868
0.05359999999999987 1600634868
0.07229999999999981 1600634868
0.06280000000000019 1600634868
0.0788000000000002 1600634868
0.11550000000000038 1600634868
0.09319999999999995 1600634868
0.08400000000000007 1600634868
0.057700000000000085 1600634868
0.08830000000000027 1600634868
0.06450000000000022 1600634868
0.04490000000000016 1600634868
0.0697000000000001 1600634868
0.12160000000000037 1600634868
0.05140000000000011 1600634868
0.07140000000000013 1600634868
0.05810000000000004 1600634868
0.1788000000000003 1600634868
0.10749999999999993 1600634868
0.0596000000000001 1600634868
0.07550000000000034 1600634868
0.06230000000000002 1600634868
0.06879999999999997 1600634868
0.12420000000000009 1600634868
0.11859999999999982 1600634868
0.04620000000000024 1600634868
0.05010000000000003 1600634868
0.061200000000000365 1600634868
0.07710000000000017 1600634868
0.07820000000000027 1600634868
0.08630000000000004 1600634868
0.0968 1600634868
0.06440000000000001 1600634868
0.06570000000000009 1600634868
0.05799999999999983 1600634868
0.07250000000000023 1600634868
0.06920000000000037 1600634868
0.05469999999999997 1600634868
0.06810000000000027 1600634868
0.1788000000000003 1600634868
0.07330000000000014 1600634868
0.05180000000000007 1600634868
0.07140000000000013 1600634868
0.0658000000000003 1600634868
0.08840000000000003 1600634868
0.07320000000000038 1600634868
0.07520000000000016 1600634868
0.04970000000000008 1600634868
0.058399999999999785 1600634868
0.09380000000000033 1600634868
0.1251000000000002 1600634868
0.10170000000000012 1600634868
0.07950000000000035 1600634868
0.08960000000000035 1600634868
0.10050000000000026 1600634868
0.11610000000000031 1600634868
0.1001000000000003 1600634868
0.12400000000000011 1600634868
0.06610000000000005 1600634868
0.12560000000000038 1600634868
0.0748000000000002 1600634868
0.053400000000000336 1600634868
0.06289999999999996 1600634868
0.06920000000000037 1600634868
0.08650000000000002 1600634868
0.17810000000000015 1600634868
0.07140000000000013 1600634868
0.06410000000000027 1600634868
0.08850000000000025 1600634868
0.15569999999999995 1600634868
0.07109999999999994 1600634868
0.05420000000000025 1600634868
0.06000000000000005 1600634868
0.06280000000000019 1600634868
0.06160000000000032 1600634868
0.1391 1600634868
0.11180000000000012 1600634868
0.06269999999999998 1600634868
0.0686 1600634868
0.08630000000000004 1600634868
0.07800000000000029 1600634868
0.1189 1600634868
0.11060000000000025 1600634868
0.08010000000000028 1600634868
0.17890000000000006 1600634868
0.17930000000000001 1600634868
0.07710000000000017 1600634868
0.0838000000000001 1600634868
0.08750000000000036 1600634868
0.06330000000000036 1600634868
0.07920000000000016 1600634868
0.07909999999999995 1600634868
0.05420000000000025 1600634868
0.08660000000000023 1600634868
0.08020000000000005 1600634868
0.09220000000000006 1600634868
0.06089999999999973 1600634868
0.12780000000000014 1600634868
0.10230000000000006 1600634868
0.07540000000000013 1600634868
0.13970000000000038 1600634868
0.0665 1600634868
0.07790000000000008 1600634868
0.062100000000000044 1600634868
0.07930000000000037 1600634868
0.08970000000000011 1600634868
0.08530000000000015 1600634868
0.10250000000000004 1600634868
0.09230000000000027 1600634868
0.12470000000000026 1600634868
0.08630000000000004 1600634868
0.07109999999999994 1600634868
0.06560000000000032 1600634868
0.05930000000000035 1600634868
0.15149999999999997 1600634868
0.12760000000000016 1600634868
0.07650000000000023 1600634868
0.06770000000000032 1600634868
0.06660000000000021 1600634868
0.12370000000000037 1600634868
0.07400000000000029 1600634868
0.08879999999999999 1600634868
0.08050000000000024 1600634868
0.06890000000000018 1600634868
0.06280000000000019 1600634868
0.04600000000000026 1600634868
0.06560000000000032 1600634868
0.07469999999999999 1600634868
0.06259999999999977 1600634868
0.07319999999999993 1600634868
0.17769999999999975 1600634868
0.05500000000000016 1600634868
0.08829999999999982 1600634868
0.06639999999999979 1600634868
0.09330000000000016 1600634868
0.06809999999999983 1600634868
0.05549999999999988 1600634868
0.07160000000000011 1600634868
0.06849999999999978 1600634868
0.07560000000000011 1600634868
0.06309999999999993 1600634868
0.09160000000000013 1600634868
0.07489999999999997 1600634868
0.08650000000000002 1600634868
0.08679999999999977 1600634868
0.06899999999999995 1600634868
0.08440000000000003 1600634868
0.06059999999999999 1600634868
0.12449999999999983 1600634868
0.11759999999999993 1600634868
0.07050000000000001 1600634868
0.07170000000000032 1600634868
0.06469999999999976 1600634868
0.1318999999999999 1600634868
0.059699999999999864 1600634868
0.06499999999999995 1600634868
0.06309999999999993 1600634868
0.0743999999999998 1600634868
0.0501999999999998 1600634868
0.06680000000000019 1600634868
0.06630000000000003 1600634868
0.09350000000000014 1600634868
0.06259999999999977 1600634868
0.11189999999999989 1600634868
0.06579999999999986 1600634868
0.0945999999999998 1600634868
0.05390000000000006 1600634868
0.06259999999999977 1600634868
0.06320000000000014 1600634868
0.06729999999999992 1600634868
0.07869999999999999 1600634868
0.06490000000000018 1600634868
0.1109 1600634868
0.060100000000000264 1600634868
0.08489999999999975 1600634868
0.07860000000000023 1600634868
0.07220000000000004 1600634868
0.0642999999999998 1600634868
0.09489999999999998 1600634868
0.07479999999999976 1600634868
0.06009999999999982 1600634868
0.16850000000000032 1600634868
0.09270000000000023 1600634868
0.18340000000000023 1600634868
0.037799999999999834 1600634868
0.1283000000000003 1600634868
0.07100000000000017 1600634868
0.06910000000000016 1600634868
0.09240000000000004 1600634868
0.07109999999999994 1600634868
0.07279999999999998 1600634868
0.11840000000000028 1600634868
0.1480999999999999 1600634868
0.11759999999999993 1600634868
0.12570000000000014 1600634868
0.125 1600634868
0.0613999999999999 1600634868
0.10440000000000005 1600634868
0.08400000000000007 1600634868
0.12560000000000038 1600634868
0.1358999999999999 1600634868
0.0625 1600634868
0.08930000000000016 1600634868
0.07469999999999999 1600634868
0.0642999999999998 1600634868
0.11949999999999994 1600634868
0.08709999999999996 1600634868
0.07170000000000032 1600634868
0.08250000000000002 1600634868
0.08850000000000025 1600634868
0.12790000000000035 1600634868
0.07740000000000036 1600634868
0.1530999999999998 1600634868
0.10640000000000027 1600634868
0.06490000000000018 1600634868
0.08899999999999997 1600634868
0.0708000000000002 1600634868
0.06289999999999996 1600634868
0.08070000000000022 1600634868
0.055400000000000116 1600634868
0.06479999999999997 1600634868
0.06030000000000024 1600634868
0.10000000000000009 1600634868
0.06269999999999998 1600634868
0.06550000000000011 1600634868
0.053999999999999826 1600634868
0.06780000000000008 1600634868
0.10539999999999994 1600634868
0.054199999999999804 1600634868
0.10299999999999976 1600634868
0.1126999999999998 1600634868
0.06660000000000021 1600634868
0.11830000000000007 1600634868
0.08119999999999994 1600634868
0.07540000000000013 1600634868
0.10790000000000033 1600634868
0.06239999999999979 1600634868
0.06130000000000013 1600634868
0.06570000000000009 1600634868
0.05390000000000006 1600634868
0.17320000000000002 1600634868
0.08960000000000035 1600634868
0.14440000000000008 1600634868
0.06680000000000019 1600634868
0.07350000000000012 1600634868
0.09529999999999994 1600634868
0.09260000000000002 1600634868
0.11120000000000019 1600634868
0.11070000000000002 1600634868
0.11260000000000003 1600634868
0.12050000000000027 1600634868
0.062100000000000044 1600634868
0.054400000000000226 1600634868
0.06800000000000006 1600634868
0.09260000000000002 1600634868
0.09870000000000001 1600634868
0.05520000000000014 1600634868
0.0844999999999998 1600634868
0.038899999999999935 1600634868
0.06689999999999996 1600634868
0.07609999999999983 1600634868
0.059800000000000075 1600634868
0.08800000000000008 1600634868
0.07330000000000014 1600634868
0.07830000000000004 1600634868
0.05359999999999987 1600634868
0.07379999999999987 1600634868
0.07390000000000008 1600634868
0.07920000000000016 1600634868
0.07479999999999976 1600634868
0.0653999999999999 1600634868
0.09460000000000024 1600634868
0.07319999999999993 1600634868
0.09960000000000013 1600634868
0.05469999999999997 1600634868
0.06320000000000014 1600634868
0.08009999999999984 1600634868
0.10960000000000036 1600634868
0.07640000000000002 1600634868
0.09860000000000024 1600634868
0.07899999999999974 1600634868
0.06899999999999995 1600634868
0.07920000000000016 1600634868
0.06560000000000032 1600634868
0.09970000000000034 1600634868
0.05630000000000024 1600634868
0.13339999999999996 1600634868
0.09920000000000018 1600634868
0.16469999999999985 1600634868
0.06550000000000011 1600634868
0.05929999999999991 1600634868
0.08530000000000015 1600634868
0.14529999999999976 1600634868
0.0698000000000003 1600634868
0.06280000000000019 1600634868
0.04750000000000032 1600634868
0.08279999999999976 1600634868
0.12490000000000023 1600634868
0.08899999999999997 1600634868
0.08860000000000001 1600634868
0.057800000000000296 1600634868
0.12410000000000032 1600634868
0.07089999999999996 1600634868
0.06020000000000003 1600634868
0.07220000000000004 1600634868
0.11760000000000037 1600634868
0.08079999999999998 1600634868
0.08260000000000023 1600634868
0.11299999999999999 1600634868
0.06710000000000038 1600634868
0.06920000000000037 1600634868
0.1243000000000003 1600634868
0.08610000000000007 1600634868
0.12270000000000003 1600634868
0.12480000000000002 1600634868
0.12440000000000007 1600634868
0.062100000000000044 1600634868
0.08870000000000022 1600634868
0.06630000000000003 1600634868
0.07540000000000013 1600634868
0.08649999999999958 1600634868
0.07909999999999995 1600634868
0.0674999999999999 1600634868
0.08699999999999974 1600634868
0.09929999999999994 1600634868
0.08609999999999962 1600634868
0.09159999999999968 1600634868
0.0681999999999996 1600634868
0.1408999999999998 1600634868
0.07719999999999994 1600634868
0.07189999999999985 1600634868
0.07979999999999965 1600634868
0.10599999999999987 1600634868
0.038799999999999724 1600634868
0.06769999999999987 1600634868
0.07699999999999996 1600634868
0.0620999999999996 1600634868
0.06739999999999968 1600634868
0.1517999999999997 1600634868
0.08819999999999961 1600634868
0.12139999999999995 1600634868
0.0913999999999997 1600634868
0.05989999999999984 1600634868
0.1426999999999996 1600634868
0.07749999999999968 1600634868
0.03869999999999996 1600634868
0.11139999999999972 1600634868
0.10609999999999964 1600634868
0.07999999999999963 1600634868
0.0942999999999996 1600634868
0.09399999999999986 1600634868
0.06309999999999993 1600634868
0.06459999999999999 1600634868
0.07639999999999958 1600634868
0.05989999999999984 1600634868
0.05379999999999985 1600634868
0.08609999999999962 1600634868
0.05349999999999966 1600634868
0.12369999999999992 1600634868
0.10619999999999985 1600634868
0.11829999999999963 1600634868
0.11309999999999976 1600634868
0.08359999999999967 1600634868
0.06699999999999973 1600634868
0.08020000000000005 1600634868
0.11129999999999995 1600634868
0.0862999999999996 1600634868
0.0928 1600634868
0.061499999999999666 1600634868
0.1275999999999997 1600634868
0.08769999999999989 1600634868
0.0726 1600634868
0.05959999999999965 1600634868
0.09209999999999985 1600634868
0.12049999999999983 1600634868
0.07609999999999983 1600634868
0.07359999999999989 1600634868
0.07399999999999984 1600634868
0.05779999999999985 1600634868
0.07479999999999976 1600634868
0.1076999999999999 1600634868
0.06089999999999973 1600634868
0.06849999999999978 1600634868
0.08760000000000012 1600634868
