17.1645 1600639641
17.0399 1600639641
19.722199999999997 1600639641
17.2623 1600639641
12.0112 1600639641
20.3248 1600639641
18.0699 1600639641
18.0475 1600639641
18.1714 1600639641
19.4184 1600639641
19.8886 1600639641
20.479499999999998 1600639641
19.944399999999998 1600639641
18.496399999999998 1600639641
19.7582 1600639641
20.0405 1600639641
20.2335 1600639641
20.2333 1600639641
12.351899999999999 1600639641
20.2335 1600639641
17.2614 1600639641
7.0809 1600639641
17.2807 1600639641
19.5638 1600639641
13.5825 1600639641
20.7303 1600639641
17.4599 1600639641
8.4283 1600639641
17.4527 1600639641
18.090799999999998 1600639641
19.6479 1600639641
20.3244 1600639641
18.4439 1600639641
14.447099999999999 1600639641
20.4944 1600639641
19.4951 1600639641
16.5 1600639641
17.6874 1600639641
4.3419 1600639641
8.8179 1600639641
20.686999999999998 1600639641
19.556 1600639641
20.8102 1600639641
18.089299999999998 1600639641
19.944399999999998 1600639641
6.7584 1600639641
10.2018 1600639641
18.7961 1600639641
17.4938 1600639641
19.0841 1600639641
17.0956 1600639641
19.896 1600639641
19.418599999999998 1600639641
17.084799999999998 1600639641
17.619300000000003 1600639641
19.5561 1600639641
19.5561 1600639641
20.4784 1600639641
17.2924 1600639641
20.7666 1600639641
18.3779 1600639641
17.9222 1600639641
19.217299999999998 1600639641
20.6147 1600639641
19.0844 1600639641
19.2441 1600639641
20.4944 1600639641
20.7487 1600639641
19.084 1600639641
20.2048 1600639641
20.2892 1600639641
14.62 1600639641
20.7488 1600639641
20.839299999999998 1600639641
18.0888 1600639641
20.2334 1600639641
18.2473 1600639641
10.684899999999999 1600639641
18.0889 1600639641
20.7487 1600639641
17.3661 1600639641
15.3855 1600639641
18.247899999999998 1600639641
18.695 1600639641
19.2445 1600639641
19.5561 1600639641
18.237 1600639641
20.5632 1600639641
18.694599999999998 1600639641
20.7307 1600639641
18.904999999999998 1600639641
19.111 1600639641
12.878699999999998 1600639641
20.546699999999998 1600639641
19.0841 1600639641
16.9233 1600639641
20.47 1600639641
20.7306 1600639641
17.2461 1600639641
20.839299999999998 1600639641
15.472199999999999 1600639641
18.4123 1600639641
19.2667 1600639641
19.4023 1600639641
20.271500000000003 1600639641
11.2409 1600639641
20.730999999999998 1600639641
14.479000000000001 1600639641
18.2922 1600639641
12.639199999999999 1600639641
19.1385 1600639641
8.574 1600639641
20.3246 1600639641
0.311 1600639641
4.0002 1600639641
20.5884 1600639641
16.8674 1600639641
19.0845 1600639641
16.776899999999998 1600639641
12.0112 1600639641
20.1227 1600639641
13.389299999999999 1600639641
16.7562 1600639641
19.8782 1600639641
18.081100000000003 1600639641
18.424899999999997 1600639641
19.8338 1600639641
18.424799999999998 1600639641
16.1867 1600639641
16.981199999999998 1600639641
19.63 1600639641
16.9904 1600639641
8.509699999999999 1600639641
18.032899999999998 1600639641
0.07559999999999999 1600639641
18.9743 1600639641
5.5214 1600639641
18.9281 1600639641
9.3851 1600639641
19.2538 1600639641
7.6703 1600639641
11.706299999999999 1600639641
10.1612 1600639641
16.7629 1600639641
19.732699999999998 1600639641
16.9321 1600639641
17.2537 1600639641
18.4905 1600639641
17.2644 1600639641
19.232499999999998 1600639641
19.8133 1600639641
17.473 1600639641
14.9879 1600639641
18.8084 1600639641
19.1532 1600639641
17.456699999999998 1600639641
16.9319 1600639641
17.9129 1600639641
19.788999999999998 1600639641
6.5056 1600639641
12.2085 1600639641
18.450499999999998 1600639641
19.6296 1600639641
17.5382 1600639641
17.9919 1600639641
18.308 1600639641
14.858799999999999 1600639641
17.9922 1600639641
19.153499999999998 1600639641
19.5034 1600639641
3.7984999999999998 1600639641
17.9157 1600639641
19.7506 1600639641
15.1215 1600639641
18.526999999999997 1600639641
19.7881 1600639641
19.732699999999998 1600639641
16.186 1600639641
1.0432 1600639641
18.526899999999998 1600639641
19.038 1600639641
4.9042 1600639641
19.061700000000002 1600639641
13.1588 1600639641
16.6086 1600639641
16.7197 1600639641
18.0808 1600639641
18.5266 1600639641
19.2538 1600639641
16.6287 1600639641
19.4348 1600639641
19.3791 1600639641
16.932 1600639641
18.5265 1600639641
17.5381 1600639641
16.932299999999998 1600639641
19.1532 1600639641
19.294 1600639641
17.2286 1600639641
19.5035 1600639641
19.5037 1600639641
19.7894 1600639641
9.8811 1600639641
17.8952 1600639641
11.83 1600639641
18.2818 1600639641
13.760399999999999 1600639641
18.2515 1600639641
13.760299999999999 1600639641
19.118199999999998 1600639641
16.8418 1600639641
19.5035 1600639641
14.776 1600639641
19.153299999999998 1600639641
17.3811 1600639641
19.7506 1600639641
18.9284 1600639641
17.333099999999998 1600639641
17.916 1600639641
19.6489 1600639641
19.153499999999998 1600639641
15.248899999999999 1600639641
17.9923 1600639641
18.9284 1600639641
19.2537 1600639641
19.2465 1600639641
17.2019 1600639641
19.651899999999998 1600639641
18.9282 1600639641
16.0564 1600639641
19.5738 1600639641
19.7504 1600639641
19.6524 1600639641
17.2544 1600639641
17.332400000000003 1600639641
18.010199999999998 1600639641
15.0473 1600639641
18.2564 1600639641
19.3792 1600639641
16.1401 1600639641
19.573999999999998 1600639641
17.0226 1600639641
16.0904 1600639641
14.7379 1600639641
16.7198 1600639641
4.3151 1600639641
16.932399999999998 1600639641
2.9288 1600639641
17.2971 1600639641
18.8891 1600639641
21.8445 1600639641
18.251099999999997 1600639641
20.9711 1600639641
21.3582 1600639641
21.9632 1600639641
22.2824 1600639641
0.241 1600639641
21.536399999999997 1600639641
13.928299999999998 1600639641
22.3814 1600639641
22.4984 1600639641
21.535999999999998 1600639641
22.5906 1600639641
22.8232 1600639641
13.6131 1600639641
22.1294 1600639641
3.5505999999999998 1600639641
22.7851 1600639641
17.0575 1600639641
16.5932 1600639641
18.109099999999998 1600639641
21.8558 1600639641
22.5905 1600639641
22.830599999999997 1600639641
22.9822 1600639641
18.978099999999998 1600639641
18.1972 1600639641
20.6969 1600639641
18.1429 1600639641
8.774799999999999 1600639641
21.384999999999998 1600639641
18.2943 1600639641
21.8446 1600639641
21.987199999999998 1600639641
19.6271 1600639641
22.5188 1600639641
19.686999999999998 1600639641
22.9577 1600639641
22.3815 1600639641
18.528499999999998 1600639641
22.9563 1600639641
19.2004 1600639641
19.0612 1600639641
19.5052 1600639641
21.5604 1600639641
19.9619 1600639641
22.8159 1600639641
20.180799999999998 1600639641
6.6287 1600639641
20.181299999999997 1600639641
20.435 1600639641
22.7867 1600639641
20.582 1600639641
4.530200000000001 1600639641
22.1297 1600639641
14.8039 1600639641
19.0613 1600639641
20.7954 1600639641
12.2846 1600639641
22.5478 1600639641
20.7954 1600639641
16.607599999999998 1600639641
22.432000000000002 1600639641
18.112199999999998 1600639641
22.8305 1600639641
20.683899999999998 1600639641
23.0139 1600639641
18.4844 1600639641
21.7457 1600639641
19.0612 1600639641
21.7459 1600639641
19.9042 1600639641
21.8445 1600639641
20.7954 1600639641
21.8445 1600639641
20.9709 1600639641
20.9709 1600639641
16.2534 1600639641
22.4828 1600639641
23.0795 1600639641
14.803099999999999 1600639641
21.767799999999998 1600639641
20.6848 1600639641
17.023699999999998 1600639641
19.6926 1600639641
21.3604 1600639641
21.8557 1600639641
21.536199999999997 1600639641
22.3814 1600639641
8.409 1600639641
22.5866 1600639641
17.869799999999998 1600639641
18.396 1600639641
10.0865 1600639641
21.1586 1600639641
21.8445 1600639641
22.9575 1600639641
21.987 1600639641
18.0998 1600639641
18.2658 1600639641
22.13 1600639641
22.7852 1600639641
18.7086 1600639641
11.4298 1600639641
18.7934 1600639641
20.1115 1600639641
18.993399999999998 1600639641
0.8429 1600639641
20.1362 1600639641
22.3121 1600639641
20.014699999999998 1600639641
5.7091 1600639641
20.4352 1600639641
21.964 1600639641
20.582 1600639641
20.9708 1600639641
22.2123 1600639641
22.5907 1600639641
22.8525 1600639641
22.2308 1600639641
16.4914 1600639641
22.9563 1600639641
18.1972 1600639641
18.4763 1600639641
20.9212 1600639641
13.1655 1600639641
16.592299999999998 1600639641
11.358899999999998 1600639641
20.1198 1600639641
20.865099999999998 1600639641
20.841 1600639641
21.0395 1600639641
21.8976 1600639641
22.252499999999998 1600639641
16.010099999999998 1600639641
20.1361 1600639641
21.988699999999998 1600639641
20.1604 1600639641
22.7054 1600639641
20.1209 1600639641
12.577499999999999 1600639641
20.0992 1600639641
20.5929 1600639641
16.0097 1600639641
22.1052 1600639641
20.5927 1600639641
17.1371 1600639641
21.9411 1600639641
18.3363 1600639641
18.325699999999998 1600639641
20.279999999999998 1600639641
17.137600000000003 1600639641
20.837 1600639641
21.9897 1600639641
22.4882 1600639641
20.9059 1600639641
21.2522 1600639641
11.9492 1600639641
21.203599999999998 1600639641
18.8998 1600639641
21.9885 1600639641
20.0139 1600639641
17.9091 1600639641
20.5197 1600639641
19.1602 1600639641
20.6607 1600639641
20.581 1600639641
20.8172 1600639641
20.877 1600639641
20.877 1600639641
13.900699999999999 1600639641
21.702099999999998 1600639641
20.5806 1600639641
18.439799999999998 1600639641
21.0041 1600639641
18.3898 1600639641
20.891 1600639641
21.3955 1600639641
18.8997 1600639641
19.3434 1600639641
6.118 1600639641
21.3949 1600639641
19.6866 1600639641
20.4868 1600639641
20.8169 1600639641
20.9511 1600639641
20.995099999999997 1600639641
21.0392 1600639641
21.9898 1600639641
22.1706 1600639641
21.1209 1600639641
21.702199999999998 1600639641
21.8434 1600639641
21.988599999999998 1600639641
4.104399999999999 1600639641
21.8627 1600639641
19.285999999999998 1600639641
22.105 1600639641
21.506 1600639641
19.0821 1600639641
20.7133 1600639641
2.6041 1600639641
22.7259 1600639641
20.8687 1600639641
0.885 1600639641
21.0041 1600639641
21.2519 1600639641
13.8505 1600639641
21.0042 1600639641
21.304199999999998 1600639641
21.8432 1600639641
22.1053 1600639641
18.115299999999998 1600639641
22.7054 1600639641
21.304199999999998 1600639641
18.6176 1600639641
22.7468 1600639641
18.8997 1600639641
19.7748 1600639641
19.7842 1600639641
21.8996 1600639641
20.1359 1600639641
20.746199999999998 1600639641
22.7055 1600639641
20.817 1600639641
21.8432 1600639641
18.7422 1600639641
22.7468 1600639641
21.8976 1600639641
10.5984 1600639641
22.7467 1600639641
12.249099999999999 1600639641
19.4849 1600639641
21.9887 1600639641
20.009999999999998 1600639641
21.9413 1600639641
22.0708 1600639641
22.7469 1600639641
17.2285 1600639641
20.0873 1600639641
21.2732 1600639641
20.3955 1600639641
19.4846 1600639641
21.701999999999998 1600639641
20.3951 1600639641
20.9509 1600639641
21.5523 1600639641
19.9046 1600639641
21.702099999999998 1600639641
20.144199999999998 1600639641
5.2653 1600639641
21.252 1600639641
7.9982999999999995 1600639641
15.1099 1600639641
22.0707 1600639641
15.059199999999999 1600639641
20.362299999999998 1600639641
20.3871 1600639641
20.4954 1600639641
15.7168 1600639641
20.5625 1600639641
20.8599 1600639641
