8.4052 1600651392
7.8505 1600651392
9.3575 1600651392
7.8835999999999995 1600651392
9.336 1600651392
7.850200000000001 1600651392
8.8486 1600651392
7.9764 1600651392
6.9802 1600651392
8.8234 1600651392
6.980499999999999 1600651392
7.3643 1600651392
9.4787 1600651392
7.9857 1600651392
7.362299999999999 1600651392
8.0727 1600651392
10.233600000000001 1600651392
8.07 1600651392
7.345999999999999 1600651392
7.453900000000001 1600651392
8.980699999999999 1600651392
7.453299999999999 1600651392
7.453199999999999 1600651392
7.9862 1600651392
7.9762 1600651392
8.824 1600651392
7.975900000000001 1600651392
8.8307 1600651392
9.3575 1600651392
7.9765999999999995 1600651392
8.133099999999999 1600651392
8.296700000000001 1600651392
9.479800000000001 1600651392
8.2978 1600651392
9.3716 1600651392
8.1334 1600651392
8.5162 1600651392
7.4534 1600651392
8.1334 1600651392
9.443100000000001 1600651392
8.133799999999999 1600651392
8.2968 1600651392
9.521899999999999 1600651392
8.264999999999999 1600651392
5.837899999999999 1600651392
8.133799999999999 1600651392
6.9639 1600651392
8.6369 1600651392
7.689400000000001 1600651392
8.765400000000001 1600651392
7.6811 1600651392
8.469700000000001 1600651392
8.794 1600651392
7.3625 1600651392
8.7934 1600651392
7.361800000000001 1600651392
7.3618999999999994 1600651392
8.558000000000002 1600651392
8.7217 1600651392
7.4771 1600651392
8.4694 1600651392
7.361800000000001 1600651392
8.4483 1600651392
7.3631 1600651392
8.303500000000001 1600651392
6.964 1600651392
8.296100000000001 1600651392
7.4773000000000005 1600651392
8.2956 1600651392
8.7399 1600651392
8.2959 1600651392
9.201400000000001 1600651392
7.476999999999999 1600651392
7.8781 1600651392
8.296000000000001 1600651392
7.4772 1600651392
8.0709 1600651392
9.2375 1600651392
8.0708 1600651392
8.1408 1600651392
8.0708 1600651392
8.3099 1600651392
8.071200000000001 1600651392
6.6456 1600651392
8.3035 1600651392
9.4496 1600651392
7.155900000000001 1600651392
8.7121 1600651392
7.1418 1600651392
8.9986 1600651392
8.979 1600651392
7.141499999999999 1600651392
7.361700000000001 1600651392
8.3598 1600651392
7.3617 1600651392
9.2013 1600651392
7.418 1600651392
8.2963 1600651392
9.375100000000002 1600651392
7.3622 1600651392
7.4769000000000005 1600651392
7.850099999999999 1600651392
8.340900000000001 1600651392
7.456100000000001 1600651392
7.799000000000001 1600651392
9.4556 1600651392
7.7997 1600651392
8.1334 1600651392
7.456100000000001 1600651392
8.134 1600651392
8.1134 1600651392
8.8283 1600651392
7.793000000000001 1600651392
8.083200000000001 1600651392
7.793100000000001 1600651392
8.3497 1600651392
9.4422 1600651392
7.799300000000001 1600651392
8.296399999999998 1600651392
6.646 1600651392
9.4505 1600651392
7.3622 1600651392
8.2506 1600651392
9.4512 1600651392
9.4791 1600651392
7.4765 1600651392
7.477 1600651392
10.0294 1600651392
7.849799999999999 1600651392
8.142 1600651392
8.2964 1600651392
7.8512 1600651392
8.217 1600651392
7.3635 1600651392
8.194 1600651392
9.4571 1600651392
9.5227 1600651392
7.3623 1600651392
7.361800000000001 1600651392
8.1945 1600651392
8.1942 1600651392
8.2969 1600651392
9.584100000000001 1600651392
8.1943 1600651392
8.1943 1600651392
9.371500000000001 1600651392
8.1944 1600651392
9.1187 1600651392
7.361700000000001 1600651392
9.1118 1600651392
7.8731 1600651392
9.876900000000001 1600651392
9.1186 1600651392
9.5279 1600651392
7.3623 1600651392
9.520800000000001 1600651392
9.972100000000001 1600651392
7.872999999999999 1600651392
8.1941 1600651392
8.298 1600651392
8.2065 1600651392
6.754700000000001 1600651392
8.579400000000001 1600651392
7.134 1600651392
7.133899999999999 1600651392
7.720699999999999 1600651392
9.1928 1600651392
7.1344 1600651392
7.631 1600651392
7.940899999999999 1600651392
8.8933 1600651392
7.6315 1600651392
9.216199999999999 1600651392
7.631 1600651392
8.1947 1600651392
9.9917 1600651392
7.133800000000001 1600651392
8.5674 1600651392
7.1343000000000005 1600651392
7.2302 1600651392
9.994200000000001 1600651392
7.2224 1600651392
7.7016 1600651392
7.222500000000001 1600651392
7.476500000000001 1600651392
7.716700000000001 1600651392
9.986 1600651392
8.1327 1600651392
9.9862 1600651392
7.4767 1600651392
8.8513 1600651392
7.4433 1600651392
7.4551 1600651392
10.727 1600651392
7.4551 1600651392
8.1881 1600651392
10.5747 1600651392
8.1859 1600651392
10.4413 1600651392
7.4428 1600651392
10.860199999999999 1600651392
7.7216 1600651392
6.8157 1600651392
7.2472 1600651392
8.777000000000001 1600651392
7.247 1600651392
8.6342 1600651392
7.2467 1600651392
9.141300000000001 1600651392
9.4968 1600651392
9.549100000000001 1600651392
7.2469 1600651392
10.6943 1600651392
7.2473 1600651392
7.2467999999999995 1600651392
7.7151 1600651392
7.2467999999999995 1600651392
7.716000000000001 1600651392
7.714700000000001 1600651392
8.5329 1600651392
9.2138 1600651392
7.715399999999999 1600651392
7.7149 1600651392
10.441 1600651392
7.7147 1600651392
8.5281 1600651392
10.860000000000001 1600651392
7.7149 1600651392
7.7151 1600651392
8.6377 1600651392
7.7149 1600651392
8.6339 1600651392
7.715399999999999 1600651392
7.741999999999999 1600651392
7.7209 1600651392
8.5457 1600651392
10.809000000000001 1600651392
8.528 1600651392
8.5281 1600651392
10.525500000000001 1600651392
7.247199999999999 1600651392
7.623099999999999 1600651392
10.5317 1600651392
7.6221 1600651392
7.9446 1600651392
8.9641 1600651392
8.151299999999999 1600651392
8.428899999999999 1600651392
8.4286 1600651392
7.6708 1600651392
9.132800000000001 1600651392
8.3675 1600651392
10.6943 1600651392
8.368799999999998 1600651392
7.670300000000001 1600651392
8.2749 1600651392
8.1922 1600651392
10.5359 1600651392
10.726799999999999 1600651392
8.1896 1600651392
10.809700000000001 1600651392
8.1509 1600651392
7.6707 1600651392
8.1461 1600651392
8.1455 1600651392
8.5281 1600651392
8.5284 1600651392
7.622499999999999 1600651392
8.652800000000001 1600651392
8.4991 1600651392
10.5259 1600651392
7.6221 1600651392
8.4485 1600651392
8.6343 1600651392
9.1683 1600651392
8.4775 1600651392
8.476600000000001 1600651392
8.5289 1600651392
8.5299 1600651392
7.6712 1600651392
10.578100000000001 1600651392
8.528 1600651392
10.6531 1600651392
8.5283 1600651392
8.529399999999999 1600651392
9.1044 1600651392
10.5338 1600651392
8.5283 1600651392
9.170200000000001 1600651392
8.5277 1600651392
8.5277 1600651392
10.5895 1600651392
8.6345 1600651392
7.6702 1600651392
8.1454 1600651392
10.574900000000001 1600651392
5.261800000000001 1600651392
6.3645 1600651392
10.6936 1600651392
8.1509 1600651392
8.1502 1600651392
8.3953 1600651392
8.3955 1600651392
8.8903 1600651392
6.318099999999999 1600651392
7.121600000000001 1600651392
7.113900000000001 1600651392
7.722200000000001 1600651392
8.1455 1600651392
8.4824 1600651392
7.114300000000001 1600651392
8.6341 1600651392
7.1141 1600651392
7.3268 1600651392
7.1137999999999995 1600651392
7.7212000000000005 1600651392
9.1386 1600651392
7.721699999999999 1600651392
7.721599999999999 1600651392
8.145999999999999 1600651392
8.101 1600651392
8.6342 1600651392
8.075 1600651392
9.567599999999999 1600651392
8.0753 1600651392
9.139800000000001 1600651392
7.113800000000001 1600651392
10.405800000000001 1600651392
7.1933 1600651392
7.5866999999999996 1600651392
9.5169 1600651392
7.5256 1600651392
9.5508 1600651392
7.7151 1600651392
7.7151 1600651392
9.1312 1600651392
7.3195 1600651392
9.1042 1600651392
9.1311 1600651392
7.113599999999999 1600651392
6.2665 1600651392
9.131400000000001 1600651392
7.0073 1600651392
7.113900000000001 1600651392
7.715 1600651392
8.1622 1600651392
7.7211 1600651392
8.3651 1600651392
8.4284 1600651392
9.4337 1600651392
9.430200000000001 1600651392
7.714799999999999 1600651392
9.5063 1600651392
7.714799999999999 1600651392
9.1247 1600651392
7.113599999999999 1600651392
8.015600000000001 1600651392
9.1037 1600651392
9.1045 1600651392
7.1133999999999995 1600651392
9.5166 1600651392
8.0154 1600651392
9.551100000000002 1600651392
8.0157 1600651392
7.113599999999999 1600651392
8.6342 1600651392
7.2467 1600651392
8.018 1600651392
8.0756 1600651392
8.428099999999999 1600651392
8.0158 1600651392
6.216 1600651392
7.2468 1600651392
9.4151 1600651392
7.247299999999999 1600651392
8.1096 1600651392
7.3568 1600651392
8.067400000000001 1600651392
8.0762 1600651392
6.989600000000001 1600651392
8.8847 1600651392
6.9892 1600651392
8.885 1600651392
6.9894 1600651392
7.326600000000001 1600651392
9.404800000000002 1600651392
7.326600000000001 1600651392
8.0672 1600651392
8.0753 1600651392
8.3914 1600651392
8.0672 1600651392
8.8949 1600651392
9.4302 1600651392
8.067699999999999 1600651392
8.0756 1600651392
8.672699999999999 1600651392
10.4208 1600651392
8.6723 1600651392
8.672899999999998 1600651392
8.8903 1600651392
7.326600000000001 1600651392
8.853200000000001 1600651392
9.4124 1600651392
8.6693 1600651392
8.6727 1600651392
6.9895 1600651392
7.626200000000001 1600651392
7.343 1600651392
10.3087 1600651392
7.602500000000001 1600651392
7.343399999999999 1600651392
8.0805 1600651392
6.216 1600651392
9.4033 1600651392
10.369000000000002 1600651392
7.310300000000001 1600651392
7.310400000000001 1600651392
7.9533 1600651392
7.953900000000001 1600651392
8.0204 1600651392
7.310500000000001 1600651392
7.3685 1600651392
10.415700000000001 1600651392
7.310500000000001 1600651392
8.0832 1600651392
7.2612000000000005 1600651392
7.972099999999999 1600651392
8.699499999999999 1600651392
7.2611 1600651392
8.773900000000001 1600651392
8.7736 1600651392
7.9717 1600651392
8.7452 1600651392
7.9719 1600651392
8.9884 1600651392
7.972000000000001 1600651392
8.6231 1600651392
10.3032 1600651392
7.9719999999999995 1600651392
8.989 1600651392
10.4211 1600651392
7.9716 1600651392
7.261100000000001 1600651392
7.611999999999999 1600651392
7.611400000000001 1600651392
8.031500000000001 1600651392
10.4251 1600651392
8.0153 1600651392
8.0154 1600651392
8.3509 1600651392
10.4206 1600651392
8.3086 1600651392
10.4215 1600651392
8.0477 1600651392
6.1611 1600651392
7.611400000000001 1600651392
8.568200000000001 1600651392
8.9947 1600651392
8.9909 1600651392
7.611800000000001 1600651392
7.6115 1600651392
9.3999 1600651392
7.611500000000001 1600651392
7.6906 1600651392
7.6116 1600651392
8.0155 1600651392
8.0155 1600651392
9.417 1600651392
7.6119 1600651392
8.812199999999999 1600651392
6.929 1600651392
9.1195 1600651392
9.419300000000002 1600651392
6.9289000000000005 1600651392
6.929200000000001 1600651392
8.018099999999999 1600651392
8.0151 1600651392
8.568200000000001 1600651392
6.929100000000001 1600651392
7.6301000000000005 1600651392
8.5547 1600651392
7.629499999999999 1600651392
8.988800000000001 1600651392
7.8896999999999995 1600651392
8.0153 1600651392
8.0524 1600651392
9.401100000000001 1600651392
7.8896999999999995 1600651392
6.9289000000000005 1600651392
8.1706 1600651392
8.587200000000001 1600651392
7.5611999999999995 1600651392
8.996500000000001 1600651392
8.0151 1600651392
6.9286 1600651392
8.0481 1600651392
8.032 1600651392
9.420499999999999 1600651392
6.9289000000000005 1600651392
7.6847 1600651392
8.5685 1600651392
6.9289000000000005 1600651392
8.5686 1600651392
7.026299999999999 1600651392
9.399700000000001 1600651392
7.0259 1600651392
9.3994 1600651392
7.5205 1600651392
7.6846 1600651392
7.739 1600651392
8.9961 1600651392
7.026200000000001 1600651392
