8.426599999999999 1600651691
6.918699999999999 1600651691
9.044599999999999 1600651691
7.502700000000001 1600651691
9.5462 1600651691
7.989999999999999 1600651691
8.0545 1600651691
9.223600000000001 1600651691
9.223 1600651691
8.0454 1600651691
8.0456 1600651691
8.840200000000001 1600651691
10.7212 1600651691
8.4602 1600651691
8.5082 1600651691
8.0064 1600651691
7.9898 1600651691
8.106 1600651691
9.844399999999998 1600651691
8.1051 1600651691
8.104700000000001 1600651691
8.795200000000001 1600651691
9.361400000000001 1600651691
7.9896 1600651691
9.3613 1600651691
8.0548 1600651691
9.2443 1600651691
8.0548 1600651691
8.4604 1600651691
9.7973 1600651691
10.066500000000001 1600651691
8.054400000000001 1600651691
8.716099999999999 1600651691
9.153400000000001 1600651691
8.7156 1600651691
9.188600000000001 1600651691
8.0544 1600651691
8.5564 1600651691
10.7274 1600651691
8.556700000000001 1600651691
10.719199999999999 1600651691
8.556299999999998 1600651691
8.5568 1600651691
8.8674 1600651691
7.5023 1600651691
8.8613 1600651691
9.785200000000001 1600651691
7.990099999999999 1600651691
7.989999999999999 1600651691
8.1703 1600651691
10.700000000000001 1600651691
8.1465 1600651691
8.1669 1600651691
9.0159 1600651691
9.010200000000001 1600651691
7.990099999999999 1600651691
9.289900000000001 1600651691
7.990099999999999 1600651691
7.989999999999999 1600651691
8.5115 1600651691
8.775500000000001 1600651691
7.989999999999999 1600651691
8.775099999999998 1600651691
7.99 1600651691
8.4231 1600651691
8.0128 1600651691
8.8236 1600651691
7.9898 1600651691
10.0473 1600651691
8.1669 1600651691
8.1674 1600651691
6.9186 1600651691
8.6715 1600651691
8.4026 1600651691
8.6667 1600651691
9.0401 1600651691
9.5155 1600651691
8.666500000000001 1600651691
8.8234 1600651691
7.99 1600651691
8.666400000000001 1600651691
9.0663 1600651691
8.1557 1600651691
9.0655 1600651691
7.989999999999999 1600651691
8.404200000000001 1600651691
8.0806 1600651691
8.775 1600651691
8.775400000000001 1600651691
8.0861 1600651691
8.576600000000001 1600651691
8.683100000000001 1600651691
8.6831 1600651691
8.8853 1600651691
8.576400000000001 1600651691
9.7882 1600651691
7.990199999999999 1600651691
8.8268 1600651691
8.0066 1600651691
8.746500000000001 1600651691
9.2262 1600651691
8.0067 1600651691
8.861600000000001 1600651691
8.0066 1600651691
7.9902 1600651691
8.090800000000002 1600651691
8.0863 1600651691
8.6679 1600651691
8.6592 1600651691
9.4588 1600651691
10.0989 1600651691
8.0066 1600651691
8.006300000000001 1600651691
8.747300000000001 1600651691
8.742 1600651691
8.0065 1600651691
8.6613 1600651691
8.0999 1600651691
9.5935 1600651691
8.6596 1600651691
10.0507 1600651691
8.099400000000001 1600651691
8.4024 1600651691
8.8237 1600651691
8.4024 1600651691
10.0607 1600651691
8.4025 1600651691
8.6632 1600651691
8.658900000000001 1600651691
9.988299999999999 1600651691
8.659 1600651691
8.8228 1600651691
9.8046 1600651691
7.990099999999999 1600651691
7.989999999999999 1600651691
8.1105 1600651691
9.785 1600651691
8.661900000000001 1600651691
7.063000000000001 1600651691
7.992500000000001 1600651691
7.989999999999999 1600651691
8.774899999999999 1600651691
10.2004 1600651691
7.9899 1600651691
7.989999999999999 1600651691
8.6027 1600651691
9.462900000000001 1600651691
7.9862 1600651691
7.990500000000001 1600651691
8.114500000000001 1600651691
9.970799999999999 1600651691
8.6714 1600651691
8.1056 1600651691
8.704099999999999 1600651691
8.823500000000001 1600651691
7.9862 1600651691
8.715399999999999 1600651691
8.0065 1600651691
9.5128 1600651691
8.4267 1600651691
8.809199999999999 1600651691
8.0063 1600651691
9.1903 1600651691
7.989999999999999 1600651691
10.185 1600651691
7.9863 1600651691
10.1845 1600651691
8.1362 1600651691
8.0128 1600651691
8.1708 1600651691
9.458499999999999 1600651691
8.1669 1600651691
10.1567 1600651691
7.986 1600651691
8.0995 1600651691
8.6725 1600651691
9.350200000000001 1600651691
7.989800000000001 1600651691
8.033800000000001 1600651691
8.5142 1600651691
8.5092 1600651691
8.6354 1600651691
8.5763 1600651691
9.5066 1600651691
8.5766 1600651691
9.2252 1600651691
7.989800000000001 1600651691
8.432099999999998 1600651691
9.785300000000001 1600651691
8.5759 1600651691
8.4275 1600651691
9.629100000000001 1600651691
8.382299999999999 1600651691
8.6281 1600651691
8.5931 1600651691
9.6628 1600651691
9.685300000000002 1600651691
8.592500000000001 1600651691
9.2117 1600651691
9.7889 1600651691
9.9048 1600651691
8.592500000000001 1600651691
7.932900000000001 1600651691
9.6793 1600651691
7.9325 1600651691
9.2133 1600651691
7.9327 1600651691
8.1164 1600651691
9.7057 1600651691
7.932300000000001 1600651691
8.5318 1600651691
8.020800000000001 1600651691
8.5258 1600651691
9.7813 1600651691
8.525400000000001 1600651691
8.6799 1600651691
8.678600000000001 1600651691
9.142 1600651691
9.862300000000001 1600651691
9.136800000000001 1600651691
9.263100000000001 1600651691
7.932899999999999 1600651691
9.2284 1600651691
7.9326 1600651691
9.744100000000001 1600651691
7.932799999999999 1600651691
9.9158 1600651691
7.932300000000001 1600651691
7.9331000000000005 1600651691
9.4557 1600651691
5.1734 1600651691
6.3473 1600651691
6.3433 1600651691
6.8595999999999995 1600651691
8.1719 1600651691
6.7962 1600651691
7.2191 1600651691
7.411099999999999 1600651691
8.5808 1600651691
9.5492 1600651691
8.580499999999999 1600651691
8.622300000000001 1600651691
8.622300000000001 1600651691
8.8251 1600651691
8.622300000000001 1600651691
9.5068 1600651691
10.9392 1600651691
8.5809 1600651691
7.3558 1600651691
7.989199999999999 1600651691
9.5344 1600651691
7.3558 1600651691
8.8187 1600651691
8.3303 1600651691
7.3564 1600651691
8.799199999999999 1600651691
7.9643 1600651691
9.5071 1600651691
8.8183 1600651691
7.964700000000001 1600651691
9.302900000000001 1600651691
7.9647 1600651691
9.1544 1600651691
7.9651000000000005 1600651691
8.799100000000001 1600651691
8.275400000000001 1600651691
10.3109 1600651691
8.798900000000001 1600651691
8.0963 1600651691
7.3557 1600651691
9.142900000000001 1600651691
7.9659 1600651691
7.955900000000001 1600651691
9.716899999999999 1600651691
9.716899999999999 1600651691
7.983300000000001 1600651691
8.975200000000001 1600651691
7.9649 1600651691
8.571000000000002 1600651691
10.078 1600651691
6.4794 1600651691
7.9173 1600651691
7.916899999999999 1600651691
8.1454 1600651691
8.1419 1600651691
8.8009 1600651691
10.249400000000001 1600651691
9.127600000000001 1600651691
6.48 1600651691
6.975 1600651691
6.9743 1600651691
7.055499999999999 1600651691
7.219099999999999 1600651691
8.0968 1600651691
8.167300000000001 1600651691
8.7478 1600651691
9.7081 1600651691
7.0429 1600651691
8.726299999999998 1600651691
8.096400000000001 1600651691
10.2561 1600651691
8.245000000000001 1600651691
8.2451 1600651691
10.177 1600651691
10.249099999999999 1600651691
8.244900000000001 1600651691
9.5339 1600651691
8.096400000000001 1600651691
6.9742999999999995 1600651691
7.9049000000000005 1600651691
8.6109 1600651691
9.719199999999999 1600651691
7.8978 1600651691
7.9609000000000005 1600651691
7.916799999999999 1600651691
8.760100000000001 1600651691
7.9166 1600651691
9.7859 1600651691
10.288300000000001 1600651691
7.9166 1600651691
7.916899999999999 1600651691
8.570699999999999 1600651691
9.2098 1600651691
7.897799999999999 1600651691
7.928 1600651691
8.0998 1600651691
10.1811 1600651691
7.965 1600651691
9.1715 1600651691
7.9789 1600651691
8.6788 1600651691
8.8187 1600651691
9.779900000000001 1600651691
7.964899999999999 1600651691
9.1545 1600651691
9.399700000000001 1600651691
7.928 1600651691
8.1729 1600651691
10.2627 1600651691
8.1683 1600651691
7.8974 1600651691
7.9811000000000005 1600651691
8.7201 1600651691
8.4695 1600651691
9.839099999999998 1600651691
8.4695 1600651691
10.176699999999999 1600651691
8.6788 1600651691
7.8976999999999995 1600651691
9.165199999999999 1600651691
7.9792 1600651691
9.318000000000001 1600651691
7.8976 1600651691
8.170200000000001 1600651691
7.897600000000001 1600651691
8.090300000000001 1600651691
8.085600000000001 1600651691
8.8183 1600651691
8.085299999999998 1600651691
8.5344 1600651691
9.1546 1600651691
8.0855 1600651691
10.181000000000001 1600651691
8.2036 1600651691
8.2036 1600651691
8.5852 1600651691
8.0966 1600651691
5.738499999999999 1600651691
8.5785 1600651691
8.1418 1600651691
8.5558 1600651691
9.2103 1600651691
9.209700000000002 1600651691
8.5561 1600651691
6.974200000000001 1600651691
9.1715 1600651691
7.5721 1600651691
8.818800000000001 1600651691
7.5719 1600651691
7.860499999999999 1600651691
8.5011 1600651691
7.8584000000000005 1600651691
8.0854 1600651691
8.5625 1600651691
8.556700000000001 1600651691
7.8583 1600651691
8.0359 1600651691
9.5234 1600651691
9.8137 1600651691
8.1419 1600651691
8.1418 1600651691
8.754100000000001 1600651691
8.2034 1600651691
8.5281 1600651691
8.556700000000001 1600651691
8.0855 1600651691
9.6978 1600651691
8.036000000000001 1600651691
8.036000000000001 1600651691
8.116200000000001 1600651691
9.316500000000001 1600651691
8.036000000000001 1600651691
8.526100000000001 1600651691
6.0879 1600651691
8.5716 1600651691
7.2592 1600651691
7.8584 1600651691
8.505799999999999 1600651691
9.2917 1600651691
8.5005 1600651691
7.5493999999999994 1600651691
8.8331 1600651691
9.537299999999998 1600651691
7.8579 1600651691
10.4018 1600651691
8.5552 1600651691
7.8583 1600651691
9.3034 1600651691
7.8581 1600651691
8.131200000000002 1600651691
8.130600000000001 1600651691
8.531600000000001 1600651691
7.8579 1600651691
9.3228 1600651691
7.8587 1600651691
7.9965 1600651691
7.9887 1600651691
8.5075 1600651691
8.0385 1600651691
9.295300000000001 1600651691
9.8015 1600651691
8.038300000000001 1600651691
9.205400000000001 1600651691
8.1301 1600651691
9.2056 1600651691
8.1302 1600651691
8.0401 1600651691
8.6133 1600651691
9.1723 1600651691
7.8433 1600651691
9.470699999999999 1600651691
8.484200000000001 1600651691
9.0791 1600651691
9.8519 1600651691
9.8432 1600651691
8.493500000000001 1600651691
8.4847 1600651691
8.687000000000001 1600651691
8.680499999999999 1600651691
9.120299999999999 1600651691
9.122 1600651691
7.8432 1600651691
9.302700000000002 1600651691
8.0449 1600651691
9.8393 1600651691
8.0452 1600651691
5.9797 1600651691
8.0455 1600651691
9.204799999999999 1600651691
6.4798 1600651691
8.413499999999999 1600651691
6.479699999999999 1600651691
8.719 1600651691
7.3815 1600651691
7.3822 1600651691
9.255 1600651691
7.4567000000000005 1600651691
9.2078 1600651691
7.456099999999999 1600651691
8.664200000000001 1600651691
9.238499999999998 1600651691
6.466799999999999 1600651691
8.663400000000001 1600651691
7.015 1600651691
8.5546 1600651691
7.015 1600651691
7.3002 1600651691
8.464 1600651691
7.300199999999999 1600651691
8.611600000000001 1600651691
7.4479 1600651691
8.040000000000001 1600651691
9.255 1600651691
8.0401 1600651691
8.9391 1600651691
8.039900000000001 1600651691
9.2958 1600651691
8.4602 1600651691
8.46 1600651691
9.8107 1600651691
8.0401 1600651691
8.1561 1600651691
8.5009 1600651691
9.8958 1600651691
8.492700000000001 1600651691
9.254700000000001 1600651691
9.8467 1600651691
8.040000000000001 1600651691
7.300199999999999 1600651691
7.5905 1600651691
9.08 1600651691
7.572299999999999 1600651691
8.5438 1600651691
8.5014 1600651691
9.9007 1600651691
8.503400000000001 1600651691
9.921199999999999 1600651691
8.5047 1600651691
7.572500000000001 1600651691
8.494100000000001 1600651691
9.109300000000001 1600651691
5.9726 1600651691
