1.3680999999999999 1600644661
1.5529000000000002 1600644661
0.9461 1600644661
1.1012 1600644661
1.2627000000000002 1600644661
0.9576 1600644661
1.3003 1600644661
0.9677000000000001 1600644661
0.9967999999999999 1600644661
1.2843 1600644661
1.5742 1600644661
0.9937 1600644661
1.2046999999999999 1600644661
1.2844 1600644661
0.9932 1600644661
1.3251 1600644661
1.4894000000000003 1600644661
1.0046 1600644661
1.4964999999999997 1600644661
1.0376 1600644661
1.2109 1600644661
1.0233999999999999 1600644661
0.8878 1600644661
1.2525 1600644661
1.1018 1600644661
1.2412 1600644661
1.0971000000000002 1600644661
1.4417 1600644661
0.9648999999999999 1600644661
1.2193999999999998 1600644661
1.4007999999999998 1600644661
1.1926 1600644661
1.1035 1600644661
1.4813 1600644661
1.4971 1600644661
1.1200999999999999 1600644661
1.4482 1600644661
1.1078000000000001 1600644661
1.0821 1600644661
1.2156 1600644661
1.3342999999999998 1600644661
1.1615000000000002 1600644661
1.1102 1600644661
1.0314 1600644661
1.2318000000000002 1600644661
1.5574999999999999 1600644661
1.2368999999999999 1600644661
1.0493000000000001 1600644661
1.0489000000000002 1600644661
1.1707 1600644661
0.9102 1600644661
0.916 1600644661
1.0316 1600644661
1.3037 1600644661
1.1023999999999998 1600644661
1.2287 1600644661
1.4989 1600644661
0.9591000000000001 1600644661
1.2365 1600644661
1.0901 1600644661
1.0034 1600644661
1.146 1600644661
1.2290999999999999 1600644661
1.026 1600644661
1.1745 1600644661
1.127 1600644661
1.2438 1600644661
1.2938 1600644661
0.9745999999999999 1600644661
0.8635999999999999 1600644661
1.0923 1600644661
1.2052 1600644661
1.0072 1600644661
1.1452 1600644661
1.3732000000000002 1600644661
1.5457 1600644661
1.2534 1600644661
1.2370999999999999 1600644661
1.0857 1600644661
1.521 1600644661
1.3951000000000002 1600644661
1.3382 1600644661
0.9884000000000001 1600644661
0.9241 1600644661
1.2581 1600644661
1.0288 1600644661
1.0857 1600644661
0.8333 1600644661
0.9917 1600644661
1.1005000000000003 1600644661
1.4455 1600644661
1.3260999999999998 1600644661
1.1519 1600644661
1.3078 1600644661
1.1168999999999998 1600644661
1.0916000000000001 1600644661
1.1000999999999999 1600644661
1.4318 1600644661
1.3313 1600644661
1.4459 1600644661
1.4327999999999999 1600644661
1.1417 1600644661
1.154 1600644661
1.3323 1600644661
1.1678 1600644661
1.2795 1600644661
1.0777999999999999 1600644661
0.8851 1600644661
1.0112 1600644661
1.3077999999999999 1600644661
1.194 1600644661
1.0955000000000001 1600644661
0.7791000000000001 1600644661
1.2 1600644661
0.9731 1600644661
0.9676000000000001 1600644661
1.0943 1600644661
1.2873999999999999 1600644661
1.2103000000000002 1600644661
1.0438999999999998 1600644661
1.4261000000000001 1600644661
1.2701000000000002 1600644661
1.207 1600644661
1.3481 1600644661
1.0341 1600644661
0.7890999999999999 1600644661
1.2550999999999999 1600644661
1.5507 1600644661
0.9570000000000001 1600644661
1.2223000000000002 1600644661
1.033 1600644661
1.0006 1600644661
0.9206000000000001 1600644661
0.8574999999999999 1600644661
1.1092 1600644661
1.4309999999999998 1600644661
1.4737 1600644661
0.8552 1600644661
1.2336 1600644661
0.9732000000000001 1600644661
1.1246 1600644661
1.2541000000000002 1600644661
1.1444 1600644661
0.9994999999999999 1600644661
1.4678 1600644661
1.4376000000000002 1600644661
1.2953999999999999 1600644661
0.9404 1600644661
1.2725 1600644661
1.2121 1600644661
1.1064 1600644661
1.4362999999999997 1600644661
1.0190000000000001 1600644661
1.2313999999999998 1600644661
1.3601 1600644661
1.3007 1600644661
1.194 1600644661
0.9998 1600644661
1.0675 1600644661
1.3377 1600644661
1.0129 1600644661
0.9359 1600644661
1.1364999999999998 1600644661
1.269 1600644661
0.9525999999999999 1600644661
1.4437000000000002 1600644661
1.3284 1600644661
1.2953999999999999 1600644661
1.1712000000000002 1600644661
0.9334000000000001 1600644661
1.1851 1600644661
1.0246 1600644661
1.3218 1600644661
1.1862 1600644661
1.1321 1600644661
1.4405999999999999 1600644661
1.4691999999999998 1600644661
1.0192 1600644661
1.2807 1600644661
1.0867999999999998 1600644661
1.0221 1600644661
1.0332 1600644661
1.3071 1600644661
1.0261 1600644661
1.1968999999999999 1600644661
0.8998 1600644661
0.9766999999999999 1600644661
1.0755 1600644661
1.4432 1600644661
0.9284999999999999 1600644661
1.088 1600644661
1.5033 1600644661
1.0166 1600644661
1.4341 1600644661
0.9572 1600644661
1.036 1600644661
1.2334 1600644661
1.0835 1600644661
1.0346 1600644661
1.3329 1600644661
1.0830000000000002 1600644661
1.0683 1600644661
1.1158 1600644661
1.3598 1600644661
0.9160000000000001 1600644661
1.3083 1600644661
1.2027999999999999 1600644661
1.539 1600644661
1.3124000000000002 1600644661
1.0161000000000002 1600644661
1.1932 1600644661
0.8503 1600644661
1.2012999999999998 1600644661
1.1957 1600644661
1.4682 1600644661
1.4176000000000002 1600644661
1.0047000000000001 1600644661
1.2279 1600644661
0.9733999999999999 1600644661
1.3493 1600644661
1.3402 1600644661
0.8860999999999999 1600644661
1.2734 1600644661
1.6018999999999997 1600644661
1.1097000000000001 1600644661
1.5404999999999998 1600644661
1.5346000000000002 1600644661
0.8177999999999999 1600644661
1.2784 1600644661
1.2995999999999999 1600644661
1.0463 1600644661
1.2066999999999999 1600644661
0.9679 1600644661
1.4298000000000002 1600644661
1.002 1600644661
0.9486 1600644661
1.1880000000000002 1600644661
0.8869 1600644661
0.9838 1600644661
1.1187 1600644661
0.9662 1600644661
1.0529000000000002 1600644661
1.0878999999999999 1600644661
1.5328 1600644661
0.9463999999999999 1600644661
1.0213 1600644661
1.1687 1600644661
1.0176 1600644661
0.9509 1600644661
1.3405 1600644661
1.4291999999999998 1600644661
1.1398 1600644661
0.8347 1600644661
0.9628 1600644661
1.5416000000000003 1600644661
1.0393 1600644661
1.2761 1600644661
1.4512999999999998 1600644661
1.0494 1600644661
1.4134 1600644661
1.1134 1600644661
1.1579000000000002 1600644661
1.338 1600644661
1.4211999999999998 1600644661
0.9823 1600644661
1.2286000000000001 1600644661
0.9716999999999999 1600644661
1.0451000000000001 1600644661
1.2120000000000002 1600644661
1.1979 1600644661
1.2243 1600644661
1.1155 1600644661
1.3555000000000001 1600644661
1.2281 1600644661
1.145 1600644661
1.1970999999999998 1600644661
1.0221 1600644661
0.9949000000000001 1600644661
1.1524 1600644661
1.0004 1600644661
1.1686 1600644661
1.1139999999999999 1600644661
1.0883 1600644661
1.3091 1600644661
1.2178 1600644661
1.1763000000000001 1600644661
1.4068 1600644661
1.2755 1600644661
1.306 1600644661
1.4296000000000002 1600644661
0.9458 1600644661
1.0935000000000001 1600644661
1.2294 1600644661
0.9486 1600644661
1.0027 1600644661
1.1884000000000001 1600644661
1.4969999999999999 1600644661
1.1039 1600644661
1.4281 1600644661
1.2205 1600644661
1.2924 1600644661
0.9568000000000001 1600644661
1.1101999999999999 1600644661
0.908 1600644661
1.2456 1600644661
1.4304000000000001 1600644661
1.27 1600644661
1.3264 1600644661
1.1854 1600644661
1.2334 1600644661
1.1169000000000002 1600644661
0.9682000000000001 1600644661
1.3394 1600644661
1.1887 1600644661
0.9047 1600644661
1.4561 1600644661
0.9108999999999999 1600644661
1.0624000000000002 1600644661
1.3345 1600644661
1.2147 1600644661
1.3577 1600644661
1.0129000000000001 1600644661
1.3207 1600644661
1.2233999999999998 1600644661
1.5802 1600644661
1.0367000000000002 1600644661
1.5344 1600644661
0.9673 1600644661
1.3594000000000002 1600644661
1.2044000000000001 1600644661
0.9252 1600644661
1.1758 1600644661
1.1684999999999999 1600644661
0.9018 1600644661
1.0607 1600644661
1.1071 1600644661
1.5152999999999999 1600644661
1.0933000000000002 1600644661
0.9821 1600644661
1.173 1600644661
1.4414999999999998 1600644661
0.8719 1600644661
1.4801000000000002 1600644661
1.0631 1600644661
1.4102999999999999 1600644661
1.4218 1600644661
1.1899000000000002 1600644661
1.4363000000000001 1600644661
1.3485999999999998 1600644661
0.8724 1600644661
1.061 1600644661
1.2809 1600644661
1.0128 1600644661
0.8377 1600644661
1.1715 1600644661
1.294 1600644661
0.9723 1600644661
1.1341999999999999 1600644661
1.1787 1600644661
1.4699 1600644661
0.9794999999999999 1600644661
1.1605 1600644661
1.2116 1600644661
1.0219 1600644661
1.2277 1600644661
0.9619000000000001 1600644661
0.9962000000000001 1600644661
1.2334999999999998 1600644661
1.17 1600644661
1.1859 1600644661
1.1032000000000002 1600644661
1.1018999999999999 1600644661
1.0236 1600644661
0.918 1600644661
0.8744000000000001 1600644661
1.3506 1600644661
1.4400999999999997 1600644661
1.0821 1600644661
1.3676 1600644661
1.2235 1600644661
0.9472 1600644661
1.2269 1600644661
1.0023 1600644661
1.2422 1600644661
1.0922 1600644661
1.2388 1600644661
1.329 1600644661
1.3924999999999998 1600644661
1.0263 1600644661
1.3241999999999998 1600644661
1.2155 1600644661
1.3327 1600644661
1.1023 1600644661
1.0028000000000001 1600644661
0.9985999999999999 1600644661
0.9834 1600644661
1.1322 1600644661
1.2357999999999998 1600644661
1.1032 1600644661
0.9355 1600644661
1.0565 1600644661
1.0163000000000002 1600644661
1.3686000000000003 1600644661
1.4867000000000001 1600644661
1.0823 1600644661
1.4486 1600644661
1.2119999999999997 1600644661
1.4665 1600644661
1.0353999999999999 1600644661
1.4488 1600644661
1.2223000000000002 1600644661
1.189 1600644661
1.0411000000000001 1600644661
1.145 1600644661
0.9749 1600644661
1.2892000000000001 1600644661
1.4404000000000001 1600644661
1.1923 1600644661
1.4999000000000002 1600644661
1.2825 1600644661
1.1169 1600644661
1.1196000000000002 1600644661
1.6021 1600644661
0.9744 1600644661
1.0517 1600644661
1.3559 1600644661
1.2196 1600644661
1.2332 1600644661
1.4728000000000003 1600644661
1.505 1600644661
0.9609999999999999 1600644661
1.2986 1600644661
1.2144 1600644661
1.0135 1600644661
1.2902 1600644661
1.4303 1600644661
0.8632 1600644661
1.4349 1600644661
1.234 1600644661
1.1772999999999998 1600644661
1.3333 1600644661
1.4493000000000003 1600644661
1.1040999999999999 1600644661
1.2106 1600644661
0.8342 1600644661
0.8322999999999999 1600644661
1.1394 1600644661
1.1177000000000001 1600644661
1.3542999999999998 1600644661
1.0379 1600644661
1.4424000000000001 1600644661
1.0717 1600644661
1.0387 1600644661
0.9964000000000001 1600644661
1.1297000000000001 1600644661
1.5493999999999999 1600644661
1.1589 1600644661
0.8977999999999999 1600644661
1.399 1600644661
1.1092 1600644661
1.3377000000000001 1600644661
1.448 1600644661
1.1404 1600644661
1.1989 1600644661
1.186 1600644661
1.0337999999999998 1600644661
1.0954000000000002 1600644661
1.0044 1600644661
0.9589 1600644661
1.2121 1600644661
1.1093000000000002 1600644661
1.0209000000000001 1600644661
1.2611 1600644661
1.4232999999999998 1600644661
0.9302 1600644661
0.9054 1600644661
1.2563 1600644661
1.2764000000000002 1600644661
1.0095 1600644661
1.1846 1600644661
0.9821 1600644661
0.9633999999999999 1600644661
0.9796000000000001 1600644661
1.0836999999999999 1600644661
1.3862 1600644661
1.4405 1600644661
1.1146 1600644661
1.4413 1600644661
1.1962000000000002 1600644661
1.0687 1600644661
1.3075999999999999 1600644661
1.2008999999999999 1600644661
1.0215 1600644661
1.1895 1600644661
1.3276 1600644661
1.1913 1600644661
1.2045 1600644661
1.4811999999999999 1600644661
1.2452999999999999 1600644661
1.2418 1600644661
1.3311 1600644661
1.1322 1600644661
1.1858 1600644661
1.1320000000000001 1600644661
1.1915999999999998 1600644661
1.0009000000000001 1600644661
1.169 1600644661
1.0755000000000001 1600644661
0.8779000000000001 1600644661
1.016 1600644661
1.447 1600644661
0.8583999999999999 1600644661
