0.898 1600644071
1.3238000000000003 1600644071
1.142 1600644071
1.0853000000000002 1600644071
1.1149 1600644071
0.9838 1600644071
1.3062000000000002 1600644071
1.1511999999999998 1600644071
0.8444999999999999 1600644071
1.4438999999999997 1600644071
1.3076999999999996 1600644071
0.8103 1600644071
1.1394 1600644071
1.2046000000000001 1600644071
1.1103999999999998 1600644071
1.2504000000000002 1600644071
1.0654000000000001 1600644071
0.8236000000000001 1600644071
1.3049999999999997 1600644071
1.1482 1600644071
0.8713 1600644071
1.1688999999999998 1600644071
0.9962000000000001 1600644071
1.3551 1600644071
1.2071999999999998 1600644071
1.5444 1600644071
1.2248 1600644071
1.4456000000000002 1600644071
1.1161 1600644071
1.3499999999999996 1600644071
1.3861999999999999 1600644071
1.673 1600644071
1.0297 1600644071
1.0636 1600644071
1.3137 1600644071
0.9729000000000001 1600644071
1.0558 1600644071
1.0984 1600644071
1.1025 1600644071
1.6641 1600644071
1.2572 1600644071
1.0336 1600644071
1.1471 1600644071
1.4401000000000002 1600644071
1.0948 1600644071
1.4175 1600644071
1.1311999999999998 1600644071
1.2136999999999998 1600644071
1.2217 1600644071
1.3813 1600644071
1.064 1600644071
1.1131 1600644071
1.2214 1600644071
1.4300000000000002 1600644071
1.2052 1600644071
1.3587000000000002 1600644071
1.0252999999999999 1600644071
1.2661 1600644071
1.3357999999999999 1600644071
1.0217 1600644071
1.1954 1600644071
1.4311 1600644071
1.3565 1600644071
1.1605 1600644071
1.2225000000000001 1600644071
1.172 1600644071
1.4162000000000001 1600644071
1.4001 1600644071
1.2445 1600644071
0.9815000000000002 1600644071
1.2652999999999999 1600644071
1.0003 1600644071
0.8316 1600644071
1.3447 1600644071
1.4031999999999998 1600644071
1.552 1600644071
1.3873000000000002 1600644071
1.0519 1600644071
1.0741 1600644071
1.3897999999999997 1600644071
1.3793000000000002 1600644071
1.1642 1600644071
0.9860000000000001 1600644071
1.1438000000000001 1600644071
1.3784 1600644071
1.2233 1600644071
1.29 1600644071
1.1507 1600644071
1.1999 1600644071
1.0472000000000001 1600644071
1.6448 1600644071
1.4133 1600644071
1.0044 1600644071
1.314 1600644071
1.3181000000000003 1600644071
1.1896 1600644071
0.9029 1600644071
1.193 1600644071
1.3752 1600644071
1.6551 1600644071
1.6381999999999999 1600644071
1.4475000000000002 1600644071
1.1608 1600644071
1.3426999999999998 1600644071
0.9646999999999999 1600644071
1.2757 1600644071
1.0642999999999998 1600644071
1.0691 1600644071
1.2225 1600644071
1.0766 1600644071
1.6468 1600644071
1.1323 1600644071
1.0747999999999998 1600644071
1.2867000000000002 1600644071
0.9974999999999999 1600644071
1.2139000000000002 1600644071
1.0019 1600644071
1.4301000000000001 1600644071
1.5707999999999998 1600644071
1.0776 1600644071
1.226 1600644071
1.35 1600644071
1.1315 1600644071
1.1831999999999998 1600644071
0.8159000000000001 1600644071
1.085 1600644071
1.1307999999999998 1600644071
1.2262 1600644071
1.0974 1600644071
1.3252000000000002 1600644071
1.1999 1600644071
0.8697999999999999 1600644071
1.2001 1600644071
0.9789000000000001 1600644071
1.4383 1600644071
1.3882 1600644071
1.3197999999999999 1600644071
1.055 1600644071
1.5653000000000001 1600644071
0.8166 1600644071
0.88 1600644071
1.3520000000000003 1600644071
1.2088 1600644071
1.1449 1600644071
1.3718000000000001 1600644071
1.6589 1600644071
1.3035999999999999 1600644071
1.0958999999999999 1600644071
1.3467000000000002 1600644071
1.4433999999999998 1600644071
1.1040999999999999 1600644071
1.5095 1600644071
1.0971000000000002 1600644071
0.9911 1600644071
1.3573 1600644071
1.2693999999999999 1600644071
1.2029 1600644071
1.2965 1600644071
1.1542 1600644071
1.3329 1600644071
1.037 1600644071
1.2617 1600644071
1.2407 1600644071
1.1884 1600644071
0.9804999999999999 1600644071
1.3644000000000003 1600644071
1.2841 1600644071
1.6156 1600644071
1.2856999999999998 1600644071
1.1438000000000001 1600644071
1.0668 1600644071
0.9942000000000001 1600644071
1.3713000000000002 1600644071
1.2673999999999999 1600644071
1.2846000000000002 1600644071
1.6561000000000001 1600644071
1.3756999999999997 1600644071
1.0408 1600644071
1.3522 1600644071
1.2022 1600644071
1.1602999999999999 1600644071
1.1404999999999998 1600644071
1.3773 1600644071
1.0876 1600644071
1.1304 1600644071
0.9908 1600644071
0.9778000000000001 1600644071
0.9843000000000001 1600644071
1.1972 1600644071
1.1481 1600644071
0.9851 1600644071
1.4067999999999998 1600644071
0.9223999999999999 1600644071
1.648 1600644071
1.1077 1600644071
1.2578 1600644071
1.0600999999999998 1600644071
1.1932999999999998 1600644071
0.9771000000000001 1600644071
1.0117 1600644071
1.2857999999999998 1600644071
0.976 1600644071
1.1274 1600644071
1.3792000000000002 1600644071
0.9273000000000001 1600644071
1.3054999999999999 1600644071
1.0373 1600644071
1.3365 1600644071
1.448 1600644071
1.1257 1600644071
1.3195000000000001 1600644071
1.3476000000000001 1600644071
1.6609000000000003 1600644071
1.2487000000000001 1600644071
1.3308999999999997 1600644071
1.6433 1600644071
1.1643 1600644071
1.3881000000000001 1600644071
1.2407 1600644071
1.1729 1600644071
1.0297 1600644071
1.2753 1600644071
1.1626999999999998 1600644071
1.3479999999999999 1600644071
1.2673999999999999 1600644071
1.3877 1600644071
1.3617 1600644071
1.0993 1600644071
1.3729999999999998 1600644071
1.2617 1600644071
1.2954999999999999 1600644071
1.2944000000000002 1600644071
1.0331000000000001 1600644071
1.6007000000000002 1600644071
1.0082 1600644071
1.0628 1600644071
1.3172000000000001 1600644071
1.0288 1600644071
0.8462000000000001 1600644071
0.9784 1600644071
1.161 1600644071
1.1431 1600644071
0.9953000000000001 1600644071
1.2694 1600644071
1.2086999999999999 1600644071
1.1837 1600644071
1.0892 1600644071
1.0925 1600644071
1.1008 1600644071
1.2610999999999999 1600644071
1.2795999999999998 1600644071
1.1358000000000001 1600644071
1.1698 1600644071
0.9374 1600644071
1.2757 1600644071
1.2198000000000002 1600644071
1.3195 1600644071
1.5364 1600644071
1.3948 1600644071
0.9087000000000001 1600644071
1.1945 1600644071
1.1735000000000002 1600644071
1.2198000000000002 1600644071
1.3634000000000002 1600644071
1.1189 1600644071
1.1636000000000002 1600644071
1.2085 1600644071
1.1921 1600644071
1.2459 1600644071
1.3918999999999997 1600644071
1.1764000000000001 1600644071
1.116 1600644071
1.1909 1600644071
1.166 1600644071
1.0615 1600644071
1.1916 1600644071
1.1669 1600644071
1.1171000000000002 1600644071
1.1817000000000002 1600644071
0.9860000000000001 1600644071
1.3328000000000002 1600644071
1.2136 1600644071
1.2761 1600644071
1.4169 1600644071
1.3045000000000002 1600644071
1.2637999999999998 1600644071
1.3344999999999998 1600644071
1.3748999999999998 1600644071
1.4018000000000002 1600644071
1.6534 1600644071
1.112 1600644071
1.1656 1600644071
1.3604000000000003 1600644071
1.0743 1600644071
1.1907999999999999 1600644071
1.1162999999999998 1600644071
1.3148000000000002 1600644071
1.2715999999999998 1600644071
1.2217000000000002 1600644071
0.9733999999999999 1600644071
1.5505 1600644071
1.1249000000000002 1600644071
1.1057 1600644071
1.1993999999999998 1600644071
1.169 1600644071
1.4313000000000002 1600644071
1.4251 1600644071
1.4482 1600644071
1.1905000000000001 1600644071
1.2892 1600644071
1.4079000000000002 1600644071
1.0584 1600644071
1.7249 1600644071
1.4627999999999999 1600644071
0.8529000000000001 1600644071
1.2803000000000002 1600644071
1.1701000000000001 1600644071
1.2132 1600644071
1.3014999999999999 1600644071
1.3316999999999999 1600644071
1.1817 1600644071
1.1226000000000003 1600644071
1.4174000000000002 1600644071
1.1208 1600644071
1.3028999999999997 1600644071
1.3248000000000002 1600644071
1.3187000000000002 1600644071
1.1452 1600644071
1.2217 1600644071
1.3994 1600644071
1.2575999999999998 1600644071
1.2854 1600644071
0.9826999999999999 1600644071
1.0446 1600644071
1.1033 1600644071
1.1402999999999999 1600644071
1.2793 1600644071
1.3118000000000003 1600644071
1.1398000000000001 1600644071
1.6126 1600644071
1.3561 1600644071
1.2416999999999998 1600644071
1.3719 1600644071
1.2412999999999998 1600644071
1.4376000000000002 1600644071
1.2598 1600644071
1.357 1600644071
1.6481000000000001 1600644071
1.3954000000000002 1600644071
1.0198999999999998 1600644071
1.1141 1600644071
1.3345000000000002 1600644071
1.1542 1600644071
1.3260999999999998 1600644071
0.9857999999999999 1600644071
1.3198999999999999 1600644071
1.0130000000000001 1600644071
1.427 1600644071
1.0480999999999998 1600644071
1.2671000000000001 1600644071
1.1348 1600644071
1.4632999999999998 1600644071
1.1885 1600644071
1.2949000000000002 1600644071
1.3661999999999999 1600644071
1.2003 1600644071
1.1051 1600644071
1.1633 1600644071
1.2962 1600644071
1.6427 1600644071
1.0905 1600644071
1.1875 1600644071
1.1932999999999998 1600644071
1.1168999999999998 1600644071
1.0926999999999998 1600644071
0.8944999999999999 1600644071
1.3523999999999998 1600644071
1.1632 1600644071
1.3731000000000002 1600644071
1.4027999999999998 1600644071
0.9730999999999999 1600644071
1.1861000000000002 1600644071
1.2437 1600644071
1.2984999999999998 1600644071
0.9989999999999999 1600644071
1.1711 1600644071
1.705 1600644071
1.2650000000000001 1600644071
1.1605 1600644071
1.3435 1600644071
1.2595 1600644071
1.6637999999999997 1600644071
1.2570999999999999 1600644071
1.1863 1600644071
1.1204999999999998 1600644071
0.9329999999999999 1600644071
1.1878000000000002 1600644071
1.5459999999999998 1600644071
1.119 1600644071
1.0702 1600644071
1.1672 1600644071
1.0405000000000002 1600644071
1.3872000000000002 1600644071
1.4842999999999997 1600644071
1.1226 1600644071
1.4144 1600644071
1.3454000000000002 1600644071
1.7528 1600644071
1.1523 1600644071
1.3694000000000002 1600644071
1.1421999999999999 1600644071
1.2234 1600644071
1.2635999999999998 1600644071
1.2009 1600644071
0.9743999999999999 1600644071
1.4013 1600644071
1.4994999999999998 1600644071
1.0511 1600644071
1.1072 1600644071
1.3086000000000002 1600644071
1.1318000000000001 1600644071
0.9792000000000001 1600644071
1.2607 1600644071
0.8266 1600644071
1.1419 1600644071
1.5022000000000002 1600644071
1.6160999999999999 1600644071
1.0760999999999998 1600644071
1.35 1600644071
1.4001000000000001 1600644071
1.0029 1600644071
1.3286 1600644071
1.1711999999999998 1600644071
1.1360999999999999 1600644071
1.3717000000000001 1600644071
1.4171999999999998 1600644071
1.1214 1600644071
1.4253 1600644071
1.4585 1600644071
1.4070999999999998 1600644071
1.6495000000000002 1600644071
1.3691000000000002 1600644071
0.9659999999999999 1600644071
1.2168999999999999 1600644071
1.1751999999999998 1600644071
1.0396 1600644071
1.0028000000000001 1600644071
1.2344 1600644071
1.1930999999999998 1600644071
1.2527999999999997 1600644071
1.4236 1600644071
1.1504 1600644071
1.0703999999999998 1600644071
1.0809 1600644071
1.2675999999999998 1600644071
1.3014000000000001 1600644071
0.9947 1600644071
1.1168 1600644071
1.3548999999999998 1600644071
1.2858 1600644071
1.4553000000000003 1600644071
1.709 1600644071
1.167 1600644071
1.4108 1600644071
1.2474000000000003 1600644071
0.8191999999999999 1600644071
1.0072 1600644071
1.0943 1600644071
1.0855 1600644071
1.4250000000000003 1600644071
0.8816999999999999 1600644071
0.9666 1600644071
1.1976 1600644071
1.7113 1600644071
0.9604 1600644071
1.1197 1600644071
1.3361999999999998 1600644071
1.4209 1600644071
1.1644999999999999 1600644071
1.1756000000000002 1600644071
1.1557 1600644071
1.0505 1600644071
1.1663999999999999 1600644071
1.0015 1600644071
1.4301 1600644071
1.2561999999999998 1600644071
1.4253999999999998 1600644071
1.2684000000000002 1600644071
1.1446999999999998 1600644071
1.1126 1600644071
1.6267 1600644071
1.1354 1600644071
1.2862000000000002 1600644071
1.4542000000000002 1600644071
1.3885999999999998 1600644071
1.4760000000000002 1600644071
1.3075999999999999 1600644071
1.5273999999999999 1600644071
1.3945999999999998 1600644071
1.0708 1600644071
1.0320999999999998 1600644071
1.2197 1600644071
1.3112000000000001 1600644071
1.2488000000000001 1600644071
1.3407 1600644071
1.2022 1600644071
1.4225999999999999 1600644071
1.2476 1600644071
1.096 1600644071
0.8208 1600644071
1.392 1600644071
1.0433000000000001 1600644071
