0.6128 1600226982
0.6153 1600226982
0.5790000000000002 1600226982
0.6560999999999999 1600226982
0.8465000000000003 1600226982
0.6699000000000002 1600226982
0.6282000000000001 1600226982
0.6400999999999999 1600226982
0.5519999999999998 1600226982
0.6145 1600226982
0.6799 1600226982
0.6935000000000002 1600226982
0.5497000000000001 1600226982
0.7244000000000002 1600226982
0.6537000000000002 1600226982
0.6341999999999999 1600226982
0.8029000000000002 1600226982
0.6903999999999999 1600226982
0.6156000000000001 1600226982
0.7345999999999999 1600226982
0.8473999999999999 1600226982
0.6995 1600226982
0.8432 1600226982
0.649 1600226982
0.7339000000000002 1600226982
0.6779000000000002 1600226982
0.5895000000000001 1600226982
0.5344000000000002 1600226982
0.6379999999999999 1600226982
0.6246 1600226982
0.6892 1600226982
0.7174 1600226982
0.6566000000000001 1600226982
0.7419000000000002 1600226982
0.6223000000000001 1600226982
0.5549 1600226982
0.7330999999999999 1600226982
0.5577999999999999 1600226982
0.8486000000000002 1600226982
0.7328000000000001 1600226982
0.6903000000000001 1600226982
0.5466000000000002 1600226982
0.6915 1600226982
0.6884999999999999 1600226982
0.6552000000000002 1600226982
0.6169000000000002 1600226982
0.6167000000000002 1600226982
0.7107000000000001 1600226982
0.6303999999999998 1600226982
0.8492999999999999 1600226982
0.7372999999999998 1600226982
0.6391 1600226982
0.8427000000000002 1600226982
0.6509 1600226982
0.5430000000000001 1600226982
0.6577999999999999 1600226982
0.6799 1600226982
0.6111 1600226982
0.6309 1600226982
0.6736 1600226982
0.5868000000000002 1600226982
0.5906000000000002 1600226982
0.5906000000000002 1600226982
0.6655000000000002 1600226982
0.5902000000000001 1600226982
0.5752999999999999 1600226982
0.6492000000000002 1600226982
0.5818999999999999 1600226982
0.5679000000000001 1600226982
0.6292 1600226982
0.6817 1600226982
0.6848999999999998 1600226982
0.7045999999999999 1600226982
0.6758 1600226982
0.6171 1600226982
0.5520000000000003 1600226982
0.6841999999999999 1600226982
0.5407000000000002 1600226982
0.6931 1600226982
0.5834999999999999 1600226982
0.5088000000000001 1600226982
0.5591999999999999 1600226982
0.5717000000000001 1600226982
0.6592000000000002 1600226982
0.6483000000000001 1600226982
0.6879 1600226982
0.6252 1600226982
0.4811000000000001 1600226982
0.6629000000000003 1600226982
0.47570000000000023 1600226982
0.6271 1600226982
0.5340000000000003 1600226982
0.4758 1600226982
0.6034000000000002 1600226982
0.5906000000000002 1600226982
0.5495999999999999 1600226982
0.6544000000000001 1600226982
0.6976000000000002 1600226982
0.6871 1600226982
0.5087000000000002 1600226982
0.6623999999999999 1600226982
0.5497000000000001 1600226982
0.5813999999999999 1600226982
0.5460000000000003 1600226982
0.47239999999999993 1600226982
0.5613000000000001 1600226982
0.6207 1600226982
0.5840999999999998 1600226982
0.5691000000000002 1600226982
0.5061 1600226982
0.6630000000000003 1600226982
0.6036000000000001 1600226982
0.5414000000000001 1600226982
0.5795000000000001 1600226982
0.5945 1600226982
0.6038000000000001 1600226982
0.6050000000000002 1600226982
0.5813000000000001 1600226982
0.5314000000000001 1600226982
0.5495999999999999 1600226982
0.5210000000000001 1600226982
0.6461999999999999 1600226982
0.5467 1600226982
0.5497000000000001 1600226982
0.6882999999999999 1600226982
0.5399000000000003 1600226982
0.6270000000000002 1600226982
0.48050000000000015 1600226982
0.6864999999999999 1600226982
0.5703000000000003 1600226982
0.7731999999999999 1600226982
0.6726000000000001 1600226982
0.5898000000000001 1600226982
0.6674 1600226982
0.5810000000000002 1600226982
0.5199000000000003 1600226982
0.6227000000000003 1600226982
0.5385 1600226982
0.5351999999999999 1600226982
0.49150000000000027 1600226982
0.6026 1600226982
0.6763000000000001 1600226982
0.6928999999999998 1600226982
0.6995 1600226982
0.6159999999999999 1600226982
0.6971 1600226982
0.5515999999999999 1600226982
0.7200000000000002 1600226982
0.6035000000000001 1600226982
0.4830000000000001 1600226982
0.6045000000000003 1600226982
0.4923000000000002 1600226982
0.6843000000000001 1600226982
0.5955000000000001 1600226982
0.6805000000000001 1600226982
0.6547000000000003 1600226982
0.5811 1600226982
0.5811999999999999 1600226982
0.5626000000000002 1600226982
0.6122000000000001 1600226982
0.6835000000000002 1600226982
0.6036999999999999 1600226982
0.48170000000000024 1600226982
0.46160000000000023 1600226982
0.5694999999999999 1600226982
0.6872000000000003 1600226982
0.6653000000000002 1600226982
0.5185 1600226982
0.5793999999999999 1600226982
0.5319 1600226982
0.6757 1600226982
0.6213000000000002 1600226982
0.6863000000000001 1600226982
0.5478000000000001 1600226982
0.6053000000000002 1600226982
0.5415000000000001 1600226982
0.6225000000000003 1600226982
0.6199999999999999 1600226982
0.6027000000000002 1600226982
0.5346000000000002 1600226982
0.6033999999999999 1600226982
0.5480000000000003 1600226982
0.5822000000000003 1600226982
0.5808 1600226982
0.6307000000000003 1600226982
0.6691000000000003 1600226982
0.5951000000000002 1600226982
0.7042000000000002 1600226982
0.6274 1600226982
0.5237000000000003 1600226982
0.52 1600226982
0.5712999999999999 1600226982
0.6077999999999999 1600226982
0.6936000000000002 1600226982
0.5714999999999999 1600226982
0.5458999999999998 1600226982
0.5953999999999999 1600226982
0.6906999999999999 1600226982
0.5721 1600226982
0.8292000000000002 1600226982
0.5309000000000001 1600226982
0.5843000000000003 1600226982
0.5709 1600226982
0.5630999999999999 1600226982
0.6767000000000001 1600226982
0.6046 1600226982
0.6047000000000002 1600226982
0.5828000000000002 1600226982
0.47640000000000016 1600226982
0.581 1600226982
0.6776000000000002 1600226982
0.5892 1600226982
0.5198000000000003 1600226982
0.6272000000000002 1600226982
0.5459 1600226982
0.5169000000000001 1600226982
0.5254000000000001 1600226982
0.5686 1600226982
0.6038000000000001 1600226982
0.6162000000000001 1600226982
0.7063000000000001 1600226982
0.5916000000000001 1600226982
0.6846000000000001 1600226982
0.6503999999999999 1600226982
0.5265000000000002 1600226982
0.5690999999999999 1600226982
0.5816000000000001 1600226982
0.6043000000000003 1600226982
0.6035999999999999 1600226982
0.6548000000000003 1600226982
0.6834000000000002 1600226982
0.6080000000000001 1600226982
0.6863000000000001 1600226982
0.4805999999999999 1600226982
0.6042000000000001 1600226982
0.5500000000000003 1600226982
0.5468000000000002 1600226982
0.6818 1600226982
0.6059999999999999 1600226982
0.6031 1600226982
0.4808000000000001 1600226982
0.5207000000000002 1600226982
0.6021000000000001 1600226982
0.45730000000000004 1600226982
0.5653000000000001 1600226982
0.5819999999999999 1600226982
0.6071 1600226982
0.6684999999999999 1600226982
0.6221999999999999 1600226982
0.5632999999999999 1600226982
0.6040000000000001 1600226982
0.4897 1600226982
0.5070999999999999 1600226982
0.4897 1600226982
0.6032000000000002 1600226982
0.5347 1600226982
0.6053 1600226982
0.6274 1600226982
0.6028 1600226982
0.6054999999999999 1600226982
0.5502 1600226982
0.5915999999999999 1600226982
0.6875 1600226982
0.6042000000000003 1600226982
0.6601999999999999 1600226982
0.6795000000000002 1600226982
0.6052000000000002 1600226982
0.5263000000000002 1600226982
0.5816999999999999 1600226982
0.5816999999999999 1600226982
0.6037999999999999 1600226982
0.5847 1600226982
0.5496000000000001 1600226982
0.6049 1600226982
0.5810000000000002 1600226982
0.6552 1600226982
0.6487 1600226982
0.5633000000000001 1600226982
0.5802000000000003 1600226982
0.5713999999999999 1600226982
0.571 1600226982
0.5807 1600226982
0.5265000000000002 1600226982
0.7196000000000002 1600226982
0.6023000000000003 1600226982
0.6984999999999999 1600226982
0.6021000000000001 1600226982
0.5173000000000001 1600226982
0.6843999999999999 1600226982
0.6405000000000001 1600226982
0.6834 1600226982
0.6778000000000002 1600226982
0.728 1600226982
0.6678 1600226982
0.7047999999999999 1600226982
0.5721 1600226982
0.6986999999999999 1600226982
0.6982000000000002 1600226982
0.5809 1600226982
0.5751000000000002 1600226982
0.6776000000000002 1600226982
0.7224999999999999 1600226982
0.6043000000000001 1600226982
0.5946 1600226982
0.6795000000000002 1600226982
0.5902000000000001 1600226982
0.5471000000000001 1600226982
0.4764999999999999 1600226982
0.6954 1600226982
0.5687 1600226982
0.6089 1600226982
0.6940999999999999 1600226982
0.6859 1600226982
0.6824000000000001 1600226982
0.7066000000000001 1600226982
0.6058000000000001 1600226982
0.5505000000000002 1600226982
0.6161000000000001 1600226982
0.6064 1600226982
0.8300999999999998 1600226982
0.5849 1600226982
0.5840999999999998 1600226982
0.5088000000000001 1600226982
0.6684999999999999 1600226982
0.5318000000000003 1600226982
0.5819999999999999 1600226982
0.5835000000000001 1600226982
0.6002000000000001 1600226982
0.5770000000000002 1600226982
0.5385000000000002 1600226982
0.7296000000000002 1600226982
0.5796999999999999 1600226982
0.5622 1600226982
0.6813 1600226982
0.5470999999999999 1600226982
0.7088000000000001 1600226982
0.5128000000000001 1600226982
0.5311999999999999 1600226982
0.5355999999999999 1600226982
0.6407000000000003 1600226982
0.47240000000000015 1600226982
0.5659000000000003 1600226982
0.5185000000000002 1600226982
0.6625000000000001 1600226982
0.6043000000000001 1600226982
0.6887999999999999 1600226982
0.6066 1600226982
0.6263000000000001 1600226982
0.5198000000000003 1600226982
0.5329000000000002 1600226982
0.5960000000000001 1600226982
0.6040000000000001 1600226982
0.546 1600226982
0.6826999999999999 1600226982
0.5963 1600226982
0.6076999999999999 1600226982
0.5466 1600226982
0.6103000000000001 1600226982
0.6492000000000002 1600226982
0.6055000000000001 1600226982
0.5949000000000002 1600226982
0.6826000000000001 1600226982
0.6081000000000001 1600226982
0.6032000000000002 1600226982
0.5722000000000003 1600226982
0.6602000000000001 1600226982
0.7198000000000002 1600226982
0.5386000000000002 1600226982
0.4722000000000002 1600226982
0.48120000000000007 1600226982
0.5793999999999999 1600226982
0.6088000000000002 1600226982
0.7971999999999999 1600226982
0.6098000000000001 1600226982
0.5145000000000002 1600226982
0.6851000000000003 1600226982
0.47530000000000006 1600226982
0.7112 1600226982
0.5485 1600226982
0.49719999999999986 1600226982
0.5382 1600226982
0.6000000000000001 1600226982
0.6035000000000001 1600226982
0.5697999999999999 1600226982
0.6632 1600226982
0.6738999999999999 1600226982
0.6883000000000001 1600226982
0.6044 1600226982
0.6220000000000001 1600226982
0.6171 1600226982
0.6848999999999998 1600226982
0.6617000000000002 1600226982
0.6626000000000001 1600226982
0.7026999999999999 1600226982
0.6050000000000002 1600226982
0.6540999999999999 1600226982
0.6658999999999999 1600226982
0.6515000000000002 1600226982
0.6496999999999999 1600226982
0.7970000000000002 1600226982
0.5732000000000002 1600226982
0.5959000000000001 1600226982
0.5458000000000001 1600226982
0.6020000000000001 1600226982
0.5481 1600226982
0.6265000000000003 1600226982
0.5810000000000002 1600226982
0.5379 1600226982
0.6054000000000002 1600226982
0.5989 1600226982
0.6877000000000002 1600226982
0.6929000000000001 1600226982
0.6199999999999999 1600226982
0.5195000000000001 1600226982
0.5521 1600226982
0.6863999999999999 1600226982
0.47130000000000005 1600226982
0.6392 1600226982
0.5871000000000002 1600226982
0.6206000000000003 1600226982
0.5799000000000001 1600226982
0.6060000000000001 1600226982
0.5187999999999999 1600226982
0.49480000000000013 1600226982
0.688 1600226982
0.49360000000000004 1600226982
0.5398000000000003 1600226982
0.6128000000000002 1600226982
0.6172000000000002 1600226982
0.5702 1600226982
0.6201000000000001 1600226982
0.6925999999999999 1600226982
0.6984000000000001 1600226982
0.5903 1600226982
0.6241000000000001 1600226982
0.5232999999999999 1600226982
0.6782999999999999 1600226982
0.5917999999999999 1600226982
0.5950000000000002 1600226982
0.5911000000000002 1600226982
0.5831999999999999 1600226982
0.4753000000000003 1600226982
0.6273 1600226982
0.6783999999999999 1600226982
0.5221000000000002 1600226982
0.5386000000000002 1600226982
0.5737000000000001 1600226982
0.5255999999999998 1600226982
0.6925000000000001 1600226982
0.5706000000000002 1600226982
0.5985 1600226982
0.7267999999999999 1600226982
0.6207 1600226982
0.4767000000000001 1600226982
0.5992000000000002 1600226982
0.48450000000000015 1600226982
0.4759 1600226982
0.7143000000000002 1600226982
0.8271000000000002 1600226982
0.6126 1600226982
0.5496999999999999 1600226982
0.6911 1600226982
0.5761999999999998 1600226982
0.5898000000000001 1600226982
0.6026 1600226982
0.5761000000000001 1600226982
0.6096999999999999 1600226982
0.4778 1600226982
0.5816999999999999 1600226982
0.5388 1600226982
0.6227 1600226982
0.6444999999999999 1600226982
0.7001999999999999 1600226982
0.6869000000000003 1600226982
0.6616000000000002 1600226982
0.5518000000000001 1600226982
0.6312 1600226982
0.5388000000000002 1600226982
0.6036000000000001 1600226982
0.6617000000000002 1600226982
0.7971999999999999 1600226982
0.5715999999999999 1600226982
0.7003999999999999 1600226982
0.6628000000000001 1600226982
0.5326000000000002 1600226982
0.6887999999999999 1600226982
0.6213 1600226982
0.4759000000000002 1600226982
0.6845000000000001 1600226982
0.5381000000000002 1600226982
0.48319999999999985 1600226982
0.6004000000000003 1600226982
0.6876 1600226982
0.7008000000000001 1600226982
0.6232 1600226982
0.5714000000000001 1600226982
0.5252999999999999 1600226982
0.5705000000000002 1600226982
0.5459000000000003 1600226982
0.5728 1600226982
0.7228000000000001 1600226982
0.6910000000000003 1600226982
0.5477000000000001 1600226982
0.6205000000000003 1600226982
0.5523 1600226982
0.7138000000000002 1600226982
0.5624000000000002 1600226982
0.6497999999999999 1600226982
0.6011 1600226982
0.5419 1600226982
0.5773000000000001 1600226982
0.5470999999999999 1600226982
