49.092999999999996 1600228928
45.6651 1600228928
50.976099999999995 1600228928
52.458600000000004 1600228928
57.3364 1600228928
52.4516 1600228928
53.3371 1600228928
57.9878 1600228928
28.264400000000002 1600228928
57.401 1600228928
53.2539 1600228928
31.9242 1600228928
58.6611 1600228928
33.6609 1600228928
59.3548 1600228928
41.9264 1600228928
47.0036 1600228928
41.0098 1600228928
53.3719 1600228928
38.0223 1600228928
41.009699999999995 1600228928
46.1584 1600228928
58.5555 1600228928
46.145 1600228928
59.1482 1600228928
52.451499999999996 1600228928
53.4684 1600228928
39.5697 1600228928
40.3979 1600228928
54.8063 1600228928
56.4666 1600228928
39.9396 1600228928
41.6796 1600228928
45.9445 1600228928
61.2698 1600228928
52.9023 1600228928
56.9204 1600228928
57.5798 1600228928
57.5792 1600228928
47.592800000000004 1600228928
46.7298 1600228928
49.9493 1600228928
58.6586 1600228928
51.8384 1600228928
36.7902 1600228928
58.0625 1600228928
50.4284 1600228928
52.5886 1600228928
52.6861 1600228928
43.3292 1600228928
53.1213 1600228928
56.2865 1600228928
43.4644 1600228928
55.9333 1600228928
47.5817 1600228928
58.1017 1600228928
52.3322 1600228928
58.0829 1600228928
59.0072 1600228928
45.584399999999995 1600228928
59.5668 1600228928
39.641 1600228928
37.3355 1600228928
42.0349 1600228928
50.7322 1600228928
51.7427 1600228928
40.7875 1600228928
51.8382 1600228928
60.602 1600228928
42.7474 1600228928
50.0649 1600228928
53.3174 1600228928
37.935700000000004 1600228928
55.45 1600228928
46.2597 1600228928
58.691700000000004 1600228928
53.1034 1600228928
57.2032 1600228928
35.7629 1600228928
39.3794 1600228928
39.7111 1600228928
42.1772 1600228928
58.3954 1600228928
44.585 1600228928
59.3309 1600228928
44.337900000000005 1600228928
44.6023 1600228928
48.6406 1600228928
51.7491 1600228928
56.5521 1600228928
57.461999999999996 1600228928
50.5094 1600228928
37.3052 1600228928
52.0128 1600228928
52.042 1600228928
40.6393 1600228928
58.881499999999996 1600228928
50.7273 1600228928
55.5668 1600228928
57.7316 1600228928
44.6693 1600228928
57.8001 1600228928
60.8871 1600228928
41.8236 1600228928
57.7763 1600228928
51.929500000000004 1600228928
51.272 1600228928
40.9538 1600228928
56.8402 1600228928
52.2832 1600228928
58.878099999999996 1600228928
52.2832 1600228928
43.4095 1600228928
52.238299999999995 1600228928
57.7755 1600228928
51.0282 1600228928
59.3279 1600228928
54.945499999999996 1600228928
57.5801 1600228928
58.8783 1600228928
43.377399999999994 1600228928
45.269099999999995 1600228928
58.7649 1600228928
52.0146 1600228928
45.4214 1600228928
46.3802 1600228928
57.4484 1600228928
55.1205 1600228928
57.4155 1600228928
48.1728 1600228928
45.940599999999996 1600228928
51.272 1600228928
47.0334 1600228928
58.0425 1600228928
47.442099999999996 1600228928
48.3141 1600228928
61.0737 1600228928
37.332 1600228928
46.6072 1600228928
52.051700000000004 1600228928
52.3473 1600228928
58.1155 1600228928
35.711099999999995 1600228928
38.4276 1600228928
37.998 1600228928
44.5278 1600228928
44.3101 1600228928
46.3805 1600228928
49.393699999999995 1600228928
37.918499999999995 1600228928
45.9404 1600228928
49.3371 1600228928
49.3939 1600228928
51.732 1600228928
50.9372 1600228928
45.2956 1600228928
53.2243 1600228928
46.3711 1600228928
50.9688 1600228928
58.5638 1600228928
46.2738 1600228928
48.7471 1600228928
53.946600000000004 1600228928
54.8831 1600228928
55.1562 1600228928
46.6073 1600228928
55.3281 1600228928
49.142900000000004 1600228928
55.3279 1600228928
57.4355 1600228928
61.0389 1600228928
52.1864 1600228928
56.2534 1600228928
44.278400000000005 1600228928
56.8873 1600228928
42.888 1600228928
42.845 1600228928
58.181 1600228928
45.4618 1600228928
47.4092 1600228928
59.098 1600228928
50.565 1600228928
52.3126 1600228928
53.4863 1600228928
59.098 1600228928
53.4707 1600228928
53.5369 1600228928
56.9738 1600228928
57.3746 1600228928
53.5372 1600228928
57.2204 1600228928
35.7233 1600228928
50.7048 1600228928
52.4219 1600228928
58.0846 1600228928
47.3519 1600228928
49.2701 1600228928
56.886300000000006 1600228928
58.1803 1600228928
49.263 1600228928
45.0534 1600228928
49.950900000000004 1600228928
54.3574 1600228928
49.7917 1600228928
58.2997 1600228928
49.1746 1600228928
57.8681 1600228928
53.2729 1600228928
54.7025 1600228928
57.958999999999996 1600228928
55.3181 1600228928
49.0839 1600228928
34.5978 1600228928
54.0687 1600228928
58.5523 1600228928
38.641200000000005 1600228928
40.509 1600228928
42.0159 1600228928
41.9267 1600228928
51.9692 1600228928
46.342800000000004 1600228928
54.068 1600228928
38.6667 1600228928
44.863499999999995 1600228928
39.1896 1600228928
40.6883 1600228928
56.4309 1600228928
47.5988 1600228928
56.932500000000005 1600228928
44.6601 1600228928
54.0672 1600228928
46.3101 1600228928
46.358200000000004 1600228928
52.019400000000005 1600228928
46.4629 1600228928
49.610099999999996 1600228928
56.2445 1600228928
49.4371 1600228928
61.558 1600228928
42.1442 1600228928
38.959799999999994 1600228928
45.5015 1600228928
45.6853 1600228928
50.8228 1600228928
58.305099999999996 1600228928
47.4934 1600228928
48.3393 1600228928
50.5826 1600228928
59.175000000000004 1600228928
48.2789 1600228928
48.1708 1600228928
52.1346 1600228928
56.7326 1600228928
47.5409 1600228928
55.3559 1600228928
52.7673 1600228928
56.1347 1600228928
57.012100000000004 1600228928
47.541399999999996 1600228928
57.1255 1600228928
52.4575 1600228928
53.7738 1600228928
43.3992 1600228928
53.2722 1600228928
55.5253 1600228928
40.5374 1600228928
48.2789 1600228928
56.1656 1600228928
51.954299999999996 1600228928
58.1107 1600228928
40.5371 1600228928
45.159 1600228928
51.771 1600228928
60.349799999999995 1600228928
52.1113 1600228928
48.7033 1600228928
52.6925 1600228928
42.5068 1600228928
59.3547 1600228928
48.1761 1600228928
48.0875 1600228928
53.3739 1600228928
54.675599999999996 1600228928
48.0195 1600228928
56.8141 1600228928
52.6135 1600228928
59.251599999999996 1600228928
54.9223 1600228928
57.0055 1600228928
56.0544 1600228928
56.920700000000004 1600228928
42.9123 1600228928
59.3548 1600228928
52.5168 1600228928
41.1109 1600228928
44.9895 1600228928
42.800599999999996 1600228928
53.1192 1600228928
46.309 1600228928
49.1472 1600228928
57.6577 1600228928
51.7168 1600228928
57.6278 1600228928
41.4656 1600228928
52.2724 1600228928
53.468399999999995 1600228928
54.8058 1600228928
61.0246 1600228928
45.0688 1600228928
57.846 1600228928
59.0032 1600228928
47.114999999999995 1600228928
49.3127 1600228928
55.0985 1600228928
56.5666 1600228928
48.758199999999995 1600228928
46.1769 1600228928
35.793499999999995 1600228928
53.5257 1600228928
38.2457 1600228928
43.0297 1600228928
48.1785 1600228928
58.5364 1600228928
57.7104 1600228928
52.048500000000004 1600228928
58.9655 1600228928
49.3129 1600228928
57.7581 1600228928
49.313 1600228928
54.044 1600228928
58.183499999999995 1600228928
47.045300000000005 1600228928
52.862500000000004 1600228928
56.3533 1600228928
57.5506 1600228928
57.8884 1600228928
33.338899999999995 1600228928
57.895199999999996 1600228928
42.947 1600228928
55.995 1600228928
40.8296 1600228928
61.003 1600228928
57.8005 1600228928
46.023399999999995 1600228928
38.41 1600228928
57.9809 1600228928
58.9699 1600228928
37.2126 1600228928
39.0074 1600228928
42.0301 1600228928
42.8813 1600228928
45.9636 1600228928
48.641 1600228928
53.1976 1600228928
59.1813 1600228928
55.033899999999996 1600228928
39.0077 1600228928
40.9014 1600228928
44.4327 1600228928
47.3567 1600228928
44.534800000000004 1600228928
52.3602 1600228928
53.7131 1600228928
45.1826 1600228928
58.1113 1600228928
55.4422 1600228928
58.2315 1600228928
56.5875 1600228928
56.5868 1600228928
57.8187 1600228928
41.6963 1600228928
47.8054 1600228928
57.8604 1600228928
48.1423 1600228928
51.5248 1600228928
60.959900000000005 1600228928
57.8058 1600228928
47.441700000000004 1600228928
49.602 1600228928
58.2516 1600228928
50.4884 1600228928
51.7339 1600228928
58.770199999999996 1600228928
51.383 1600228928
52.0473 1600228928
46.3369 1600228928
55.606700000000004 1600228928
51.290099999999995 1600228928
58.6982 1600228928
52.047200000000004 1600228928
35.1688 1600228928
51.114000000000004 1600228928
54.644499999999994 1600228928
43.3778 1600228928
54.9464 1600228928
47.3568 1600228928
57.569900000000004 1600228928
33.2601 1600228928
48.1739 1600228928
57.3786 1600228928
35.628 1600228928
38.5377 1600228928
57.1976 1600228928
50.3469 1600228928
53.5044 1600228928
57.781299999999995 1600228928
58.113299999999995 1600228928
39.3352 1600228928
38.048899999999996 1600228928
61.0581 1600228928
51.0451 1600228928
52.061099999999996 1600228928
56.701899999999995 1600228928
52.027 1600228928
51.964 1600228928
54.0142 1600228928
56.253 1600228928
54.6254 1600228928
58.370599999999996 1600228928
56.7014 1600228928
58.2997 1600228928
36.7918 1600228928
59.258500000000005 1600228928
49.4949 1600228928
40.660799999999995 1600228928
43.6328 1600228928
36.344100000000005 1600228928
46.3717 1600228928
57.107299999999995 1600228928
50.0685 1600228928
50.5076 1600228928
52.1231 1600228928
46.372 1600228928
52.1235 1600228928
57.675200000000004 1600228928
53.401 1600228928
58.3745 1600228928
52.8823 1600228928
59.3232 1600228928
58.842 1600228928
40.1639 1600228928
50.0671 1600228928
50.56 1600228928
59.1162 1600228928
59.1171 1600228928
53.5379 1600228928
59.737300000000005 1600228928
38.5271 1600228928
38.3528 1600228928
45.0754 1600228928
57.0203 1600228928
47.352000000000004 1600228928
36.7043 1600228928
40.7635 1600228928
46.208099999999995 1600228928
50.6609 1600228928
52.2202 1600228928
52.9693 1600228928
53.6938 1600228928
55.845400000000005 1600228928
56.5367 1600228928
36.3609 1600228928
46.126799999999996 1600228928
57.0231 1600228928
48.7776 1600228928
49.2717 1600228928
59.314 1600228928
58.163199999999996 1600228928
53.7201 1600228928
58.5351 1600228928
32.7977 1600228928
51.616 1600228928
49.185500000000005 1600228928
52.4508 1600228928
51.613499999999995 1600228928
54.695699999999995 1600228928
49.262699999999995 1600228928
55.8465 1600228928
57.666799999999995 1600228928
50.9117 1600228928
57.503299999999996 1600228928
50.2049 1600228928
58.914 1600228928
50.8544 1600228928
58.3647 1600228928
51.025999999999996 1600228928
53.2768 1600228928
50.9353 1600228928
58.165800000000004 1600228928
52.2616 1600228928
54.0742 1600228928
51.438 1600228928
59.2095 1600228928
53.9651 1600228928
50.9777 1600228928
58.81 1600228928
52.0005 1600228928
55.604 1600228928
59.5481 1600228928
52.0684 1600228928
35.7025 1600228928
40.7727 1600228928
52.8114 1600228928
41.6799 1600228928
57.179300000000005 1600228928
54.0676 1600228928
58.3637 1600228928
56.714299999999994 1600228928
45.0124 1600228928
56.6562 1600228928
57.0289 1600228928
41.5769 1600228928
