105.5061 1600352266
129.0438 1600352266
116.3295 1600352266
117.2191 1600352266
121.4306 1600352266
125.849 1600352266
126.3213 1600352266
92.9493 1600352266
62.1731 1600352266
104.5162 1600352266
126.316 1600352266
119.0592 1600352266
127.31949999999999 1600352266
103.9795 1600352266
129.31 1600352266
109.2104 1600352266
106.0152 1600352266
122.70230000000001 1600352266
105.5044 1600352266
114.1501 1600352266
107.0478 1600352266
114.4055 1600352266
126.3208 1600352266
114.8159 1600352266
128.7261 1600352266
108.6884 1600352266
129.30069999999998 1600352266
112.27159999999999 1600352266
119.23649999999999 1600352266
114.5359 1600352266
117.4785 1600352266
115.389 1600352266
119.2393 1600352266
125.8562 1600352266
99.5025 1600352266
126.3159 1600352266
129.4539 1600352266
97.0396 1600352266
108.4848 1600352266
100.9777 1600352266
109.3806 1600352266
114.4057 1600352266
119.684 1600352266
115.1473 1600352266
120.0295 1600352266
124.8388 1600352266
128.9133 1600352266
120.7302 1600352266
102.0906 1600352266
129.4848 1600352266
102.7642 1600352266
124.65379999999999 1600352266
105.0097 1600352266
127.1865 1600352266
129.01559999999998 1600352266
103.9554 1600352266
110.9459 1600352266
65.999 1600352266
99.7558 1600352266
102.7682 1600352266
111.0735 1600352266
115.0907 1600352266
115.8563 1600352266
117.6694 1600352266
122.6965 1600352266
112.8443 1600352266
126.4519 1600352266
126.7414 1600352266
127.0759 1600352266
115.66029999999999 1600352266
127.5021 1600352266
129.1389 1600352266
117.21940000000001 1600352266
105.0181 1600352266
115.76719999999999 1600352266
117.839 1600352266
105.50959999999999 1600352266
118.0531 1600352266
124.6781 1600352266
119.64349999999999 1600352266
108.6895 1600352266
125.9368 1600352266
112.2627 1600352266
118.3786 1600352266
105.50410000000001 1600352266
126.4517 1600352266
69.74459999999999 1600352266
122.21350000000001 1600352266
126.6134 1600352266
124.8339 1600352266
111.7979 1600352266
126.4516 1600352266
126.6455 1600352266
124.6387 1600352266
127.6792 1600352266
126.7431 1600352266
104.5864 1600352266
128.51860000000002 1600352266
100.2178 1600352266
129.48479999999998 1600352266
110.1827 1600352266
101.36019999999999 1600352266
110.3555 1600352266
111.0732 1600352266
117.8473 1600352266
113.5635 1600352266
110.2042 1600352266
120.02850000000001 1600352266
122.6985 1600352266
124.8719 1600352266
50.952200000000005 1600352266
101.4495 1600352266
126.5019 1600352266
128.83180000000002 1600352266
105.5158 1600352266
110.3568 1600352266
128.7603 1600352266
110.9391 1600352266
114.2127 1600352266
124.6519 1600352266
113.85889999999999 1600352266
125.5412 1600352266
111.0709 1600352266
126.55 1600352266
46.6505 1600352266
127.1868 1600352266
103.6541 1600352266
115.6194 1600352266
113.8535 1600352266
125.33420000000001 1600352266
127.8855 1600352266
114.4071 1600352266
118.3789 1600352266
119.222 1600352266
114.09009999999999 1600352266
120.2975 1600352266
121.3352 1600352266
122.6948 1600352266
127.50260000000002 1600352266
128.8676 1600352266
119.4112 1600352266
109.2085 1600352266
123.786 1600352266
102.7693 1600352266
129.48639999999997 1600352266
102.7512 1600352266
114.0695 1600352266
108.8142 1600352266
116.3635 1600352266
126.2072 1600352266
115.1468 1600352266
125.8179 1600352266
127.6564 1600352266
128.51059999999998 1600352266
128.86759999999998 1600352266
111.0709 1600352266
117.8378 1600352266
108.62559999999999 1600352266
129.0679 1600352266
109.2188 1600352266
123.6994 1600352266
114.4066 1600352266
115.7602 1600352266
123.0889 1600352266
125.8185 1600352266
126.40050000000001 1600352266
126.6622 1600352266
127.0755 1600352266
114.21300000000001 1600352266
108.8143 1600352266
127.5782 1600352266
129.17729999999997 1600352266
120.0277 1600352266
110.7638 1600352266
120.32169999999999 1600352266
120.0279 1600352266
123.7187 1600352266
121.4302 1600352266
129.1366 1600352266
110.61489999999999 1600352266
121.31609999999999 1600352266
125.3347 1600352266
127.4238 1600352266
127.7196 1600352266
129.1544 1600352266
100.7241 1600352266
112.2649 1600352266
116.0866 1600352266
115.6579 1600352266
122.7028 1600352266
122.2392 1600352266
102.5587 1600352266
123.699 1600352266
67.2224 1600352266
105.9839 1600352266
125.9368 1600352266
108.4735 1600352266
118.6931 1600352266
118.38 1600352266
125.2809 1600352266
126.4006 1600352266
108.7415 1600352266
126.8373 1600352266
126.9873 1600352266
129.1773 1600352266
74.776 1600352266
104.5174 1600352266
56.716100000000004 1600352266
108.8725 1600352266
109.3704 1600352266
75.77409999999999 1600352266
115.3618 1600352266
118.7775 1600352266
118.0536 1600352266
124.11229999999999 1600352266
111.07209999999999 1600352266
110.93979999999999 1600352266
118.3796 1600352266
113.3855 1600352266
129.4512 1600352266
115.5348 1600352266
115.85589999999999 1600352266
121.9083 1600352266
108.7128 1600352266
110.2833 1600352266
121.9851 1600352266
128.8677 1600352266
115.85589999999999 1600352266
117.8427 1600352266
119.1031 1600352266
118.3819 1600352266
121.9058 1600352266
110.0898 1600352266
127.0757 1600352266
119.0789 1600352266
80.20100000000001 1600352266
119.7921 1600352266
112.8463 1600352266
119.0822 1600352266
123.7773 1600352266
120.20739999999999 1600352266
128.8293 1600352266
123.7777 1600352266
129.1368 1600352266
111.8154 1600352266
129.21079999999998 1600352266
80.9683 1600352266
82.9193 1600352266
116.01259999999999 1600352266
118.6308 1600352266
129.04430000000002 1600352266
119.5968 1600352266
81.7781 1600352266
119.5971 1600352266
120.62960000000001 1600352266
120.0513 1600352266
100.9919 1600352266
121.4305 1600352266
110.4953 1600352266
124.6809 1600352266
100.9754 1600352266
113.8587 1600352266
115.3321 1600352266
102.0496 1600352266
128.7118 1600352266
123.2262 1600352266
55.2091 1600352266
82.5219 1600352266
119.0592 1600352266
111.801 1600352266
114.5373 1600352266
121.2703 1600352266
113.23639999999999 1600352266
121.7066 1600352266
126.163 1600352266
115.1464 1600352266
115.8585 1600352266
102.9582 1600352266
126.32079999999999 1600352266
126.1881 1600352266
128.8676 1600352266
115.6599 1600352266
123.77759999999999 1600352266
123.6999 1600352266
124.6519 1600352266
124.8338 1600352266
126.6511 1600352266
125.0536 1600352266
113.854 1600352266
124.6386 1600352266
126.1946 1600352266
126.4845 1600352266
114.4028 1600352266
129.45180000000002 1600352266
126.4842 1600352266
128.9767 1600352266
119.8641 1600352266
106.66069999999999 1600352266
129.29260000000002 1600352266
86.9578 1600352266
108.1276 1600352266
115.1495 1600352266
108.6888 1600352266
108.6305 1600352266
123.2205 1600352266
123.786 1600352266
109.3811 1600352266
124.1397 1600352266
126.1627 1600352266
112.5043 1600352266
126.50319999999999 1600352266
113.2354 1600352266
120.3198 1600352266
126.672 1600352266
127.1711 1600352266
108.8998 1600352266
127.1711 1600352266
127.71990000000001 1600352266
129.1773 1600352266
117.3904 1600352266
118.5302 1600352266
119.05919999999999 1600352266
112.2621 1600352266
119.7172 1600352266
126.50319999999999 1600352266
127.7196 1600352266
128.4836 1600352266
112.8852 1600352266
128.57399999999998 1600352266
119.6944 1600352266
128.7261 1600352266
119.86500000000001 1600352266
87.8514 1600352266
95.1755 1600352266
129.13660000000002 1600352266
117.2072 1600352266
125.8569 1600352266
128.97580000000002 1600352266
95.4299 1600352266
120.3227 1600352266
126.737 1600352266
128.71200000000002 1600352266
102.959 1600352266
120.3214 1600352266
108.12679999999999 1600352266
128.85410000000002 1600352266
113.8612 1600352266
101.9899 1600352266
108.6888 1600352266
103.91279999999999 1600352266
118.69879999999999 1600352266
121.8646 1600352266
127.1464 1600352266
40.7113 1600352266
128.7117 1600352266
109.2191 1600352266
108.4783 1600352266
128.8673 1600352266
129.453 1600352266
111.8507 1600352266
110.0919 1600352266
115.3279 1600352266
120.7863 1600352266
117.3917 1600352266
124.26310000000001 1600352266
124.95609999999999 1600352266
125.8171 1600352266
48.9967 1600352266
129.21040000000002 1600352266
117.8396 1600352266
107.5347 1600352266
103.6473 1600352266
113.8624 1600352266
115.1481 1600352266
118.5299 1600352266
115.38929999999999 1600352266
124.7191 1600352266
128.82950000000002 1600352266
124.834 1600352266
115.99220000000001 1600352266
119.7919 1600352266
105.5386 1600352266
122.6964 1600352266
123.0889 1600352266
123.69930000000001 1600352266
126.0298 1600352266
115.72109999999999 1600352266
120.7786 1600352266
126.5373 1600352266
121.4306 1600352266
107.0479 1600352266
124.63850000000001 1600352266
125.858 1600352266
127.64139999999999 1600352266
108.8794 1600352266
111.0763 1600352266
129.0438 1600352266
43.6287 1600352266
115.4442 1600352266
129.31029999999998 1600352266
126.537 1600352266
115.3899 1600352266
119.2361 1600352266
119.1043 1600352266
76.8492 1600352266
123.0889 1600352266
127.0757 1600352266
128.7123 1600352266
109.37440000000001 1600352266
89.6644 1600352266
122.9368 1600352266
112.2663 1600352266
129.3005 1600352266
123.9484 1600352266
112.2957 1600352266
118.38119999999999 1600352266
118.7356 1600352266
118.6931 1600352266
121.9106 1600352266
125.8184 1600352266
108.6291 1600352266
127.95270000000001 1600352266
119.6937 1600352266
128.7416 1600352266
129.4847 1600352266
88.91799999999999 1600352266
93.2522 1600352266
109.7692 1600352266
126.1882 1600352266
38.3036 1600352266
58.7038 1600352266
128.57340000000002 1600352266
112.8854 1600352266
111.2483 1600352266
109.6392 1600352266
94.3787 1600352266
118.3801 1600352266
118.05449999999999 1600352266
119.0803 1600352266
96.7239 1600352266
118.6339 1600352266
126.7444 1600352266
112.88550000000001 1600352266
128.9759 1600352266
118.6928 1600352266
98.9117 1600352266
115.7229 1600352266
120.1211 1600352266
128.5729 1600352266
129.1361 1600352266
129.48600000000002 1600352266
120.3428 1600352266
105.5103 1600352266
124.6382 1600352266
105.291 1600352266
107.5424 1600352266
128.48329999999999 1600352266
111.8035 1600352266
123.9969 1600352266
123.8698 1600352266
109.20819999999999 1600352266
126.4519 1600352266
99.68939999999999 1600352266
128.5106 1600352266
123.0934 1600352266
100.67649999999999 1600352266
102.88069999999999 1600352266
129.01559999999998 1600352266
108.1254 1600352266
126.8367 1600352266
127.5022 1600352266
115.1382 1600352266
115.5337 1600352266
109.3786 1600352266
119.8912 1600352266
109.6365 1600352266
116.3991 1600352266
128.7293 1600352266
118.69279999999999 1600352266
122.6939 1600352266
114.4069 1600352266
125.2821 1600352266
118.632 1600352266
127.64129999999999 1600352266
128.97650000000002 1600352266
120.0361 1600352266
119.5972 1600352266
123.4465 1600352266
120.617 1600352266
128.8292 1600352266
118.8062 1600352266
103.8559 1600352266
123.08879999999999 1600352266
110.9391 1600352266
92.7675 1600352266
123.4466 1600352266
110.0879 1600352266
126.1623 1600352266
111.8041 1600352266
109.6424 1600352266
123.9972 1600352266
111.8006 1600352266
121.04929999999999 1600352266
113.85889999999999 1600352266
124.9754 1600352266
123.2167 1600352266
34.0086 1600352266
125.8179 1600352266
126.737 1600352266
126.7419 1600352266
113.5639 1600352266
0.01550000000000007 1600352266
