68.8595 1600349724
53.079299999999996 1600349724
62.8922 1600349724
69.4467 1600349724
50.455799999999996 1600349724
62.6265 1600349724
56.3412 1600349724
14.3134 1600349724
65.9864 1600349724
69.5776 1600349724
69.7584 1600349724
69.89240000000001 1600349724
70.0186 1600349724
62.6889 1600349724
41.4587 1600349724
56.3406 1600349724
62.698299999999996 1600349724
43.5425 1600349724
68.29180000000001 1600349724
67.24000000000001 1600349724
63.603100000000005 1600349724
69.00489999999999 1600349724
44.730199999999996 1600349724
53.0769 1600349724
4.891400000000001 1600349724
57.59010000000001 1600349724
62.891400000000004 1600349724
68.9641 1600349724
57.5775 1600349724
68.4614 1600349724
61.3512 1600349724
50.0754 1600349724
68.46180000000001 1600349724
58.3699 1600349724
50.302400000000006 1600349724
60.596700000000006 1600349724
69.7029 1600349724
69.90090000000001 1600349724
62.1132 1600349724
45.2673 1600349724
62.6913 1600349724
43.929500000000004 1600349724
47.502500000000005 1600349724
63.544 1600349724
64.41449999999999 1600349724
46.6518 1600349724
69.32520000000001 1600349724
67.2401 1600349724
55.7714 1600349724
69.6404 1600349724
45.720400000000005 1600349724
53.7996 1600349724
60.6103 1600349724
56.3391 1600349724
66.1257 1600349724
69.70280000000001 1600349724
48.281 1600349724
60.5991 1600349724
57.5769 1600349724
62.0388 1600349724
64.29209999999999 1600349724
62.5615 1600349724
64.104 1600349724
68.45880000000001 1600349724
68.9358 1600349724
53.7541 1600349724
68.31320000000001 1600349724
61.3563 1600349724
60.6099 1600349724
50.7143 1600349724
69.7141 1600349724
63.544200000000004 1600349724
56.6944 1600349724
62.7869 1600349724
64.2628 1600349724
67.24140000000001 1600349724
64.10340000000001 1600349724
47.5093 1600349724
62.6924 1600349724
51.932300000000005 1600349724
67.242 1600349724
57.862500000000004 1600349724
57.7899 1600349724
69.44659999999999 1600349724
45.717200000000005 1600349724
62.948 1600349724
58.3704 1600349724
64.1036 1600349724
63.410900000000005 1600349724
65.5794 1600349724
28.374399999999998 1600349724
64.5916 1600349724
68.8264 1600349724
59.24 1600349724
30.612099999999998 1600349724
48.2853 1600349724
57.7894 1600349724
69.80189999999999 1600349724
62.6895 1600349724
63.5388 1600349724
48.9851 1600349724
66.12620000000001 1600349724
69.6411 1600349724
31.4168 1600349724
63.5429 1600349724
51.412600000000005 1600349724
67.83059999999999 1600349724
62.096700000000006 1600349724
51.143100000000004 1600349724
69.3937 1600349724
51.304100000000005 1600349724
61.3511 1600349724
69.7591 1600349724
63.5392 1600349724
64.2617 1600349724
41.043 1600349724
51.529300000000006 1600349724
39.1887 1600349724
57.5766 1600349724
69.6606 1600349724
54.4398 1600349724
50.075700000000005 1600349724
53.810900000000004 1600349724
65.63900000000001 1600349724
44.452400000000004 1600349724
57.5727 1600349724
62.891 1600349724
63.7514 1600349724
69.57770000000001 1600349724
65.9862 1600349724
62.0964 1600349724
48.2858 1600349724
63.6347 1600349724
69.3849 1600349724
46.6629 1600349724
54.6826 1600349724
53.0762 1600349724
57.6942 1600349724
62.1094 1600349724
58.2657 1600349724
62.3649 1600349724
67.2571 1600349724
67.2415 1600349724
46.2484 1600349724
70.01870000000001 1600349724
67.9293 1600349724
54.438900000000004 1600349724
67.24170000000001 1600349724
56.653999999999996 1600349724
53.7476 1600349724
57.578 1600349724
47.5099 1600349724
57.6919 1600349724
62.6892 1600349724
63.6344 1600349724
65.5773 1600349724
47.4293 1600349724
67.9294 1600349724
67.239 1600349724
64.5914 1600349724
67.24199999999999 1600349724
68.8601 1600349724
55.7723 1600349724
69.39510000000001 1600349724
69.8351 1600349724
51.311600000000006 1600349724
48.2851 1600349724
53.7592 1600349724
63.4109 1600349724
57.597100000000005 1600349724
55.7691 1600349724
68.3337 1600349724
50.304300000000005 1600349724
63.7447 1600349724
56.651399999999995 1600349724
63.72899999999999 1600349724
56.3453 1600349724
69.3849 1600349724
57.6908 1600349724
58.3694 1600349724
62.6973 1600349724
60.5963 1600349724
67.8301 1600349724
57.1432 1600349724
68.3875 1600349724
61.351800000000004 1600349724
50.711600000000004 1600349724
58.2756 1600349724
69.45519999999999 1600349724
62.6894 1600349724
69.7586 1600349724
63.538500000000006 1600349724
0.008099999999999996 1600349724
57.9961 1600349724
61.3571 1600349724
59.242 1600349724
69.3705 1600349724
64.26299999999999 1600349724
44.443200000000004 1600349724
62.097300000000004 1600349724
67.24040000000001 1600349724
65.9859 1600349724
67.23970000000001 1600349724
69.27260000000001 1600349724
69.7141 1600349724
51.805 1600349724
2.5445 1600349724
57.5737 1600349724
56.653600000000004 1600349724
61.3717 1600349724
62.0965 1600349724
69.4462 1600349724
57.6938 1600349724
53.7507 1600349724
57.575 1600349724
67.9953 1600349724
59.2408 1600349724
50.075100000000006 1600349724
58.367799999999995 1600349724
69.66090000000001 1600349724
62.5727 1600349724
50.3096 1600349724
62.0973 1600349724
63.7447 1600349724
69.88010000000001 1600349724
67.239 1600349724
53.7503 1600349724
62.1143 1600349724
42.316300000000005 1600349724
63.5383 1600349724
56.6945 1600349724
67.8297 1600349724
68.2717 1600349724
53.0775 1600349724
63.4107 1600349724
62.0994 1600349724
64.6217 1600349724
43.306 1600349724
63.7682 1600349724
63.410900000000005 1600349724
64.26440000000001 1600349724
67.2577 1600349724
65.98639999999999 1600349724
42.784000000000006 1600349724
53.0784 1600349724
68.3625 1600349724
67.8292 1600349724
64.1031 1600349724
67.2414 1600349724
69.9722 1600349724
45.262299999999996 1600349724
46.6561 1600349724
62.5616 1600349724
48.2822 1600349724
57.8726 1600349724
69.75890000000001 1600349724
57.5776 1600349724
50.8264 1600349724
57.995 1600349724
63.76630000000001 1600349724
64.42420000000001 1600349724
47.899300000000004 1600349724
69.64070000000001 1600349724
53.1111 1600349724
51.9384 1600349724
54.4377 1600349724
70.01780000000001 1600349724
57.693900000000006 1600349724
57.5775 1600349724
58.3668 1600349724
69.3699 1600349724
60.5993 1600349724
57.1454 1600349724
59.2415 1600349724
67.2455 1600349724
26.05 1600349724
62.3652 1600349724
65.5765 1600349724
68.38539999999999 1600349724
53.749 1600349724
44.7213 1600349724
59.2397 1600349724
64.26660000000001 1600349724
59.2425 1600349724
53.0759 1600349724
64.26360000000001 1600349724
67.82990000000001 1600349724
44.4429 1600349724
68.36200000000001 1600349724
57.5765 1600349724
69.6414 1600349724
56.6539 1600349724
48.281 1600349724
65.5973 1600349724
67.8289 1600349724
57.5762 1600349724
68.36250000000001 1600349724
69.3947 1600349724
69.87920000000001 1600349724
47.429100000000005 1600349724
50.3163 1600349724
63.5385 1600349724
59.250800000000005 1600349724
57.1429 1600349724
68.96379999999999 1600349724
69.6406 1600349724
63.4115 1600349724
60.597 1600349724
66.0351 1600349724
63.5379 1600349724
67.9472 1600349724
67.23989999999999 1600349724
68.2716 1600349724
50.078 1600349724
61.3512 1600349724
50.7109 1600349724
69.3257 1600349724
50.7195 1600349724
69.80160000000001 1600349724
53.7492 1600349724
56.652100000000004 1600349724
61.3519 1600349724
20.9099 1600349724
67.82990000000001 1600349724
69.68700000000001 1600349724
56.3407 1600349724
33.661300000000004 1600349724
58.3674 1600349724
53.0797 1600349724
63.410700000000006 1600349724
57.577400000000004 1600349724
63.7665 1600349724
65.98740000000001 1600349724
67.2416 1600349724
67.8294 1600349724
58.2655 1600349724
63.543800000000005 1600349724
69.6417 1600349724
68.4577 1600349724
63.411300000000004 1600349724
69.5779 1600349724
58.2652 1600349724
48.540200000000006 1600349724
57.5733 1600349724
62.6248 1600349724
61.3524 1600349724
60.5968 1600349724
35.575900000000004 1600349724
44.5209 1600349724
39.1712 1600349724
62.3647 1600349724
50.7139 1600349724
68.9639 1600349724
69.89980000000001 1600349724
58.366400000000006 1600349724
62.030100000000004 1600349724
63.635000000000005 1600349724
61.3543 1600349724
63.5399 1600349724
68.4612 1600349724
53.7798 1600349724
68.32960000000001 1600349724
50.454800000000006 1600349724
61.356100000000005 1600349724
57.5903 1600349724
43.7005 1600349724
69.7029 1600349724
68.8258 1600349724
63.543400000000005 1600349724
62.0289 1600349724
23.920199999999998 1600349724
43.5433 1600349724
64.59150000000001 1600349724
63.411100000000005 1600349724
65.5784 1600349724
67.2416 1600349724
48.2902 1600349724
68.2835 1600349724
46.659 1600349724
58.0083 1600349724
61.3504 1600349724
59.2418 1600349724
45.990700000000004 1600349724
62.0443 1600349724
61.3504 1600349724
45.7142 1600349724
50.455200000000005 1600349724
66.12639999999999 1600349724
62.6902 1600349724
65.57870000000001 1600349724
68.8594 1600349724
61.351200000000006 1600349724
59.243300000000005 1600349724
64.2622 1600349724
64.12349999999999 1600349724
67.8315 1600349724
69.28970000000001 1600349724
65.5771 1600349724
69.9007 1600349724
69.57759999999999 1600349724
51.2177 1600349724
33.6621 1600349724
65.9863 1600349724
53.7492 1600349724
62.7877 1600349724
53.7778 1600349724
65.6848 1600349724
60.610200000000006 1600349724
57.695600000000006 1600349724
65.5987 1600349724
63.410900000000005 1600349724
56.344100000000005 1600349724
69.9009 1600349724
69.3847 1600349724
63.4108 1600349724
66.14540000000001 1600349724
67.24249999999999 1600349724
57.691 1600349724
40.5613 1600349724
67.9588 1600349724
50.073600000000006 1600349724
67.83399999999999 1600349724
59.242200000000004 1600349724
54.6222 1600349724
65.57660000000001 1600349724
56.7003 1600349724
55.7654 1600349724
66.0417 1600349724
11.709900000000001 1600349724
67.2396 1600349724
58.266200000000005 1600349724
65.9868 1600349724
58.3675 1600349724
56.6523 1600349724
68.4627 1600349724
57.9949 1600349724
61.3515 1600349724
68.27120000000001 1600349724
65.5779 1600349724
62.6902 1600349724
63.1806 1600349724
45.710899999999995 1600349724
68.3319 1600349724
50.4574 1600349724
63.603300000000004 1600349724
69.6423 1600349724
56.701699999999995 1600349724
50.8266 1600349724
53.777499999999996 1600349724
39.9372 1600349724
67.83030000000001 1600349724
62.3661 1600349724
62.0298 1600349724
68.312 1600349724
44.597500000000004 1600349724
67.8292 1600349724
53.7546 1600349724
69.4457 1600349724
46.655 1600349724
57.693999999999996 1600349724
64.6217 1600349724
57.9959 1600349724
60.6107 1600349724
63.6346 1600349724
65.9868 1600349724
69.8793 1600349724
65.69380000000001 1600349724
60.599900000000005 1600349724
65.98670000000001 1600349724
69.70259999999999 1600349724
60.6097 1600349724
47.511 1600349724
64.4144 1600349724
69.90010000000001 1600349724
50.956300000000006 1600349724
69.37020000000001 1600349724
51.304 1600349724
61.3537 1600349724
67.2415 1600349724
63.5439 1600349724
67.23970000000001 1600349724
48.280499999999996 1600349724
42.3084 1600349724
65.98729999999999 1600349724
68.47130000000001 1600349724
23.086299999999998 1600349724
69.75890000000001 1600349724
57.576100000000004 1600349724
50.7127 1600349724
50.309200000000004 1600349724
62.6935 1600349724
65.5986 1600349724
67.84270000000001 1600349724
68.3121 1600349724
68.8605 1600349724
65.98689999999999 1600349724
68.3619 1600349724
69.9 1600349724
57.9957 1600349724
68.2714 1600349724
58.3679 1600349724
68.2711 1600349724
54.438 1600349724
51.305800000000005 1600349724
51.802600000000005 1600349724
54.6191 1600349724
62.6999 1600349724
56.691900000000004 1600349724
63.5438 1600349724
67.2391 1600349724
56.3425 1600349724
67.2399 1600349724
