6.4068 1600463862
6.4067 1600463862
6.4068000000000005 1600463862
6.4066 1600463862
6.4068000000000005 1600463862
5.7313 1600463862
5.7311 1600463862
5.7312 1600463862
5.7312 1600463862
5.731199999999999 1600463862
5.3306000000000004 1600463862
5.3306000000000004 1600463862
5.3305 1600463862
5.3304 1600463862
5.3305 1600463862
5.5657 1600463862
5.5657000000000005 1600463862
5.5654 1600463862
5.5657000000000005 1600463862
5.565799999999999 1600463862
5.0869 1600463862
5.0868 1600463862
5.086799999999999 1600463862
5.0868 1600463862
5.0869 1600463862
6.739800000000001 1600463862
6.739800000000001 1600463862
6.7397 1600463862
6.7398 1600463862
6.7398 1600463862
6.5949 1600463862
6.5949 1600463862
6.5949 1600463862
6.5949 1600463862
6.5949 1600463862
6.1696 1600463862
6.169700000000001 1600463862
6.1696 1600463862
6.1693 1600463862
6.1696 1600463862
6.447900000000001 1600463862
6.4479 1600463862
6.448 1600463862
6.4479 1600463862
6.4479999999999995 1600463862
6.6006 1600463862
6.6007 1600463862
6.600700000000001 1600463862
6.6006 1600463862
6.600700000000001 1600463862
5.5792 1600463862
5.5793 1600463862
5.5792 1600463862
5.579199999999999 1600463862
5.5792 1600463862
5.9269 1600463862
5.926900000000001 1600463862
5.9270000000000005 1600463862
5.9269 1600463862
5.9270000000000005 1600463862
6.8621 1600463862
6.8622000000000005 1600463862
6.8621 1600463862
6.8622 1600463862
6.862100000000001 1600463862
6.9721 1600463862
6.972 1600463862
6.972 1600463862
6.9719 1600463862
6.9719999999999995 1600463862
6.5398 1600463862
6.5399 1600463862
6.5396 1600463862
6.5399 1600463862
6.5398 1600463862
6.660500000000001 1600463862
6.6607 1600463862
6.660500000000001 1600463862
6.6605 1600463862
6.6606000000000005 1600463862
5.086399999999999 1600463862
5.0864 1600463862
5.0864 1600463862
5.0865 1600463862
5.0865 1600463862
6.6172 1600463862
6.6173 1600463862
6.6173 1600463862
6.6171 1600463862
6.616899999999999 1600463862
6.4893 1600463862
6.4894 1600463862
6.489199999999999 1600463862
6.489199999999999 1600463862
6.4895000000000005 1600463862
6.9046 1600463862
6.9046 1600463862
6.9047 1600463862
6.9047 1600463862
6.9047 1600463862
5.2194 1600463862
5.2194 1600463862
5.219399999999999 1600463862
5.2194 1600463862
5.219399999999999 1600463862
6.3358 1600463862
6.3354 1600463862
6.335500000000001 1600463862
6.3358 1600463862
6.3355999999999995 1600463862
6.9177 1600463862
6.917700000000001 1600463862
6.9177 1600463862
6.9177 1600463862
6.9177 1600463862
5.572 1600463862
5.572 1600463862
5.572 1600463862
5.572 1600463862
5.572 1600463862
6.1283 1600463862
6.1282000000000005 1600463862
6.1283 1600463862
6.128299999999999 1600463862
6.1282 1600463862
6.8499 1600463862
6.8499 1600463862
6.8499 1600463862
6.8498 1600463862
6.8496 1600463862
6.2532000000000005 1600463862
6.2532000000000005 1600463862
6.2531 1600463862
6.2531 1600463862
6.2532000000000005 1600463862
6.837 1600463862
6.8369 1600463862
6.837 1600463862
6.8369 1600463862
6.8369 1600463862
6.8969 1600463862
6.897 1600463862
6.8969 1600463862
6.8968 1600463862
6.8968 1600463862
6.9641 1600463862
6.9641 1600463862
6.9641 1600463862
6.9639999999999995 1600463862
6.964200000000001 1600463862
6.188300000000001 1600463862
6.1882 1600463862
6.1881 1600463862
6.1882 1600463862
6.1881 1600463862
6.9066 1600463862
6.9066 1600463862
6.9065 1600463862
6.906700000000001 1600463862
6.9066 1600463862
5.4491000000000005 1600463862
5.4491000000000005 1600463862
5.4491 1600463862
5.4492 1600463862
5.4492 1600463862
6.9118 1600463862
6.9119 1600463862
6.9117 1600463862
6.911700000000001 1600463862
6.9117999999999995 1600463862
6.960500000000001 1600463862
6.960400000000001 1600463862
6.9605 1600463862
6.9604 1600463862
6.9604 1600463862
6.859500000000001 1600463862
6.8594 1600463862
6.8594 1600463862
6.8594 1600463862
6.859500000000001 1600463862
6.4188 1600463862
6.418900000000001 1600463862
6.4188 1600463862
6.4189 1600463862
6.4188 1600463862
5.6568 1600463862
5.6569 1600463862
5.656899999999999 1600463862
5.6569 1600463862
5.6568000000000005 1600463862
6.2822000000000005 1600463862
6.2822 1600463862
6.2822 1600463862
6.2822 1600463862
6.2822000000000005 1600463862
6.7533 1600463862
6.7532000000000005 1600463862
6.753299999999999 1600463862
6.7533 1600463862
6.7532 1600463862
6.827500000000001 1600463862
6.827500000000001 1600463862
6.8276 1600463862
6.8274 1600463862
6.827500000000001 1600463862
5.8279000000000005 1600463862
5.8279 1600463862
5.8278 1600463862
5.8279000000000005 1600463862
5.827800000000001 1600463862
6.1245 1600463862
6.1244 1600463862
6.124499999999999 1600463862
6.1245 1600463862
6.124 1600463862
6.719 1600463862
6.719 1600463862
6.7189 1600463862
6.719 1600463862
6.719 1600463862
5.1451 1600463862
5.145 1600463862
5.1451 1600463862
5.145099999999999 1600463862
5.1451 1600463862
6.7796 1600463862
6.7798 1600463862
6.7797 1600463862
6.7797 1600463862
6.7797 1600463862
6.771199999999999 1600463862
6.771199999999999 1600463862
6.7713 1600463862
6.7712 1600463862
6.7713 1600463862
6.6603 1600463862
6.6603 1600463862
6.6604 1600463862
6.6603 1600463862
6.6604 1600463862
6.6314 1600463862
6.631500000000001 1600463862
6.6315 1600463862
6.631200000000001 1600463862
6.631500000000001 1600463862
5.5882000000000005 1600463862
5.5882000000000005 1600463862
5.5883 1600463862
5.5883 1600463862
5.5882000000000005 1600463862
5.933 1600463862
5.933000000000001 1600463862
5.933 1600463862
5.933000000000001 1600463862
5.9331000000000005 1600463862
6.8816 1600463862
6.8815 1600463862
6.8818 1600463862
6.8816 1600463862
6.881500000000001 1600463862
5.1306 1600463862
5.1307 1600463862
5.1304 1600463862
5.1305000000000005 1600463862
5.1307 1600463862
6.571000000000001 1600463862
6.5709 1600463862
6.5708 1600463862
6.571 1600463862
6.571 1600463862
6.6575 1600463862
6.6576 1600463862
6.6576 1600463862
6.6575999999999995 1600463862
6.657500000000001 1600463862
6.553999999999999 1600463862
6.5541 1600463862
6.5541 1600463862
6.554 1600463862
6.5541 1600463862
6.7697 1600463862
6.7696000000000005 1600463862
6.7695 1600463862
6.7696000000000005 1600463862
6.7696000000000005 1600463862
6.4071 1600463862
6.4071 1600463862
6.4072000000000005 1600463862
6.4072 1600463862
6.4071 1600463862
6.3464 1600463862
6.3463 1600463862
6.3466 1600463862
6.3464 1600463862
6.346299999999999 1600463862
6.5029 1600463862
6.5029 1600463862
6.5029 1600463862
6.5028999999999995 1600463862
6.5029 1600463862
6.9413 1600463862
6.9413 1600463862
6.9413 1600463862
6.9413 1600463862
6.941400000000001 1600463862
6.3786000000000005 1600463862
6.3786000000000005 1600463862
6.3787 1600463862
6.3785 1600463862
6.3787 1600463862
6.9 1600463862
6.8999999999999995 1600463862
6.8998 1600463862
6.9 1600463862
6.9 1600463862
5.082 1600463862
5.0822 1600463862
5.0822 1600463862
5.0821 1600463862
5.0821000000000005 1600463862
5.0933 1600463862
5.0933 1600463862
5.0931 1600463862
5.093299999999999 1600463862
5.0933 1600463862
6.9251000000000005 1600463862
6.925 1600463862
6.925 1600463862
6.925 1600463862
6.9251 1600463862
6.8884 1600463862
6.8884 1600463862
6.8884 1600463862
6.8884 1600463862
6.888400000000001 1600463862
6.3145 1600463862
6.3145 1600463862
6.3144 1600463862
6.3143 1600463862
6.314299999999999 1600463862
6.9469 1600463862
6.9469 1600463862
6.9468000000000005 1600463862
6.9467 1600463862
6.946899999999999 1600463862
6.8408999999999995 1600463862
6.8408 1600463862
6.8408 1600463862
6.840800000000001 1600463862
6.8409 1600463862
6.5360000000000005 1600463862
6.5359 1600463862
6.5359 1600463862
6.5359 1600463862
6.5359 1600463862
6.6222 1600463862
6.622199999999999 1600463862
6.622199999999999 1600463862
6.6222 1600463862
6.6223 1600463862
6.1617 1600463862
6.1617 1600463862
6.1617 1600463862
6.1617 1600463862
6.161700000000001 1600463862
5.9912 1600463862
5.9912 1600463862
5.9911 1600463862
5.991099999999999 1600463862
5.991 1600463862
6.8149 1600463862
6.8148 1600463862
6.8147 1600463862
6.814900000000001 1600463862
6.8146 1600463862
6.4769 1600463862
6.4769000000000005 1600463862
6.4769000000000005 1600463862
6.4769000000000005 1600463862
6.4768 1600463862
6.9223 1600463862
6.9222 1600463862
6.922300000000001 1600463862
6.9224 1600463862
6.922300000000001 1600463862
6.4833 1600463862
6.4831 1600463862
6.4832 1600463862
6.4832 1600463862
6.4832 1600463862
6.9577 1600463862
6.9576 1600463862
6.9577 1600463862
6.9577 1600463862
6.957599999999999 1600463862
6.1195 1600463862
6.1195 1600463862
6.119400000000001 1600463862
6.1193 1600463862
6.1194 1600463862
5.5801 1600463862
5.5802000000000005 1600463862
5.5801 1600463862
5.5802000000000005 1600463862
5.5801 1600463862
5.8836 1600463862
5.8836 1600463862
5.8836 1600463862
5.8837 1600463862
5.8837 1600463862
6.6331999999999995 1600463862
6.6331999999999995 1600463862
6.6334 1600463862
6.6333 1600463862
6.6329 1600463862
6.9635 1600463862
6.963500000000001 1600463862
6.9634 1600463862
6.9634 1600463862
6.9634 1600463862
6.4634 1600463862
6.4633 1600463862
6.4634 1600463862
6.4633 1600463862
6.4634 1600463862
6.168200000000001 1600463862
6.1683 1600463862
6.1682 1600463862
6.1683 1600463862
6.1683 1600463862
6.8038 1600463862
6.8034 1600463862
6.803800000000001 1600463862
6.803800000000001 1600463862
6.803599999999999 1600463862
6.8759 1600463862
6.8759 1600463862
6.8756 1600463862
6.875900000000001 1600463862
6.8759 1600463862
6.6067 1600463862
6.6067 1600463862
6.6065000000000005 1600463862
6.6067 1600463862
6.606400000000001 1600463862
5.8364 1600463862
5.8363000000000005 1600463862
5.8363000000000005 1600463862
5.8364 1600463862
5.8363000000000005 1600463862
6.6841 1600463862
6.684200000000001 1600463862
6.6841 1600463862
6.6842 1600463862
6.6841 1600463862
6.9068000000000005 1600463862
6.9069 1600463862
6.9068 1600463862
6.906899999999999 1600463862
6.9068000000000005 1600463862
5.9596 1600463862
5.9596 1600463862
5.9596 1600463862
5.9596 1600463862
5.9596 1600463862
5.5413 1600463862
5.5413 1600463862
5.541399999999999 1600463862
5.5414 1600463862
5.5414 1600463862
6.4454 1600463862
6.4455 1600463862
6.4455 1600463862
6.4453000000000005 1600463862
6.4455 1600463862
6.4459 1600463862
6.4458 1600463862
6.4459 1600463862
6.445900000000001 1600463862
6.4459 1600463862
6.7343 1600463862
6.7344 1600463862
6.734400000000001 1600463862
6.7344 1600463862
6.7344 1600463862
6.4644 1600463862
6.4645 1600463862
6.4645 1600463862
6.4644 1600463862
6.4643999999999995 1600463862
6.8501 1600463862
6.8502 1600463862
6.8499 1600463862
6.8502 1600463862
6.8501 1600463862
6.878 1600463862
6.8781 1600463862
6.8781 1600463862
6.878 1600463862
6.878 1600463862
6.8199000000000005 1600463862
6.82 1600463862
6.8199000000000005 1600463862
6.8199 1600463862
6.819999999999999 1600463862
6.8574 1600463862
6.8574 1600463862
6.857200000000001 1600463862
6.857 1600463862
6.8574 1600463862
5.7848 1600463862
5.7848999999999995 1600463862
5.7847 1600463862
5.7848 1600463862
5.7849 1600463862
6.1095 1600463862
6.1095 1600463862
6.109500000000001 1600463862
6.1095 1600463862
6.109500000000001 1600463862
6.5527 1600463862
6.5526 1600463862
6.5527 1600463862
6.5527999999999995 1600463862
6.5527 1600463862
6.8858999999999995 1600463862
6.8859 1600463862
6.8859 1600463862
6.885800000000001 1600463862
6.8858999999999995 1600463862
5.4959 1600463862
5.4958 1600463862
5.4959 1600463862
5.4959 1600463862
5.495900000000001 1600463862
5.3168 1600463862
5.3168 1600463862
5.3169 1600463862
5.3168 1600463862
5.3168 1600463862
6.1431000000000004 1600463862
6.1431000000000004 1600463862
6.1431 1600463862
6.1432 1600463862
6.143199999999999 1600463862
6.959099999999999 1600463862
6.9592 1600463862
6.959 1600463862
6.9591 1600463862
6.9592 1600463862
6.8783 1600463862
6.8783 1600463862
6.8783 1600463862
6.8782 1600463862
6.8783 1600463862
5.371600000000001 1600463862
5.3715 1600463862
5.3716 1600463862
5.3715 1600463862
5.3715 1600463862
6.0356000000000005 1600463862
6.035500000000001 1600463862
6.0355 1600463862
6.0355 1600463862
6.0354 1600463862
5.7561 1600463862
5.7561 1600463862
5.7562 1600463862
5.7561 1600463862
5.7562 1600463862
6.7971 1600463862
6.7971 1600463862
6.797000000000001 1600463862
6.7971 1600463862
6.797 1600463862
6.7757 1600463862
6.7757000000000005 1600463862
6.7757 1600463862
6.7757000000000005 1600463862
6.7757 1600463862
6.957400000000001 1600463862
6.957199999999999 1600463862
6.9574 1600463862
6.9573 1600463862
6.9574 1600463862
6.894900000000001 1600463862
6.8949 1600463862
6.8948 1600463862
6.8949 1600463862
6.8949 1600463862
6.3638 1600463862
6.3637999999999995 1600463862
6.3637 1600463862
6.3638 1600463862
6.3638 1600463862
6.3101 1600463862
6.3103 1600463862
6.3102 1600463862
6.3102 1600463862
6.310099999999999 1600463862
6.3124 1600463862
6.3124 1600463862
6.312399999999999 1600463862
6.3124 1600463862
6.3124 1600463862
5.847700000000001 1600463862
5.8477 1600463862
5.8477 1600463862
5.847700000000001 1600463862
5.847700000000001 1600463862
5.6786 1600463862
5.6786 1600463862
5.6787 1600463862
5.6786 1600463862
5.6786 1600463862
5.1597 1600463862
5.159800000000001 1600463862
5.159599999999999 1600463862
5.1598 1600463862
5.159800000000001 1600463862
6.2386 1600463862
6.2386 1600463862
6.2386 1600463862
6.2386 1600463862
6.2386 1600463862
5.945 1600463862
5.9449000000000005 1600463862
5.945 1600463862
5.945 1600463862
5.9451 1600463862
6.4265 1600463862
6.4265 1600463862
6.426500000000001 1600463862
6.4265 1600463862
6.4264 1600463862
6.9405 1600463862
6.9405 1600463862
6.9406 1600463862
6.940600000000001 1600463862
6.940600000000001 1600463862
6.9265 1600463862
6.9264 1600463862
6.9264 1600463862
6.9264 1600463862
6.9263 1600463862
5.8406 1600463862
5.8405 1600463862
5.8405000000000005 1600463862
5.8405 1600463862
5.8405000000000005 1600463862
5.9112 1600463862
5.9113 1600463862
5.9113 1600463862
5.9111 1600463862
5.911300000000001 1600463862
6.7475000000000005 1600463862
6.7475 1600463862
6.7477 1600463862
6.7475000000000005 1600463862
6.747599999999999 1600463862
6.7632 1600463862
6.7633 1600463862
6.763199999999999 1600463862
6.7633 1600463862
6.7631000000000006 1600463862
5.339 1600463862
5.3389 1600463862
5.339 1600463862
5.3389 1600463862
5.339 1600463862
6.9541 1600463862
6.9540999999999995 1600463862
6.9540999999999995 1600463862
6.9542 1600463862
6.954000000000001 1600463862
6.8958 1600463862
6.8958 1600463862
6.8958 1600463862
6.8958 1600463862
6.8957 1600463862
6.8217 1600463862
6.8218 1600463862
6.8218000000000005 1600463862
6.8218 1600463862
6.821400000000001 1600463862
5.5435 1600463862
5.5435 1600463862
5.5436 1600463862
5.5436000000000005 1600463862
5.5437 1600463862
5.2415 1600463862
5.2416 1600463862
5.2416 1600463862
5.2416 1600463862
5.2417 1600463862
6.965 1600463862
6.965 1600463862
6.965000000000001 1600463862
6.9649 1600463862
6.965 1600463862
5.4206 1600463862
5.4207 1600463862
5.4207 1600463862
5.4207 1600463862
5.4207 1600463862
5.6766000000000005 1600463862
5.6758999999999995 1600463862
5.676500000000001 1600463862
5.6765 1600463862
5.6766000000000005 1600463862
6.7523 1600463862
6.752400000000001 1600463862
6.7525 1600463862
6.7522 1600463862
6.7523 1600463862
5.0799 1600463862
5.0799 1600463862
5.0799 1600463862
5.08 1600463862
5.079899999999999 1600463862
6.899299999999999 1600463862
6.8994 1600463862
6.8994 1600463862
6.8994 1600463862
6.8993 1600463862
6.562 1600463862
6.5621 1600463862
6.561999999999999 1600463862
6.5621 1600463862
6.561999999999999 1600463862
5.7643 1600463862
5.7643 1600463862
5.7642999999999995 1600463862
5.7643 1600463862
5.7642999999999995 1600463862
6.8396 1600463862
6.8396 1600463862
6.8395 1600463862
6.8392 1600463862
6.839600000000001 1600463862
6.5381 1600463862
6.5382 1600463862
6.538200000000001 1600463862
6.5379000000000005 1600463862
6.5382 1600463862
5.502 1600463862
5.5021 1600463862
5.502 1600463862
5.5021 1600463862
5.5021 1600463862
6.8 1600463862
6.7999 1600463862
6.8 1600463862
6.8 1600463862
6.8001000000000005 1600463862
6.293100000000001 1600463862
6.293200000000001 1600463862
6.2932 1600463862
6.2931 1600463862
6.293100000000001 1600463862
5.750100000000001 1600463862
5.75 1600463862
5.7502 1600463862
5.7501 1600463862
5.7501 1600463862
5.9697000000000005 1600463862
5.9697 1600463862
5.9697000000000005 1600463862
5.9697000000000005 1600463862
5.9697 1600463862
6.3375 1600463862
6.3375 1600463862
6.3376 1600463862
6.3373 1600463862
6.3374 1600463862
6.5003 1600463862
6.5003 1600463862
6.5004 1600463862
6.5004 1600463862
6.500400000000001 1600463862
6.308999999999999 1600463862
6.3091 1600463862
6.3093 1600463862
6.3091 1600463862
6.3092999999999995 1600463862
6.932 1600463862
6.9319999999999995 1600463862
6.931900000000001 1600463862
6.9319 1600463862
6.931800000000001 1600463862
6.8768 1600463862
6.8766 1600463862
6.8766 1600463862
6.8768 1600463862
6.8767000000000005 1600463862
6.7833000000000006 1600463862
6.783399999999999 1600463862
6.7833000000000006 1600463862
6.7833000000000006 1600463862
6.7833 1600463862
5.4967999999999995 1600463862
5.497 1600463862
5.4969 1600463862
5.497 1600463862
5.497 1600463862
6.847600000000001 1600463862
6.847600000000001 1600463862
6.847700000000001 1600463862
6.8477 1600463862
6.8476 1600463862
6.953399999999999 1600463862
6.9534 1600463862
6.9533000000000005 1600463862
6.9533 1600463862
6.9533 1600463862
6.9645 1600463862
6.9645 1600463862
6.9643 1600463862
6.9644 1600463862
6.9645 1600463862
5.6316 1600463862
5.6314 1600463862
5.6315 1600463862
5.6315 1600463862
5.6315 1600463862
6.428400000000001 1600463862
6.4281 1600463862
6.4283 1600463862
6.4284 1600463862
6.4284 1600463862
6.1991 1600463862
6.1991 1600463862
6.1992 1600463862
6.1992 1600463862
6.1991000000000005 1600463862
6.2471 1600463862
6.2471000000000005 1600463862
6.247 1600463862
6.2471000000000005 1600463862
6.247 1600463862
5.3443 1600463862
5.3445 1600463862
5.3443 1600463862
5.3443 1600463862
5.3445 1600463862
5.6674999999999995 1600463862
5.6676 1600463862
5.6673 1600463862
5.6675 1600463862
5.6675 1600463862
5.7044 1600463862
5.7045 1600463862
5.704400000000001 1600463862
5.7045 1600463862
5.7044 1600463862
6.9447 1600463862
6.9447 1600463862
6.9447 1600463862
6.9447 1600463862
6.944800000000001 1600463862
6.0636 1600463862
6.0636 1600463862
6.0635 1600463862
6.0637 1600463862
6.0636 1600463862
6.9295 1600463862
6.9295 1600463862
6.9295 1600463862
6.9295 1600463862
6.9295 1600463862
6.876 1600463862
6.876 1600463862
6.876200000000001 1600463862
6.8761 1600463862
6.875900000000001 1600463862
6.9132 1600463862
6.913 1600463862
6.913 1600463862
6.913200000000001 1600463862
6.9132 1600463862
6.8802 1600463862
6.8802 1600463862
6.8803 1600463862
6.8802 1600463862
6.8801000000000005 1600463862
5.4142 1600463862
5.4142 1600463862
5.414000000000001 1600463862
5.414 1600463862
5.4140999999999995 1600463862
6.5822 1600463862
6.5819 1600463862
6.582199999999999 1600463862
6.5822 1600463862
6.5818 1600463862
6.4645 1600463862
6.4646 1600463862
6.4645 1600463862
6.4645 1600463862
6.464600000000001 1600463862
6.6491999999999996 1600463862
6.6491 1600463862
6.649299999999999 1600463862
6.649100000000001 1600463862
6.6494 1600463862
5.9001 1600463862
5.9 1600463862
5.9001 1600463862
5.8999 1600463862
5.8999999999999995 1600463862
6.8284 1600463862
6.8283 1600463862
6.828200000000001 1600463862
6.8283000000000005 1600463862
6.8282 1600463862
6.128500000000001 1600463862
6.1285 1600463862
6.1283 1600463862
6.1284 1600463862
6.128500000000001 1600463862
6.535299999999999 1600463862
6.5353 1600463862
6.5353 1600463862
6.5354 1600463862
6.5353 1600463862
6.3878 1600463862
6.3879 1600463862
6.3878 1600463862
6.3879 1600463862
6.3879 1600463862
6.9085 1600463862
6.9085 1600463862
6.9086 1600463862
6.9086 1600463862
6.908399999999999 1600463862
6.5325999999999995 1600463862
6.5325 1600463862
6.5325 1600463862
6.5319 1600463862
6.5324 1600463862
6.6770000000000005 1600463862
6.6770000000000005 1600463862
6.6769 1600463862
6.677 1600463862
6.676900000000001 1600463862
5.1111 1600463862
5.1111 1600463862
5.1112 1600463862
5.1110999999999995 1600463862
5.1110999999999995 1600463862
6.5996999999999995 1600463862
6.5996999999999995 1600463862
6.5996 1600463862
6.5997 1600463862
6.5998 1600463862
6.5099 1600463862
6.51 1600463862
6.5100999999999996 1600463862
6.51 1600463862
6.5101 1600463862
6.2484 1600463862
6.2484 1600463862
6.248200000000001 1600463862
6.2482999999999995 1600463862
6.2482999999999995 1600463862
6.871700000000001 1600463862
6.871700000000001 1600463862
6.8716 1600463862
6.8716 1600463862
6.8717 1600463862
6.8224 1600463862
6.8224 1600463862
6.8222 1600463862
6.8224 1600463862
6.8223 1600463862
6.2358 1600463862
6.2358 1600463862
6.2358 1600463862
6.2358 1600463862
6.2359 1600463862
6.9427 1600463862
6.9429 1600463862
6.9428 1600463862
6.9428 1600463862
6.9428 1600463862
6.9611 1600463862
6.9613000000000005 1600463862
6.9612 1600463862
6.9612 1600463862
6.9613 1600463862
6.949000000000001 1600463862
6.949000000000001 1600463862
6.9489 1600463862
6.9488 1600463862
6.949 1600463862
6.3642 1600463862
6.3642 1600463862
6.3644 1600463862
6.3644 1600463862
6.364000000000001 1600463862
6.6946 1600463862
6.694800000000001 1600463862
6.6946 1600463862
6.6946 1600463862
6.6947 1600463862
6.4266000000000005 1600463862
6.4266 1600463862
6.4266000000000005 1600463862
6.4266000000000005 1600463862
6.4266 1600463862
5.8319 1600463862
5.832199999999999 1600463862
5.8318 1600463862
5.8321000000000005 1600463862
5.8321 1600463862
6.349200000000001 1600463862
6.3493 1600463862
6.3492 1600463862
6.3492 1600463862
6.3492 1600463862
6.1358999999999995 1600463862
6.1359 1600463862
6.1358999999999995 1600463862
6.1359 1600463862
6.136 1600463862
5.5238 1600463862
5.5237 1600463862
5.5239 1600463862
5.5238000000000005 1600463862
5.5238000000000005 1600463862
6.7458 1600463862
6.745699999999999 1600463862
6.7457 1600463862
6.7457 1600463862
6.7457 1600463862
6.6998 1600463862
6.6999 1600463862
6.6998 1600463862
6.699800000000001 1600463862
6.6998 1600463862
5.6211 1600463862
5.6209 1600463862
5.6212 1600463862
5.6212 1600463862
5.6209 1600463862
6.6658 1600463862
6.665699999999999 1600463862
6.6656 1600463862
6.6658 1600463862
6.665800000000001 1600463862
6.908 1600463862
6.908 1600463862
6.9079999999999995 1600463862
6.908 1600463862
6.9081 1600463862
5.8749 1600463862
5.8748000000000005 1600463862
5.874899999999999 1600463862
5.875 1600463862
5.8748 1600463862
6.938400000000001 1600463862
6.938300000000001 1600463862
6.938400000000001 1600463862
6.938400000000001 1600463862
6.938400000000001 1600463862
6.8736999999999995 1600463862
6.8737 1600463862
6.8737 1600463862
6.8738 1600463862
6.8738 1600463862
6.8094 1600463862
6.8093 1600463862
6.809200000000001 1600463862
6.8094 1600463862
6.8093 1600463862
6.5006 1600463862
6.500500000000001 1600463862
6.5005999999999995 1600463862
6.5007 1600463862
6.5005 1600463862
6.8952 1600463862
6.8952 1600463862
6.8952 1600463862
6.8952 1600463862
6.895099999999999 1600463862
6.718100000000001 1600463862
6.718 1600463862
6.7181 1600463862
6.718 1600463862
6.718 1600463862
6.9649 1600463862
6.9647 1600463862
6.9649 1600463862
6.964700000000001 1600463862
6.9648 1600463862
6.9461 1600463862
6.9462 1600463862
6.9462 1600463862
6.9462 1600463862
6.946 1600463862
5.174300000000001 1600463862
5.174300000000001 1600463862
5.1741 1600463862
5.174 1600463862
5.174200000000001 1600463862
6.920400000000001 1600463862
6.9204 1600463862
6.9205 1600463862
6.9205 1600463862
6.9204 1600463862
5.5085 1600463862
5.5084 1600463862
5.5084 1600463862
5.508500000000001 1600463862
5.5085 1600463862
6.2855 1600463862
6.2855 1600463862
6.2856 1600463862
6.2856000000000005 1600463862
6.2855 1600463862
5.6298 1600463862
5.6299 1600463862
5.6298 1600463862
5.6299 1600463862
5.6299 1600463862
6.7643 1600463862
6.7642999999999995 1600463862
6.764200000000001 1600463862
6.7642999999999995 1600463862
6.7642999999999995 1600463862
6.3599000000000006 1600463862
6.3598 1600463862
6.3598 1600463862
6.3597 1600463862
6.359800000000001 1600463862
6.909000000000001 1600463862
6.9091 1600463862
6.909000000000001 1600463862
6.9091000000000005 1600463862
6.9091 1600463862
6.8117 1600463862
6.8115 1600463862
6.811599999999999 1600463862
6.8115 1600463862
6.8115000000000006 1600463862
6.9341 1600463862
6.934200000000001 1600463862
6.9341 1600463862
6.9341 1600463862
6.934100000000001 1600463862
5.308000000000001 1600463862
5.3078 1600463862
5.3081000000000005 1600463862
5.3082 1600463862
5.3081000000000005 1600463862
6.8895 1600463862
6.8893 1600463862
6.8895 1600463862
6.8895 1600463862
6.8895 1600463862
6.4657 1600463862
6.4663 1600463862
6.4659 1600463862
6.4662 1600463862
6.466 1600463862
6.7782 1600463862
6.778099999999999 1600463862
6.7782 1600463862
6.7782 1600463862
6.7781 1600463862
6.9232000000000005 1600463862
6.9231 1600463862
6.9232000000000005 1600463862
6.9232000000000005 1600463862
6.9231 1600463862
6.868 1600463862
6.8679 1600463862
6.868 1600463862
6.867900000000001 1600463862
6.8679 1600463862
6.9322 1600463862
6.9322 1600463862
6.9321 1600463862
6.9321 1600463862
6.9321 1600463862
5.951499999999999 1600463862
5.9515 1600463862
5.9516 1600463862
5.9515 1600463862
5.9516 1600463862
6.7874 1600463862
6.7874 1600463862
6.7875 1600463862
6.7875000000000005 1600463862
6.7876 1600463862
6.137700000000001 1600463862
6.137499999999999 1600463862
6.137700000000001 1600463862
6.1375 1600463862
6.1376 1600463862
5.835800000000001 1600463862
5.8361 1600463862
5.8363 1600463862
5.8363 1600463862
5.8364 1600463862
6.7337 1600463862
6.7337 1600463862
6.733499999999999 1600463862
6.7337 1600463862
6.7335 1600463862
6.695 1600463862
6.6949000000000005 1600463862
6.695 1600463862
6.6951 1600463862
6.6951 1600463862
6.8105 1600463862
6.8105 1600463862
6.8105 1600463862
6.8106 1600463862
6.8104 1600463862
6.3343 1600463862
6.3342 1600463862
6.334300000000001 1600463862
6.3344 1600463862
6.3343 1600463862
6.1815999999999995 1600463862
6.1816 1600463862
6.1816 1600463862
6.1816 1600463862
6.1817 1600463862
6.8505 1600463862
6.8504000000000005 1600463862
6.8505 1600463862
6.850499999999999 1600463862
6.8505 1600463862
6.8555 1600463862
6.855700000000001 1600463862
6.8552 1600463862
6.8557999999999995 1600463862
6.8557 1600463862
5.5684 1600463862
5.5685 1600463862
5.5685 1600463862
5.5683 1600463862
5.5684000000000005 1600463862
6.8492 1600463862
6.8492999999999995 1600463862
6.8493 1600463862
6.8492 1600463862
6.8492 1600463862
5.8392 1600463862
5.8392 1600463862
5.8392 1600463862
5.8389999999999995 1600463862
5.839200000000001 1600463862
6.961799999999999 1600463862
6.9619 1600463862
6.9618 1600463862
6.9618 1600463862
6.9618 1600463862
6.8814 1600463862
6.8814 1600463862
6.8814 1600463862
6.8814 1600463862
6.8814 1600463862
5.7304 1600463862
5.730300000000001 1600463862
5.730300000000001 1600463862
5.730300000000001 1600463862
5.7303999999999995 1600463862
5.820799999999999 1600463862
5.8207 1600463862
5.8208 1600463862
5.8207 1600463862
5.8208 1600463862
6.502 1600463862
6.502 1600463862
6.502 1600463862
6.5018 1600463862
6.5018 1600463862
5.2125 1600463862
5.2125 1600463862
5.2124 1600463862
5.2124 1600463862
5.2124999999999995 1600463862
5.8553 1600463862
5.8554 1600463862
5.855300000000001 1600463862
5.8554 1600463862
5.8553999999999995 1600463862
6.978 1600463862
6.978 1600463862
6.9779 1600463862
6.978 1600463862
6.9779 1600463862
6.5933 1600463862
6.5933 1600463862
6.593299999999999 1600463862
6.5933 1600463862
6.5934 1600463862
6.0018 1600463862
6.0016 1600463862
6.0017000000000005 1600463862
6.0017000000000005 1600463862
6.0017000000000005 1600463862
6.7225 1600463862
6.7226 1600463862
6.722600000000001 1600463862
6.7226 1600463862
6.722600000000001 1600463862
6.3543 1600463862
6.3545 1600463862
6.3544 1600463862
6.3542000000000005 1600463862
6.3542000000000005 1600463862
6.8843000000000005 1600463862
6.883800000000001 1600463862
6.8841 1600463862
6.8843 1600463862
6.8842 1600463862
6.8318 1600463862
6.8319 1600463862
6.8319 1600463862
6.831799999999999 1600463862
6.831799999999999 1600463862
6.6903 1600463862
6.6904 1600463862
6.6901 1600463862
6.6905 1600463862
6.6904 1600463862
6.0195 1600463862
6.0196000000000005 1600463862
6.0196000000000005 1600463862
6.0195 1600463862
6.0195 1600463862
6.8621 1600463862
6.8621 1600463862
6.862100000000001 1600463862
6.8621 1600463862
6.8622000000000005 1600463862
5.3277 1600463862
5.3278 1600463862
5.3277 1600463862
5.3277 1600463862
5.3277 1600463862
6.716200000000001 1600463862
6.7162999999999995 1600463862
6.7162 1600463862
6.7163 1600463862
6.7162 1600463862
6.9727 1600463862
6.972600000000001 1600463862
6.9726 1600463862
6.972600000000001 1600463862
6.972600000000001 1600463862
6.18 1600463862
6.179900000000001 1600463862
6.1799 1600463862
6.18 1600463862
6.18 1600463862
6.9412 1600463862
6.941000000000001 1600463862
6.9411000000000005 1600463862
6.9411000000000005 1600463862
6.941 1600463862
6.2810999999999995 1600463862
6.2812 1600463862
6.2811 1600463862
6.2812 1600463862
6.281 1600463862
5.8008 1600463862
5.8008999999999995 1600463862
5.8008 1600463862
5.8008 1600463862
5.800599999999999 1600463862
6.970899999999999 1600463862
6.9708000000000006 1600463862
6.9708000000000006 1600463862
6.9708 1600463862
6.9708 1600463862
5.1312 1600463862
5.1313 1600463862
5.1312 1600463862
5.1313 1600463862
5.131200000000001 1600463862
5.3389999999999995 1600463862
5.3389999999999995 1600463862
5.3391 1600463862
5.3391 1600463862
5.3389999999999995 1600463862
6.6985 1600463862
6.6985 1600463862
6.6984 1600463862
6.6984 1600463862
6.6985 1600463862
6.9622 1600463862
6.9623 1600463862
6.962400000000001 1600463862
6.9623 1600463862
6.9623 1600463862
6.9646 1600463862
6.964700000000001 1600463862
6.964700000000001 1600463862
6.9646 1600463862
6.964700000000001 1600463862
6.530600000000001 1600463862
6.5307 1600463862
6.5305 1600463862
6.5302 1600463862
6.5305 1600463862
5.668 1600463862
5.6679 1600463862
5.6679 1600463862
5.6679 1600463862
5.6679 1600463862
5.8361 1600463862
5.836 1600463862
5.8361 1600463862
5.836 1600463862
5.8359000000000005 1600463862
5.9644 1600463862
5.9645 1600463862
5.9645 1600463862
5.9643999999999995 1600463862
5.9644 1600463862
5.9436 1600463862
5.9436 1600463862
5.9436 1600463862
5.9436 1600463862
5.9436 1600463862
6.9434 1600463862
6.9434000000000005 1600463862
6.9434000000000005 1600463862
6.9434000000000005 1600463862
6.9434 1600463862
6.6116 1600463862
6.6117 1600463862
6.6117 1600463862
6.6117 1600463862
6.6116 1600463862
6.9635 1600463862
6.9634 1600463862
6.9635 1600463862
6.9634 1600463862
6.9634 1600463862
6.6465000000000005 1600463862
6.6467 1600463862
6.646599999999999 1600463862
6.6466 1600463862
6.646599999999999 1600463862
6.3592 1600463862
6.3592 1600463862
6.3591999999999995 1600463862
6.359100000000001 1600463862
6.3592 1600463862
5.7685 1600463862
5.7684 1600463862
5.7684999999999995 1600463862
5.7686 1600463862
5.7686 1600463862
6.143700000000001 1600463862
6.1436 1600463862
6.1437 1600463862
6.143599999999999 1600463862
6.1434 1600463862
6.9652 1600463862
6.9652 1600463862
6.9652 1600463862
6.9651 1600463862
6.9652 1600463862
6.675999999999999 1600463862
6.6761 1600463862
6.6761 1600463862
6.676 1600463862
6.676100000000001 1600463862
6.4087000000000005 1600463862
6.408799999999999 1600463862
6.4083 1600463862
6.4088 1600463862
6.4085 1600463862
6.6007 1600463862
6.6006 1600463862
6.6006 1600463862
6.6006 1600463862
6.6007 1600463862
6.7545 1600463862
6.7544 1600463862
6.7544 1600463862
6.7543999999999995 1600463862
6.7543 1600463862
6.9540999999999995 1600463862
6.9542 1600463862
6.954 1600463862
6.9541 1600463862
6.9541 1600463862
6.8926 1600463862
6.892399999999999 1600463862
6.8926 1600463862
6.8925 1600463862
6.8926 1600463862
6.0434 1600463862
6.0433 1600463862
6.0434 1600463862
6.0434 1600463862
6.0434 1600463862
6.959 1600463862
6.9591 1600463862
6.9592 1600463862
6.9591 1600463862
6.959099999999999 1600463862
6.9637 1600463862
6.9638 1600463862
6.9637 1600463862
6.9638 1600463862
6.963699999999999 1600463862
6.1581 1600463862
6.1581 1600463862
6.158099999999999 1600463862
6.1581 1600463862
6.1581 1600463862
6.6461 1600463862
6.6458 1600463862
6.6459 1600463862
6.6457 1600463862
6.6458 1600463862
6.225899999999999 1600463862
6.226 1600463862
6.2259 1600463862
6.2259 1600463862
6.2259 1600463862
5.4641 1600463862
5.4641 1600463862
5.464 1600463862
5.4641 1600463862
5.4642 1600463862
5.8405 1600463862
5.8405 1600463862
5.8405000000000005 1600463862
5.8405000000000005 1600463862
5.8404 1600463862
6.1111 1600463862
6.1110999999999995 1600463862
6.1108 1600463862
6.111 1600463862
6.111 1600463862
5.0867 1600463862
5.0866999999999996 1600463862
5.0866999999999996 1600463862
5.0866 1600463862
5.0866 1600463862
6.7582 1600463862
6.7582 1600463862
6.7584 1600463862
6.7582 1600463862
6.758400000000001 1600463862
6.9575 1600463862
6.9577 1600463862
6.9578 1600463862
6.9577 1600463862
6.9577 1600463862
6.8580000000000005 1600463862
6.8582 1600463862
6.8582 1600463862
6.8581 1600463862
6.8581 1600463862
6.5378 1600463862
6.5377 1600463862
6.5379000000000005 1600463862
6.5374 1600463862
6.5379000000000005 1600463862
6.8373 1600463862
6.8373 1600463862
6.8372 1600463862
6.8373 1600463862
6.837300000000001 1600463862
6.369 1600463862
6.3691 1600463862
6.3690999999999995 1600463862
6.3691 1600463862
6.3691 1600463862
6.7001 1600463862
6.6998999999999995 1600463862
6.7002 1600463862
6.6999 1600463862
6.700100000000001 1600463862
6.7700000000000005 1600463862
6.7700000000000005 1600463862
6.770099999999999 1600463862
6.770099999999999 1600463862
6.7700000000000005 1600463862
5.842300000000001 1600463862
5.8422 1600463862
5.8423 1600463862
5.842099999999999 1600463862
5.8422 1600463862
6.5579 1600463862
6.5579 1600463862
6.5579 1600463862
6.5579 1600463862
6.5578 1600463862
6.9052 1600463862
6.9051 1600463862
6.9051 1600463862
6.9051 1600463862
6.9052 1600463862
5.2191 1600463862
5.2193000000000005 1600463862
5.2187 1600463862
5.2193 1600463862
5.2191 1600463862
6.8264000000000005 1600463862
6.8264000000000005 1600463862
6.8264000000000005 1600463862
6.8263 1600463862
6.8264000000000005 1600463862
6.9511 1600463862
6.951 1600463862
6.9509 1600463862
6.9510000000000005 1600463862
6.951 1600463862
6.8741 1600463862
6.8744 1600463862
6.8744000000000005 1600463862
6.874300000000001 1600463862
6.8745 1600463862
6.6965 1600463862
6.6966 1600463862
6.6966 1600463862
6.6965 1600463862
6.6965 1600463862
5.8383 1600463862
5.8384 1600463862
5.8382000000000005 1600463862
5.838299999999999 1600463862
5.8383 1600463862
6.8328999999999995 1600463862
6.8326 1600463862
6.833 1600463862
6.833 1600463862
6.833 1600463862
5.6321 1600463862
5.632 1600463862
5.632000000000001 1600463862
5.632 1600463862
5.6319 1600463862
6.576700000000001 1600463862
6.5767 1600463862
6.5768 1600463862
6.5769 1600463862
6.5769 1600463862
6.9153 1600463862
6.915299999999999 1600463862
6.9153 1600463862
6.9151 1600463862
6.9153 1600463862
6.946700000000001 1600463862
6.9467 1600463862
6.9468 1600463862
6.9468 1600463862
6.9466 1600463862
6.8173 1600463862
6.8173 1600463862
6.8172 1600463862
6.8172 1600463862
6.8173 1600463862
5.3474 1600463862
5.347700000000001 1600463862
5.3475 1600463862
5.347600000000001 1600463862
5.347700000000001 1600463862
6.8951 1600463862
6.8950000000000005 1600463862
6.8952 1600463862
6.8951 1600463862
6.8952 1600463862
6.883400000000001 1600463862
6.8834 1600463862
6.8834 1600463862
6.8835 1600463862
6.8834 1600463862
6.6236 1600463862
6.6235 1600463862
6.6235 1600463862
6.623600000000001 1600463862
6.623500000000001 1600463862
6.9566 1600463862
6.9567000000000005 1600463862
6.956600000000001 1600463862
6.9566 1600463862
6.9567 1600463862
6.5882 1600463862
6.5881 1600463862
6.5881 1600463862
6.5881 1600463862
6.5882000000000005 1600463862
5.5407 1600463862
5.5408 1600463862
5.5407 1600463862
5.5408 1600463862
5.5407 1600463862
6.8898 1600463862
6.8896999999999995 1600463862
6.8897 1600463862
6.8898 1600463862
6.8896999999999995 1600463862
5.8498 1600463862
5.8496999999999995 1600463862
5.8497 1600463862
5.8497 1600463862
5.8497 1600463862
6.939500000000001 1600463862
6.9395 1600463862
6.9395 1600463862
6.9395 1600463862
6.9394 1600463862
5.6936 1600463862
5.6936 1600463862
5.6935 1600463862
5.6936 1600463862
5.693499999999999 1600463862
5.3012 1600463862
5.3011 1600463862
5.3012999999999995 1600463862
5.301200000000001 1600463862
5.3012 1600463862
6.497000000000001 1600463862
6.497000000000001 1600463862
6.497 1600463862
6.497000000000001 1600463862
6.497 1600463862
6.511 1600463862
6.511 1600463862
6.5112000000000005 1600463862
6.5111 1600463862
6.5112000000000005 1600463862
6.6518 1600463862
6.6518 1600463862
6.651700000000001 1600463862
6.6519 1600463862
6.6518999999999995 1600463862
6.9271 1600463862
6.927099999999999 1600463862
6.9271 1600463862
6.9271 1600463862
6.9271 1600463862
6.4112 1600463862
6.4111 1600463862
6.4112 1600463862
6.4113 1600463862
6.4113 1600463862
6.7828 1600463862
6.7829999999999995 1600463862
6.783 1600463862
6.783 1600463862
6.783 1600463862
6.5883 1600463862
6.5884 1600463862
6.5884 1600463862
6.5884 1600463862
6.5884 1600463862
6.8977 1600463862
6.8977 1600463862
6.8977 1600463862
6.8977 1600463862
6.8977 1600463862
5.9739 1600463862
5.9739 1600463862
5.9739 1600463862
5.9738999999999995 1600463862
5.9741 1600463862
5.1058 1600463862
5.1059 1600463862
5.1058 1600463862
5.1059 1600463862
5.1058 1600463862
6.9545 1600463862
6.9544999999999995 1600463862
6.9544999999999995 1600463862
6.9545 1600463862
6.9546 1600463862
6.9339 1600463862
6.933999999999999 1600463862
6.9337 1600463862
6.933999999999999 1600463862
6.9339 1600463862
6.9099 1600463862
6.909800000000001 1600463862
6.9098999999999995 1600463862
6.9098 1600463862
6.9098 1600463862
6.9659 1600463862
6.9659 1600463862
6.966 1600463862
6.966 1600463862
6.966 1600463862
6.9484 1600463862
6.9484 1600463862
6.9484 1600463862
6.9485 1600463862
6.9483999999999995 1600463862
6.936100000000001 1600463862
6.9362 1600463862
6.9362 1600463862
6.9361 1600463862
6.9361999999999995 1600463862
6.339 1600463862
6.3388 1600463862
6.3389 1600463862
6.3389 1600463862
6.3391 1600463862
5.9524 1600463862
5.9523 1600463862
5.9524 1600463862
5.9524 1600463862
5.9524 1600463862
6.7768999999999995 1600463862
6.7768 1600463862
6.7768 1600463862
6.7767 1600463862
6.776800000000001 1600463862
5.4709 1600463862
5.471 1600463862
5.471 1600463862
5.471 1600463862
5.471 1600463862
6.6941 1600463862
6.694 1600463862
6.694 1600463862
6.6939 1600463862
6.694100000000001 1600463862
5.6103000000000005 1600463862
5.6103 1600463862
5.6101 1600463862
5.6103000000000005 1600463862
5.6101 1600463862
5.9558 1600463862
5.9558 1600463862
5.955900000000001 1600463862
5.9559 1600463862
5.9558 1600463862
5.161300000000001 1600463862
5.1612 1600463862
5.1612 1600463862
5.1612 1600463862
5.1613 1600463862
6.3064 1600463862
6.3065 1600463862
6.3064 1600463862
6.3064 1600463862
6.3065 1600463862
6.6479 1600463862
6.6479 1600463862
6.647900000000001 1600463862
6.6479 1600463862
6.6479 1600463862
5.7338 1600463862
5.7337 1600463862
5.7338000000000005 1600463862
5.7337 1600463862
5.7336 1600463862
6.2483 1600463862
6.2483 1600463862
6.2482 1600463862
6.2483 1600463862
6.2482999999999995 1600463862
6.479 1600463862
6.479 1600463862
6.4789 1600463862
6.479100000000001 1600463862
6.479 1600463862
6.8971 1600463862
6.897 1600463862
6.8971 1600463862
6.8971 1600463862
6.897 1600463862
6.3873 1600463862
6.3876 1600463862
6.3876 1600463862
6.3875 1600463862
6.3875 1600463862
6.9597 1600463862
6.9597 1600463862
6.959700000000001 1600463862
6.9597 1600463862
6.9597 1600463862
6.7188 1600463862
6.7188 1600463862
6.7188 1600463862
6.7188 1600463862
6.718800000000001 1600463862
5.2928999999999995 1600463862
5.2929 1600463862
5.2928 1600463862
5.293 1600463862
5.2928999999999995 1600463862
6.3371 1600463862
6.337000000000001 1600463862
6.337000000000001 1600463862
6.3369 1600463862
6.3369 1600463862
6.6122000000000005 1600463862
6.6121 1600463862
6.6119 1600463862
6.6121 1600463862
6.6122000000000005 1600463862
6.8875 1600463862
6.8876 1600463862
6.8876 1600463862
6.8876 1600463862
6.887700000000001 1600463862
6.0018 1600463862
6.0017000000000005 1600463862
6.0017 1600463862
6.0017000000000005 1600463862
6.0017000000000005 1600463862
6.2250000000000005 1600463862
6.2251 1600463862
6.2250000000000005 1600463862
6.225099999999999 1600463862
6.225 1600463862
5.5068 1600463862
5.5068 1600463862
5.5068 1600463862
5.506500000000001 1600463862
5.5068 1600463862
6.2361 1600463862
6.2360999999999995 1600463862
6.236000000000001 1600463862
6.236000000000001 1600463862
6.2360999999999995 1600463862
6.963699999999999 1600463862
6.9637 1600463862
6.9637 1600463862
6.9637 1600463862
6.9638 1600463862
6.0253000000000005 1600463862
6.0252 1600463862
6.0252 1600463862
6.0252 1600463862
6.025200000000001 1600463862
5.876200000000001 1600463862
5.8761 1600463862
5.8761 1600463862
5.8762 1600463862
5.8762 1600463862
5.1891 1600463862
5.189100000000001 1600463862
5.1891 1600463862
5.1892 1600463862
5.1891 1600463862
6.310700000000001 1600463862
6.3107 1600463862
6.3106 1600463862
6.3107 1600463862
6.3107 1600463862
6.9617 1600463862
6.9618 1600463862
6.9619 1600463862
6.9619 1600463862
6.9619 1600463862
5.4301 1600463862
5.4300999999999995 1600463862
5.430000000000001 1600463862
5.4301 1600463862
5.4301 1600463862
6.6552999999999995 1600463862
6.6553 1600463862
6.6552999999999995 1600463862
6.6552999999999995 1600463862
6.6552999999999995 1600463862
6.6336 1600463862
6.6337 1600463862
6.6336 1600463862
6.6337 1600463862
6.6337 1600463862
6.1608 1600463862
6.1607 1600463862
6.1608 1600463862
6.1606000000000005 1600463862
6.1608 1600463862
6.6679 1600463862
6.6679 1600463862
6.6679 1600463862
6.6679 1600463862
6.6679 1600463862
6.8707 1600463862
6.8705 1600463862
6.8706000000000005 1600463862
6.8706000000000005 1600463862
6.8705 1600463862
6.957 1600463862
6.957 1600463862
6.957 1600463862
6.9571000000000005 1600463862
6.9571000000000005 1600463862
6.337 1600463862
6.337000000000001 1600463862
6.3370999999999995 1600463862
6.337 1600463862
6.337 1600463862
6.2806 1600463862
6.2809 1600463862
6.2809 1600463862
6.2808 1600463862
6.2808 1600463862
6.059 1600463862
6.059 1600463862
6.059 1600463862
6.0588999999999995 1600463862
6.059 1600463862
6.6899 1600463862
6.69 1600463862
6.689900000000001 1600463862
6.69 1600463862
6.6899999999999995 1600463862
5.3773 1600463862
5.3773 1600463862
5.3773 1600463862
5.3773 1600463862
5.377199999999999 1600463862
6.8432 1600463862
6.8433 1600463862
6.8433 1600463862
6.8434 1600463862
6.8433 1600463862
5.8801000000000005 1600463862
5.8801000000000005 1600463862
5.8803 1600463862
5.8801 1600463862
5.8803 1600463862
6.3196 1600463862
6.3196 1600463862
6.319599999999999 1600463862
6.319500000000001 1600463862
6.3196 1600463862
5.4027 1600463862
5.402699999999999 1600463862
5.4027 1600463862
5.4027 1600463862
5.402699999999999 1600463862
5.2141 1600463862
5.2142 1600463862
5.2134 1600463862
5.2141 1600463862
5.214200000000001 1600463862
5.8772 1600463862
5.8771 1600463862
5.8772 1600463862
5.877199999999999 1600463862
5.877199999999999 1600463862
6.5895 1600463862
6.5894 1600463862
6.5894 1600463862
6.5894 1600463862
6.5895 1600463862
5.8286999999999995 1600463862
5.8286 1600463862
5.8286999999999995 1600463862
5.8286 1600463862
5.8287 1600463862
6.8107999999999995 1600463862
6.8108 1600463862
6.8107999999999995 1600463862
6.8109 1600463862
6.8108 1600463862
5.6071 1600463862
5.6071 1600463862
5.6071 1600463862
5.6071 1600463862
5.6071 1600463862
6.0256 1600463862
6.0257 1600463862
6.0255 1600463862
6.0256 1600463862
6.025600000000001 1600463862
6.1552 1600463862
6.1552999999999995 1600463862
6.1552999999999995 1600463862
6.155200000000001 1600463862
6.1552999999999995 1600463862
5.5362 1600463862
5.5366 1600463862
5.5367999999999995 1600463862
5.5367 1600463862
5.5367 1600463862
6.8084 1600463862
6.8084 1600463862
6.808400000000001 1600463862
6.808400000000001 1600463862
6.8084 1600463862
6.2068 1600463862
6.2069 1600463862
6.2068 1600463862
6.2067000000000005 1600463862
6.206799999999999 1600463862
6.9522 1600463862
6.9521 1600463862
6.9523 1600463862
6.9524 1600463862
6.952500000000001 1600463862
6.0829 1600463862
6.083 1600463862
6.0831 1600463862
6.083 1600463862
6.083 1600463862
6.821899999999999 1600463862
6.8219 1600463862
6.8218 1600463862
6.8218 1600463862
6.8219 1600463862
6.6489 1600463862
6.6489 1600463862
6.6488 1600463862
6.6489 1600463862
6.649 1600463862
6.2277000000000005 1600463862
6.2278 1600463862
6.2277000000000005 1600463862
6.2278 1600463862
6.2277000000000005 1600463862
6.5009 1600463862
6.5006 1600463862
6.5008 1600463862
6.500800000000001 1600463862
6.5003 1600463862
6.951300000000001 1600463862
6.9514000000000005 1600463862
6.9513 1600463862
6.9513 1600463862
6.9512 1600463862
5.374099999999999 1600463862
5.374099999999999 1600463862
5.374 1600463862
5.374 1600463862
5.3741 1600463862
5.0865 1600463862
5.0865 1600463862
5.0864 1600463862
5.0866 1600463862
5.086600000000001 1600463862
6.272 1600463862
6.2721 1600463862
6.2719000000000005 1600463862
6.2719 1600463862
6.2721 1600463862
5.9664 1600463862
5.9664 1600463862
5.9664 1600463862
5.9664 1600463862
5.966500000000001 1600463862
6.9544999999999995 1600463862
6.9544999999999995 1600463862
6.9545 1600463862
6.9544999999999995 1600463862
6.9541 1600463862
5.7062 1600463862
5.706099999999999 1600463862
5.7062 1600463862
5.7063 1600463862
5.7062 1600463862
6.7883000000000004 1600463862
6.7883000000000004 1600463862
6.7883 1600463862
6.7883000000000004 1600463862
6.7883000000000004 1600463862
5.2184 1600463862
5.2184 1600463862
5.2184 1600463862
5.2181 1600463862
5.2184 1600463862
6.8828000000000005 1600463862
6.8829 1600463862
6.8828000000000005 1600463862
6.8829 1600463862
6.8829 1600463862
5.8801000000000005 1600463862
5.8802 1600463862
5.8802 1600463862
5.8801 1600463862
5.8802 1600463862
6.941000000000001 1600463862
6.9409 1600463862
6.941 1600463862
6.941 1600463862
6.9411000000000005 1600463862
6.9291 1600463862
6.928999999999999 1600463862
6.9291 1600463862
6.9291 1600463862
6.929 1600463862
6.395300000000001 1600463862
6.3952 1600463862
6.3952 1600463862
6.3951 1600463862
6.3952 1600463862
6.948499999999999 1600463862
6.9487 1600463862
6.9487000000000005 1600463862
6.9487 1600463862
6.948600000000001 1600463862
6.3915999999999995 1600463862
6.3914 1600463862
6.3916 1600463862
6.3915999999999995 1600463862
6.3915 1600463862
6.7923 1600463862
6.7923 1600463862
6.7923 1600463862
6.7923 1600463862
6.7923 1600463862
6.2355 1600463862
6.235399999999999 1600463862
6.2355 1600463862
6.2354 1600463862
6.2355 1600463862
6.4628 1600463862
6.4628 1600463862
6.4628 1600463862
6.4627 1600463862
6.462700000000001 1600463862
6.6146 1600463862
6.6147 1600463862
6.614599999999999 1600463862
6.6145000000000005 1600463862
6.6146 1600463862
6.2947 1600463862
6.294700000000001 1600463862
6.2945 1600463862
6.2945 1600463862
6.2946 1600463862
6.9275 1600463862
6.9276 1600463862
6.9274 1600463862
6.9275 1600463862
6.9275 1600463862
6.3516 1600463862
6.3516 1600463862
6.3515 1600463862
6.3516 1600463862
6.3516 1600463862
5.922000000000001 1600463862
5.9221 1600463862
5.9220999999999995 1600463862
5.9221 1600463862
5.9222 1600463862
6.7438 1600463862
6.7438 1600463862
6.7439 1600463862
6.7439 1600463862
6.7437 1600463862
6.9302 1600463862
6.9302 1600463862
6.930000000000001 1600463862
6.9300999999999995 1600463862
6.930000000000001 1600463862
5.836600000000001 1600463862
5.8366999999999996 1600463862
5.8366999999999996 1600463862
5.8368 1600463862
5.836399999999999 1600463862
6.8957999999999995 1600463862
6.8959 1600463862
6.8959 1600463862
6.8958 1600463862
6.8959 1600463862
6.8719 1600463862
6.8754 1600463862
6.872 1600463862
6.8723 1600463862
6.873900000000001 1600463862
5.6284 1600463862
5.6284 1600463862
5.6284 1600463862
5.6284 1600463862
5.6285 1600463862
5.3541 1600463862
5.3541 1600463862
5.3541 1600463862
5.3542000000000005 1600463862
5.3542000000000005 1600463862
6.8852 1600463862
6.8851 1600463862
6.8853 1600463862
6.885199999999999 1600463862
6.885400000000001 1600463862
6.817 1600463862
6.8171 1600463862
6.817 1600463862
6.8172 1600463862
6.817200000000001 1600463862
5.1963 1600463862
5.196300000000001 1600463862
5.1963 1600463862
5.1963 1600463862
5.196400000000001 1600463862
5.2263 1600463862
5.2261999999999995 1600463862
5.2263 1600463862
5.2264 1600463862
5.226100000000001 1600463862
6.9482 1600463862
6.9482 1600463862
6.9483 1600463862
6.9482 1600463862
6.948300000000001 1600463862
6.9282 1600463862
6.9282 1600463862
6.928 1600463862
6.9283 1600463862
6.9279 1600463862
5.1018 1600463862
5.1018 1600463862
5.101800000000001 1600463862
5.1018 1600463862
5.101800000000001 1600463862
6.938700000000001 1600463862
6.9386 1600463862
6.938700000000001 1600463862
6.938700000000001 1600463862
6.9388000000000005 1600463862
6.7686 1600463862
6.7686 1600463862
6.768599999999999 1600463862
6.7684999999999995 1600463862
6.7686 1600463862
6.9937 1600463862
6.9938 1600463862
6.9937 1600463862
6.993799999999999 1600463862
6.9937000000000005 1600463862
5.8015 1600463862
5.8017 1600463862
5.8017 1600463862
5.8016 1600463862
5.8017 1600463862
5.4964 1600463862
5.4964 1600463862
5.4963999999999995 1600463862
5.4964 1600463862
5.4963 1600463862
5.787599999999999 1600463862
5.7877 1600463862
5.7877 1600463862
5.7877 1600463862
5.7877 1600463862
5.761500000000001 1600463862
5.7615 1600463862
5.7614 1600463862
5.7615 1600463862
5.7615 1600463862
5.1299 1600463862
5.13 1600463862
5.13 1600463862
5.130000000000001 1600463862
5.1298 1600463862
6.9188 1600463862
6.9189 1600463862
6.9188 1600463862
6.9188 1600463862
6.9188 1600463862
6.9217 1600463862
6.9216 1600463862
6.9216 1600463862
6.9217 1600463862
6.9216 1600463862
5.9565 1600463862
5.9565 1600463862
5.9566 1600463862
5.9565 1600463862
5.9565 1600463862
5.281499999999999 1600463862
5.2816 1600463862
5.2816 1600463862
5.2816 1600463862
5.2816 1600463862
5.763599999999999 1600463862
5.7636 1600463862
5.763599999999999 1600463862
5.7635000000000005 1600463862
5.7635000000000005 1600463862
6.948099999999999 1600463862
6.9481 1600463862
6.948 1600463862
6.9481 1600463862
6.9481 1600463862
6.7309 1600463862
6.7307999999999995 1600463862
6.7309 1600463862
6.7309 1600463862
6.7309 1600463862
6.9117 1600463862
6.9117 1600463862
6.9118 1600463862
6.9117 1600463862
6.9118 1600463862
5.0913 1600463862
5.0914 1600463862
5.0912999999999995 1600463862
5.091200000000001 1600463862
5.0914 1600463862
6.1443 1600463862
6.1445 1600463862
6.1442000000000005 1600463862
6.1443 1600463862
6.1442000000000005 1600463862
6.707599999999999 1600463862
6.7077 1600463862
6.7076 1600463862
6.7076 1600463862
6.707599999999999 1600463862
6.5939000000000005 1600463862
6.5942 1600463862
6.5944 1600463862
6.5943000000000005 1600463862
6.5942 1600463862
6.9306 1600463862
6.930499999999999 1600463862
6.9305 1600463862
6.9303 1600463862
6.9305 1600463862
6.5275 1600463862
6.5274 1600463862
6.5275 1600463862
6.5273 1600463862
6.5274 1600463862
5.6063 1600463862
5.6062 1600463862
5.6061 1600463862
5.6063 1600463862
5.6063 1600463862
6.1521 1600463862
6.152200000000001 1600463862
6.1522 1600463862
6.152200000000001 1600463862
6.152200000000001 1600463862
6.9148000000000005 1600463862
6.9149 1600463862
6.9149 1600463862
6.9148000000000005 1600463862
6.9148000000000005 1600463862
5.0874 1600463862
5.0875 1600463862
5.0874999999999995 1600463862
5.0874999999999995 1600463862
5.0875 1600463862
6.1882 1600463862
6.1882 1600463862
6.1882 1600463862
6.1882 1600463862
6.1882 1600463862
6.258 1600463862
6.2579 1600463862
6.2579 1600463862
6.257899999999999 1600463862
6.258 1600463862
6.2808 1600463862
6.2808 1600463862
6.2809 1600463862
6.2808 1600463862
6.2809 1600463862
5.654 1600463862
5.6539 1600463862
5.654 1600463862
5.6539 1600463862
5.6539 1600463862
6.263 1600463862
6.2631000000000006 1600463862
6.2629 1600463862
6.263 1600463862
6.263000000000001 1600463862
5.6342 1600463862
5.6342 1600463862
5.634 1600463862
5.6342 1600463862
5.6341 1600463862
6.7686 1600463862
6.7687 1600463862
6.7687 1600463862
6.7686 1600463862
6.7687 1600463862
5.858499999999999 1600463862
5.8585 1600463862
5.8585 1600463862
5.8584000000000005 1600463862
5.8584 1600463862
5.5501 1600463862
5.5503 1600463862
5.5504999999999995 1600463862
5.5505 1600463862
5.5505 1600463862
6.3709 1600463862
6.3707 1600463862
6.3708 1600463862
6.370900000000001 1600463862
6.3706 1600463862
6.688899999999999 1600463862
6.688899999999999 1600463862
6.6888000000000005 1600463862
6.6888 1600463862
6.6889 1600463862
5.087400000000001 1600463862
5.0874 1600463862
5.087400000000001 1600463862
5.0874 1600463862
5.087400000000001 1600463862
6.9173 1600463862
6.9174 1600463862
6.917400000000001 1600463862
6.9172 1600463862
6.9173 1600463862
5.2444 1600463862
5.2445 1600463862
5.2445 1600463862
5.2444999999999995 1600463862
5.2445 1600463862
6.9644 1600463862
6.9644 1600463862
6.9644 1600463862
6.9643999999999995 1600463862
6.9644 1600463862
6.1761 1600463862
6.176 1600463862
6.1761 1600463862
6.1761 1600463862
6.176 1600463862
6.8209 1600463862
6.8209 1600463862
6.8207 1600463862
6.8209 1600463862
6.820900000000001 1600463862
6.2887 1600463862
6.2887 1600463862
6.2886999999999995 1600463862
6.2886999999999995 1600463862
6.2886999999999995 1600463862
6.4157 1600463862
6.4154 1600463862
6.4157 1600463862
6.415699999999999 1600463862
6.4157 1600463862
6.6274999999999995 1600463862
6.6276 1600463862
6.627599999999999 1600463862
6.6276 1600463862
6.6276 1600463862
6.7679 1600463862
6.7679 1600463862
6.7679 1600463862
6.7679 1600463862
6.7679 1600463862
6.9189 1600463862
6.918900000000001 1600463862
6.919 1600463862
6.9189 1600463862
6.918900000000001 1600463862
6.8142 1600463862
6.814100000000001 1600463862
6.8142000000000005 1600463862
6.8141 1600463862
6.8141 1600463862
