0.025800000000000003 1600642393
0.021400000000000002 1600642393
5.3917 1600642393
5.4713 1600642393
6.1621 1600642393
6.1515 1600642393
5.5608 1600642393
5.5602 1600642393
5.8825 1600642393
5.8141 1600642393
0.005800000000000027 1600642393
5.4157 1600642393
5.2764999999999995 1600642393
5.2764 1600642393
5.922 1600642393
5.9219 1600642393
6.2261 1600642393
6.2266 1600642393
5.757 1600642393
5.757099999999999 1600642393
5.127599999999999 1600642393
5.127700000000001 1600642393
5.6441 1600642393
5.6441 1600642393
6.202 1600642393
6.202400000000001 1600642393
6.0821 1600642393
6.0816 1600642393
4.3379 1600642393
4.337999999999999 1600642393
5.806900000000001 1600642393
7.0158000000000005 1600642393
5.3293 1600642393
5.2517 1600642393
5.3345 1600642393
5.3344000000000005 1600642393
5.0747 1600642393
5.127400000000001 1600642393
5.1875 1600642393
5.186999999999999 1600642393
4.1853 1600642393
4.185499999999999 1600642393
4.8868 1600642393
4.8866 1600642393
5.8046999999999995 1600642393
5.804600000000001 1600642393
4.4137 1600642393
4.4135 1600642393
5.444500000000001 1600642393
6.4854 1600642393
5.8782 1600642393
5.8788 1600642393
5.935600000000001 1600642393
5.9353 1600642393
6.6064 1600642393
6.6056 1600642393
5.914700000000001 1600642393
5.926200000000001 1600642393
4.5111 1600642393
4.5114 1600642393
5.4748 1600642393
5.4513 1600642393
5.116 1600642393
6.0741 1600642393
4.8873 1600642393
4.9346 1600642393
6.6587 1600642393
6.6484 1600642393
3.6938999999999997 1600642393
3.6935 1600642393
4.322900000000001 1600642393
4.3491 1600642393
5.5089 1600642393
5.5081 1600642393
5.253299999999999 1600642393
5.248200000000001 1600642393
6.213 1600642393
6.213100000000001 1600642393
6.6414 1600642393
6.6647 1600642393
5.051500000000001 1600642393
5.0515 1600642393
0.9521000000000006 1600642393
0.9520999999999997 1600642393
5.8091 1600642393
5.8049 1600642393
4.1419999999999995 1600642393
4.142099999999999 1600642393
6.2035 1600642393
6.2042 1600642393
2.7150999999999996 1600642393
2.7153 1600642393
4.364599999999999 1600642393
4.3642 1600642393
5.730300000000001 1600642393
5.7367 1600642393
6.1447 1600642393
6.1658 1600642393
3.8304 1600642393
4.0542 1600642393
4.4193999999999996 1600642393
4.3989 1600642393
4.5861 1600642393
4.586500000000001 1600642393
6.9759 1600642393
6.9764 1600642393
4.0699000000000005 1600642393
3.98 1600642393
2.1501 1600642393
2.1498 1600642393
5.080400000000001 1600642393
5.080500000000001 1600642393
4.8376 1600642393
4.8205 1600642393
6.4772 1600642393
6.464700000000001 1600642393
4.517099999999999 1600642393
4.5022 1600642393
5.345599999999999 1600642393
5.3457 1600642393
5.5136 1600642393
5.4495 1600642393
4.447900000000001 1600642393
4.4473 1600642393
6.439400000000001 1600642393
5.4815000000000005 1600642393
3.4553 1600642393
3.4285999999999994 1600642393
6.0804 1600642393
6.0577 1600642393
5.781700000000001 1600642393
5.7818 1600642393
6.456300000000001 1600642393
6.4574 1600642393
4.8452 1600642393
4.8458000000000006 1600642393
5.870299999999999 1600642393
5.8827 1600642393
5.9548000000000005 1600642393
5.954700000000001 1600642393
4.8099 1600642393
1.4698999999999998 1600642393
3.4962 1600642393
3.4684 1600642393
3.4331000000000005 1600642393
3.4334 1600642393
5.973 1600642393
5.9889 1600642393
5.2276 1600642393
5.407 1600642393
6.0541 1600642393
6.0745000000000005 1600642393
6.8948 1600642393
6.8945 1600642393
3.2494 1600642393
3.2197 1600642393
5.0212 1600642393
5.0212 1600642393
5.7882 1600642393
5.7882 1600642393
6.0174 1600642393
6.017 1600642393
5.5806000000000004 1600642393
5.545800000000001 1600642393
4.940799999999999 1600642393
4.9406 1600642393
5.2153 1600642393
6.1418 1600642393
6.066700000000001 1600642393
6.0663 1600642393
5.8403 1600642393
6.903 1600642393
7.1751 1600642393
7.1751 1600642393
3.4171 1600642393
4.3936 1600642393
3.5809 1600642393
3.5808000000000004 1600642393
6.9324 1600642393
6.9315999999999995 1600642393
5.493500000000001 1600642393
5.493600000000001 1600642393
3.3735 1600642393
4.4754000000000005 1600642393
6.6379 1600642393
6.6377 1600642393
5.551 1600642393
5.516500000000001 1600642393
5.4916 1600642393
5.4915 1600642393
6.7496 1600642393
6.7499 1600642393
4.3118 1600642393
4.2858 1600642393
4.4459 1600642393
5.5487 1600642393
4.895099999999999 1600642393
4.9262 1600642393
4.7379 1600642393
4.738099999999999 1600642393
3.2973999999999997 1600642393
3.315 1600642393
4.5342 1600642393
4.5351 1600642393
2.8845000000000005 1600642393
2.8845000000000005 1600642393
6.5694 1600642393
6.569500000000001 1600642393
4.4992 1600642393
4.4992 1600642393
5.6193 1600642393
5.6489 1600642393
2.929099999999999 1600642393
2.9287 1600642393
5.354 1600642393
5.3544 1600642393
6.496 1600642393
6.496499999999999 1600642393
4.2859 1600642393
4.3223 1600642393
3.5641 1600642393
3.5642 1600642393
5.2516 1600642393
5.3149999999999995 1600642393
6.6081 1600642393
6.6076999999999995 1600642393
1.4770000000000003 1600642393
0.010100000000000109 1600642393
6.752800000000001 1600642393
6.7528999999999995 1600642393
5.7616 1600642393
5.7616000000000005 1600642393
4.9609000000000005 1600642393
4.9611 1600642393
6.4742 1600642393
6.4718 1600642393
6.2108 1600642393
6.2702 1600642393
6.191 1600642393
6.191199999999999 1600642393
4.1524 1600642393
4.1282 1600642393
5.7607 1600642393
5.760800000000001 1600642393
6.2409 1600642393
6.2409 1600642393
6.299200000000001 1600642393
6.2995 1600642393
6.43 1600642393
6.4298 1600642393
5.083399999999999 1600642393
5.0837 1600642393
5.2438 1600642393
5.2488 1600642393
5.2828 1600642393
5.2831 1600642393
4.819100000000001 1600642393
4.8192 1600642393
6.0008 1600642393
6.0004 1600642393
5.2581999999999995 1600642393
5.263400000000001 1600642393
5.3962 1600642393
5.3962 1600642393
5.8747 1600642393
5.8945 1600642393
5.7677000000000005 1600642393
5.7669 1600642393
5.8725 1600642393
6.9811 1600642393
5.6602 1600642393
5.7009 1600642393
3.7184 1600642393
4.0733999999999995 1600642393
5.6593 1600642393
5.6594 1600642393
6.1707 1600642393
6.1703 1600642393
4.8209 1600642393
4.821 1600642393
6.6025 1600642393
6.6022 1600642393
5.1624 1600642393
5.162 1600642393
4.7689 1600642393
4.7203 1600642393
4.8804 1600642393
4.8805 1600642393
5.7393 1600642393
0.08589999999999998 1600642393
5.2738 1600642393
5.290699999999999 1600642393
5.7427 1600642393
5.7435 1600642393
4.8482 1600642393
4.9082 1600642393
0.04059999999999997 1600642393
0.04070000000000007 1600642393
6.5947 1600642393
6.5947000000000005 1600642393
6.7571 1600642393
6.7571 1600642393
6.1913 1600642393
6.1914 1600642393
5.2919 1600642393
5.2726999999999995 1600642393
4.0611 1600642393
4.0397 1600642393
6.8048 1600642393
6.8049 1600642393
4.9047 1600642393
4.9049 1600642393
5.6288 1600642393
5.7032 1600642393
1.2801 1600642393
1.3169000000000004 1600642393
4.5352 1600642393
4.5353 1600642393
6.9947 1600642393
6.9957 1600642393
5.7076 1600642393
5.706200000000001 1600642393
6.1681 1600642393
6.168 1600642393
6.9156 1600642393
6.916 1600642393
5.5771 1600642393
5.5705 1600642393
6.7248 1600642393
5.6493 1600642393
4.000299999999999 1600642393
3.9999999999999996 1600642393
5.7912 1600642393
5.7911 1600642393
4.8896 1600642393
4.8893 1600642393
1.4842000000000004 1600642393
1.4839000000000002 1600642393
5.4005 1600642393
5.4407000000000005 1600642393
5.071 1600642393
5.096 1600642393
6.7424 1600642393
6.7421 1600642393
5.3557999999999995 1600642393
5.355600000000001 1600642393
6.687 1600642393
6.687 1600642393
5.1473 1600642393
5.219799999999999 1600642393
5.170999999999999 1600642393
5.1707 1600642393
3.884 1600642393
3.8838 1600642393
6.7609 1600642393
6.7597 1600642393
5.9257 1600642393
5.9257 1600642393
6.916799999999999 1600642393
6.9162 1600642393
4.4248 1600642393
4.425 1600642393
5.6989 1600642393
5.7206 1600642393
0.2831 1600642393
0.2706 1600642393
5.5657000000000005 1600642393
5.565799999999999 1600642393
5.7873 1600642393
5.7852 1600642393
4.0020999999999995 1600642393
4.0023 1600642393
6.4157 1600642393
6.4155 1600642393
6.401000000000001 1600642393
6.4009 1600642393
4.5433 1600642393
4.5433 1600642393
4.2319 1600642393
4.3095 1600642393
3.5054 1600642393
3.5052000000000003 1600642393
5.3865 1600642393
5.3865 1600642393
5.048400000000001 1600642393
5.048400000000001 1600642393
5.3053 1600642393
5.2209 1600642393
5.9822 1600642393
5.9826 1600642393
6.7935 1600642393
6.7942 1600642393
7.157900000000001 1600642393
7.1578 1600642393
5.911899999999999 1600642393
5.911899999999999 1600642393
6.5499 1600642393
6.5494 1600642393
6.0120000000000005 1600642393
6.0120000000000005 1600642393
1.7275 1600642393
1.7269999999999994 1600642393
5.5604 1600642393
5.5611 1600642393
2.8152 1600642393
2.8151999999999995 1600642393
5.4587 1600642393
5.4584 1600642393
5.5326 1600642393
5.5322000000000005 1600642393
5.6648 1600642393
4.1135 1600642393
0.19540000000000002 1600642393
5.6376 1600642393
5.2695 1600642393
5.2696000000000005 1600642393
6.8947 1600642393
6.8950000000000005 1600642393
5.2932999999999995 1600642393
5.2581999999999995 1600642393
4.279 1600642393
4.2791999999999994 1600642393
5.9348 1600642393
5.9253 1600642393
7.0809999999999995 1600642393
7.0808 1600642393
5.1662 1600642393
5.1663 1600642393
5.5146 1600642393
5.5154000000000005 1600642393
5.495800000000001 1600642393
5.4961 1600642393
6.4576 1600642393
6.4573 1600642393
3.8552 1600642393
3.8552999999999997 1600642393
4.8791 1600642393
4.8729000000000005 1600642393
7.180199999999999 1600642393
7.1946 1600642393
5.6415 1600642393
5.641400000000001 1600642393
5.9722 1600642393
5.975 1600642393
4.9511 1600642393
4.9514 1600642393
6.6858 1600642393
6.6873 1600642393
6.9789 1600642393
5.8341 1600642393
5.7035 1600642393
5.6601 1600642393
6.0956 1600642393
6.0959 1600642393
5.4126 1600642393
5.3888 1600642393
4.0822 1600642393
4.0662 1600642393
4.8541 1600642393
4.854 1600642393
4.6005 1600642393
4.6005 1600642393
3.2556999999999996 1600642393
3.2476 1600642393
5.9575000000000005 1600642393
6.0222 1600642393
5.4855 1600642393
5.486 1600642393
6.0846 1600642393
6.0844 1600642393
5.5041 1600642393
5.5158 1600642393
4.863 1600642393
4.8625 1600642393
6.2200999999999995 1600642393
6.2199 1600642393
5.5187 1600642393
5.4992 1600642393
3.6713 1600642393
0.007600000000000051 1600642393
5.388999999999999 1600642393
4.024900000000001 1600642393
4.6972 1600642393
4.704400000000001 1600642393
6.557300000000001 1600642393
6.5577000000000005 1600642393
6.6251 1600642393
6.625 1600642393
5.6839 1600642393
5.7078 1600642393
5.8602 1600642393
5.8601 1600642393
5.9251 1600642393
5.9242 1600642393
5.5895 1600642393
5.5899 1600642393
5.8304 1600642393
5.8102 1600642393
5.4669 1600642393
5.4669 1600642393
5.8707 1600642393
5.87 1600642393
6.6606000000000005 1600642393
6.6606000000000005 1600642393
3.5795 1600642393
3.4532 1600642393
4.7318999999999996 1600642393
4.7313 1600642393
5.2074 1600642393
5.2072 1600642393
3.9454 1600642393
3.9451000000000005 1600642393
7.0373 1600642393
7.0367 1600642393
6.6254 1600642393
6.6257 1600642393
5.5943 1600642393
5.594799999999999 1600642393
5.9451 1600642393
5.9449 1600642393
6.6263000000000005 1600642393
6.626 1600642393
6.7599 1600642393
6.7600999999999996 1600642393
5.5464 1600642393
5.5464 1600642393
6.0138 1600642393
5.9879999999999995 1600642393
6.1030999999999995 1600642393
6.1033 1600642393
5.9904 1600642393
5.9907 1600642393
5.1157 1600642393
5.1153 1600642393
5.9193 1600642393
5.919300000000001 1600642393
6.495500000000001 1600642393
6.495500000000001 1600642393
5.9648 1600642393
5.9645 1600642393
6.760199999999999 1600642393
6.759799999999999 1600642393
5.8091 1600642393
6.758299999999999 1600642393
6.4569 1600642393
6.4758000000000004 1600642393
4.0451 1600642393
4.0449 1600642393
6.7821 1600642393
0.08650000000000002 1600642393
4.0843 1600642393
4.1583 1600642393
3.5243 1600642393
4.000900000000001 1600642393
5.8399 1600642393
5.839799999999999 1600642393
5.173100000000001 1600642393
5.1732000000000005 1600642393
6.1552999999999995 1600642393
6.1554 1600642393
5.7454 1600642393
5.8976999999999995 1600642393
6.0481 1600642393
6.0484 1600642393
5.3879 1600642393
5.409599999999999 1600642393
4.616999999999999 1600642393
4.6602 1600642393
4.8675 1600642393
4.8678 1600642393
6.0122 1600642393
6.0128 1600642393
5.8292 1600642393
5.8025 1600642393
5.444599999999999 1600642393
5.4439 1600642393
5.1489 1600642393
5.1598999999999995 1600642393
4.6956 1600642393
4.7227 1600642393
4.429 1600642393
4.4337 1600642393
4.4775 1600642393
4.4776 1600642393
3.0789 1600642393
3.0789 1600642393
4.5739 1600642393
4.5746 1600642393
5.5776 1600642393
5.5769 1600642393
3.2862000000000005 1600642393
2.1653 1600642393
5.063600000000001 1600642393
5.063600000000001 1600642393
5.5879 1600642393
5.5555 1600642393
5.4591 1600642393
5.4592 1600642393
5.8 1600642393
5.8007 1600642393
5.4189 1600642393
5.3673 1600642393
6.0557 1600642393
6.055400000000001 1600642393
3.2975 1600642393
3.3027 1600642393
5.7399000000000004 1600642393
5.6748 1600642393
5.1555 1600642393
5.6111 1600642393
3.3747 1600642393
3.3789 1600642393
6.7529 1600642393
6.7544 1600642393
5.9628 1600642393
5.9628 1600642393
5.8007 1600642393
5.8008 1600642393
4.9771 1600642393
4.9765 1600642393
4.5617 1600642393
4.548399999999999 1600642393
5.024800000000001 1600642393
5.033099999999999 1600642393
6.197 1600642393
6.1958 1600642393
5.6377999999999995 1600642393
5.6863 1600642393
5.9904 1600642393
5.9895000000000005 1600642393
3.8080999999999996 1600642393
3.8085999999999998 1600642393
5.4436 1600642393
5.4432 1600642393
2.9798 1600642393
2.9804000000000004 1600642393
3.0185 1600642393
3.3054999999999994 1600642393
5.8614999999999995 1600642393
5.8126 1600642393
5.214700000000001 1600642393
5.2151 1600642393
5.82 1600642393
5.82 1600642393
6.101 1600642393
6.1236 1600642393
4.1585 1600642393
4.1586 1600642393
5.4734 1600642393
5.4777000000000005 1600642393
5.8692 1600642393
5.8527000000000005 1600642393
4.4989 1600642393
4.4366 1600642393
5.7703 1600642393
5.7706 1600642393
5.908399999999999 1600642393
5.9083 1600642393
6.0715 1600642393
6.0718 1600642393
6.7159 1600642393
6.7169 1600642393
4.3674 1600642393
4.368600000000001 1600642393
4.2859 1600642393
4.2858 1600642393
5.672000000000001 1600642393
5.6723 1600642393
5.7864 1600642393
5.7869 1600642393
6.0468 1600642393
6.0471 1600642393
7.1092 1600642393
7.088500000000001 1600642393
5.742999999999999 1600642393
5.7221 1600642393
5.0281 1600642393
5.0056 1600642393
5.7177 1600642393
5.7182 1600642393
5.112400000000001 1600642393
5.112299999999999 1600642393
3.1692 1600642393
3.1703 1600642393
5.743 1600642393
5.71 1600642393
6.7531 1600642393
6.7531 1600642393
6.678000000000001 1600642393
6.6777 1600642393
6.1101 1600642393
6.1104 1600642393
5.5013000000000005 1600642393
5.4963999999999995 1600642393
5.838900000000001 1600642393
5.7597000000000005 1600642393
2.9082999999999997 1600642393
2.9082999999999997 1600642393
6.167 1600642393
6.042400000000001 1600642393
4.437 1600642393
4.437 1600642393
5.943 1600642393
0.24919999999999998 1600642393
4.7577 1600642393
4.7578 1600642393
5.1724 1600642393
5.1939 1600642393
6.1287 1600642393
6.1287 1600642393
5.2902000000000005 1600642393
5.2898 1600642393
5.112 1600642393
0.06400000000000006 1600642393
4.760199999999999 1600642393
4.760199999999999 1600642393
2.5704 1600642393
2.5704 1600642393
5.0012 1600642393
5.0012 1600642393
2.8665 1600642393
2.8664000000000005 1600642393
4.4628 1600642393
4.463 1600642393
6.1386 1600642393
6.138 1600642393
6.6867 1600642393
6.6873 1600642393
5.9241 1600642393
5.9579 1600642393
5.2577 1600642393
5.2683 1600642393
4.2494 1600642393
3.7481999999999998 1600642393
5.0786999999999995 1600642393
6.311 1600642393
4.825100000000001 1600642393
5.9675 1600642393
5.7278 1600642393
5.7277000000000005 1600642393
5.6162 1600642393
5.6162 1600642393
2.2795 1600642393
2.3205999999999998 1600642393
5.852 1600642393
5.8942 1600642393
5.9508 1600642393
5.951 1600642393
5.8621 1600642393
5.8425 1600642393
5.2912 1600642393
5.2912 1600642393
5.4662 1600642393
5.4661 1600642393
4.9901 1600642393
4.9895000000000005 1600642393
5.7489 1600642393
5.7377 1600642393
5.6511000000000005 1600642393
5.6518 1600642393
4.1525 1600642393
4.1524 1600642393
6.4989 1600642393
6.4989 1600642393
0.09740000000000004 1600642393
0.021299999999999986 1600642393
3.4000999999999997 1600642393
3.4003 1600642393
2.9577 1600642393
2.9576000000000002 1600642393
6.1736 1600642393
6.1736 1600642393
4.8271 1600642393
4.8277 1600642393
5.3481000000000005 1600642393
5.3861 1600642393
6.9922 1600642393
6.9917 1600642393
3.4835 1600642393
4.657299999999999 1600642393
5.8369 1600642393
5.8364 1600642393
4.820399999999999 1600642393
4.925599999999999 1600642393
4.7456000000000005 1600642393
4.9622 1600642393
4.9684 1600642393
4.9687 1600642393
5.340599999999999 1600642393
5.340599999999999 1600642393
5.674300000000001 1600642393
5.6792 1600642393
3.6998999999999995 1600642393
3.6759000000000004 1600642393
5.501799999999999 1600642393
5.501200000000001 1600642393
6.2397 1600642393
6.2395 1600642393
5.8708 1600642393
5.870699999999999 1600642393
4.0196000000000005 1600642393
4.019400000000001 1600642393
5.5284 1600642393
5.5283999999999995 1600642393
5.863700000000001 1600642393
5.8641000000000005 1600642393
4.5835 1600642393
4.5836 1600642393
6.6182 1600642393
6.6184 1600642393
5.6063 1600642393
5.6318 1600642393
4.0497 1600642393
4.049799999999999 1600642393
5.2379999999999995 1600642393
5.238499999999999 1600642393
3.9750000000000005 1600642393
3.9801 1600642393
5.277799999999999 1600642393
5.1926 1600642393
4.5849 1600642393
4.584999999999999 1600642393
5.4627 1600642393
5.488 1600642393
2.7986 1600642393
4.0394000000000005 1600642393
4.6065000000000005 1600642393
4.6065000000000005 1600642393
6.1306 1600642393
6.199 1600642393
4.6421 1600642393
4.6067 1600642393
5.7411 1600642393
5.740600000000001 1600642393
4.239 1600642393
3.9548000000000005 1600642393
4.1008 1600642393
4.0654 1600642393
6.3995999999999995 1600642393
6.3988 1600642393
6.1753 1600642393
6.175800000000001 1600642393
4.9776 1600642393
4.943899999999999 1600642393
5.193200000000001 1600642393
5.2257 1600642393
4.8469999999999995 1600642393
4.8468 1600642393
6.7548 1600642393
6.7544 1600642393
7.1787 1600642393
7.1789 1600642393
5.2354 1600642393
5.2412 1600642393
5.8795 1600642393
5.8013 1600642393
6.5701 1600642393
6.570399999999999 1600642393
4.5397 1600642393
5.0199 1600642393
5.1085 1600642393
5.1078 1600642393
7.045599999999999 1600642393
7.0451 1600642393
5.9721 1600642393
5.9487000000000005 1600642393
5.6480999999999995 1600642393
5.6541 1600642393
4.5826 1600642393
4.582599999999999 1600642393
6.265000000000001 1600642393
6.2646 1600642393
5.3100000000000005 1600642393
5.3100000000000005 1600642393
5.6826 1600642393
5.6567 1600642393
5.4851 1600642393
5.4993 1600642393
6.0056 1600642393
6.0057 1600642393
5.830900000000001 1600642393
5.8891 1600642393
6.5553 1600642393
5.169700000000001 1600642393
5.8003 1600642393
5.801 1600642393
4.6158 1600642393
4.6082 1600642393
5.077299999999999 1600642393
5.0775999999999994 1600642393
5.1632 1600642393
5.163200000000001 1600642393
5.986800000000001 1600642393
5.9863 1600642393
5.849 1600642393
5.8483 1600642393
5.372800000000001 1600642393
5.3728 1600642393
4.9298 1600642393
4.948 1600642393
6.199199999999999 1600642393
6.1989 1600642393
5.925 1600642393
5.9247 1600642393
6.4821 1600642393
6.4715 1600642393
4.7241 1600642393
4.7237 1600642393
5.6692 1600642393
5.669099999999999 1600642393
6.4404 1600642393
6.4399999999999995 1600642393
1.0964 1600642393
1.0959000000000003 1600642393
0.1472 1600642393
0.14639999999999997 1600642393
6.1543 1600642393
6.1546 1600642393
5.738099999999999 1600642393
5.7386 1600642393
3.5214 1600642393
3.4783 1600642393
5.8294999999999995 1600642393
5.828099999999999 1600642393
4.754700000000001 1600642393
4.650399999999999 1600642393
3.7593000000000005 1600642393
3.8404 1600642393
5.173900000000001 1600642393
5.187 1600642393
5.2309 1600642393
5.2303 1600642393
7.1283 1600642393
7.1288 1600642393
6.8502 1600642393
6.8364 1600642393
4.372199999999999 1600642393
4.4847 1600642393
5.8553 1600642393
5.882300000000001 1600642393
4.9825 1600642393
4.9868999999999994 1600642393
5.3523 1600642393
5.352399999999999 1600642393
7.0495 1600642393
7.0487 1600642393
5.1948 1600642393
5.231299999999999 1600642393
5.0746 1600642393
5.076300000000001 1600642393
2.4055 1600642393
2.4341999999999997 1600642393
0.0121 1600642393
5.6946 1600642393
1.7693000000000003 1600642393
1.8028000000000004 1600642393
5.7828 1600642393
5.7832 1600642393
5.629099999999999 1600642393
5.6236999999999995 1600642393
6.052 1600642393
6.0517 1600642393
4.984299999999999 1600642393
4.9624 1600642393
4.2217 1600642393
4.221699999999999 1600642393
5.707 1600642393
4.2645 1600642393
2.7460999999999998 1600642393
2.7461999999999995 1600642393
3.6075 1600642393
3.6079 1600642393
4.465999999999999 1600642393
4.429399999999999 1600642393
5.4764 1600642393
5.4765 1600642393
4.4592 1600642393
4.459 1600642393
5.329000000000001 1600642393
5.371099999999999 1600642393
5.6926000000000005 1600642393
5.7854 1600642393
6.927700000000001 1600642393
6.9532 1600642393
6.4284 1600642393
6.4233 1600642393
5.2087 1600642393
4.1278 1600642393
5.9846 1600642393
5.9845999999999995 1600642393
6.983899999999999 1600642393
6.9839 1600642393
6.0251 1600642393
6.0255 1600642393
4.7567 1600642393
4.793200000000001 1600642393
4.3773 1600642393
4.3938 1600642393
5.8261 1600642393
5.826099999999999 1600642393
5.290800000000001 1600642393
5.3122 1600642393
4.4282 1600642393
4.4289000000000005 1600642393
4.725200000000001 1600642393
4.7255 1600642393
6.3349 1600642393
6.3346 1600642393
5.922 1600642393
5.9221 1600642393
4.8798 1600642393
4.8797 1600642393
5.811400000000001 1600642393
5.794099999999999 1600642393
6.646100000000001 1600642393
6.6452 1600642393
4.214700000000001 1600642393
4.2149 1600642393
5.1344 1600642393
5.1342 1600642393
5.9011 1600642393
5.9016 1600642393
5.2357 1600642393
5.2358 1600642393
