3.6733000000000002 1600642909
3.6734 1600642909
4.801500000000001 1600642909
4.8017 1600642909
3.9139000000000004 1600642909
3.9057 1600642909
3.9170999999999996 1600642909
3.9039 1600642909
2.4612000000000003 1600642909
2.3963 1600642909
3.8063 1600642909
3.8070999999999997 1600642909
4.0349 1600642909
4.1029 1600642909
3.912 1600642909
3.9296000000000006 1600642909
1.6888 1600642909
1.7349999999999999 1600642909
2.3523 1600642909
2.3523 1600642909
3.8770999999999995 1600642909
3.9061000000000003 1600642909
4.7247 1600642909
4.7241 1600642909
4.0208 1600642909
4.0299 1600642909
2.0751 1600642909
2.0682 1600642909
3.7784000000000004 1600642909
3.7784000000000004 1600642909
3.7319999999999998 1600642909
3.7316 1600642909
2.9889 1600642909
2.9886999999999997 1600642909
3.9172 1600642909
3.9218 1600642909
4.7328 1600642909
4.7328 1600642909
4.7272 1600642909
4.7279 1600642909
1.8743000000000003 1600642909
1.8743000000000003 1600642909
4.0135 1600642909
3.9953999999999996 1600642909
1.2266000000000004 1600642909
1.1903000000000006 1600642909
4.6041 1600642909
4.6039 1600642909
3.9311000000000003 1600642909
3.9314000000000004 1600642909
3.6995 1600642909
3.7016 1600642909
3.8044 1600642909
3.8116000000000003 1600642909
2.0155 1600642909
2.0153000000000003 1600642909
4.6195 1600642909
4.6197 1600642909
4.904999999999999 1600642909
4.903 1600642909
4.805 1600642909
4.8046999999999995 1600642909
3.7278 1600642909
4.7578000000000005 1600642909
3.8744 1600642909
3.9054999999999995 1600642909
4.1514 1600642909
4.2175 1600642909
1.516 1600642909
1.5155000000000003 1600642909
1.6776999999999997 1600642909
1.7191999999999998 1600642909
4.8104 1600642909
4.8104 1600642909
3.7754 1600642909
3.7925999999999997 1600642909
3.9132000000000002 1600642909
3.9079 1600642909
2.9463 1600642909
2.9458 1600642909
4.078799999999999 1600642909
4.0784 1600642909
3.9177 1600642909
3.9177000000000004 1600642909
2.6572000000000005 1600642909
2.6572 1600642909
3.6219 1600642909
3.5538999999999996 1600642909
3.8896000000000006 1600642909
3.8887000000000005 1600642909
4.0652 1600642909
4.1978 1600642909
4.1305 1600642909
4.1301000000000005 1600642909
4.7999 1600642909
4.8 1600642909
3.9425 1600642909
3.9425 1600642909
4.2399 1600642909
4.2398 1600642909
4.4962 1600642909
4.4638 1600642909
4.6873000000000005 1600642909
4.6872 1600642909
4.7992 1600642909
4.799300000000001 1600642909
2.8987 1600642909
2.8987999999999996 1600642909
3.8933 1600642909
3.9019999999999997 1600642909
3.277 1600642909
3.2073 1600642909
2.8528 1600642909
1.8346000000000005 1600642909
3.9838999999999998 1600642909
3.9114999999999998 1600642909
3.5515 1600642909
3.5512000000000006 1600642909
1.0071999999999997 1600642909
0.9831000000000003 1600642909
1.9880999999999998 1600642909
1.1999999999999997 1600642909
3.9165 1600642909
3.8991000000000002 1600642909
2.9408 1600642909
2.9401 1600642909
3.6402 1600642909
3.6404000000000005 1600642909
3.8238000000000003 1600642909
3.8241000000000005 1600642909
4.5908 1600642909
4.5903 1600642909
1.9390999999999998 1600642909
1.9390999999999998 1600642909
3.7113 1600642909
3.7115000000000005 1600642909
3.3944 1600642909
3.3945 1600642909
2.8365 1600642909
2.8482000000000003 1600642909
3.9064000000000005 1600642909
3.9063000000000003 1600642909
2.8695000000000004 1600642909
2.8703000000000003 1600642909
3.6445 1600642909
3.645 1600642909
2.8132 1600642909
2.8139000000000003 1600642909
2.4089999999999994 1600642909
2.4090999999999996 1600642909
2.0347000000000004 1600642909
1.1280000000000001 1600642909
2.9109 1600642909
2.9105999999999996 1600642909
2.7113000000000005 1600642909
2.6422999999999996 1600642909
3.1689999999999996 1600642909
3.1689999999999996 1600642909
3.4294 1600642909
3.4288000000000003 1600642909
3.0975 1600642909
3.0976 1600642909
3.0405999999999995 1600642909
3.0404999999999998 1600642909
3.0096 1600642909
2.9927 1600642909
3.2747 1600642909
3.2076000000000002 1600642909
3.883 1600642909
3.8829 1600642909
4.0776 1600642909
4.0777 1600642909
3.8985 1600642909
3.8892 1600642909
3.8286000000000002 1600642909
3.8508999999999998 1600642909
2.6758 1600642909
2.6896 1600642909
3.0864 1600642909
3.0858 1600642909
4.7757 1600642909
4.7753000000000005 1600642909
2.3871 1600642909
2.3870000000000005 1600642909
2.5098000000000003 1600642909
2.5095 1600642909
4.5265 1600642909
4.5265 1600642909
3.7071000000000005 1600642909
3.6423000000000005 1600642909
3.8869999999999996 1600642909
3.8713999999999995 1600642909
4.831200000000001 1600642909
3.9184000000000005 1600642909
2.7514000000000003 1600642909
2.7515 1600642909
2.3097 1600642909
1.4150999999999998 1600642909
2.7488 1600642909
2.7584999999999997 1600642909
4.6092 1600642909
4.6099 1600642909
2.507 1600642909
2.4764 1600642909
4.0835 1600642909
4.083600000000001 1600642909
3.4971000000000005 1600642909
3.4173 1600642909
3.9004999999999996 1600642909
3.9657999999999998 1600642909
2.7428 1600642909
2.7857000000000003 1600642909
1.5029999999999997 1600642909
1.5187 1600642909
3.5570999999999997 1600642909
3.5573 1600642909
2.8442000000000003 1600642909
2.8443 1600642909
3.8587 1600642909
3.8587000000000002 1600642909
3.4501 1600642909
3.4747 1600642909
1.2757 1600642909
1.2523999999999997 1600642909
3.5109 1600642909
2.5641 1600642909
3.9783 1600642909
4.0407 1600642909
1.6010999999999997 1600642909
1.6264000000000003 1600642909
4.8482 1600642909
4.8481000000000005 1600642909
3.4939999999999998 1600642909
3.4949000000000003 1600642909
3.9065999999999996 1600642909
3.9067999999999996 1600642909
3.6008 1600642909
3.5939 1600642909
3.2529 1600642909
3.2523999999999997 1600642909
4.0027 1600642909
3.0708 1600642909
3.9076000000000004 1600642909
3.9085 1600642909
4.7056000000000004 1600642909
4.7056 1600642909
3.0633999999999997 1600642909
3.0636 1600642909
3.9455 1600642909
3.9455 1600642909
4.6513 1600642909
4.6513 1600642909
3.9091 1600642909
3.9089000000000005 1600642909
1.0586000000000002 1600642909
1.0585999999999998 1600642909
3.8181999999999996 1600642909
3.8771 1600642909
3.903 1600642909
3.9047000000000005 1600642909
3.8829 1600642909
3.9012000000000002 1600642909
1.4769 1600642909
2.4757000000000002 1600642909
3.5831000000000004 1600642909
3.6332999999999998 1600642909
4.5733 1600642909
4.5734 1600642909
4.1099000000000006 1600642909
4.175 1600642909
3.0559 1600642909
2.3478999999999997 1600642909
2.7175000000000002 1600642909
3.6045 1600642909
2.5896000000000003 1600642909
2.5896000000000003 1600642909
4.7398 1600642909
4.74 1600642909
2.1222999999999996 1600642909
2.1317000000000004 1600642909
3.8828000000000005 1600642909
3.9001 1600642909
2.2564 1600642909
2.2563 1600642909
4.783200000000001 1600642909
4.783200000000001 1600642909
2.5141999999999998 1600642909
2.4271 1600642909
3.9922999999999997 1600642909
4.020099999999999 1600642909
4.0232 1600642909
2.9865 1600642909
2.9466 1600642909
2.9459999999999997 1600642909
3.5216000000000003 1600642909
3.5217 1600642909
4.803 1600642909
4.8026 1600642909
2.3693999999999997 1600642909
2.3697 1600642909
4.0911 1600642909
4.0915 1600642909
3.3566000000000003 1600642909
3.4832 1600642909
3.0818000000000003 1600642909
3.0819 1600642909
2.1906 1600642909
2.1902999999999997 1600642909
2.5699 1600642909
2.5180000000000002 1600642909
2.9850000000000003 1600642909
3.0873 1600642909
3.9720000000000004 1600642909
3.9721 1600642909
1.7008 1600642909
1.7010000000000005 1600642909
3.8938999999999995 1600642909
3.8945000000000003 1600642909
3.5107999999999997 1600642909
3.5107999999999997 1600642909
2.3566000000000003 1600642909
2.3564999999999996 1600642909
4.033399999999999 1600642909
4.033399999999999 1600642909
3.5751999999999997 1600642909
3.525 1600642909
1.8178 1600642909
1.8254000000000001 1600642909
2.671 1600642909
2.7437999999999994 1600642909
3.8592 1600642909
4.8208 1600642909
3.7875 1600642909
3.7874999999999996 1600642909
3.0678 1600642909
3.0678 1600642909
3.8234999999999997 1600642909
3.7553 1600642909
4.3888 1600642909
4.4039 1600642909
3.9067999999999996 1600642909
3.9067 1600642909
2.5427 1600642909
2.5427 1600642909
3.9199 1600642909
3.0402 1600642909
3.8739 1600642909
3.8742 1600642909
4.8051 1600642909
4.8067 1600642909
3.2807 1600642909
3.1668999999999996 1600642909
4.0708 1600642909
4.071000000000001 1600642909
4.8186 1600642909
4.8192 1600642909
2.1247 1600642909
2.1243 1600642909
3.8815 1600642909
3.8331 1600642909
2.6033999999999997 1600642909
2.4988999999999995 1600642909
1.5473 1600642909
1.5534 1600642909
3.8179 1600642909
3.8178 1600642909
1.0415999999999999 1600642909
1.0242999999999998 1600642909
3.3431000000000006 1600642909
3.3431000000000006 1600642909
3.8957 1600642909
3.8411999999999997 1600642909
3.876 1600642909
3.8378 1600642909
4.158 1600642909
4.1579999999999995 1600642909
3.2545 1600642909
3.3239 1600642909
3.89 1600642909
3.9600999999999997 1600642909
2.1187000000000005 1600642909
2.1188 1600642909
2.6218000000000004 1600642909
2.6437 1600642909
4.5727 1600642909
4.5717 1600642909
2.4551 1600642909
2.4366000000000003 1600642909
2.5992 1600642909
2.5983 1600642909
2.0928000000000004 1600642909
2.0926 1600642909
3.6391000000000004 1600642909
3.6393 1600642909
1.2285999999999997 1600642909
1.1835999999999998 1600642909
3.8755000000000006 1600642909
3.8754999999999997 1600642909
2.3429 1600642909
3.2244 1600642909
2.6786000000000003 1600642909
2.6331 1600642909
3.1999 1600642909
3.1999999999999997 1600642909
3.85 1600642909
3.8505 1600642909
2.7695 1600642909
2.667 1600642909
2.6284 1600642909
2.6154 1600642909
3.6263 1600642909
3.6263 1600642909
1.8671000000000002 1600642909
1.9307999999999996 1600642909
4.0871 1600642909
4.0875 1600642909
1.7536999999999998 1600642909
1.7576 1600642909
2.8543 1600642909
2.8542000000000005 1600642909
3.3152 1600642909
3.3838999999999997 1600642909
4.6081 1600642909
4.608700000000001 1600642909
3.0288 1600642909
2.9600000000000004 1600642909
4.2265999999999995 1600642909
4.2269000000000005 1600642909
1.5521000000000003 1600642909
1.5486 1600642909
2.5606999999999998 1600642909
2.5602 1600642909
3.5992999999999995 1600642909
3.5995000000000004 1600642909
2.4071000000000002 1600642909
2.4209 1600642909
3.7445999999999997 1600642909
3.7227 1600642909
1.5631 1600642909
1.5630000000000002 1600642909
3.0605 1600642909
3.0607000000000006 1600642909
2.0603000000000002 1600642909
2.0249 1600642909
3.9037 1600642909
3.9386 1600642909
1.1388000000000003 1600642909
2.0311999999999997 1600642909
2.473 1600642909
2.4734 1600642909
4.827 1600642909
4.8269 1600642909
4.543 1600642909
4.5424 1600642909
2.8836 1600642909
0.006000000000000005 1600642909
4.7947 1600642909
4.794899999999999 1600642909
4.3334 1600642909
4.4068 1600642909
3.072 1600642909
3.0326 1600642909
3.2265 1600642909
3.1973000000000003 1600642909
2.7706 1600642909
2.7696 1600642909
1.8991000000000002 1600642909
1.8992 1600642909
3.8323 1600642909
3.8323 1600642909
3.9322999999999997 1600642909
3.9229 1600642909
4.2246 1600642909
4.1582 1600642909
2.715 1600642909
2.7154 1600642909
2.5351000000000004 1600642909
2.5353 1600642909
3.8968999999999996 1600642909
3.8925 1600642909
3.6767 1600642909
3.6759 1600642909
4.7775 1600642909
4.7758 1600642909
3.2024 1600642909
3.1887999999999996 1600642909
3.1603 1600642909
3.1605000000000003 1600642909
3.3773 1600642909
3.3764999999999996 1600642909
4.2291 1600642909
4.2294 1600642909
2.9777 1600642909
2.9618 1600642909
2.3456 1600642909
2.3732 1600642909
3.9187000000000003 1600642909
3.9187 1600642909
3.5827 1600642909
3.5825000000000005 1600642909
4.0085999999999995 1600642909
4.0086 1600642909
4.0878 1600642909
4.087899999999999 1600642909
3.996 1600642909
4.0183 1600642909
2.6953000000000005 1600642909
2.7619 1600642909
1.5446 1600642909
1.5307 1600642909
3.2787999999999995 1600642909
3.3430999999999997 1600642909
4.3464 1600642909
4.2805 1600642909
3.9121000000000006 1600642909
3.9121 1600642909
3.4122 1600642909
3.4121 1600642909
2.8138 1600642909
2.7868999999999997 1600642909
1.2489999999999997 1600642909
1.2486999999999995 1600642909
3.2516000000000007 1600642909
3.2516000000000007 1600642909
4.0167 1600642909
4.0167 1600642909
2.5645 1600642909
2.5932000000000004 1600642909
2.1188000000000002 1600642909
2.3050000000000006 1600642909
4.5324 1600642909
4.5336 1600642909
4.7567 1600642909
4.756600000000001 1600642909
2.7074 1600642909
2.4255 1600642909
2.0881999999999996 1600642909
2.0876 1600642909
3.5971 1600642909
3.5755999999999997 1600642909
4.0241999999999996 1600642909
4.0307 1600642909
3.1734999999999998 1600642909
3.2394 1600642909
1.8996 1600642909
1.9137 1600642909
3.2295 1600642909
3.2285 1600642909
4.772 1600642909
4.772 1600642909
2.9391 1600642909
3.081 1600642909
4.1610000000000005 1600642909
4.1617 1600642909
4.0317 1600642909
4.0322 1600642909
3.1885999999999997 1600642909
4.0931 1600642909
3.0968999999999998 1600642909
3.0971 1600642909
1.5539999999999998 1600642909
1.5591000000000004 1600642909
4.5748 1600642909
4.5747 1600642909
3.2714000000000008 1600642909
3.2714 1600642909
2.3873999999999995 1600642909
2.3921 1600642909
4.242900000000001 1600642909
3.4684000000000004 1600642909
3.5665 1600642909
3.5543 1600642909
3.9131 1600642909
3.8903 1600642909
2.1746000000000003 1600642909
2.1743 1600642909
3.2580999999999998 1600642909
3.258 1600642909
3.6386 1600642909
3.6388999999999996 1600642909
2.9389999999999996 1600642909
2.9391000000000003 1600642909
3.4932999999999996 1600642909
3.4934000000000003 1600642909
3.5989 1600642909
3.5945 1600642909
3.4223999999999997 1600642909
3.4219 1600642909
3.4885 1600642909
3.4885 1600642909
3.0928999999999993 1600642909
3.0933 1600642909
3.5237 1600642909
3.7102000000000004 1600642909
2.9720999999999997 1600642909
2.9930999999999996 1600642909
3.7764 1600642909
3.7514 1600642909
3.9901 1600642909
4.0596000000000005 1600642909
3.9327 1600642909
3.9688 1600642909
2.7472000000000003 1600642909
2.7471000000000005 1600642909
4.1076 1600642909
4.1076 1600642909
2.4082000000000003 1600642909
1.4146 1600642909
2.4886000000000004 1600642909
2.4214 1600642909
3.6952000000000003 1600642909
3.6952000000000003 1600642909
4.6798 1600642909
4.6798 1600642909
4.9138 1600642909
4.913399999999999 1600642909
2.9642 1600642909
2.9641 1600642909
4.029 1600642909
4.0242 1600642909
0.8906999999999998 1600642909
0.8906999999999998 1600642909
4.8283 1600642909
3.8137999999999996 1600642909
3.7438000000000002 1600642909
3.7435 1600642909
2.1429 1600642909
2.1266 1600642909
4.0293 1600642909
4.0291999999999994 1600642909
3.5686 1600642909
3.5686 1600642909
2.28 1600642909
2.2805 1600642909
2.3508999999999998 1600642909
2.3515 1600642909
3.0536000000000003 1600642909
3.0536000000000003 1600642909
2.9037 1600642909
2.8883 1600642909
4.817 1600642909
4.817 1600642909
2.6661 1600642909
2.6654 1600642909
2.6504 1600642909
2.6506 1600642909
4.0261000000000005 1600642909
4.0271 1600642909
4.476299999999999 1600642909
4.4765 1600642909
2.2371999999999996 1600642909
2.2103 1600642909
1.4186999999999994 1600642909
1.4007999999999998 1600642909
3.5416 1600642909
3.5423999999999998 1600642909
3.5997 1600642909
3.5997 1600642909
3.8194000000000004 1600642909
3.8199000000000005 1600642909
2.1774 1600642909
2.1776 1600642909
2.9558 1600642909
2.9557 1600642909
4.7258000000000004 1600642909
4.725700000000001 1600642909
4.7851 1600642909
4.7851 1600642909
4.5711 1600642909
3.8786000000000005 1600642909
3.9772 1600642909
3.9112999999999998 1600642909
2.7532 1600642909
2.7651999999999997 1600642909
4.0923 1600642909
3.0781 1600642909
3.9042 1600642909
3.9040999999999997 1600642909
2.5185999999999997 1600642909
3.5465999999999998 1600642909
3.3561 1600642909
3.4334 1600642909
1.7021000000000002 1600642909
2.6955 1600642909
3.4002999999999997 1600642909
3.2725 1600642909
1.7799 1600642909
1.7687 1600642909
2.9871 1600642909
2.9765999999999995 1600642909
3.9018000000000006 1600642909
3.902 1600642909
1.8089999999999997 1600642909
1.8092999999999995 1600642909
3.0175 1600642909
3.0171 1600642909
3.8616 1600642909
3.7831 1600642909
3.8971000000000005 1600642909
3.8981 1600642909
3.9713999999999996 1600642909
3.0244 1600642909
2.4891 1600642909
2.5027 1600642909
4.3483 1600642909
4.348400000000001 1600642909
3.3385 1600642909
3.3206 1600642909
3.7704999999999997 1600642909
3.7705 1600642909
4.0172 1600642909
3.9717000000000002 1600642909
4.8848 1600642909
4.8847 1600642909
3.0237 1600642909
3.0239000000000003 1600642909
2.9143 1600642909
2.9135 1600642909
3.1247999999999996 1600642909
3.125 1600642909
4.6205 1600642909
3.2244 1600642909
2.4223999999999997 1600642909
2.4252000000000002 1600642909
1.447 1600642909
1.4467999999999996 1600642909
1.0029000000000003 1600642909
0.9830999999999999 1600642909
1.2441 1600642909
2.1310000000000002 1600642909
3.8783000000000003 1600642909
3.8599999999999994 1600642909
2.3895 1600642909
2.3895999999999997 1600642909
3.5471999999999997 1600642909
3.5471999999999997 1600642909
2.6233 1600642909
2.6231 1600642909
2.7640000000000002 1600642909
2.7674000000000003 1600642909
3.5977999999999994 1600642909
3.7208999999999994 1600642909
1.9578000000000002 1600642909
1.9581999999999997 1600642909
2.1841 1600642909
2.1938000000000004 1600642909
1.7878999999999998 1600642909
1.7877 1600642909
3.1132 1600642909
3.1132999999999997 1600642909
3.3669000000000002 1600642909
3.3657 1600642909
3.1390000000000002 1600642909
3.1389000000000005 1600642909
3.6178 1600642909
3.5526000000000004 1600642909
1.15 1600642909
1.1505 1600642909
3.1892 1600642909
3.2178000000000004 1600642909
1.3045 1600642909
1.3045 1600642909
2.5139 1600642909
2.5305 1600642909
1.3672 1600642909
1.3462 1600642909
3.8158 1600642909
3.8158 1600642909
4.5556 1600642909
4.5556 1600642909
4.5135000000000005 1600642909
4.5142999999999995 1600642909
2.5395000000000003 1600642909
3.4242999999999997 1600642909
4.7813 1600642909
4.7810999999999995 1600642909
3.8581 1600642909
3.8789 1600642909
2.6021000000000005 1600642909
2.602 1600642909
4.5956 1600642909
4.5955 1600642909
3.8829000000000002 1600642909
3.9001 1600642909
1.3483 1600642909
1.3487 1600642909
2.6578 1600642909
3.6285 1600642909
2.4404 1600642909
2.4402000000000004 1600642909
3.2031 1600642909
3.2032 1600642909
3.8566000000000003 1600642909
3.8568 1600642909
4.5897 1600642909
4.6271 1600642909
3.9072000000000005 1600642909
4.204 1600642909
2.1451999999999996 1600642909
3.3937 1600642909
3.8890000000000002 1600642909
3.8891999999999998 1600642909
3.9962999999999997 1600642909
3.9964000000000004 1600642909
3.0193 1600642909
2.9970000000000003 1600642909
4.5791 1600642909
4.3903 1600642909
4.0216 1600642909
4.0214 1600642909
3.8471 1600642909
3.8715 1600642909
4.8193 1600642909
4.8184 1600642909
2.7439000000000004 1600642909
2.7436000000000003 1600642909
3.926 1600642909
3.9081 1600642909
4.027799999999999 1600642909
4.0184999999999995 1600642909
2.2314999999999996 1600642909
2.2318 1600642909
3.7996999999999996 1600642909
3.788 1600642909
4.6722 1600642909
4.6721 1600642909
2.0165999999999995 1600642909
2.0164 1600642909
3.5112 1600642909
3.5132 1600642909
4.4757 1600642909
4.4757 1600642909
4.7846 1600642909
4.7842 1600642909
2.3411000000000004 1600642909
2.3411000000000004 1600642909
2.0146 1600642909
2.0147 1600642909
2.0128 1600642909
2.0128 1600642909
3.2347 1600642909
3.2344 1600642909
3.6635 1600642909
3.6692 1600642909
3.0236 1600642909
3.0843 1600642909
3.4978999999999996 1600642909
3.4970999999999997 1600642909
4.6711 1600642909
4.6706 1600642909
4.1573 1600642909
4.1576 1600642909
4.5285 1600642909
4.5285 1600642909
3.1162 1600642909
3.1165000000000003 1600642909
4.1853 1600642909
4.185600000000001 1600642909
3.8435999999999995 1600642909
3.843 1600642909
3.9968 1600642909
3.9968 1600642909
1.4833000000000003 1600642909
1.4947 1600642909
2.6496 1600642909
2.6497 1600642909
3.681 1600642909
3.6813 1600642909
2.1713000000000005 1600642909
2.1715 1600642909
1.733 1600642909
1.7504 1600642909
1.2662 1600642909
1.2666 1600642909
2.0003 1600642909
2.0008000000000004 1600642909
4.348 1600642909
4.4168 1600642909
2.7249 1600642909
2.7325999999999997 1600642909
0.9786999999999999 1600642909
0.9627999999999997 1600642909
3.5345999999999997 1600642909
3.5444 1600642909
1.6309999999999998 1600642909
3.5378 1600642909
4.7557 1600642909
4.7556 1600642909
2.1009999999999995 1600642909
2.1009999999999995 1600642909
3.4273 1600642909
3.4269 1600642909
4.8939 1600642909
4.8943 1600642909
1.1503 1600642909
1.1532000000000004 1600642909
3.4682000000000004 1600642909
3.4735 1600642909
3.8079 1600642909
3.835 1600642909
1.0585999999999998 1600642909
1.0664000000000002 1600642909
3.8960000000000004 1600642909
3.8538000000000006 1600642909
3.4032 1600642909
3.4684 1600642909
4.003 1600642909
3.9334 1600642909
2.4932 1600642909
2.4929999999999994 1600642909
2.7558999999999996 1600642909
2.8232999999999997 1600642909
3.5415 1600642909
3.5409000000000006 1600642909
3.101 1600642909
2.9749 1600642909
3.5930999999999997 1600642909
3.5955 1600642909
2.6965000000000003 1600642909
2.6963000000000004 1600642909
2.1222999999999996 1600642909
2.1356 1600642909
3.3460000000000005 1600642909
3.3262 1600642909
3.5101 1600642909
3.51 1600642909
4.6343 1600642909
4.6341 1600642909
1.8163999999999998 1600642909
2.1046 1600642909
3.9518 1600642909
3.9511 1600642909
3.4121 1600642909
3.4118999999999997 1600642909
1.52 1600642909
1.5451000000000001 1600642909
2.8632999999999997 1600642909
2.8629999999999995 1600642909
3.9934 1600642909
3.9935 1600642909
2.4594 1600642909
2.4642 1600642909
1.5699 1600642909
1.6227 1600642909
4.414 1600642909
4.4143 1600642909
3.8202000000000003 1600642909
3.8199000000000005 1600642909
1.7212 1600642909
1.7214000000000005 1600642909
4.0389 1600642909
4.0213 1600642909
3.8221 1600642909
3.8218 1600642909
2.5743 1600642909
2.349 1600642909
4.106199999999999 1600642909
4.1067 1600642909
1.7433999999999998 1600642909
1.7433999999999998 1600642909
4.5442 1600642909
4.567 1600642909
3.831 1600642909
3.831 1600642909
3.6732 1600642909
3.6822 1600642909
2.8991 1600642909
2.9492000000000003 1600642909
3.5696000000000003 1600642909
3.5696999999999997 1600642909
1.4127000000000005 1600642909
2.4024000000000005 1600642909
2.3047999999999997 1600642909
2.2835 1600642909
2.3789999999999996 1600642909
2.3787000000000003 1600642909
3.8765000000000005 1600642909
3.8942 1600642909
3.91 1600642909
3.9101999999999997 1600642909
1.7939000000000003 1600642909
1.7999 1600642909
1.7211999999999998 1600642909
1.7212999999999998 1600642909
4.0709 1600642909
4.0709 1600642909
3.9015000000000004 1600642909
3.9013 1600642909
1.4711999999999996 1600642909
1.4943 1600642909
3.9102999999999994 1600642909
3.9103 1600642909
3.7123999999999997 1600642909
3.7124999999999995 1600642909
2.7138999999999998 1600642909
2.7138 1600642909
3.4418 1600642909
3.736 1600642909
4.7632 1600642909
4.7638 1600642909
3.8301000000000003 1600642909
3.8301999999999996 1600642909
3.9259 1600642909
3.9308 1600642909
2.8264 1600642909
3.7107000000000006 1600642909
4.8156 1600642909
4.815200000000001 1600642909
2.0772000000000004 1600642909
2.077 1600642909
3.8768000000000002 1600642909
3.9038000000000004 1600642909
3.0591999999999997 1600642909
3.059 1600642909
2.2203999999999997 1600642909
2.2203 1600642909
3.0929999999999995 1600642909
3.0932000000000004 1600642909
3.4431 1600642909
3.4433999999999996 1600642909
1.5434 1600642909
1.5548000000000002 1600642909
2.4854000000000003 1600642909
2.4854999999999996 1600642909
