186.7887 1600560521
186.7893 1600560521
186.7892 1600560521
186.7893 1600560521
186.7892 1600560521
186.789 1600560521
186.7893 1600560521
176.5374 1600560521
176.5375 1600560521
176.53709999999998 1600560521
176.5373 1600560521
176.53719999999998 1600560521
176.5375 1600560521
176.5375 1600560521
146.2352 1600560521
146.2351 1600560521
146.2348 1600560521
146.23520000000002 1600560521
146.23510000000002 1600560521
146.23520000000002 1600560521
146.2351 1600560521
181.67149999999998 1600560521
181.6717 1600560521
181.6716 1600560521
181.67159999999998 1600560521
181.6713 1600560521
181.67159999999998 1600560521
181.67170000000002 1600560521
177.8964 1600560521
177.8965 1600560521
177.8963 1600560521
177.8964 1600560521
177.8966 1600560521
177.8962 1600560521
177.89659999999998 1600560521
186.5058 1600560521
186.5061 1600560521
186.5062 1600560521
186.506 1600560521
186.5063 1600560521
186.5062 1600560521
186.50629999999998 1600560521
149.8202 1600560521
149.82 1600560521
149.8196 1600560521
149.82 1600560521
149.81990000000002 1600560521
149.8196 1600560521
149.8199 1600560521
1.1712 1600560521
1.1713 1600560521
1.1715 1600560521
1.1715 1600560521
1.1712 1600560521
1.1713 1600560521
1.1714 1600560521
148.4027 1600560521
148.40300000000002 1600560521
148.4028 1600560521
148.4029 1600560521
148.4025 1600560521
148.403 1600560521
148.4026 1600560521
115.9632 1600560521
115.9632 1600560521
115.96329999999999 1600560521
115.9636 1600560521
115.9637 1600560521
115.9636 1600560521
115.9635 1600560521
151.75750000000002 1600560521
151.7574 1600560521
151.75750000000002 1600560521
151.7576 1600560521
151.7576 1600560521
151.7574 1600560521
151.7572 1600560521
153.9545 1600560521
153.9542 1600560521
153.954 1600560521
153.9544 1600560521
153.95420000000001 1600560521
153.95430000000002 1600560521
153.9545 1600560521
145.3991 1600560521
145.39870000000002 1600560521
145.399 1600560521
145.3991 1600560521
145.39880000000002 1600560521
145.3991 1600560521
145.3988 1600560521
146.33450000000002 1600560521
146.3346 1600560521
146.334 1600560521
146.3345 1600560521
146.33470000000003 1600560521
146.3346 1600560521
146.3347 1600560521
146.0786 1600560521
146.07829999999998 1600560521
146.079 1600560521
146.0789 1600560521
146.0789 1600560521
146.07920000000001 1600560521
146.0788 1600560521
197.18130000000002 1600560521
197.2395 1600560521
197.18529999999998 1600560521
197.0999 1600560521
197.1853 1600560521
197.185 1600560521
197.2396 1600560521
168.0981 1600560521
168.0979 1600560521
168.0978 1600560521
168.09810000000002 1600560521
168.09810000000002 1600560521
168.098 1600560521
168.0979 1600560521
166.9703 1600560521
166.9701 1600560521
166.97019999999998 1600560521
166.9703 1600560521
166.96980000000002 1600560521
166.97 1600560521
166.9703 1600560521
166.39190000000002 1600560521
166.3919 1600560521
166.3918 1600560521
166.3916 1600560521
166.392 1600560521
166.39180000000002 1600560521
166.392 1600560521
156.3296 1600560521
156.32909999999998 1600560521
156.3294 1600560521
156.3296 1600560521
156.3294 1600560521
156.3294 1600560521
156.3296 1600560521
156.624 1600560521
156.624 1600560521
156.6236 1600560521
156.62390000000002 1600560521
156.6238 1600560521
156.62400000000002 1600560521
156.6239 1600560521
155.0822 1600560521
155.0824 1600560521
155.0824 1600560521
155.0823 1600560521
155.0823 1600560521
155.08259999999999 1600560521
155.08249999999998 1600560521
180.7926 1600560521
180.7923 1600560521
180.79250000000002 1600560521
180.79240000000001 1600560521
180.7925 1600560521
180.79260000000002 1600560521
180.7927 1600560521
196.99370000000002 1600560521
196.99329999999998 1600560521
196.99349999999998 1600560521
196.99360000000001 1600560521
196.9936 1600560521
196.9936 1600560521
196.99339999999998 1600560521
185.9837 1600560521
185.9837 1600560521
185.9837 1600560521
185.9835 1600560521
185.9838 1600560521
185.9836 1600560521
185.9833 1600560521
187.2974 1600560521
187.2978 1600560521
187.2979 1600560521
187.2976 1600560521
187.2977 1600560521
187.2978 1600560521
187.29780000000002 1600560521
179.06869999999998 1600560521
179.0684 1600560521
179.0682 1600560521
179.0686 1600560521
179.0686 1600560521
179.0687 1600560521
179.06869999999998 1600560521
182.956 1600560521
182.95589999999999 1600560521
182.9556 1600560521
182.9561 1600560521
182.95579999999998 1600560521
182.95579999999998 1600560521
182.9558 1600560521
180.1363 1600560521
180.1364 1600560521
180.1363 1600560521
180.1361 1600560521
180.1359 1600560521
180.1362 1600560521
180.1361 1600560521
183.0693 1600560521
183.0692 1600560521
183.0691 1600560521
183.0694 1600560521
183.06889999999999 1600560521
183.0691 1600560521
183.0693 1600560521
180.8458 1600560521
180.8456 1600560521
180.8458 1600560521
180.846 1600560521
180.846 1600560521
180.8458 1600560521
180.8459 1600560521
197.0983 1600560521
196.8646 1600560521
197.1814 1600560521
197.2381 1600560521
197.0977 1600560521
197.0986 1600560521
197.09859999999998 1600560521
185.5675 1600560521
185.56719999999999 1600560521
185.5674 1600560521
185.5673 1600560521
185.5674 1600560521
185.56709999999998 1600560521
185.56740000000002 1600560521
146.2865 1600560521
146.28640000000001 1600560521
146.2865 1600560521
146.2867 1600560521
146.2867 1600560521
146.2867 1600560521
146.2866 1600560521
178.1563 1600560521
178.15609999999998 1600560521
178.1563 1600560521
178.15599999999998 1600560521
178.1559 1600560521
178.15599999999998 1600560521
178.1561 1600560521
184.0951 1600560521
184.09550000000002 1600560521
184.0955 1600560521
184.09539999999998 1600560521
184.0953 1600560521
184.0955 1600560521
184.0952 1600560521
183.6251 1600560521
183.62539999999998 1600560521
183.6252 1600560521
183.62529999999998 1600560521
183.6255 1600560521
183.6255 1600560521
183.6254 1600560521
187.2295 1600560521
187.2295 1600560521
187.2296 1600560521
187.2294 1600560521
187.2297 1600560521
187.2297 1600560521
187.22959999999998 1600560521
185.8464 1600560521
185.8465 1600560521
185.8462 1600560521
185.8465 1600560521
185.8466 1600560521
185.8463 1600560521
185.84629999999999 1600560521
196.2664 1600560521
196.2665 1600560521
197.16150000000002 1600560521
197.1614 1600560521
197.16129999999998 1600560521
197.1615 1600560521
197.16160000000002 1600560521
185.0106 1600560521
185.0106 1600560521
185.01049999999998 1600560521
185.0108 1600560521
185.0108 1600560521
185.0104 1600560521
185.01080000000002 1600560521
186.1665 1600560521
186.16670000000002 1600560521
186.1666 1600560521
186.1668 1600560521
186.1668 1600560521
186.16660000000002 1600560521
186.1668 1600560521
183.7794 1600560521
183.7797 1600560521
183.7798 1600560521
183.7796 1600560521
183.7798 1600560521
183.7798 1600560521
183.7797 1600560521
176.6481 1600560521
176.6482 1600560521
176.648 1600560521
176.6483 1600560521
176.6482 1600560521
176.6479 1600560521
176.6481 1600560521
174.6401 1600560521
174.6404 1600560521
174.6405 1600560521
174.64059999999998 1600560521
174.6404 1600560521
174.6405 1600560521
174.6404 1600560521
183.68 1600560521
183.68009999999998 1600560521
183.68030000000002 1600560521
183.6797 1600560521
183.6801 1600560521
183.68030000000002 1600560521
183.6802 1600560521
183.7293 1600560521
183.72969999999998 1600560521
183.7294 1600560521
183.72959999999998 1600560521
183.7296 1600560521
183.72959999999998 1600560521
183.72979999999998 1600560521
196.1765 1600560521
196.17649999999998 1600560521
196.6816 1600560521
196.683 1600560521
196.17659999999998 1600560521
196.6824 1600560521
196.6815 1600560521
150.605 1600560521
150.6047 1600560521
150.6051 1600560521
150.605 1600560521
150.6046 1600560521
150.60490000000001 1600560521
150.6049 1600560521
175.345 1600560521
175.34480000000002 1600560521
175.3453 1600560521
175.3451 1600560521
175.3452 1600560521
175.3451 1600560521
175.3453 1600560521
180.5733 1600560521
180.5734 1600560521
180.57319999999999 1600560521
180.5734 1600560521
180.5735 1600560521
180.57319999999999 1600560521
180.57309999999998 1600560521
179.12019999999998 1600560521
179.12030000000001 1600560521
179.1205 1600560521
179.1204 1600560521
179.12030000000001 1600560521
179.1206 1600560521
179.1205 1600560521
181.2887 1600560521
181.289 1600560521
181.2891 1600560521
181.2889 1600560521
181.28889999999998 1600560521
181.28910000000002 1600560521
181.28900000000002 1600560521
183.2856 1600560521
183.2858 1600560521
183.28560000000002 1600560521
183.2857 1600560521
183.28570000000002 1600560521
183.2858 1600560521
183.2855 1600560521
186.2301 1600560521
186.2301 1600560521
186.22990000000001 1600560521
186.23 1600560521
186.22979999999998 1600560521
186.22990000000001 1600560521
186.2302 1600560521
191.524 1600560521
191.5239 1600560521
191.52360000000002 1600560521
191.5239 1600560521
191.5238 1600560521
191.524 1600560521
191.5238 1600560521
171.72179999999997 1600560521
171.722 1600560521
171.7216 1600560521
171.7219 1600560521
171.72199999999998 1600560521
171.7219 1600560521
171.7218 1600560521
175.0914 1600560521
175.0913 1600560521
175.0915 1600560521
175.0915 1600560521
175.0912 1600560521
175.0916 1600560521
175.0914 1600560521
185.1103 1600560521
185.1104 1600560521
185.1105 1600560521
185.1104 1600560521
185.1104 1600560521
185.1101 1600560521
185.11020000000002 1600560521
179.83489999999998 1600560521
179.8346 1600560521
179.8348 1600560521
179.8348 1600560521
179.83489999999998 1600560521
179.8349 1600560521
179.83499999999998 1600560521
183.3364 1600560521
183.3366 1600560521
183.3368 1600560521
183.3366 1600560521
183.3368 1600560521
183.33689999999999 1600560521
183.3365 1600560521
178.2162 1600560521
178.2159 1600560521
178.2162 1600560521
178.2161 1600560521
178.21609999999998 1600560521
178.2163 1600560521
178.2162 1600560521
174.72029999999998 1600560521
174.7207 1600560521
174.7207 1600560521
174.7205 1600560521
174.7207 1600560521
174.7205 1600560521
174.7206 1600560521
147.2533 1600560521
147.2532 1600560521
147.2534 1600560521
147.2529 1600560521
147.2532 1600560521
147.25320000000002 1600560521
147.2534 1600560521
177.3106 1600560521
177.3109 1600560521
177.3109 1600560521
177.31070000000003 1600560521
177.3108 1600560521
177.3108 1600560521
177.3109 1600560521
171.12709999999998 1600560521
171.1274 1600560521
171.1274 1600560521
171.1273 1600560521
171.1275 1600560521
171.1275 1600560521
171.1276 1600560521
180.6368 1600560521
180.6366 1600560521
180.6366 1600560521
180.6368 1600560521
180.6367 1600560521
180.6367 1600560521
180.63639999999998 1600560521
180.3302 1600560521
180.3304 1600560521
180.3304 1600560521
180.3302 1600560521
180.3303 1600560521
180.3301 1600560521
180.3302 1600560521
180.68609999999998 1600560521
180.6864 1600560521
180.6865 1600560521
180.68619999999999 1600560521
180.6864 1600560521
180.6865 1600560521
180.6863 1600560521
146.0066 1600560521
146.0069 1600560521
146.007 1600560521
146.00650000000002 1600560521
146.0068 1600560521
146.0068 1600560521
146.0067 1600560521
144.0574 1600560521
144.0576 1600560521
144.0574 1600560521
144.05769999999998 1600560521
144.05780000000001 1600560521
144.0576 1600560521
144.0576 1600560521
169.7447 1600560521
169.7448 1600560521
169.7449 1600560521
169.7447 1600560521
169.74460000000002 1600560521
169.745 1600560521
169.7449 1600560521
194.0059 1600560521
194.00609999999998 1600560521
194.07139999999998 1600560521
194.0061 1600560521
194.0714 1600560521
194.0049 1600560521
194.00609999999998 1600560521
180.5187 1600560521
180.5189 1600560521
180.5188 1600560521
180.5189 1600560521
180.51860000000002 1600560521
180.5188 1600560521
180.519 1600560521
184.28179999999998 1600560521
184.2814 1600560521
184.2816 1600560521
184.2818 1600560521
184.2815 1600560521
184.2817 1600560521
184.2817 1600560521
177.82840000000002 1600560521
177.8286 1600560521
177.8286 1600560521
177.8285 1600560521
177.8282 1600560521
177.8284 1600560521
177.8284 1600560521
186.5745 1600560521
186.5747 1600560521
186.5744 1600560521
186.5746 1600560521
186.57430000000002 1600560521
186.5747 1600560521
186.57459999999998 1600560521
183.4107 1600560521
183.41049999999998 1600560521
183.41039999999998 1600560521
183.4106 1600560521
183.4105 1600560521
183.4102 1600560521
183.41039999999998 1600560521
184.7536 1600560521
184.7535 1600560521
184.75369999999998 1600560521
184.7535 1600560521
184.75369999999998 1600560521
184.7533 1600560521
184.75359999999998 1600560521
149.9975 1600560521
149.9975 1600560521
149.9972 1600560521
149.9974 1600560521
149.9974 1600560521
149.9973 1600560521
149.9976 1600560521
196.9935 1600560521
196.994 1600560521
196.8637 1600560521
196.99339999999998 1600560521
196.81279999999998 1600560521
196.8127 1600560521
196.994 1600560521
173.6583 1600560521
173.6583 1600560521
173.65789999999998 1600560521
173.6582 1600560521
173.6585 1600560521
173.6583 1600560521
173.6584 1600560521
187.06439999999998 1600560521
187.0639 1600560521
187.06429999999997 1600560521
187.0642 1600560521
187.0643 1600560521
187.0642 1600560521
187.0641 1600560521
177.35639999999998 1600560521
177.3562 1600560521
177.3563 1600560521
177.3565 1600560521
177.35600000000002 1600560521
177.3563 1600560521
177.3563 1600560521
165.7449 1600560521
165.7451 1600560521
165.7451 1600560521
165.7448 1600560521
165.7453 1600560521
165.74519999999998 1600560521
165.7453 1600560521
142.7242 1600560521
142.7243 1600560521
142.72410000000002 1600560521
142.7241 1600560521
142.72420000000002 1600560521
142.7242 1600560521
142.72369999999998 1600560521
175.6532 1600560521
175.6532 1600560521
175.65279999999998 1600560521
175.6529 1600560521
175.6531 1600560521
175.653 1600560521
175.6531 1600560521
175.717 1600560521
175.71699999999998 1600560521
175.7168 1600560521
175.7167 1600560521
175.71699999999998 1600560521
175.71699999999998 1600560521
175.71679999999998 1600560521
197.1016 1600560521
197.1015 1600560521
197.1696 1600560521
197.1007 1600560521
196.7532 1600560521
196.7531 1600560521
197.1015 1600560521
141.3349 1600560521
141.3351 1600560521
141.3352 1600560521
141.3352 1600560521
141.33530000000002 1600560521
141.3353 1600560521
141.33509999999998 1600560521
181.96179999999998 1600560521
181.9617 1600560521
181.96179999999998 1600560521
181.9616 1600560521
181.96200000000002 1600560521
181.9619 1600560521
181.96189999999999 1600560521
172.64000000000001 1600560521
172.6401 1600560521
172.64 1600560521
172.6401 1600560521
172.6403 1600560521
172.6402 1600560521
172.6399 1600560521
121.15740000000001 1600560521
121.1575 1600560521
121.1572 1600560521
121.1576 1600560521
121.1575 1600560521
121.1575 1600560521
121.15740000000001 1600560521
176.1392 1600560521
176.13909999999998 1600560521
176.13909999999998 1600560521
176.1393 1600560521
176.139 1600560521
176.1389 1600560521
176.1393 1600560521
185.6752 1600560521
185.6752 1600560521
185.6753 1600560521
185.6752 1600560521
185.67520000000002 1600560521
185.67499999999998 1600560521
185.6753 1600560521
186.34879999999998 1600560521
186.3489 1600560521
186.349 1600560521
186.3491 1600560521
186.3486 1600560521
186.34879999999998 1600560521
186.3489 1600560521
195.8022 1600560521
195.804 1600560521
195.8031 1600560521
195.84799999999998 1600560521
195.8028 1600560521
195.8027 1600560521
195.8028 1600560521
176.6954 1600560521
176.69549999999998 1600560521
176.6951 1600560521
176.6953 1600560521
176.6954 1600560521
176.695 1600560521
176.6953 1600560521
184.7046 1600560521
184.70440000000002 1600560521
184.70489999999998 1600560521
184.70489999999998 1600560521
184.7049 1600560521
184.7047 1600560521
184.7048 1600560521
182.1266 1600560521
182.1268 1600560521
182.1268 1600560521
182.1267 1600560521
182.1263 1600560521
182.1268 1600560521
182.12660000000002 1600560521
184.8766 1600560521
184.87619999999998 1600560521
184.8765 1600560521
184.87640000000002 1600560521
184.8763 1600560521
184.8767 1600560521
184.87660000000002 1600560521
176.46509999999998 1600560521
176.4648 1600560521
176.4651 1600560521
176.4649 1600560521
176.4651 1600560521
176.46519999999998 1600560521
176.465 1600560521
184.5505 1600560521
184.5505 1600560521
184.5503 1600560521
184.5507 1600560521
184.5507 1600560521
184.5504 1600560521
184.5506 1600560521
177.52790000000002 1600560521
177.5281 1600560521
177.528 1600560521
177.528 1600560521
177.5281 1600560521
177.5277 1600560521
177.5279 1600560521
193.7969 1600560521
193.797 1600560521
193.7973 1600560521
193.7972 1600560521
193.7971 1600560521
193.79719999999998 1600560521
193.7973 1600560521
161.2038 1600560521
161.2035 1600560521
161.20399999999998 1600560521
161.2038 1600560521
161.2041 1600560521
161.2039 1600560521
161.20379999999997 1600560521
157.2419 1600560521
157.2422 1600560521
157.2423 1600560521
157.2422 1600560521
157.2424 1600560521
157.2421 1600560521
157.2423 1600560521
159.1342 1600560521
159.1347 1600560521
159.1345 1600560521
159.1346 1600560521
159.1346 1600560521
159.1345 1600560521
159.1346 1600560521
122.3552 1600560521
122.35510000000001 1600560521
122.35539999999999 1600560521
122.3553 1600560521
122.35489999999999 1600560521
122.3552 1600560521
122.3554 1600560521
119.20110000000001 1600560521
119.2009 1600560521
119.2011 1600560521
119.2009 1600560521
119.20110000000001 1600560521
119.201 1600560521
119.2012 1600560521
152.3762 1600560521
152.3765 1600560521
152.3765 1600560521
152.3764 1600560521
152.3763 1600560521
152.3766 1600560521
152.3765 1600560521
162.3514 1600560521
162.3517 1600560521
162.3518 1600560521
162.3516 1600560521
162.3517 1600560521
162.35180000000003 1600560521
162.3518 1600560521
194.2308 1600560521
195.7302 1600560521
195.7303 1600560521
195.7303 1600560521
194.2308 1600560521
195.7303 1600560521
195.7303 1600560521
178.6576 1600560521
178.6574 1600560521
178.6577 1600560521
178.6575 1600560521
178.65769999999998 1600560521
178.65769999999998 1600560521
178.6576 1600560521
179.7585 1600560521
179.7583 1600560521
179.75859999999997 1600560521
179.7584 1600560521
179.7586 1600560521
179.7585 1600560521
179.75830000000002 1600560521
183.93249999999998 1600560521
183.9324 1600560521
183.9323 1600560521
183.93249999999998 1600560521
183.9321 1600560521
183.9323 1600560521
183.93239999999997 1600560521
178.0493 1600560521
178.0493 1600560521
178.04909999999998 1600560521
178.0494 1600560521
178.0494 1600560521
178.04899999999998 1600560521
178.0493 1600560521
164.8131 1600560521
164.8131 1600560521
164.813 1600560521
164.81289999999998 1600560521
164.8131 1600560521
164.8131 1600560521
164.8129 1600560521
184.4452 1600560521
184.4452 1600560521
184.4453 1600560521
184.4452 1600560521
184.44490000000002 1600560521
184.4453 1600560521
184.4454 1600560521
177.71349999999998 1600560521
177.71339999999998 1600560521
177.7133 1600560521
177.71349999999998 1600560521
177.7132 1600560521
177.71339999999998 1600560521
177.7134 1600560521
191.98059999999998 1600560521
191.98059999999998 1600560521
191.9808 1600560521
191.98080000000002 1600560521
191.9806 1600560521
191.98069999999998 1600560521
191.9807 1600560521
184.4953 1600560521
184.4953 1600560521
184.49509999999998 1600560521
184.4953 1600560521
184.49489999999997 1600560521
184.49519999999998 1600560521
184.49519999999998 1600560521
145.93040000000002 1600560521
145.9306 1600560521
145.9305 1600560521
145.9305 1600560521
145.9302 1600560521
145.93050000000002 1600560521
145.9303 1600560521
179.582 1600560521
179.58229999999998 1600560521
179.5822 1600560521
179.5823 1600560521
179.5822 1600560521
179.5821 1600560521
179.5819 1600560521
174.16049999999998 1600560521
174.16039999999998 1600560521
174.1604 1600560521
174.1603 1600560521
174.1604 1600560521
174.1602 1600560521
174.16049999999998 1600560521
172.21779999999998 1600560521
172.2178 1600560521
172.2178 1600560521
172.21790000000001 1600560521
172.2175 1600560521
172.21800000000002 1600560521
172.2177 1600560521
184.3802 1600560521
184.37990000000002 1600560521
184.3801 1600560521
184.38039999999998 1600560521
184.3801 1600560521
184.3802 1600560521
184.3803 1600560521
174.8685 1600560521
174.8687 1600560521
174.8684 1600560521
174.8685 1600560521
174.8688 1600560521
174.8686 1600560521
174.8686 1600560521
182.74089999999998 1600560521
182.7407 1600560521
182.7408 1600560521
182.74079999999998 1600560521
182.7405 1600560521
182.7407 1600560521
182.7407 1600560521
196.1224 1600560521
193.79690000000002 1600560521
193.7971 1600560521
193.7971 1600560521
193.7971 1600560521
193.8457 1600560521
193.797 1600560521
184.21849999999998 1600560521
184.2184 1600560521
184.21849999999998 1600560521
184.2182 1600560521
184.2184 1600560521
184.21849999999998 1600560521
184.2183 1600560521
185.32739999999998 1600560521
185.32719999999998 1600560521
185.3273 1600560521
185.3275 1600560521
185.32739999999998 1600560521
185.3271 1600560521
185.3274 1600560521
171.8707 1600560521
171.8707 1600560521
171.8708 1600560521
171.8707 1600560521
171.8707 1600560521
171.8706 1600560521
171.8704 1600560521
182.9 1600560521
182.8999 1600560521
182.8996 1600560521
182.8997 1600560521
182.8997 1600560521
182.8999 1600560521
182.8999 1600560521
182.2561 1600560521
182.25639999999999 1600560521
182.2565 1600560521
182.25629999999998 1600560521
182.25639999999999 1600560521
182.25639999999999 1600560521
182.25650000000002 1600560521
186.7374 1600560521
186.73739999999998 1600560521
186.7374 1600560521
186.7373 1600560521
186.7373 1600560521
186.7372 1600560521
186.73739999999998 1600560521
174.1072 1600560521
174.1074 1600560521
174.1073 1600560521
174.1071 1600560521
174.1071 1600560521
174.107 1600560521
174.1074 1600560521
195.86749999999998 1600560521
195.7313 1600560521
195.7311 1600560521
195.8674 1600560521
195.7314 1600560521
195.7313 1600560521
195.7313 1600560521
154.2458 1600560521
154.2458 1600560521
154.2457 1600560521
154.2455 1600560521
154.2457 1600560521
154.2458 1600560521
154.2459 1600560521
127.6851 1600560521
127.68509999999999 1600560521
127.6849 1600560521
127.6848 1600560521
127.6851 1600560521
127.6849 1600560521
127.685 1600560521
158.57580000000002 1600560521
158.57590000000002 1600560521
158.5761 1600560521
158.576 1600560521
158.5762 1600560521
158.5762 1600560521
158.5761 1600560521
157.9238 1600560521
157.9238 1600560521
157.9237 1600560521
157.9236 1600560521
157.92360000000002 1600560521
157.9234 1600560521
157.9237 1600560521
185.49609999999998 1600560521
185.49609999999998 1600560521
185.4959 1600560521
185.496 1600560521
185.4958 1600560521
185.4962 1600560521
185.49599999999998 1600560521
184.9452 1600560521
184.94539999999998 1600560521
184.9449 1600560521
184.9452 1600560521
184.94529999999997 1600560521
184.9453 1600560521
184.9452 1600560521
153.9571 1600560521
153.9573 1600560521
153.9572 1600560521
153.95700000000002 1600560521
153.9573 1600560521
153.9572 1600560521
153.9572 1600560521
193.5787 1600560521
195.3158 1600560521
195.3159 1600560521
195.3159 1600560521
195.3157 1600560521
195.3159 1600560521
195.3159 1600560521
177.6053 1600560521
177.6052 1600560521
177.6054 1600560521
177.6054 1600560521
177.60549999999998 1600560521
177.6051 1600560521
177.6054 1600560521
163.17649999999998 1600560521
163.1768 1600560521
163.1765 1600560521
163.1767 1600560521
163.17669999999998 1600560521
163.17659999999998 1600560521
163.1766 1600560521
185.20770000000002 1600560521
185.20749999999998 1600560521
185.20749999999998 1600560521
185.2077 1600560521
185.2076 1600560521
185.2072 1600560521
185.20770000000002 1600560521
160.4213 1600560521
160.4211 1600560521
160.421 1600560521
160.421 1600560521
160.4212 1600560521
160.4212 1600560521
160.421 1600560521
176.92579999999998 1600560521
176.9262 1600560521
176.9262 1600560521
176.92589999999998 1600560521
176.9262 1600560521
176.926 1600560521
176.9261 1600560521
160.19189999999998 1600560521
160.1917 1600560521
160.1919 1600560521
160.1916 1600560521
160.1915 1600560521
160.1917 1600560521
160.1918 1600560521
124.0556 1600560521
124.05539999999999 1600560521
124.0556 1600560521
124.0552 1600560521
124.0554 1600560521
124.0554 1600560521
124.0555 1600560521
197.1001 1600560521
197.10250000000002 1600560521
197.1025 1600560521
197.10150000000002 1600560521
197.10240000000002 1600560521
197.0973 1600560521
197.1025 1600560521
119.156 1600560521
119.1557 1600560521
119.1558 1600560521
119.1561 1600560521
119.1559 1600560521
119.1561 1600560521
119.15599999999999 1600560521
178.55069999999998 1600560521
178.551 1600560521
178.55069999999998 1600560521
178.55089999999998 1600560521
178.55079999999998 1600560521
178.5509 1600560521
178.5509 1600560521
175.7876 1600560521
175.7872 1600560521
175.7875 1600560521
175.7876 1600560521
175.7874 1600560521
175.7873 1600560521
175.7874 1600560521
182.6422 1600560521
182.6421 1600560521
182.6418 1600560521
182.6422 1600560521
182.642 1600560521
182.64219999999997 1600560521
182.642 1600560521
175.4646 1600560521
175.4648 1600560521
175.4648 1600560521
175.4649 1600560521
175.4647 1600560521
175.4645 1600560521
175.4647 1600560521
176.18280000000001 1600560521
176.1829 1600560521
176.183 1600560521
176.1826 1600560521
176.1827 1600560521
176.1828 1600560521
176.183 1600560521
175.41219999999998 1600560521
175.4122 1600560521
175.412 1600560521
175.412 1600560521
175.4121 1600560521
175.4118 1600560521
175.41219999999998 1600560521
196.86540000000002 1600560521
196.8655 1600560521
196.8655 1600560521
197.18099999999998 1600560521
197.0978 1600560521
196.1945 1600560521
197.09879999999998 1600560521
180.0644 1600560521
180.064 1600560521
180.0642 1600560521
180.0643 1600560521
180.0643 1600560521
180.0643 1600560521
180.0641 1600560521
185.3949 1600560521
185.3946 1600560521
185.3944 1600560521
185.3948 1600560521
185.3948 1600560521
185.39499999999998 1600560521
185.3947 1600560521
182.69299999999998 1600560521
182.69299999999998 1600560521
182.69289999999998 1600560521
182.6931 1600560521
182.6927 1600560521
182.69279999999998 1600560521
182.69299999999998 1600560521
183.8819 1600560521
183.8819 1600560521
183.8818 1600560521
183.8817 1600560521
183.8815 1600560521
183.8818 1600560521
183.8817 1600560521
185.2771 1600560521
185.2773 1600560521
185.2773 1600560521
185.2774 1600560521
185.2775 1600560521
185.2773 1600560521
185.2774 1600560521
184.6481 1600560521
184.648 1600560521
184.6477 1600560521
184.648 1600560521
184.6479 1600560521
184.64819999999997 1600560521
184.6478 1600560521
166.804 1600560521
166.8045 1600560521
166.8043 1600560521
166.80440000000002 1600560521
166.8045 1600560521
166.8044 1600560521
166.804 1600560521
192.98860000000002 1600560521
192.98860000000002 1600560521
192.9884 1600560521
192.9886 1600560521
192.9885 1600560521
192.98860000000002 1600560521
192.98829999999998 1600560521
153.2918 1600560521
153.2917 1600560521
153.292 1600560521
153.29190000000003 1600560521
153.2918 1600560521
153.2919 1600560521
153.2916 1600560521
158.0222 1600560521
158.0225 1600560521
158.0225 1600560521
158.02249999999998 1600560521
158.0223 1600560521
158.0224 1600560521
158.0222 1600560521
88.4191 1600560521
88.4191 1600560521
88.41890000000001 1600560521
88.419 1600560521
88.41900000000001 1600560521
88.41900000000001 1600560521
88.4191 1600560521
145.524 1600560521
145.5239 1600560521
145.5237 1600560521
145.52390000000003 1600560521
145.524 1600560521
145.524 1600560521
145.5242 1600560521
113.9728 1600560521
113.9725 1600560521
113.9725 1600560521
113.9728 1600560521
113.9729 1600560521
113.9725 1600560521
113.97290000000001 1600560521
142.7961 1600560521
142.7961 1600560521
142.796 1600560521
142.7962 1600560521
142.79590000000002 1600560521
142.7961 1600560521
142.7962 1600560521
114.4286 1600560521
114.4289 1600560521
114.42869999999999 1600560521
114.42890000000001 1600560521
114.42880000000001 1600560521
114.429 1600560521
114.429 1600560521
196.51850000000002 1600560521
196.5183 1600560521
196.5714 1600560521
196.5186 1600560521
196.5723 1600560521
196.5186 1600560521
196.5177 1600560521
181.5581 1600560521
181.558 1600560521
181.558 1600560521
181.5575 1600560521
181.55800000000002 1600560521
181.5579 1600560521
181.55780000000001 1600560521
165.69420000000002 1600560521
165.69410000000002 1600560521
165.69430000000003 1600560521
165.69430000000003 1600560521
165.6941 1600560521
165.69410000000002 1600560521
165.6939 1600560521
178.4227 1600560521
178.42249999999999 1600560521
178.4224 1600560521
178.42270000000002 1600560521
178.42270000000002 1600560521
178.42260000000002 1600560521
178.42239999999998 1600560521
170.498 1600560521
170.498 1600560521
170.4981 1600560521
170.49790000000002 1600560521
170.498 1600560521
170.4979 1600560521
170.4978 1600560521
175.14589999999998 1600560521
175.1457 1600560521
175.1461 1600560521
175.14589999999998 1600560521
175.1461 1600560521
175.14589999999998 1600560521
175.1457 1600560521
169.43460000000002 1600560521
169.43460000000002 1600560521
169.4344 1600560521
169.4345 1600560521
169.43460000000002 1600560521
169.4346 1600560521
169.4348 1600560521
165.9486 1600560521
165.9485 1600560521
165.9486 1600560521
165.9487 1600560521
165.9489 1600560521
165.9488 1600560521
165.9488 1600560521
193.63049999999998 1600560521
193.6308 1600560521
193.631 1600560521
193.6309 1600560521
193.6309 1600560521
193.631 1600560521
193.6308 1600560521
187.184 1600560521
187.1837 1600560521
187.184 1600560521
187.1841 1600560521
187.1839 1600560521
187.184 1600560521
187.1843 1600560521
166.3231 1600560521
166.3231 1600560521
166.3228 1600560521
166.3228 1600560521
166.3228 1600560521
166.3231 1600560521
166.3229 1600560521
169.369 1600560521
169.3689 1600560521
169.3687 1600560521
169.369 1600560521
169.36839999999998 1600560521
169.3688 1600560521
169.3691 1600560521
168.5351 1600560521
168.535 1600560521
168.53459999999998 1600560521
168.5348 1600560521
168.5351 1600560521
168.5347 1600560521
168.5349 1600560521
169.4832 1600560521
169.4831 1600560521
169.48319999999998 1600560521
169.48329999999999 1600560521
169.48340000000002 1600560521
169.4829 1600560521
169.4833 1600560521
179.36769999999999 1600560521
179.3676 1600560521
179.3675 1600560521
179.3676 1600560521
179.3679 1600560521
179.3679 1600560521
179.3681 1600560521
89.8116 1600560521
89.8116 1600560521
89.8119 1600560521
89.8117 1600560521
89.81200000000001 1600560521
89.8118 1600560521
89.8117 1600560521
114.4781 1600560521
114.4777 1600560521
114.47800000000001 1600560521
114.4783 1600560521
114.4782 1600560521
114.4782 1600560521
114.4784 1600560521
195.7314 1600560521
194.2835 1600560521
195.7312 1600560521
194.2835 1600560521
194.2832 1600560521
195.7314 1600560521
195.7314 1600560521
178.82260000000002 1600560521
178.82229999999998 1600560521
178.8226 1600560521
178.8223 1600560521
178.8228 1600560521
178.8224 1600560521
178.8228 1600560521
167.02190000000002 1600560521
167.0221 1600560521
167.0224 1600560521
167.02210000000002 1600560521
167.0222 1600560521
167.0222 1600560521
167.02190000000002 1600560521
168.68880000000001 1600560521
168.68890000000002 1600560521
168.689 1600560521
168.6889 1600560521
168.6891 1600560521
168.6887 1600560521
168.689 1600560521
166.54070000000002 1600560521
166.54059999999998 1600560521
166.54010000000002 1600560521
166.5399 1600560521
166.5404 1600560521
166.5405 1600560521
166.5406 1600560521
145.9304 1600560521
145.93060000000003 1600560521
145.9305 1600560521
145.9305 1600560521
145.9305 1600560521
145.93060000000003 1600560521
145.9307 1600560521
168.3174 1600560521
168.31719999999999 1600560521
168.3174 1600560521
168.31750000000002 1600560521
168.3173 1600560521
168.3171 1600560521
168.3175 1600560521
169.9891 1600560521
169.9889 1600560521
169.9892 1600560521
169.98940000000002 1600560521
169.98930000000001 1600560521
169.98940000000002 1600560521
169.9892 1600560521
187.6173 1600560521
187.6175 1600560521
187.61769999999999 1600560521
187.6174 1600560521
187.61780000000002 1600560521
187.6176 1600560521
187.61780000000002 1600560521
88.4992 1600560521
88.49910000000001 1600560521
88.4992 1600560521
88.4991 1600560521
88.4991 1600560521
88.4993 1600560521
88.4991 1600560521
177.0458 1600560521
177.04569999999998 1600560521
177.0455 1600560521
177.0457 1600560521
177.0456 1600560521
177.0457 1600560521
177.0459 1600560521
164.4025 1600560521
164.4025 1600560521
164.4023 1600560521
164.4026 1600560521
164.40220000000002 1600560521
164.4024 1600560521
164.4025 1600560521
169.81050000000002 1600560521
169.8102 1600560521
169.8106 1600560521
169.8105 1600560521
169.81040000000002 1600560521
169.8106 1600560521
169.81029999999998 1600560521
176.7972 1600560521
176.7973 1600560521
176.7974 1600560521
176.79739999999998 1600560521
176.7971 1600560521
176.7972 1600560521
176.797 1600560521
171.0274 1600560521
171.0274 1600560521
171.0273 1600560521
171.0271 1600560521
171.0272 1600560521
171.0274 1600560521
171.0274 1600560521
171.6181 1600560521
171.61829999999998 1600560521
171.6184 1600560521
171.6179 1600560521
171.6184 1600560521
171.61829999999998 1600560521
171.6183 1600560521
197.0462 1600560521
196.8142 1600560521
197.04680000000002 1600560521
197.046 1600560521
196.5163 1600560521
196.5164 1600560521
197.0467 1600560521
166.1457 1600560521
166.1458 1600560521
166.1458 1600560521
166.1458 1600560521
166.14589999999998 1600560521
166.1456 1600560521
166.146 1600560521
165.6935 1600560521
165.69369999999998 1600560521
165.6934 1600560521
165.6935 1600560521
165.6933 1600560521
165.69369999999998 1600560521
165.6936 1600560521
158.1488 1600560521
158.1486 1600560521
158.1486 1600560521
158.14860000000002 1600560521
158.1487 1600560521
158.1488 1600560521
158.1485 1600560521
39.4713 1600560521
39.4715 1600560521
39.4714 1600560521
39.4713 1600560521
39.4714 1600560521
39.4715 1600560521
39.4714 1600560521
160.8606 1600560521
160.8606 1600560521
160.8608 1600560521
160.8605 1600560521
160.8604 1600560521
160.8608 1600560521
160.8607 1600560521
152.4353 1600560521
152.435 1600560521
152.43540000000002 1600560521
152.43550000000002 1600560521
152.4352 1600560521
152.43509999999998 1600560521
152.4352 1600560521
163.3936 1600560521
163.3935 1600560521
163.3937 1600560521
163.3936 1600560521
163.39339999999999 1600560521
163.39339999999999 1600560521
163.3937 1600560521
195.583 1600560521
195.5831 1600560521
195.5832 1600560521
195.583 1600560521
195.5831 1600560521
195.58290000000002 1600560521
195.5831 1600560521
155.5138 1600560521
155.5136 1600560521
155.5134 1600560521
155.5136 1600560521
155.5137 1600560521
155.5135 1600560521
155.5138 1600560521
183.2318 1600560521
183.2317 1600560521
183.2318 1600560521
183.2317 1600560521
183.2319 1600560521
183.2316 1600560521
183.2316 1600560521
176.0139 1600560521
176.0137 1600560521
176.01350000000002 1600560521
176.0137 1600560521
176.0137 1600560521
176.0139 1600560521
176.0136 1600560521
181.33720000000002 1600560521
181.3374 1600560521
181.3374 1600560521
181.3374 1600560521
181.33720000000002 1600560521
181.3371 1600560521
181.33749999999998 1600560521
147.0263 1600560521
147.0263 1600560521
147.0262 1600560521
147.0264 1600560521
147.02640000000002 1600560521
147.0262 1600560521
147.026 1600560521
176.7449 1600560521
176.7446 1600560521
176.7448 1600560521
176.7445 1600560521
176.7448 1600560521
176.7447 1600560521
176.7448 1600560521
186.89659999999998 1600560521
186.89679999999998 1600560521
186.89679999999998 1600560521
186.89679999999998 1600560521
186.8964 1600560521
186.89669999999998 1600560521
186.8967 1600560521
196.753 1600560521
196.7531 1600560521
196.75289999999998 1600560521
196.8194 1600560521
196.7534 1600560521
196.7535 1600560521
196.7535 1600560521
180.2154 1600560521
180.2158 1600560521
180.2157 1600560521
180.2158 1600560521
180.2155 1600560521
180.2156 1600560521
180.2158 1600560521
184.8203 1600560521
184.8203 1600560521
184.8202 1600560521
184.8204 1600560521
184.8205 1600560521
184.8203 1600560521
184.82049999999998 1600560521
180.74339999999998 1600560521
180.74360000000001 1600560521
180.74349999999998 1600560521
180.74339999999998 1600560521
180.7436 1600560521
180.7432 1600560521
180.74349999999998 1600560521
170.8997 1600560521
170.8994 1600560521
170.8998 1600560521
170.8995 1600560521
170.8996 1600560521
170.8997 1600560521
170.8998 1600560521
172.92849999999999 1600560521
172.92849999999999 1600560521
172.9286 1600560521
172.9282 1600560521
172.92839999999998 1600560521
172.9287 1600560521
172.9286 1600560521
173.027 1600560521
173.0274 1600560521
173.0272 1600560521
173.0271 1600560521
173.0273 1600560521
173.0273 1600560521
173.0274 1600560521
179.2397 1600560521
179.2395 1600560521
179.23919999999998 1600560521
179.2396 1600560521
179.23940000000002 1600560521
179.2395 1600560521
179.23960000000002 1600560521
146.0071 1600560521
146.0072 1600560521
146.007 1600560521
146.0072 1600560521
146.0073 1600560521
146.00709999999998 1600560521
146.00709999999998 1600560521
170.3001 1600560521
170.3003 1600560521
170.3001 1600560521
170.3 1600560521
170.29989999999998 1600560521
170.3001 1600560521
170.2997 1600560521
178.999 1600560521
178.9992 1600560521
178.9992 1600560521
178.999 1600560521
178.9992 1600560521
178.99929999999998 1600560521
178.9989 1600560521
182.8014 1600560521
182.8014 1600560521
182.8013 1600560521
182.80149999999998 1600560521
182.8012 1600560521
182.80149999999998 1600560521
182.8016 1600560521
174.2851 1600560521
174.2849 1600560521
174.2848 1600560521
174.2846 1600560521
174.285 1600560521
174.285 1600560521
174.28500000000003 1600560521
171.3491 1600560521
171.3493 1600560521
171.3494 1600560521
171.349 1600560521
171.3494 1600560521
171.3492 1600560521
171.3493 1600560521
186.4102 1600560521
186.41049999999998 1600560521
186.4106 1600560521
186.41039999999998 1600560521
186.4105 1600560521
186.41039999999998 1600560521
186.4102 1600560521
179.6508 1600560521
179.6509 1600560521
179.6509 1600560521
179.65099999999998 1600560521
179.65109999999999 1600560521
179.6506 1600560521
179.65109999999999 1600560521
195.1969 1600560521
193.3673 1600560521
195.1969 1600560521
193.3674 1600560521
195.1969 1600560521
195.197 1600560521
195.197 1600560521
185.741 1600560521
185.7409 1600560521
185.7407 1600560521
185.7409 1600560521
185.7408 1600560521
185.741 1600560521
185.7411 1600560521
175.897 1600560521
175.8969 1600560521
175.8969 1600560521
175.89710000000002 1600560521
175.89679999999998 1600560521
175.8971 1600560521
175.897 1600560521
182.05349999999999 1600560521
182.05339999999998 1600560521
182.05349999999999 1600560521
182.05329999999998 1600560521
182.0536 1600560521
182.05360000000002 1600560521
182.0534 1600560521
179.4544 1600560521
179.4543 1600560521
179.4544 1600560521
179.4544 1600560521
179.4545 1600560521
179.4542 1600560521
179.4544 1600560521
179.9115 1600560521
179.9111 1600560521
179.9114 1600560521
179.9113 1600560521
179.9112 1600560521
179.91140000000001 1600560521
179.91119999999998 1600560521
174.8155 1600560521
174.81560000000002 1600560521
174.8152 1600560521
174.81550000000001 1600560521
174.81529999999998 1600560521
174.8154 1600560521
174.8155 1600560521
147.6533 1600560521
147.6532 1600560521
147.6533 1600560521
147.6533 1600560521
147.6532 1600560521
147.6534 1600560521
147.6533 1600560521
193.2166 1600560521
193.2165 1600560521
193.2168 1600560521
193.2166 1600560521
193.2164 1600560521
193.2167 1600560521
193.2166 1600560521
174.3502 1600560521
174.3498 1600560521
174.3501 1600560521
174.3503 1600560521
174.35 1600560521
174.35029999999998 1600560521
174.3499 1600560521
172.6818 1600560521
172.6816 1600560521
172.6815 1600560521
172.6816 1600560521
172.6816 1600560521
172.6817 1600560521
172.6814 1600560521
178.925 1600560521
178.9249 1600560521
178.92510000000001 1600560521
178.9248 1600560521
178.9246 1600560521
178.9248 1600560521
178.9248 1600560521
171.66830000000002 1600560521
171.66830000000002 1600560521
171.6679 1600560521
171.6682 1600560521
171.6679 1600560521
171.66840000000002 1600560521
171.668 1600560521
167.6901 1600560521
167.6897 1600560521
167.6902 1600560521
167.6898 1600560521
167.68970000000002 1600560521
167.68970000000002 1600560521
167.69 1600560521
173.6073 1600560521
173.6072 1600560521
173.6073 1600560521
173.607 1600560521
173.6072 1600560521
173.6071 1600560521
173.6071 1600560521
165.60539999999997 1600560521
165.6053 1600560521
165.6057 1600560521
165.6056 1600560521
165.6055 1600560521
165.6055 1600560521
165.6057 1600560521
166.6027 1600560521
166.6027 1600560521
166.60240000000002 1600560521
166.60250000000002 1600560521
166.6026 1600560521
166.6028 1600560521
166.6027 1600560521
194.6668 1600560521
194.6675 1600560521
194.5939 1600560521
192.5183 1600560521
192.5183 1600560521
194.594 1600560521
194.594 1600560521
155.8638 1600560521
155.864 1600560521
155.864 1600560521
155.8638 1600560521
155.8644 1600560521
155.86430000000001 1600560521
155.8643 1600560521
168.0306 1600560521
168.0309 1600560521
168.031 1600560521
168.0308 1600560521
168.03070000000002 1600560521
168.0307 1600560521
168.0307 1600560521
142.94480000000001 1600560521
142.945 1600560521
142.9447 1600560521
142.945 1600560521
142.9451 1600560521
142.9451 1600560521
142.945 1600560521
171.5703 1600560521
171.5703 1600560521
171.5701 1600560521
171.5702 1600560521
171.5699 1600560521
171.57 1600560521
171.57 1600560521
146.5818 1600560521
146.58200000000002 1600560521
146.5817 1600560521
146.5816 1600560521
146.58190000000002 1600560521
146.58190000000002 1600560521
146.5819 1600560521
173.4313 1600560521
173.43110000000001 1600560521
173.4312 1600560521
173.4309 1600560521
173.43130000000002 1600560521
173.43110000000001 1600560521
173.4312 1600560521
169.0766 1600560521
169.0762 1600560521
169.0766 1600560521
169.0763 1600560521
169.0764 1600560521
169.07649999999998 1600560521
169.0764 1600560521
196.8657 1600560521
196.8657 1600560521
196.8654 1600560521
196.86579999999998 1600560521
196.8657 1600560521
196.8659 1600560521
196.8657 1600560521
166.2618 1600560521
166.2619 1600560521
166.2617 1600560521
166.2621 1600560521
166.262 1600560521
166.262 1600560521
166.262 1600560521
167.30360000000002 1600560521
167.3035 1600560521
167.30339999999998 1600560521
167.3034 1600560521
167.3036 1600560521
167.30349999999999 1600560521
167.3033 1600560521
117.1348 1600560521
117.1349 1600560521
117.1349 1600560521
117.13470000000001 1600560521
117.1348 1600560521
117.13470000000001 1600560521
117.13470000000001 1600560521
179.16690000000003 1600560521
179.1669 1600560521
179.1668 1600560521
179.1668 1600560521
179.16670000000002 1600560521
179.1669 1600560521
179.167 1600560521
174.5337 1600560521
174.5336 1600560521
174.5338 1600560521
174.5335 1600560521
174.5338 1600560521
174.53369999999998 1600560521
174.5336 1600560521
165.9017 1600560521
165.9019 1600560521
165.9017 1600560521
165.902 1600560521
165.9017 1600560521
165.90179999999998 1600560521
165.90200000000002 1600560521
166.06830000000002 1600560521
166.06820000000002 1600560521
166.0676 1600560521
166.0682 1600560521
166.0681 1600560521
166.0684 1600560521
166.06830000000002 1600560521
195.38670000000002 1600560521
196.1251 1600560521
196.12460000000002 1600560521
196.1247 1600560521
196.1246 1600560521
196.1245 1600560521
196.12460000000002 1600560521
177.6618 1600560521
177.6621 1600560521
177.6621 1600560521
177.66219999999998 1600560521
177.6622 1600560521
177.6619 1600560521
177.66209999999998 1600560521
170.3976 1600560521
170.3975 1600560521
170.3974 1600560521
170.3974 1600560521
170.39770000000001 1600560521
170.3975 1600560521
170.3977 1600560521
186.09879999999998 1600560521
186.0989 1600560521
186.099 1600560521
186.09869999999998 1600560521
186.0985 1600560521
186.099 1600560521
186.09879999999998 1600560521
170.6375 1600560521
170.6377 1600560521
170.6377 1600560521
170.63739999999999 1600560521
170.6378 1600560521
170.6376 1600560521
170.6377 1600560521
119.1562 1600560521
119.156 1600560521
119.1563 1600560521
119.15610000000001 1600560521
119.156 1600560521
119.1561 1600560521
119.1562 1600560521
180.2622 1600560521
180.2624 1600560521
180.2623 1600560521
180.2622 1600560521
180.2623 1600560521
180.2622 1600560521
180.2619 1600560521
174.99370000000002 1600560521
174.994 1600560521
174.9937 1600560521
174.99380000000002 1600560521
174.994 1600560521
174.9939 1600560521
174.994 1600560521
196.8139 1600560521
196.81390000000002 1600560521
196.81410000000002 1600560521
196.8139 1600560521
196.814 1600560521
196.814 1600560521
196.8137 1600560521
168.92340000000002 1600560521
168.9233 1600560521
168.92319999999998 1600560521
168.9228 1600560521
168.923 1600560521
168.92329999999998 1600560521
168.9233 1600560521
170.1122 1600560521
170.1124 1600560521
170.11249999999998 1600560521
170.1124 1600560521
170.1121 1600560521
170.1122 1600560521
170.1125 1600560521
167.4061 1600560521
167.4061 1600560521
167.4064 1600560521
167.4065 1600560521
167.4062 1600560521
167.4064 1600560521
167.40650000000002 1600560521
173.8775 1600560521
173.8774 1600560521
173.8776 1600560521
173.8773 1600560521
173.8773 1600560521
173.8768 1600560521
173.8774 1600560521
168.46779999999998 1600560521
168.46810000000002 1600560521
168.4682 1600560521
168.46800000000002 1600560521
168.468 1600560521
168.46800000000002 1600560521
168.4681 1600560521
186.4584 1600560521
186.45850000000002 1600560521
186.4586 1600560521
186.4583 1600560521
186.45870000000002 1600560521
186.45850000000002 1600560521
186.4586 1600560521
142.6029 1600560521
142.6031 1600560521
142.60309999999998 1600560521
142.6032 1600560521
142.60330000000002 1600560521
142.6031 1600560521
142.6033 1600560521
196.3961 1600560521
196.3961 1600560521
195.9254 1600560521
196.39540000000002 1600560521
196.39530000000002 1600560521
196.39530000000002 1600560521
196.44 1600560521
167.512 1600560521
167.512 1600560521
167.51160000000002 1600560521
167.512 1600560521
167.5118 1600560521
167.512 1600560521
167.5121 1600560521
172.9784 1600560521
172.97830000000002 1600560521
172.9783 1600560521
172.9784 1600560521
172.978 1600560521
172.9784 1600560521
172.9782 1600560521
115.01350000000001 1600560521
115.01350000000001 1600560521
115.0137 1600560521
115.01350000000001 1600560521
115.0133 1600560521
115.0133 1600560521
115.0138 1600560521
175.593 1600560521
175.59290000000001 1600560521
175.59290000000001 1600560521
175.5932 1600560521
175.5932 1600560521
175.5927 1600560521
175.5931 1600560521
142.08689999999999 1600560521
142.0871 1600560521
142.08710000000002 1600560521
142.0867 1600560521
142.0868 1600560521
142.0866 1600560521
142.0872 1600560521
170.2321 1600560521
170.2322 1600560521
170.232 1600560521
170.2323 1600560521
170.2321 1600560521
170.2319 1600560521
170.2321 1600560521
188.2703 1600560521
188.2701 1600560521
188.2704 1600560521
188.27040000000002 1600560521
188.27030000000002 1600560521
188.27 1600560521
188.2699 1600560521
197.1002 1600560521
197.1004 1600560521
197.1002 1600560521
197.1004 1600560521
197.1003 1600560521
197.1004 1600560521
197.1003 1600560521
173.3792 1600560521
173.3792 1600560521
173.3788 1600560521
173.379 1600560521
173.37890000000002 1600560521
173.37910000000002 1600560521
173.379 1600560521
168.80790000000002 1600560521
168.8076 1600560521
168.80780000000001 1600560521
168.8075 1600560521
168.8077 1600560521
168.8076 1600560521
168.80780000000001 1600560521
182.4047 1600560521
182.4047 1600560521
182.40470000000002 1600560521
182.4043 1600560521
182.4048 1600560521
182.40460000000002 1600560521
182.40449999999998 1600560521
168.7512 1600560521
168.7511 1600560521
168.7513 1600560521
168.75130000000001 1600560521
168.7512 1600560521
168.7508 1600560521
168.7511 1600560521
114.27420000000001 1600560521
114.27409999999999 1600560521
114.2744 1600560521
114.274 1600560521
114.2742 1600560521
114.2744 1600560521
114.2743 1600560521
173.8092 1600560521
173.80929999999998 1600560521
173.80880000000002 1600560521
173.809 1600560521
173.8091 1600560521
173.8091 1600560521
173.80919999999998 1600560521
172.3657 1600560521
172.36579999999998 1600560521
172.36579999999998 1600560521
172.366 1600560521
172.3659 1600560521
172.36599999999999 1600560521
172.366 1600560521
196.3271 1600560521
196.3272 1600560521
196.3272 1600560521
195.8741 1600560521
196.3272 1600560521
196.3273 1600560521
196.3273 1600560521
112.20960000000001 1600560521
112.2099 1600560521
112.21 1600560521
112.2098 1600560521
112.2101 1600560521
112.2099 1600560521
112.21000000000001 1600560521
175.2715 1600560521
175.271 1600560521
175.2714 1600560521
175.2713 1600560521
175.2714 1600560521
175.2712 1600560521
175.2714 1600560521
170.4493 1600560521
170.4491 1600560521
170.449 1600560521
170.4492 1600560521
170.4492 1600560521
170.4489 1600560521
170.44899999999998 1600560521
183.582 1600560521
183.58180000000002 1600560521
183.58200000000002 1600560521
183.58169999999998 1600560521
183.58200000000002 1600560521
183.5819 1600560521
183.5821 1600560521
185.9102 1600560521
185.9103 1600560521
185.9101 1600560521
185.9101 1600560521
185.9099 1600560521
185.9101 1600560521
185.9103 1600560521
170.1678 1600560521
170.16819999999998 1600560521
170.16819999999998 1600560521
170.1682 1600560521
170.1682 1600560521
170.1679 1600560521
170.168 1600560521
174.77020000000002 1600560521
174.77 1600560521
174.7703 1600560521
174.77009999999999 1600560521
174.77020000000002 1600560521
174.77 1600560521
174.7698 1600560521
194.126 1600560521
194.126 1600560521
194.126 1600560521
194.1261 1600560521
194.1258 1600560521
194.12609999999998 1600560521
194.12619999999998 1600560521
171.4004 1600560521
171.4005 1600560521
171.4005 1600560521
171.4004 1600560521
171.4002 1600560521
171.4004 1600560521
171.4007 1600560521
172.46269999999998 1600560521
172.4626 1600560521
172.4625 1600560521
172.4625 1600560521
172.4624 1600560521
172.4627 1600560521
172.4626 1600560521
175.04229999999998 1600560521
175.0423 1600560521
175.04209999999998 1600560521
175.0421 1600560521
175.0419 1600560521
175.0421 1600560521
175.04240000000001 1600560521
145.8733 1600560521
145.8729 1600560521
145.87300000000002 1600560521
145.87320000000003 1600560521
145.87279999999998 1600560521
145.8733 1600560521
145.8733 1600560521
144.2337 1600560521
144.23350000000002 1600560521
144.2336 1600560521
144.2338 1600560521
144.23360000000002 1600560521
144.2337 1600560521
144.2338 1600560521
178.8735 1600560521
178.8737 1600560521
178.87380000000002 1600560521
178.8736 1600560521
178.8737 1600560521
178.8734 1600560521
178.8736 1600560521
178.7741 1600560521
178.77429999999998 1600560521
178.77429999999998 1600560521
178.7741 1600560521
178.77380000000002 1600560521
178.7742 1600560521
178.7741 1600560521
181.7733 1600560521
181.7731 1600560521
181.7731 1600560521
181.773 1600560521
181.7732 1600560521
181.77319999999997 1600560521
181.7729 1600560521
195.198 1600560521
195.1979 1600560521
195.1993 1600560521
195.1994 1600560521
195.19940000000003 1600560521
195.1996 1600560521
193.4162 1600560521
170.0502 1600560521
170.0502 1600560521
170.0505 1600560521
170.0503 1600560521
170.0503 1600560521
170.05030000000002 1600560521
170.0504 1600560521
171.07860000000002 1600560521
171.0785 1600560521
171.0786 1600560521
171.07850000000002 1600560521
171.0785 1600560521
171.0783 1600560521
171.0788 1600560521
143.95690000000002 1600560521
143.9571 1600560521
143.9572 1600560521
143.9571 1600560521
143.9569 1600560521
143.95680000000002 1600560521
143.9569 1600560521
172.8236 1600560521
172.82330000000002 1600560521
172.82330000000002 1600560521
172.8234 1600560521
172.8235 1600560521
172.8235 1600560521
172.82350000000002 1600560521
171.257 1600560521
171.2572 1600560521
171.2569 1600560521
171.2569 1600560521
171.2572 1600560521
171.25709999999998 1600560521
171.2571 1600560521
182.5463 1600560521
182.5464 1600560521
182.5464 1600560521
182.546 1600560521
182.5463 1600560521
182.5465 1600560521
182.5463 1600560521
180.4546 1600560521
180.4546 1600560521
180.4546 1600560521
180.45430000000002 1600560521
180.4547 1600560521
180.45440000000002 1600560521
180.4548 1600560521
194.2856 1600560521
194.2855 1600560521
194.2853 1600560521
194.2854 1600560521
194.28400000000002 1600560521
194.2853 1600560521
194.2855 1600560521
178.6121 1600560521
178.6117 1600560521
178.61190000000002 1600560521
178.61190000000002 1600560521
178.6121 1600560521
178.61190000000002 1600560521
178.6121 1600560521
173.99499999999998 1600560521
173.9948 1600560521
173.9947 1600560521
173.9949 1600560521
173.9951 1600560521
173.9951 1600560521
173.995 1600560521
113.6296 1600560521
113.6299 1600560521
113.6298 1600560521
113.6297 1600560521
113.62950000000001 1600560521
113.6298 1600560521
113.6297 1600560521
172.569 1600560521
172.5688 1600560521
172.56910000000002 1600560521
172.56900000000002 1600560521
172.569 1600560521
172.56900000000002 1600560521
172.5689 1600560521
184.1466 1600560521
184.1469 1600560521
184.1466 1600560521
184.14690000000002 1600560521
184.1467 1600560521
184.14679999999998 1600560521
184.1468 1600560521
182.86010000000002 1600560521
182.8604 1600560521
182.86030000000002 1600560521
182.8604 1600560521
182.86030000000002 1600560521
182.8604 1600560521
182.8601 1600560521
115.56439999999999 1600560521
115.56450000000001 1600560521
115.5645 1600560521
115.56439999999999 1600560521
115.56439999999999 1600560521
115.5643 1600560521
115.5643 1600560521
196.1185 1600560521
196.1184 1600560521
196.1202 1600560521
196.1184 1600560521
194.89010000000002 1600560521
194.89079999999998 1600560521
196.1182 1600560521
167.9792 1600560521
167.9795 1600560521
167.9793 1600560521
167.9792 1600560521
167.9792 1600560521
167.9793 1600560521
167.9794 1600560521
167.0846 1600560521
167.0843 1600560521
167.0847 1600560521
167.0842 1600560521
167.0847 1600560521
167.08450000000002 1600560521
167.0845 1600560521
183.98950000000002 1600560521
183.9895 1600560521
183.9893 1600560521
183.98919999999998 1600560521
183.9894 1600560521
183.9894 1600560521
183.9893 1600560521
146.4784 1600560521
146.47820000000002 1600560521
146.4783 1600560521
146.4783 1600560521
146.4781 1600560521
146.47840000000002 1600560521
146.4784 1600560521
176.86030000000002 1600560521
176.86 1600560521
176.8604 1600560521
176.8603 1600560521
176.8602 1600560521
176.8603 1600560521
176.8604 1600560521
172.03189999999998 1600560521
172.0318 1600560521
172.0317 1600560521
172.03179999999998 1600560521
172.0319 1600560521
172.03150000000002 1600560521
172.0319 1600560521
187.0145 1600560521
187.0147 1600560521
187.0148 1600560521
187.0148 1600560521
187.0147 1600560521
187.0147 1600560521
187.01489999999998 1600560521
196.39550000000003 1600560521
196.3956 1600560521
196.3957 1600560521
196.3955 1600560521
196.39550000000003 1600560521
196.3956 1600560521
196.3955 1600560521
166.8679 1600560521
166.86780000000002 1600560521
166.8679 1600560521
166.86769999999999 1600560521
166.8678 1600560521
166.8677 1600560521
166.8677 1600560521
181.7191 1600560521
181.719 1600560521
181.7191 1600560521
181.71880000000002 1600560521
181.719 1600560521
181.71880000000002 1600560521
181.7187 1600560521
113.8504 1600560521
113.8502 1600560521
113.8503 1600560521
113.8503 1600560521
113.85000000000001 1600560521
113.8504 1600560521
113.8502 1600560521
184.333 1600560521
184.3329 1600560521
184.33259999999999 1600560521
184.3328 1600560521
184.333 1600560521
184.3329 1600560521
184.33290000000002 1600560521
169.92270000000002 1600560521
169.9227 1600560521
169.92260000000002 1600560521
169.9224 1600560521
169.92260000000002 1600560521
169.9225 1600560521
169.92270000000002 1600560521
114.7492 1600560521
114.7492 1600560521
114.74900000000001 1600560521
114.74900000000001 1600560521
114.7489 1600560521
114.7491 1600560521
114.7488 1600560521
168.4131 1600560521
168.4135 1600560521
168.41310000000001 1600560521
168.41299999999998 1600560521
168.4135 1600560521
168.41330000000002 1600560521
168.4134 1600560521
194.8283 1600560521
194.82829999999998 1600560521
194.82840000000002 1600560521
194.8283 1600560521
196.1184 1600560521
196.1183 1600560521
196.1184 1600560521
167.15970000000002 1600560521
167.1592 1600560521
167.15949999999998 1600560521
167.15949999999998 1600560521
167.1594 1600560521
167.1594 1600560521
167.15959999999998 1600560521
182.3546 1600560521
182.3542 1600560521
182.3545 1600560521
182.3544 1600560521
182.3545 1600560521
182.3546 1600560521
182.3546 1600560521
169.8735 1600560521
169.87310000000002 1600560521
169.8732 1600560521
169.87320000000003 1600560521
169.87320000000003 1600560521
169.8732 1600560521
169.8734 1600560521
114.0831 1600560521
114.083 1600560521
114.083 1600560521
114.0831 1600560521
114.0831 1600560521
114.0832 1600560521
114.083 1600560521
172.4217 1600560521
172.4219 1600560521
172.4218 1600560521
172.42170000000002 1600560521
172.4219 1600560521
172.4218 1600560521
172.42200000000003 1600560521
145.69809999999998 1600560521
145.6981 1600560521
145.698 1600560521
145.69830000000002 1600560521
145.6981 1600560521
145.6982 1600560521
145.69830000000002 1600560521
179.2947 1600560521
179.295 1600560521
179.295 1600560521
179.295 1600560521
179.2948 1600560521
179.2947 1600560521
179.2946 1600560521
194.5939 1600560521
194.59390000000002 1600560521
194.6463 1600560521
194.6462 1600560521
195.8767 1600560521
194.6462 1600560521
194.594 1600560521
183.0084 1600560521
183.00850000000003 1600560521
183.0086 1600560521
183.0086 1600560521
183.0082 1600560521
183.0087 1600560521
183.0085 1600560521
166.01149999999998 1600560521
166.0114 1600560521
166.01160000000002 1600560521
166.0114 1600560521
166.0112 1600560521
166.01180000000002 1600560521
166.0117 1600560521
171.9196 1600560521
171.91930000000002 1600560521
171.9194 1600560521
171.9194 1600560521
171.9192 1600560521
171.9191 1600560521
171.9193 1600560521
173.7574 1600560521
173.7574 1600560521
173.7575 1600560521
173.7574 1600560521
173.75750000000002 1600560521
173.7576 1600560521
173.75699999999998 1600560521
171.1952 1600560521
171.19549999999998 1600560521
171.1953 1600560521
171.1955 1600560521
171.1951 1600560521
171.1954 1600560521
171.1952 1600560521
170.7455 1600560521
170.7456 1600560521
170.7452 1600560521
170.7451 1600560521
170.74530000000001 1600560521
170.74540000000002 1600560521
170.7455 1600560521
114.4769 1600560521
114.47720000000001 1600560521
114.4775 1600560521
114.4773 1600560521
114.47720000000001 1600560521
114.4773 1600560521
114.4772 1600560521
196.63060000000002 1600560521
196.63080000000002 1600560521
196.6307 1600560521
196.63070000000002 1600560521
196.6309 1600560521
196.6305 1600560521
196.1224 1600560521
146.14 1600560521
146.1404 1600560521
146.1402 1600560521
146.1403 1600560521
146.14 1600560521
146.1402 1600560521
146.1399 1600560521
169.1273 1600560521
169.12720000000002 1600560521
169.127 1600560521
169.12730000000002 1600560521
169.1272 1600560521
169.1273 1600560521
169.12740000000002 1600560521
180.4035 1600560521
180.40349999999998 1600560521
180.4034 1600560521
180.4034 1600560521
180.4035 1600560521
180.40359999999998 1600560521
180.4033 1600560521
173.1133 1600560521
173.1132 1600560521
173.1131 1600560521
173.1131 1600560521
173.113 1600560521
173.1133 1600560521
173.1129 1600560521
174.04760000000002 1600560521
174.0477 1600560521
174.0474 1600560521
174.04749999999999 1600560521
174.04770000000002 1600560521
174.0478 1600560521
174.04760000000002 1600560521
174.41559999999998 1600560521
174.4157 1600560521
174.41600000000003 1600560521
174.41580000000002 1600560521
174.41590000000002 1600560521
174.416 1600560521
174.4158 1600560521
167.5658 1600560521
167.56570000000002 1600560521
167.56580000000002 1600560521
167.5656 1600560521
167.5658 1600560521
167.5659 1600560521
167.5656 1600560521
192.8536 1600560521
192.85410000000002 1600560521
192.85410000000002 1600560521
192.85420000000002 1600560521
192.85399999999998 1600560521
192.854 1600560521
192.854 1600560521
146.4247 1600560521
146.4249 1600560521
146.4248 1600560521
146.42489999999998 1600560521
146.42510000000001 1600560521
146.425 1600560521
146.425 1600560521
141.155 1600560521
141.1549 1600560521
141.155 1600560521
141.1548 1600560521
141.155 1600560521
141.1551 1600560521
141.1548 1600560521
167.6369 1600560521
167.637 1600560521
167.6367 1600560521
167.6367 1600560521
167.6369 1600560521
167.63690000000003 1600560521
167.6371 1600560521
182.5968 1600560521
182.59660000000002 1600560521
182.59650000000002 1600560521
182.597 1600560521
182.59670000000003 1600560521
182.5968 1600560521
182.5969 1600560521
167.933 1600560521
167.93290000000002 1600560521
167.9327 1600560521
167.933 1600560521
167.9328 1600560521
167.9327 1600560521
167.9329 1600560521
167.25799999999998 1600560521
167.25820000000002 1600560521
167.25750000000002 1600560521
167.2578 1600560521
167.2578 1600560521
167.2579 1600560521
167.2581 1600560521
168.8737 1600560521
168.8735 1600560521
168.8737 1600560521
168.8735 1600560521
168.87369999999999 1600560521
168.8736 1600560521
168.8734 1600560521
172.7275 1600560521
172.72740000000002 1600560521
172.72740000000002 1600560521
172.72750000000002 1600560521
172.72750000000002 1600560521
172.7272 1600560521
172.7275 1600560521
192.9152 1600560521
192.9152 1600560521
192.9152 1600560521
190.8519 1600560521
192.9151 1600560521
192.91500000000002 1600560521
192.9151 1600560521
181.3866 1600560521
181.3867 1600560521
181.38670000000002 1600560521
181.38639999999998 1600560521
181.3864 1600560521
181.38649999999998 1600560521
181.3866 1600560521
169.3102 1600560521
169.3099 1600560521
169.3102 1600560521
169.3102 1600560521
169.3101 1600560521
169.31 1600560521
169.3104 1600560521
181.2391 1600560521
181.239 1600560521
181.2392 1600560521
181.23930000000001 1600560521
181.23919999999998 1600560521
181.239 1600560521
181.2392 1600560521
178.1045 1600560521
178.1043 1600560521
178.1047 1600560521
178.1046 1600560521
178.1044 1600560521
178.1046 1600560521
178.1046 1600560521
186.8392 1600560521
186.83939999999998 1600560521
186.83939999999998 1600560521
186.8392 1600560521
186.839 1600560521
186.8394 1600560521
186.83919999999998 1600560521
176.3678 1600560521
176.36769999999999 1600560521
176.36759999999998 1600560521
176.3675 1600560521
176.3678 1600560521
176.3678 1600560521
176.3678 1600560521
173.1754 1600560521
173.1755 1600560521
173.1757 1600560521
173.1753 1600560521
173.1756 1600560521
173.1756 1600560521
173.1755 1600560521
195.19830000000002 1600560521
195.1982 1600560521
195.19789999999998 1600560521
195.1981 1600560521
195.198 1600560521
195.198 1600560521
195.19819999999999 1600560521
183.1783 1600560521
183.17849999999999 1600560521
183.1781 1600560521
183.17849999999999 1600560521
183.17849999999999 1600560521
183.17829999999998 1600560521
183.1784 1600560521
167.5158 1600560521
167.51569999999998 1600560521
167.5158 1600560521
167.5157 1600560521
167.5154 1600560521
167.5155 1600560521
167.5158 1600560521
171.5177 1600560521
171.5174 1600560521
171.5172 1600560521
171.5175 1600560521
171.51770000000002 1600560521
171.5175 1600560521
171.5175 1600560521
185.0557 1600560521
185.0554 1600560521
185.0556 1600560521
185.0557 1600560521
185.0558 1600560521
185.0557 1600560521
185.0557 1600560521
114.4748 1600560521
114.4749 1600560521
114.4747 1600560521
114.4745 1600560521
114.4748 1600560521
114.4746 1600560521
114.4748 1600560521
169.54350000000002 1600560521
169.5431 1600560521
169.5435 1600560521
169.5436 1600560521
169.54330000000002 1600560521
169.5436 1600560521
169.5435 1600560521
167.77179999999998 1600560521
167.7718 1600560521
167.77149999999997 1600560521
167.7717 1600560521
167.77169999999998 1600560521
167.77159999999998 1600560521
167.77190000000002 1600560521
194.64290000000003 1600560521
196.00730000000001 1600560521
196.0076 1600560521
196.00760000000002 1600560521
192.69160000000002 1600560521
192.6906 1600560521
196.0076 1600560521
181.5063 1600560521
181.5065 1600560521
181.50670000000002 1600560521
181.5067 1600560521
181.5065 1600560521
181.50660000000002 1600560521
181.5065 1600560521
141.2729 1600560521
141.2728 1600560521
141.27290000000002 1600560521
141.2731 1600560521
141.27270000000001 1600560521
141.27280000000002 1600560521
141.273 1600560521
147.7661 1600560521
147.7662 1600560521
147.7659 1600560521
147.766 1600560521
147.7663 1600560521
147.7662 1600560521
147.7659 1600560521
167.8799 1600560521
167.87980000000002 1600560521
167.8795 1600560521
167.8799 1600560521
167.8797 1600560521
167.88 1600560521
167.8798 1600560521
172.7775 1600560521
172.7776 1600560521
172.77769999999998 1600560521
172.7776 1600560521
172.7777 1600560521
172.7775 1600560521
172.7777 1600560521
187.13969999999998 1600560521
187.13950000000003 1600560521
187.1393 1600560521
187.1395 1600560521
187.1396 1600560521
187.1396 1600560521
187.1393 1600560521
113.9109 1600560521
113.911 1600560521
113.9106 1600560521
113.9109 1600560521
113.9109 1600560521
113.9111 1600560521
113.9107 1600560521
196.8195 1600560521
196.8194 1600560521
196.8193 1600560521
196.8193 1600560521
196.8194 1600560521
196.8194 1600560521
196.8192 1600560521
173.4888 1600560521
173.4895 1600560521
173.4891 1600560521
173.48930000000001 1600560521
173.4894 1600560521
173.4893 1600560521
173.4892 1600560521
181.03699999999998 1600560521
181.0369 1600560521
181.0369 1600560521
181.0367 1600560521
181.03660000000002 1600560521
181.0369 1600560521
181.037 1600560521
166.66459999999998 1600560521
166.6646 1600560521
166.6647 1600560521
166.6643 1600560521
166.6644 1600560521
166.6648 1600560521
166.6647 1600560521
177.0011 1600560521
177.00140000000002 1600560521
177.00140000000002 1600560521
177.0015 1600560521
177.0013 1600560521
177.0014 1600560521
177.00150000000002 1600560521
169.0269 1600560521
169.0273 1600560521
169.02730000000003 1600560521
169.0269 1600560521
169.027 1600560521
169.0269 1600560521
169.0274 1600560521
181.09269999999998 1600560521
181.0927 1600560521
181.0927 1600560521
181.0924 1600560521
181.0925 1600560521
181.09240000000003 1600560521
181.0928 1600560521
177.9478 1600560521
177.9478 1600560521
177.9476 1600560521
177.9476 1600560521
177.9478 1600560521
177.9474 1600560521
177.9477 1600560521
194.38660000000002 1600560521
194.38670000000002 1600560521
194.38649999999998 1600560521
194.38660000000002 1600560521
195.8031 1600560521
195.803 1600560521
195.8031 1600560521
145.8189 1600560521
145.81900000000002 1600560521
145.8191 1600560521
145.8193 1600560521
145.8192 1600560521
145.8192 1600560521
145.8193 1600560521
166.4915 1600560521
166.4913 1600560521
166.4913 1600560521
166.49099999999999 1600560521
166.4914 1600560521
166.4914 1600560521
166.4914 1600560521
169.1767 1600560521
169.1767 1600560521
169.1766 1600560521
169.17690000000002 1600560521
169.1763 1600560521
169.17680000000001 1600560521
169.17680000000001 1600560521
167.2101 1600560521
167.2103 1600560521
167.2101 1600560521
167.21020000000001 1600560521
167.2099 1600560521
167.21030000000002 1600560521
167.2104 1600560521
175.9536 1600560521
175.9535 1600560521
175.9534 1600560521
175.9536 1600560521
175.9535 1600560521
175.95360000000002 1600560521
175.9532 1600560521
141.1551 1600560521
141.15529999999998 1600560521
141.1553 1600560521
141.155 1600560521
141.15519999999998 1600560521
141.1552 1600560521
141.1552 1600560521
169.6945 1600560521
169.6945 1600560521
169.6944 1600560521
169.6945 1600560521
169.6945 1600560521
169.6947 1600560521
169.6947 1600560521
195.44260000000003 1600560521
195.4425 1600560521
195.4428 1600560521
195.4427 1600560521
195.4423 1600560521
195.4427 1600560521
195.4427 1600560521
172.29559999999998 1600560521
172.2957 1600560521
172.2958 1600560521
172.29600000000002 1600560521
172.2957 1600560521
172.29559999999998 1600560521
172.2957 1600560521
168.5804 1600560521
168.5806 1600560521
168.5805 1600560521
168.5805 1600560521
168.5805 1600560521
168.5803 1600560521
168.5803 1600560521
146.65869999999998 1600560521
146.6586 1600560521
146.6584 1600560521
146.65869999999998 1600560521
146.6586 1600560521
146.65849999999998 1600560521
146.6588 1600560521
168.3654 1600560521
168.3654 1600560521
168.36499999999998 1600560521
168.3653 1600560521
168.36530000000002 1600560521
168.36520000000002 1600560521
168.365 1600560521
174.58520000000001 1600560521
174.58509999999998 1600560521
174.5849 1600560521
174.5849 1600560521
174.5852 1600560521
174.58520000000001 1600560521
174.58540000000002 1600560521
179.70080000000002 1600560521
179.70059999999998 1600560521
179.7005 1600560521
179.70030000000003 1600560521
179.7004 1600560521
179.7007 1600560521
179.7007 1600560521
166.44160000000002 1600560521
166.44129999999998 1600560521
166.4417 1600560521
166.4417 1600560521
166.4413 1600560521
166.4418 1600560521
166.4419 1600560521
196.5199 1600560521
196.52239999999998 1600560521
196.51989999999998 1600560521
196.5229 1600560521
196.5197 1600560521
196.8193 1600560521
196.8192 1600560521
141.4815 1600560521
141.4815 1600560521
141.4812 1600560521
141.4813 1600560521
141.4815 1600560521
141.4812 1600560521
141.4813 1600560521
167.3556 1600560521
167.3555 1600560521
167.3558 1600560521
167.3558 1600560521
167.35569999999998 1600560521
167.3554 1600560521
167.35580000000002 1600560521
177.77689999999998 1600560521
177.777 1600560521
177.7767 1600560521
177.77700000000002 1600560521
177.7765 1600560521
177.77679999999998 1600560521
177.7768 1600560521
185.1541 1600560521
185.15419999999997 1600560521
185.1539 1600560521
185.1541 1600560521
185.1542 1600560521
185.15400000000002 1600560521
185.1541 1600560521
170.7973 1600560521
170.79729999999998 1600560521
170.7971 1600560521
170.7975 1600560521
170.7972 1600560521
170.7972 1600560521
170.79739999999998 1600560521
184.6009 1600560521
184.6009 1600560521
184.6008 1600560521
184.6008 1600560521
184.6006 1600560521
184.601 1600560521
184.601 1600560521
176.2988 1600560521
176.2987 1600560521
176.2988 1600560521
176.2986 1600560521
176.2988 1600560521
176.29850000000002 1600560521
176.2987 1600560521
194.05339999999998 1600560521
193.9538 1600560521
193.9539 1600560521
194.05349999999999 1600560521
193.9538 1600560521
193.9536 1600560521
193.9539 1600560521
175.2102 1600560521
175.2102 1600560521
175.2098 1600560521
175.20999999999998 1600560521
175.20999999999998 1600560521
175.21020000000001 1600560521
175.20999999999998 1600560521
182.47719999999998 1600560521
182.47750000000002 1600560521
182.4774 1600560521
182.47729999999999 1600560521
182.4774 1600560521
182.47750000000002 1600560521
182.4773 1600560521
177.4041 1600560521
177.4041 1600560521
177.4042 1600560521
177.4039 1600560521
177.4041 1600560521
177.4042 1600560521
177.40419999999997 1600560521
113.8472 1600560521
113.8476 1600560521
113.8477 1600560521
113.8475 1600560521
113.8474 1600560521
113.8473 1600560521
113.8477 1600560521
170.347 1600560521
170.34720000000002 1600560521
170.3471 1600560521
170.3473 1600560521
170.3468 1600560521
170.347 1600560521
170.3472 1600560521
168.632 1600560521
168.6316 1600560521
168.632 1600560521
168.6319 1600560521
168.632 1600560521
168.6316 1600560521
168.632 1600560521
166.19160000000002 1600560521
166.1917 1600560521
166.1914 1600560521
166.1917 1600560521
166.19150000000002 1600560521
166.1918 1600560521
166.1918 1600560521
140.8519 1600560521
140.8519 1600560521
140.8518 1600560521
140.85160000000002 1600560521
140.852 1600560521
140.852 1600560521
140.85170000000002 1600560521
194.6433 1600560521
192.7563 1600560521
194.6434 1600560521
192.75619999999998 1600560521
192.7562 1600560521
194.643 1600560521
194.64350000000002 1600560521
147.8697 1600560521
147.86999999999998 1600560521
147.87 1600560521
147.8699 1600560521
147.86970000000002 1600560521
147.8698 1600560521
147.8699 1600560521
153.72050000000002 1600560521
153.7203 1600560521
153.7201 1600560521
153.7203 1600560521
153.7204 1600560521
153.7204 1600560521
153.72039999999998 1600560521
92.66890000000001 1600560521
92.6687 1600560521
92.6687 1600560521
92.6687 1600560521
92.6688 1600560521
92.6688 1600560521
92.66839999999999 1600560521
153.50449999999998 1600560521
153.5043 1600560521
153.5044 1600560521
153.50459999999998 1600560521
153.5045 1600560521
153.50400000000002 1600560521
153.5046 1600560521
155.3543 1600560521
155.3541 1600560521
155.35459999999998 1600560521
155.3545 1600560521
155.3544 1600560521
155.3544 1600560521
155.3546 1600560521
187.40249999999997 1600560521
187.4028 1600560521
187.4027 1600560521
187.4025 1600560521
187.4026 1600560521
187.4027 1600560521
187.4025 1600560521
141.0122 1600560521
141.0121 1600560521
141.01250000000002 1600560521
141.0125 1600560521
141.0124 1600560521
141.0123 1600560521
141.01260000000002 1600560521
196.81400000000002 1600560521
197.1815 1600560521
196.8151 1600560521
197.1815 1600560521
197.1815 1600560521
197.1814 1600560521
197.18159999999997 1600560521
118.15020000000001 1600560521
118.1503 1600560521
118.1502 1600560521
118.1504 1600560521
118.1501 1600560521
118.15050000000001 1600560521
118.1506 1600560521
140.6798 1600560521
140.67989999999998 1600560521
140.68030000000002 1600560521
140.68009999999998 1600560521
140.68019999999999 1600560521
140.6802 1600560521
140.6799 1600560521
134.784 1600560521
134.7844 1600560521
134.7842 1600560521
134.78410000000002 1600560521
134.7844 1600560521
134.7841 1600560521
134.7842 1600560521
116.2027 1600560521
116.2027 1600560521
116.2029 1600560521
116.2029 1600560521
116.2026 1600560521
116.2029 1600560521
116.20309999999999 1600560521
119.00659999999999 1600560521
119.00640000000001 1600560521
119.0068 1600560521
119.0065 1600560521
119.0066 1600560521
119.00670000000001 1600560521
119.0064 1600560521
86.3997 1600560521
86.3999 1600560521
86.3999 1600560521
86.39970000000001 1600560521
86.3996 1600560521
86.3998 1600560521
86.3998 1600560521
154.1226 1600560521
154.1225 1600560521
154.1225 1600560521
154.1225 1600560521
154.1226 1600560521
154.1224 1600560521
154.1223 1600560521
196.8166 1600560521
196.817 1600560521
196.8185 1600560521
196.5179 1600560521
196.8169 1600560521
196.518 1600560521
196.8169 1600560521
168.1442 1600560521
168.14430000000002 1600560521
168.14430000000002 1600560521
168.1445 1600560521
168.14440000000002 1600560521
168.14440000000002 1600560521
168.1441 1600560521
175.849 1600560521
175.8493 1600560521
175.8493 1600560521
175.8489 1600560521
175.8492 1600560521
175.8491 1600560521
175.8494 1600560521
175.51430000000002 1600560521
175.5144 1600560521
175.5142 1600560521
175.5144 1600560521
175.5141 1600560521
175.5142 1600560521
175.5143 1600560521
181.8223 1600560521
181.8219 1600560521
181.82229999999998 1600560521
181.8224 1600560521
181.8222 1600560521
181.8219 1600560521
181.8221 1600560521
181.1385 1600560521
181.1386 1600560521
181.1386 1600560521
181.1387 1600560521
181.13840000000002 1600560521
181.1386 1600560521
181.13819999999998 1600560521
170.9564 1600560521
170.9565 1600560521
170.9564 1600560521
170.95659999999998 1600560521
170.9562 1600560521
170.9567 1600560521
170.9566 1600560521
87.47399999999999 1600560521
87.47409999999999 1600560521
87.4738 1600560521
87.4739 1600560521
87.4739 1600560521
87.47409999999999 1600560521
87.47399999999999 1600560521
193.2674 1600560521
193.2674 1600560521
193.26749999999998 1600560521
193.2674 1600560521
193.342 1600560521
193.3427 1600560521
193.2672 1600560521
172.5206 1600560521
172.5206 1600560521
172.5204 1600560521
172.5205 1600560521
172.52030000000002 1600560521
172.5204 1600560521
172.5204 1600560521
174.4901 1600560521
174.4899 1600560521
174.49020000000002 1600560521
174.4899 1600560521
174.48999999999998 1600560521
174.49009999999998 1600560521
174.49009999999998 1600560521
165.858 1600560521
165.8579 1600560521
165.85829999999999 1600560521
165.8577 1600560521
165.8578 1600560521
165.8578 1600560521
165.8582 1600560521
179.9796 1600560521
179.9798 1600560521
179.9798 1600560521
179.9795 1600560521
179.9797 1600560521
179.98000000000002 1600560521
179.98 1600560521
170.5856 1600560521
170.5853 1600560521
170.58520000000001 1600560521
170.5853 1600560521
170.5854 1600560521
170.58530000000002 1600560521
170.5855 1600560521
163.8523 1600560521
163.8526 1600560521
163.85250000000002 1600560521
163.8526 1600560521
163.8522 1600560521
163.8528 1600560521
163.8524 1600560521
145.115 1600560521
145.1155 1600560521
145.1154 1600560521
145.1155 1600560521
145.1153 1600560521
145.1154 1600560521
145.1153 1600560521
196.26739999999998 1600560521
196.2673 1600560521
196.2672 1600560521
196.26739999999998 1600560521
196.9942 1600560521
196.9933 1600560521
196.7549 1600560521
178.70510000000002 1600560521
178.7049 1600560521
178.7049 1600560521
178.705 1600560521
178.7047 1600560521
178.7051 1600560521
178.7048 1600560521
179.5257 1600560521
179.52540000000002 1600560521
179.5254 1600560521
179.5257 1600560521
179.5256 1600560521
179.5255 1600560521
179.5255 1600560521
173.7148 1600560521
173.7149 1600560521
173.71460000000002 1600560521
173.715 1600560521
173.71470000000002 1600560521
173.71480000000003 1600560521
173.7149 1600560521
169.6095 1600560521
169.6095 1600560521
169.6097 1600560521
169.6095 1600560521
169.6097 1600560521
169.60940000000002 1600560521
169.60940000000002 1600560521
145.3318 1600560521
145.33200000000002 1600560521
145.3317 1600560521
145.3319 1600560521
145.332 1600560521
145.332 1600560521
145.33210000000003 1600560521
171.452 1600560521
171.4518 1600560521
171.45180000000002 1600560521
171.45180000000002 1600560521
171.4516 1600560521
171.4519 1600560521
171.4521 1600560521
176.59650000000002 1600560521
176.5961 1600560521
176.5965 1600560521
176.5963 1600560521
176.59640000000002 1600560521
176.59599999999998 1600560521
176.59629999999999 1600560521
119.54 1600560521
119.54039999999999 1600560521
119.54020000000001 1600560521
119.5402 1600560521
119.54010000000001 1600560521
119.54020000000001 1600560521
119.5403 1600560521
165.0341 1600560521
165.0341 1600560521
165.0338 1600560521
165.0339 1600560521
165.0341 1600560521
165.0341 1600560521
165.034 1600560521
181.19019999999998 1600560521
181.19009999999997 1600560521
181.19029999999998 1600560521
181.19029999999998 1600560521
181.1902 1600560521
181.19 1600560521
181.1904 1600560521
172.1592 1600560521
172.1591 1600560521
172.1592 1600560521
172.1592 1600560521
172.15890000000002 1600560521
172.159 1600560521
172.1592 1600560521
177.2543 1600560521
177.2541 1600560521
177.2542 1600560521
177.2539 1600560521
177.2542 1600560521
177.2542 1600560521
177.2543 1600560521
173.9289 1600560521
173.9287 1600560521
173.9286 1600560521
173.9287 1600560521
173.9288 1600560521
173.9286 1600560521
173.9288 1600560521
181.625 1600560521
181.6251 1600560521
181.6251 1600560521
181.62529999999998 1600560521
181.6253 1600560521
181.6253 1600560521
181.6252 1600560521
186.6221 1600560521
186.6222 1600560521
186.6222 1600560521
186.622 1600560521
186.622 1600560521
186.6222 1600560521
186.62179999999998 1600560521
196.2666 1600560521
196.26690000000002 1600560521
196.3322 1600560521
196.2664 1600560521
196.33290000000002 1600560521
196.26680000000002 1600560521
196.86630000000002 1600560521
173.25369999999998 1600560521
173.2537 1600560521
173.2533 1600560521
173.2533 1600560521
173.2538 1600560521
173.25379999999998 1600560521
173.2536 1600560521
183.5222 1600560521
183.5222 1600560521
183.5222 1600560521
183.5224 1600560521
183.522 1600560521
183.522 1600560521
183.5221 1600560521
183.46110000000002 1600560521
183.46110000000002 1600560521
183.4609 1600560521
183.4611 1600560521
183.4613 1600560521
183.46120000000002 1600560521
183.4613 1600560521
185.44989999999999 1600560521
185.4501 1600560521
185.4502 1600560521
185.44969999999998 1600560521
185.45 1600560521
185.45 1600560521
185.45 1600560521
181.457 1600560521
181.45680000000002 1600560521
181.45700000000002 1600560521
181.4572 1600560521
181.4571 1600560521
181.4571 1600560521
181.45690000000002 1600560521
186.9494 1600560521
186.9498 1600560521
186.94989999999999 1600560521
186.94969999999998 1600560521
186.9498 1600560521
186.94989999999999 1600560521
186.94989999999999 1600560521
180.9635 1600560521
180.9634 1600560521
180.9632 1600560521
180.9633 1600560521
180.9635 1600560521
180.9636 1600560521
180.96359999999999 1600560521
193.31889999999999 1600560521
193.3188 1600560521
193.3188 1600560521
193.3186 1600560521
193.319 1600560521
193.3188 1600560521
193.319 1600560521
142.86440000000002 1600560521
142.8642 1600560521
142.8642 1600560521
142.8641 1600560521
142.8641 1600560521
142.8644 1600560521
142.8644 1600560521
