0.37979999999999997 1600648666
0.6399000000000001 1600648666
0.5927 1600648666
0.5271000000000001 1600648666
0.5177 1600648666
0.5986 1600648666
0.5188999999999999 1600648666
0.6118000000000001 1600648666
0.5983 1600648666
0.552 1600648666
0.6098000000000001 1600648666
0.575 1600648666
0.5936000000000001 1600648666
0.6683000000000001 1600648666
0.5318 1600648666
0.5299 1600648666
0.5841000000000001 1600648666
0.5626 1600648666
0.6415 1600648666
0.5613000000000001 1600648666
0.48710000000000003 1600648666
0.5468 1600648666
0.6068 1600648666
0.5845 1600648666
0.5187999999999999 1600648666
0.5270999999999999 1600648666
0.4441 1600648666
0.5376000000000001 1600648666
0.6023000000000001 1600648666
0.5807 1600648666
0.6443000000000001 1600648666
0.6083000000000001 1600648666
0.6295 1600648666
0.5713 1600648666
0.6414 1600648666
0.5912 1600648666
0.571 1600648666
0.5935999999999999 1600648666
0.5412 1600648666
0.6581999999999999 1600648666
0.48339999999999994 1600648666
0.6378999999999999 1600648666
0.507 1600648666
0.5342 1600648666
0.5416 1600648666
0.609 1600648666
0.5566 1600648666
0.5502 1600648666
0.5388999999999999 1600648666
0.4984 1600648666
0.4662 1600648666
0.45949999999999996 1600648666
0.5429999999999999 1600648666
0.6127 1600648666
0.5973000000000002 1600648666
0.6028 1600648666
0.5711999999999999 1600648666
0.6880000000000002 1600648666
0.6328 1600648666
0.6323000000000001 1600648666
0.5426 1600648666
0.49169999999999997 1600648666
0.6184000000000001 1600648666
0.47759999999999997 1600648666
0.5244 1600648666
0.5897 1600648666
0.5134000000000001 1600648666
0.5352 1600648666
0.5983999999999999 1600648666
0.5751000000000001 1600648666
0.5 1600648666
0.5222 1600648666
0.5584 1600648666
0.5135000000000001 1600648666
0.5601 1600648666
0.5322 1600648666
0.498 1600648666
0.7206 1600648666
0.5576 1600648666
0.6093000000000001 1600648666
0.5659000000000001 1600648666
0.508 1600648666
0.5305 1600648666
0.5342 1600648666
0.5136000000000001 1600648666
0.5194 1600648666
0.5583 1600648666
0.5015000000000001 1600648666
0.45530000000000004 1600648666
0.5389 1600648666
0.49560000000000004 1600648666
0.6444 1600648666
0.5098 1600648666
0.5554 1600648666
0.6012000000000001 1600648666
0.5098 1600648666
0.5182 1600648666
0.6609999999999999 1600648666
0.4697 1600648666
0.5132 1600648666
0.5752 1600648666
0.4908 1600648666
0.515 1600648666
0.6403 1600648666
0.5102 1600648666
0.6723 1600648666
0.5465 1600648666
0.5083 1600648666
0.6304 1600648666
0.5928000000000001 1600648666
0.5982 1600648666
0.6237 1600648666
0.6050000000000001 1600648666
0.5271 1600648666
0.6310000000000001 1600648666
0.4858 1600648666
0.5396 1600648666
0.6071000000000001 1600648666
0.5644 1600648666
0.5904999999999999 1600648666
0.5346 1600648666
0.6135 1600648666
0.5918 1600648666
0.5625 1600648666
0.5532 1600648666
0.6044999999999999 1600648666
0.6597000000000001 1600648666
0.5339 1600648666
0.46579999999999994 1600648666
0.6018999999999999 1600648666
0.47590000000000005 1600648666
0.48879999999999996 1600648666
0.44980000000000003 1600648666
0.5922999999999998 1600648666
0.5125 1600648666
0.5198 1600648666
0.466 1600648666
0.5829 1600648666
0.5558000000000001 1600648666
0.4651 1600648666
0.5411999999999999 1600648666
0.6035999999999999 1600648666
0.6275999999999999 1600648666
0.5242 1600648666
0.5253 1600648666
0.4927 1600648666
0.5171 1600648666
0.6136999999999999 1600648666
0.581 1600648666
0.5658 1600648666
0.49549999999999994 1600648666
0.4978 1600648666
0.46509999999999996 1600648666
0.48160000000000003 1600648666
0.5680999999999999 1600648666
0.5886 1600648666
0.6374 1600648666
0.6365000000000001 1600648666
0.5408000000000001 1600648666
0.5697 1600648666
0.5236000000000001 1600648666
0.506 1600648666
0.5281 1600648666
0.4912 1600648666
0.5978999999999999 1600648666
0.5063 1600648666
0.6472 1600648666
0.6047 1600648666
0.5245 1600648666
0.6107 1600648666
0.6315999999999999 1600648666
0.5464 1600648666
0.4653 1600648666
0.49479999999999996 1600648666
0.5266 1600648666
0.4965 1600648666
0.5194000000000001 1600648666
0.5894999999999999 1600648666
0.5791999999999999 1600648666
0.6376 1600648666
0.5487 1600648666
0.5531999999999999 1600648666
0.5713999999999999 1600648666
0.6185999999999998 1600648666
0.5675999999999999 1600648666
0.5019 1600648666
0.4815 1600648666
0.6601999999999999 1600648666
0.6013 1600648666
0.6122999999999998 1600648666
0.6220999999999999 1600648666
0.6092 1600648666
0.5545 1600648666
0.49179999999999996 1600648666
0.6702000000000001 1600648666
0.6775 1600648666
0.48460000000000003 1600648666
0.516 1600648666
0.6339000000000001 1600648666
0.5175000000000001 1600648666
0.5529999999999999 1600648666
0.6118 1600648666
0.6146 1600648666
0.5714000000000001 1600648666
0.5550999999999999 1600648666
0.5257000000000001 1600648666
0.5672999999999999 1600648666
0.4541 1600648666
0.5377 1600648666
0.5968999999999999 1600648666
0.5857 1600648666
0.512 1600648666
0.6024999999999999 1600648666
0.5377 1600648666
0.6398000000000001 1600648666
0.5347 1600648666
0.5423 1600648666
0.5176999999999999 1600648666
0.5078 1600648666
0.5629 1600648666
0.5226999999999999 1600648666
0.512 1600648666
0.4472 1600648666
0.6091000000000001 1600648666
0.6112000000000001 1600648666
0.5363 1600648666
0.5361 1600648666
0.6884 1600648666
0.5847999999999999 1600648666
0.6208999999999999 1600648666
0.523 1600648666
0.5454000000000001 1600648666
0.5872 1600648666
0.6044999999999999 1600648666
0.5582 1600648666
0.6880000000000001 1600648666
0.6108999999999999 1600648666
0.5004 1600648666
0.5784999999999999 1600648666
0.5386 1600648666
0.5983999999999999 1600648666
0.6426999999999999 1600648666
0.4887 1600648666
0.5908999999999999 1600648666
0.6728 1600648666
0.4616 1600648666
0.6045999999999999 1600648666
0.46719999999999995 1600648666
0.5425 1600648666
0.5121 1600648666
0.5005999999999999 1600648666
0.6021 1600648666
0.5017 1600648666
0.46599999999999997 1600648666
0.6003 1600648666
0.5271 1600648666
0.5821999999999999 1600648666
0.5355000000000001 1600648666
0.5415 1600648666
0.3782 1600648666
0.5268 1600648666
0.6297 1600648666
0.5855 1600648666
0.5612 1600648666
0.5204 1600648666
0.4609 1600648666
0.4862 1600648666
0.5846 1600648666
0.5698 1600648666
0.5457 1600648666
0.5743 1600648666
0.5058 1600648666
0.6014 1600648666
0.5119 1600648666
0.5144 1600648666
0.5908000000000001 1600648666
0.4767 1600648666
0.612 1600648666
0.5209 1600648666
0.5308 1600648666
0.45589999999999997 1600648666
0.6383 1600648666
0.6032000000000001 1600648666
0.6895000000000001 1600648666
0.5466 1600648666
0.6034 1600648666
0.5144 1600648666
0.6246999999999999 1600648666
0.5133 1600648666
0.5276 1600648666
0.5033 1600648666
0.48140000000000005 1600648666
0.4837 1600648666
0.5219 1600648666
0.6310000000000001 1600648666
0.6132000000000001 1600648666
0.6216 1600648666
0.5974 1600648666
0.6579 1600648666
0.6183 1600648666
0.5728 1600648666
0.5747 1600648666
0.6376000000000001 1600648666
0.44989999999999997 1600648666
0.46030000000000004 1600648666
0.5067 1600648666
0.5238 1600648666
0.5364 1600648666
0.5945999999999999 1600648666
0.5768 1600648666
0.5127 1600648666
0.6244999999999999 1600648666
0.512 1600648666
0.5129999999999999 1600648666
0.5554999999999999 1600648666
0.6305999999999998 1600648666
0.6854000000000001 1600648666
0.5391 1600648666
0.5163 1600648666
0.6756000000000001 1600648666
0.5357000000000001 1600648666
0.5973 1600648666
0.6435000000000001 1600648666
0.5466 1600648666
0.6404 1600648666
0.5544 1600648666
0.45430000000000004 1600648666
0.5153 1600648666
0.5126000000000001 1600648666
0.5709 1600648666
0.6718000000000001 1600648666
0.5327000000000001 1600648666
0.6185999999999999 1600648666
0.49970000000000003 1600648666
0.6555000000000001 1600648666
0.6407999999999999 1600648666
0.5006 1600648666
0.6033 1600648666
0.5455 1600648666
0.6003 1600648666
0.5571999999999999 1600648666
0.5372999999999999 1600648666
0.5186 1600648666
0.5506 1600648666
0.558 1600648666
0.48489999999999994 1600648666
0.4851 1600648666
0.4949 1600648666
0.6167999999999999 1600648666
0.6115 1600648666
0.5783999999999999 1600648666
0.5515 1600648666
0.5677 1600648666
0.5664 1600648666
0.5973 1600648666
0.5843999999999999 1600648666
0.5133 1600648666
0.513 1600648666
0.6159 1600648666
0.6382 1600648666
0.5339 1600648666
0.5316 1600648666
0.5731 1600648666
0.5595 1600648666
0.6012000000000001 1600648666
0.5257000000000001 1600648666
0.5127 1600648666
0.5268 1600648666
0.6313000000000001 1600648666
0.6590999999999999 1600648666
0.5081 1600648666
0.4898 1600648666
0.6106999999999999 1600648666
0.45830000000000004 1600648666
0.7466 1600648666
0.4839 1600648666
0.5713 1600648666
0.48119999999999996 1600648666
0.5799 1600648666
0.5738 1600648666
0.5850000000000001 1600648666
0.6358 1600648666
0.5630000000000001 1600648666
0.5756 1600648666
0.5713 1600648666
0.5813 1600648666
0.5298 1600648666
0.5992000000000001 1600648666
0.5463 1600648666
0.5174000000000001 1600648666
0.5529999999999999 1600648666
0.5875999999999999 1600648666
0.5522 1600648666
0.6237999999999999 1600648666
0.5415000000000001 1600648666
0.5041 1600648666
0.6299999999999999 1600648666
0.6086 1600648666
0.6634 1600648666
0.532 1600648666
0.44300000000000006 1600648666
0.4841 1600648666
0.6069000000000001 1600648666
0.6054 1600648666
0.561 1600648666
0.6294000000000001 1600648666
0.4827 1600648666
0.5891000000000001 1600648666
0.5502 1600648666
0.6096 1600648666
0.5704 1600648666
0.6143 1600648666
0.6013000000000001 1600648666
0.6224 1600648666
0.6406 1600648666
0.6059 1600648666
0.7188 1600648666
0.6184999999999999 1600648666
0.5737 1600648666
0.5991000000000001 1600648666
0.5085000000000001 1600648666
0.5373 1600648666
0.5247 1600648666
0.4657 1600648666
0.5194 1600648666
0.5302 1600648666
0.6229000000000001 1600648666
0.5892000000000001 1600648666
0.4657 1600648666
0.5255 1600648666
0.5013 1600648666
0.5544 1600648666
0.47730000000000006 1600648666
0.6370000000000001 1600648666
0.56 1600648666
0.5183 1600648666
0.5935 1600648666
0.5067 1600648666
0.5409 1600648666
0.616 1600648666
0.518 1600648666
0.5599000000000001 1600648666
0.5694999999999999 1600648666
0.5450999999999999 1600648666
0.5005000000000001 1600648666
0.5952000000000001 1600648666
0.6189000000000001 1600648666
0.5663 1600648666
0.6045999999999999 1600648666
0.6007000000000001 1600648666
0.5058 1600648666
0.5223 1600648666
0.5984999999999999 1600648666
0.6099 1600648666
0.5027 1600648666
0.5336 1600648666
0.5102 1600648666
0.48830000000000007 1600648666
0.5994 1600648666
0.5801 1600648666
0.63 1600648666
0.5306 1600648666
0.5392 1600648666
0.48550000000000004 1600648666
0.5433 1600648666
0.5676 1600648666
0.542 1600648666
0.6023 1600648666
0.5643 1600648666
0.5285 1600648666
0.5395000000000001 1600648666
0.6377 1600648666
0.4789 1600648666
0.5331 1600648666
0.6023999999999999 1600648666
0.6119 1600648666
0.6037 1600648666
0.5281 1600648666
0.513 1600648666
0.578 1600648666
0.5029999999999999 1600648666
0.6092 1600648666
0.5465 1600648666
0.5705 1600648666
0.8425 1600648666
0.5142 1600648666
0.556 1600648666
0.5002 1600648666
0.5697000000000001 1600648666
0.5911 1600648666
0.5343 1600648666
0.688 1600648666
0.5008999999999999 1600648666
0.5932999999999999 1600648666
0.5610999999999999 1600648666
0.5639000000000001 1600648666
0.4445 1600648666
0.5361 1600648666
0.6223 1600648666
0.5828000000000001 1600648666
0.5183 1600648666
0.5533 1600648666
0.5942 1600648666
0.5501 1600648666
0.513 1600648666
0.48640000000000005 1600648666
0.5336 1600648666
0.5225 1600648666
0.5114 1600648666
0.49050000000000005 1600648666
0.6093000000000001 1600648666
0.5846000000000001 1600648666
