1.0609 1600227017
0.633 1600227017
1.2019 1600227017
1.1699 1600227017
1.2203 1600227017
1.2316 1600227017
1.1145999999999998 1600227017
1.2015 1600227017
1.3091 1600227017
0.8354000000000001 1600227017
1.229 1600227017
1.2184 1600227017
1.31 1600227017
1.0642 1600227017
1.2264 1600227017
1.2795 1600227017
1.2812999999999999 1600227017
1.2182 1600227017
1.1189 1600227017
1.2519 1600227017
1.2530000000000001 1600227017
1.2246000000000001 1600227017
1.2946 1600227017
1.1895 1600227017
1.1368999999999998 1600227017
1.2115 1600227017
1.1930999999999998 1600227017
1.1799 1600227017
1.1959000000000002 1600227017
1.1962000000000002 1600227017
1.1115 1600227017
1.1357 1600227017
1.2614 1600227017
1.2176 1600227017
0.9994 1600227017
1.1823000000000001 1600227017
1.2103000000000002 1600227017
1.3083999999999998 1600227017
1.2711000000000001 1600227017
1.225 1600227017
1.1677 1600227017
1.1991999999999998 1600227017
1.1133000000000002 1600227017
1.1135000000000002 1600227017
1.226 1600227017
1.1360000000000001 1600227017
1.1136000000000001 1600227017
1.2061000000000002 1600227017
0.9611999999999999 1600227017
1.2932000000000001 1600227017
1.2566000000000002 1600227017
1.167 1600227017
1.3062 1600227017
1.1889 1600227017
1.1612 1600227017
1.2291 1600227017
1.2334999999999998 1600227017
0.7589 1600227017
1.2178 1600227017
1.2619 1600227017
1.1647 1600227017
1.1137000000000001 1600227017
1.1336000000000002 1600227017
1.1369 1600227017
1.2713 1600227017
1.3108 1600227017
1.2029 1600227017
1.1903000000000001 1600227017
1.1899000000000002 1600227017
1.1366 1600227017
1.4007 1600227017
1.2557 1600227017
1.209 1600227017
1.2048999999999999 1600227017
1.1139000000000001 1600227017
0.9127000000000001 1600227017
1.3083999999999998 1600227017
1.1756 1600227017
1.0723 1600227017
1.1431 1600227017
1.1964000000000001 1600227017
1.1091000000000002 1600227017
1.1894999999999998 1600227017
1.225 1600227017
1.2216 1600227017
1.1038000000000001 1600227017
1.3053000000000001 1600227017
1.1258000000000001 1600227017
1.0893000000000002 1600227017
1.1924000000000001 1600227017
1.1366 1600227017
1.1961000000000002 1600227017
1.1922000000000001 1600227017
1.1815 1600227017
1.1827 1600227017
1.1897 1600227017
1.1362999999999999 1600227017
1.1563 1600227017
1.3029000000000002 1600227017
1.1970999999999998 1600227017
1.1133000000000002 1600227017
1.1094000000000002 1600227017
1.1886 1600227017
1.0706 1600227017
1.2247 1600227017
1.1099 1600227017
1.2426 1600227017
1.1893 1600227017
1.1930999999999998 1600227017
1.1046 1600227017
1.1091 1600227017
1.2528000000000001 1600227017
1.295 1600227017
1.2637 1600227017
1.218 1600227017
0.8259000000000001 1600227017
1.2155 1600227017
1.1882000000000001 1600227017
1.2011 1600227017
1.0677 1600227017
1.1840000000000002 1600227017
1.2539 1600227017
1.2851000000000001 1600227017
0.9627000000000001 1600227017
1.2185000000000001 1600227017
1.3032000000000001 1600227017
0.9142000000000001 1600227017
1.1506 1600227017
1.2936 1600227017
1.2149 1600227017
1.2500999999999998 1600227017
1.303 1600227017
1.2174999999999998 1600227017
1.2609 1600227017
1.1650999999999998 1600227017
1.1364999999999998 1600227017
1.1044999999999998 1600227017
1.2522000000000002 1600227017
1.1962000000000002 1600227017
1.2120000000000002 1600227017
1.2240000000000002 1600227017
1.2528000000000001 1600227017
0.8602 1600227017
1.2175 1600227017
1.1134 1600227017
1.1358000000000001 1600227017
1.1131 1600227017
1.2282000000000002 1600227017
0.8336000000000001 1600227017
1.2183000000000002 1600227017
1.1361 1600227017
1.2447000000000001 1600227017
1.2942 1600227017
1.2427000000000001 1600227017
1.2016 1600227017
1.2434 1600227017
1.1895 1600227017
1.1896 1600227017
1.1644 1600227017
1.1894 1600227017
1.4217 1600227017
0.834 1600227017
1.2181000000000002 1600227017
1.1896 1600227017
1.2256 1600227017
1.1204 1600227017
1.2174 1600227017
1.1368 1600227017
1.2629000000000001 1600227017
1.2014 1600227017
1.2014999999999998 1600227017
1.2248999999999999 1600227017
1.2933 1600227017
1.2517 1600227017
0.8341000000000001 1600227017
1.201 1600227017
1.1145 1600227017
1.1671 1600227017
1.2155 1600227017
1.1776 1600227017
1.1854999999999998 1600227017
1.2515 1600227017
1.1907 1600227017
1.1893 1600227017
1.2521 1600227017
1.2304000000000002 1600227017
1.1865 1600227017
1.1661000000000001 1600227017
1.2249 1600227017
1.2011 1600227017
1.2102000000000002 1600227017
1.1427 1600227017
1.1892999999999998 1600227017
1.1366999999999998 1600227017
1.226 1600227017
1.0699999999999998 1600227017
1.2418 1600227017
1.1364999999999998 1600227017
1.2130999999999998 1600227017
1.2713 1600227017
1.2424 1600227017
1.1885 1600227017
1.19 1600227017
1.2046000000000001 1600227017
1.1374 1600227017
1.2409000000000001 1600227017
1.1359 1600227017
1.1658000000000002 1600227017
1.1716 1600227017
1.229 1600227017
1.1635 1600227017
1.2130999999999998 1600227017
1.1360000000000001 1600227017
1.1359000000000001 1600227017
1.1189 1600227017
1.1395000000000002 1600227017
1.1643 1600227017
1.1902000000000001 1600227017
1.1018 1600227017
0.9616 1600227017
1.2704 1600227017
1.213 1600227017
1.3934 1600227017
1.2406000000000001 1600227017
1.2426 1600227017
1.2799 1600227017
1.2424 1600227017
1.1192000000000002 1600227017
1.2130999999999998 1600227017
1.2406000000000001 1600227017
1.3925 1600227017
1.2712 1600227017
1.3016 1600227017
1.1361 1600227017
0.9248999999999999 1600227017
1.1636000000000002 1600227017
1.2970000000000002 1600227017
1.304 1600227017
0.9123000000000001 1600227017
1.193 1600227017
1.1479 1600227017
1.2184 1600227017
1.2024 1600227017
1.1896 1600227017
1.1137000000000001 1600227017
1.0893000000000002 1600227017
1.2016 1600227017
1.2938 1600227017
1.2250999999999999 1600227017
1.2709000000000001 1600227017
1.0706 1600227017
1.1831 1600227017
1.1289 1600227017
1.2122000000000002 1600227017
0.8355000000000001 1600227017
1.1611 1600227017
0.8348 1600227017
1.2255 1600227017
1.145 1600227017
1.1189 1600227017
1.0674000000000001 1600227017
1.218 1600227017
1.1194000000000002 1600227017
1.1361 1600227017
1.2410999999999999 1600227017
1.217 1600227017
0.8339 1600227017
1.245 1600227017
1.2288999999999999 1600227017
1.2475 1600227017
0.8343999999999999 1600227017
1.229 1600227017
1.2521 1600227017
1.1095000000000002 1600227017
1.2149 1600227017
1.2416999999999998 1600227017
1.1358000000000001 1600227017
1.1894 1600227017
1.1042999999999998 1600227017
1.2265000000000001 1600227017
1.2629000000000001 1600227017
1.1878000000000002 1600227017
1.2431 1600227017
1.1433 1600227017
1.2435 1600227017
1.1307 1600227017
1.2414999999999998 1600227017
1.1291 1600227017
1.2618 1600227017
1.1135000000000002 1600227017
1.4209 1600227017
1.2056999999999998 1600227017
1.2336999999999998 1600227017
1.2946 1600227017
1.2176 1600227017
1.2106 1600227017
1.2244000000000002 1600227017
1.1305 1600227017
1.1894999999999998 1600227017
1.2269 1600227017
1.1625999999999999 1600227017
1.1311999999999998 1600227017
1.1099 1600227017
1.218 1600227017
1.2086000000000001 1600227017
1.2206000000000001 1600227017
1.2688000000000001 1600227017
1.1840000000000002 1600227017
0.8603 1600227017
1.2221000000000002 1600227017
1.1904 1600227017
1.137 1600227017
1.4007 1600227017
1.2548 1600227017
1.1631999999999998 1600227017
0.8347999999999999 1600227017
1.0766 1600227017
1.0112 1600227017
1.2418 1600227017
1.2551 1600227017
1.1141 1600227017
1.2288999999999999 1600227017
1.2056999999999998 1600227017
1.2391 1600227017
1.2019000000000002 1600227017
1.1673999999999998 1600227017
1.1903000000000001 1600227017
1.2182000000000002 1600227017
1.1593 1600227017
1.2517999999999998 1600227017
1.2283 1600227017
1.2742 1600227017
1.2268 1600227017
1.3033000000000001 1600227017
1.2969 1600227017
1.2046000000000001 1600227017
1.1185999999999998 1600227017
1.3034 1600227017
1.1959 1600227017
1.1136 1600227017
1.2256999999999998 1600227017
1.2014999999999998 1600227017
1.1204 1600227017
1.1174 1600227017
1.1343999999999999 1600227017
1.1684 1600227017
1.1893 1600227017
1.2012999999999998 1600227017
1.1362 1600227017
1.109 1600227017
1.1781000000000001 1600227017
0.8354000000000001 1600227017
1.1191 1600227017
1.2936 1600227017
1.1947999999999999 1600227017
1.1892999999999998 1600227017
1.3927999999999998 1600227017
1.1652999999999998 1600227017
1.064 1600227017
0.8350000000000001 1600227017
1.2014 1600227017
1.2528000000000001 1600227017
0.8343999999999999 1600227017
1.2178 1600227017
1.2288000000000001 1600227017
1.2412999999999998 1600227017
1.1191 1600227017
1.2543000000000002 1600227017
1.1915999999999998 1600227017
1.1364 1600227017
1.1044999999999998 1600227017
0.8355000000000001 1600227017
1.2532 1600227017
1.1903000000000001 1600227017
1.2010999999999998 1600227017
1.2572999999999999 1600227017
1.1997 1600227017
1.2038 1600227017
1.2588 1600227017
1.2538 1600227017
1.3929 1600227017
1.2201000000000002 1600227017
1.1887 1600227017
1.2286000000000001 1600227017
1.117 1600227017
1.3107000000000002 1600227017
1.4051 1600227017
0.8366999999999999 1600227017
1.2248999999999999 1600227017
1.0764999999999998 1600227017
1.2629000000000001 1600227017
1.2249 1600227017
1.1176 1600227017
1.2172 1600227017
1.2248999999999999 1600227017
1.1965 1600227017
1.2029 1600227017
1.1964000000000001 1600227017
1.0428000000000002 1600227017
1.2943 1600227017
1.1932999999999998 1600227017
1.1856 1600227017
1.1351999999999998 1600227017
1.2026 1600227017
1.2525 1600227017
0.9632999999999999 1600227017
1.1893 1600227017
1.1958 1600227017
1.222 1600227017
1.1431 1600227017
1.2252 1600227017
1.2943 1600227017
1.2197 1600227017
1.2244000000000002 1600227017
1.1959 1600227017
1.2566000000000002 1600227017
1.1998000000000002 1600227017
1.2269 1600227017
1.2325 1600227017
1.2793999999999999 1600227017
1.1141999999999999 1600227017
1.1922000000000001 1600227017
1.1258 1600227017
1.2026 1600227017
1.1034000000000002 1600227017
1.245 1600227017
1.2627000000000002 1600227017
1.2147999999999999 1600227017
1.1134000000000002 1600227017
1.2532 1600227017
1.1864000000000001 1600227017
0.9094 1600227017
1.1305999999999998 1600227017
1.2148 1600227017
1.2879 1600227017
1.1393 1600227017
1.1631 1600227017
1.2205 1600227017
1.2028 1600227017
1.2177 1600227017
1.1880000000000002 1600227017
1.1924000000000001 1600227017
1.1367 1600227017
1.2358 1600227017
1.1174 1600227017
1.2523000000000002 1600227017
1.2267000000000001 1600227017
1.2414 1600227017
1.2534999999999998 1600227017
1.1909 1600227017
1.2197 1600227017
1.1308 1600227017
1.1856 1600227017
1.1591 1600227017
1.2005 1600227017
1.1362 1600227017
1.2248999999999999 1600227017
1.1307999999999998 1600227017
1.2896999999999998 1600227017
1.2524000000000002 1600227017
1.1093000000000002 1600227017
1.3927999999999998 1600227017
1.2755 1600227017
1.2123000000000002 1600227017
1.2416 1600227017
1.2185000000000001 1600227017
1.2298999999999998 1600227017
1.1635 1600227017
1.1883 1600227017
1.2694 1600227017
1.2254 1600227017
1.1364999999999998 1600227017
1.1305999999999998 1600227017
1.4054 1600227017
1.2351999999999999 1600227017
1.0744 1600227017
1.2538999999999998 1600227017
1.2681 1600227017
1.1921 1600227017
1.2412 1600227017
1.4219 1600227017
1.2258 1600227017
1.1017000000000001 1600227017
1.1166999999999998 1600227017
1.1673 1600227017
1.1202 1600227017
1.1141 1600227017
1.1915999999999998 1600227017
1.2519 1600227017
1.3094999999999999 1600227017
1.1360000000000001 1600227017
1.3045 1600227017
1.3923999999999999 1600227017
1.1638000000000002 1600227017
1.1042999999999998 1600227017
1.1905000000000001 1600227017
1.2096999999999998 1600227017
1.2869000000000002 1600227017
1.0709 1600227017
1.2706 1600227017
1.2740999999999998 1600227017
1.1137000000000001 1600227017
1.3098 1600227017
1.1177000000000001 1600227017
1.2517 1600227017
1.1181 1600227017
1.0738 1600227017
1.1355000000000002 1600227017
1.2182000000000002 1600227017
1.3054000000000001 1600227017
1.143 1600227017
1.2517 1600227017
