2.8714 1600338505
2.8981 1600338505
2.6470000000000002 1600338505
1.0686999999999998 1600338505
1.4423 1600338505
1.4462000000000002 1600338505
2.7301999999999995 1600338505
2.6555000000000004 1600338505
2.6643999999999997 1600338505
2.5784999999999996 1600338505
2.0130000000000003 1600338505
2.0671999999999997 1600338505
1.7675 1600338505
1.5682 1600338505
2.6163999999999996 1600338505
2.6254 1600338505
2.2477000000000005 1600338505
2.5857 1600338505
1.6445000000000003 1600338505
2.6356 1600338505
2.6567000000000003 1600338505
2.0959000000000003 1600338505
2.5902 1600338505
2.7633 1600338505
2.2417 1600338505
1.0454000000000003 1600338505
2.648 1600338505
1.2644000000000002 1600338505
2.8976999999999995 1600338505
1.3430999999999997 1600338505
1.9169999999999998 1600338505
2.7471000000000005 1600338505
2.6681999999999997 1600338505
1.0613000000000001 1600338505
1.5176000000000003 1600338505
1.8946999999999998 1600338505
2.5169 1600338505
2.5851999999999995 1600338505
2.2466 1600338505
1.2875999999999999 1600338505
1.7711999999999999 1600338505
1.3800999999999997 1600338505
1.6917999999999997 1600338505
1.9420000000000002 1600338505
2.6418000000000004 1600338505
1.8518 1600338505
1.7307000000000001 1600338505
2.5422000000000002 1600338505
2.6605 1600338505
1.7928000000000002 1600338505
2.1543000000000005 1600338505
2.6483 1600338505
1.3330000000000002 1600338505
2.231 1600338505
2.5118 1600338505
2.4072999999999998 1600338505
1.7299000000000002 1600338505
2.5866999999999996 1600338505
1.5596 1600338505
1.3164999999999996 1600338505
1.5440999999999998 1600338505
2.5427 1600338505
1.7966000000000002 1600338505
2.7258999999999998 1600338505
1.6502 1600338505
2.3938 1600338505
2.5179 1600338505
2.2323 1600338505
1.7899999999999996 1600338505
2.5322000000000005 1600338505
1.5697 1600338505
1.7258000000000004 1600338505
2.5994999999999995 1600338505
2.5185999999999997 1600338505
2.7323 1600338505
1.8321999999999998 1600338505
1.9238000000000004 1600338505
2.6992 1600338505
1.6036000000000001 1600338505
2.7817 1600338505
2.8978 1600338505
2.8648 1600338505
1.2245 1600338505
2.8996999999999997 1600338505
1.6170999999999998 1600338505
1.8138999999999994 1600338505
2.7668000000000004 1600338505
2.5027000000000004 1600338505
2.3988 1600338505
2.7757 1600338505
2.8589 1600338505
2.8984999999999994 1600338505
1.2359 1600338505
1.2989000000000002 1600338505
1.7684000000000002 1600338505
2.7376 1600338505
1.1521000000000003 1600338505
2.0929 1600338505
1.3347000000000002 1600338505
1.2292 1600338505
1.4993999999999996 1600338505
1.8027999999999995 1600338505
2.5349 1600338505
2.4987999999999997 1600338505
1.4031000000000002 1600338505
2.1636 1600338505
2.3306999999999998 1600338505
2.0306 1600338505
2.7636000000000003 1600338505
2.7089999999999996 1600338505
2.896 1600338505
1.9311000000000003 1600338505
1.1176 1600338505
2.8739999999999997 1600338505
1.2811 1600338505
2.6607999999999996 1600338505
2.3538 1600338505
2.4715 1600338505
1.3230000000000004 1600338505
2.6375999999999995 1600338505
1.6012000000000004 1600338505
1.8501999999999996 1600338505
1.3345999999999996 1600338505
2.1382 1600338505
2.5831 1600338505
2.4104 1600338505
2.6261 1600338505
2.6203000000000003 1600338505
1.9764999999999997 1600338505
1.6214999999999997 1600338505
2.8792999999999997 1600338505
2.4138 1600338505
2.5844 1600338505
1.7477 1600338505
1.7877 1600338505
1.4203000000000001 1600338505
1.7031999999999998 1600338505
1.8569 1600338505
1.0917999999999997 1600338505
1.3389000000000002 1600338505
2.0862999999999996 1600338505
2.4795 1600338505
2.7388 1600338505
2.5147000000000004 1600338505
2.7308999999999997 1600338505
1.5106000000000006 1600338505
1.8152000000000004 1600338505
2.1426000000000003 1600338505
2.009 1600338505
2.0174999999999996 1600338505
2.3427000000000002 1600338505
1.0988999999999995 1600338505
1.6617000000000002 1600338505
2.5012000000000003 1600338505
2.5809999999999995 1600338505
2.732 1600338505
1.6958999999999995 1600338505
1.5449999999999995 1600338505
1.0510999999999995 1600338505
2.7812 1600338505
1.9345000000000003 1600338505
2.6188000000000002 1600338505
2.3454 1600338505
2.6348000000000003 1600338505
1.6189999999999998 1600338505
1.7718999999999996 1600338505
1.6204 1600338505
2.7181999999999995 1600338505
2.8678999999999997 1600338505
2.7444999999999995 1600338505
2.0494999999999997 1600338505
2.9292999999999996 1600338505
1.5443999999999996 1600338505
1.7449999999999997 1600338505
1.5056999999999996 1600338505
2.5397 1600338505
2.7344999999999997 1600338505
1.7008999999999999 1600338505
2.5891999999999995 1600338505
2.6648 1600338505
2.7531999999999996 1600338505
2.6317999999999997 1600338505
2.7460999999999998 1600338505
2.4376999999999995 1600338505
2.6389 1600338505
1.3381000000000003 1600338505
1.7216999999999998 1600338505
2.8766000000000003 1600338505
2.8851 1600338505
1.2069 1600338505
2.5999999999999996 1600338505
1.4165999999999994 1600338505
2.2399 1600338505
1.9621000000000004 1600338505
1.4374000000000002 1600338505
2.5517999999999996 1600338505
2.4986 1600338505
2.4395 1600338505
2.5408000000000004 1600338505
1.9196999999999997 1600338505
2.6564000000000005 1600338505
2.0732999999999997 1600338505
2.6330999999999998 1600338505
1.7815999999999996 1600338505
2.7276000000000002 1600338505
2.312 1600338505
2.4804999999999997 1600338505
1.4325999999999999 1600338505
1.5644000000000005 1600338505
1.8396 1600338505
1.2206000000000001 1600338505
2.7481999999999998 1600338505
1.9184 1600338505
2.8885 1600338505
1.7700000000000005 1600338505
2.0521000000000003 1600338505
2.0646999999999998 1600338505
1.6528000000000005 1600338505
2.5543 1600338505
2.4490999999999996 1600338505
1.9195000000000002 1600338505
2.036 1600338505
2.5795 1600338505
2.6421000000000006 1600338505
1.7898 1600338505
2.5817000000000005 1600338505
2.0803000000000003 1600338505
1.8204000000000002 1600338505
2.5960000000000005 1600338505
1.8012000000000001 1600338505
2.1549 1600338505
2.3828 1600338505
1.8970999999999996 1600338505
1.9327 1600338505
1.7534999999999998 1600338505
2.6848 1600338505
1.8834999999999997 1600338505
1.5465000000000004 1600338505
2.5122000000000004 1600338505
2.5149 1600338505
2.4665000000000004 1600338505
2.6052000000000004 1600338505
2.5951 1600338505
1.7527 1600338505
2.5067000000000004 1600338505
2.5831999999999997 1600338505
2.6313999999999997 1600338505
2.5841 1600338505
1.9179000000000004 1600338505
1.3453000000000004 1600338505
2.3914999999999997 1600338505
2.6706000000000003 1600338505
2.5962 1600338505
1.1842000000000001 1600338505
2.6445 1600338505
1.6276000000000002 1600338505
2.7375000000000003 1600338505
2.8859000000000004 1600338505
1.4272999999999998 1600338505
2.8721 1600338505
2.6385 1600338505
2.7434 1600338505
2.8642000000000003 1600338505
1.6818000000000004 1600338505
2.7297000000000002 1600338505
2.585 1600338505
2.6672000000000002 1600338505
2.6773 1600338505
1.2177000000000002 1600338505
2.7360000000000007 1600338505
1.3400999999999996 1600338505
1.3415000000000004 1600338505
2.6397 1600338505
2.8955999999999995 1600338505
2.5385000000000004 1600338505
1.2321000000000004 1600338505
2.7299999999999995 1600338505
1.7481000000000004 1600338505
2.6731 1600338505
1.7345000000000002 1600338505
2.7373999999999996 1600338505
1.4563000000000001 1600338505
1.3073000000000001 1600338505
2.1541000000000006 1600338505
1.7288999999999999 1600338505
2.8983 1600338505
2.0958 1600338505
2.6323 1600338505
1.6284 1600338505
2.0786 1600338505
2.0807 1600338505
1.6752000000000002 1600338505
1.1756000000000002 1600338505
2.6542999999999997 1600338505
1.7346000000000004 1600338505
1.7109000000000005 1600338505
2.5534 1600338505
1.2890999999999995 1600338505
2.5871 1600338505
2.1254999999999997 1600338505
2.5826999999999996 1600338505
1.5338999999999996 1600338505
2.8661999999999996 1600338505
1.0327000000000006 1600338505
2.5746999999999995 1600338505
2.6647 1600338505
1.6574 1600338505
2.2547 1600338505
2.7396000000000003 1600338505
1.4765999999999995 1600338505
2.2133999999999996 1600338505
1.2705999999999995 1600338505
1.1666000000000003 1600338505
2.6569000000000003 1600338505
1.5118 1600338505
1.4094999999999995 1600338505
1.2527999999999997 1600338505
2.6669 1600338505
2.2191000000000005 1600338505
2.6049 1600338505
2.7342999999999997 1600338505
2.8773999999999997 1600338505
2.045 1600338505
2.1823 1600338505
2.5409999999999995 1600338505
1.7056 1600338505
1.9693999999999998 1600338505
2.6325 1600338505
1.4426000000000005 1600338505
2.5943000000000005 1600338505
1.9254000000000002 1600338505
1.4918 1600338505
1.7603999999999997 1600338505
2.5809999999999995 1600338505
2.6623 1600338505
1.8205 1600338505
1.7228000000000003 1600338505
2.4676000000000005 1600338505
2.8951000000000002 1600338505
2.5999999999999996 1600338505
2.5046000000000004 1600338505
1.2030000000000003 1600338505
2.7356000000000003 1600338505
1.1211000000000002 1600338505
2.1284999999999994 1600338505
1.2989000000000002 1600338505
2.003 1600338505
1.9692000000000003 1600338505
2.6374000000000004 1600338505
1.6955000000000005 1600338505
1.4610999999999996 1600338505
1.9100000000000001 1600338505
2.5608 1600338505
2.5189 1600338505
2.6689000000000003 1600338505
2.7668000000000004 1600338505
2.5793000000000004 1600338505
1.8527999999999998 1600338505
2.0482 1600338505
2.6106 1600338505
2.645 1600338505
2.5836000000000006 1600338505
2.665 1600338505
2.8674999999999997 1600338505
2.4443 1600338505
1.9405999999999999 1600338505
2.5889 1600338505
2.6148999999999996 1600338505
2.5910999999999995 1600338505
2.5778999999999996 1600338505
2.9509999999999996 1600338505
2.0450000000000004 1600338505
2.8781 1600338505
2.6387 1600338505
1.6498000000000004 1600338505
1.2226000000000004 1600338505
2.5007 1600338505
1.5574000000000003 1600338505
2.1499 1600338505
1.5390000000000001 1600338505
2.5154 1600338505
2.6658999999999997 1600338505
1.3490000000000002 1600338505
1.4196000000000004 1600338505
1.4842000000000004 1600338505
2.6603000000000003 1600338505
2.0641 1600338505
1.7997999999999994 1600338505
2.8959999999999995 1600338505
2.7327999999999997 1600338505
2.6204000000000005 1600338505
1.7001 1600338505
2.4492 1600338505
2.5615 1600338505
1.7046000000000001 1600338505
2.8993 1600338505
1.1029000000000004 1600338505
2.9193999999999996 1600338505
2.6216999999999997 1600338505
2.3442 1600338505
2.5039000000000002 1600338505
1.5216000000000003 1600338505
2.7515999999999994 1600338505
2.7616 1600338505
1.9050000000000002 1600338505
1.3797000000000001 1600338505
1.5032 1600338505
2.5253000000000005 1600338505
2.8665000000000003 1600338505
1.2334 1600338505
1.4215 1600338505
1.1482 1600338505
2.5759000000000003 1600338505
2.4814 1600338505
1.3354 1600338505
1.7820000000000005 1600338505
1.5329000000000002 1600338505
2.8752 1600338505
2.6428 1600338505
2.2566 1600338505
2.8930999999999996 1600338505
2.0194999999999994 1600338505
2.6117999999999997 1600338505
2.4890999999999996 1600338505
1.3490000000000002 1600338505
2.2682 1600338505
2.6023 1600338505
1.5238999999999998 1600338505
2.7285 1600338505
2.5808 1600338505
2.4653 1600338505
2.0906 1600338505
1.2830999999999997 1600338505
2.7051999999999996 1600338505
2.0178 1600338505
1.9322 1600338505
2.6572000000000005 1600338505
1.1342000000000003 1600338505
1.4152999999999998 1600338505
2.5891 1600338505
1.4468 1600338505
2.1500999999999997 1600338505
2.3162 1600338505
1.8068999999999997 1600338505
2.5914 1600338505
1.8267000000000002 1600338505
2.6296999999999997 1600338505
2.685 1600338505
1.1080999999999999 1600338505
2.5239999999999996 1600338505
1.3711000000000002 1600338505
1.9689999999999999 1600338505
2.7674000000000003 1600338505
1.2588000000000004 1600338505
2.4356999999999998 1600338505
2.6119999999999997 1600338505
2.5084999999999997 1600338505
2.8991000000000002 1600338505
1.3032000000000004 1600338505
2.5928999999999998 1600338505
2.2929000000000004 1600338505
2.5885000000000002 1600338505
2.7328 1600338505
2.5354 1600338505
2.6343 1600338505
1.4053000000000004 1600338505
2.6355 1600338505
1.4472 1600338505
2.4466 1600338505
1.5062000000000002 1600338505
2.1635000000000004 1600338505
2.3892 1600338505
2.8977999999999997 1600338505
1.1772 1600338505
1.2801000000000005 1600338505
2.005 1600338505
1.6007000000000002 1600338505
1.5681000000000003 1600338505
1.5573000000000001 1600338505
2.3973000000000004 1600338505
1.4101 1600338505
2.5742 1600338505
2.6740000000000004 1600338505
2.902 1600338505
2.6438 1600338505
2.7508 1600338505
2.5751 1600338505
2.4183 1600338505
2.6384000000000003 1600338505
2.6695 1600338505
1.4412000000000003 1600338505
1.4928000000000003 1600338505
2.7344000000000004 1600338505
1.5981999999999998 1600338505
2.7361000000000004 1600338505
1.5103999999999997 1600338505
2.6656 1600338505
2.3544999999999994 1600338505
2.6509 1600338505
2.7293 1600338505
2.8658 1600338505
2.7506 1600338505
1.2069 1600338505
1.2172999999999998 1600338505
2.7647999999999997 1600338505
2.6603 1600338505
2.1733 1600338505
2.5349 1600338505
2.6325000000000003 1600338505
1.7940000000000005 1600338505
2.5321000000000002 1600338505
2.2505999999999995 1600338505
