0.10699999999999932 1600466332
0.10699999999999932 1600466332
0.14869999999999983 1600466332
0.14869999999999983 1600466332
0.10259999999999891 1600466332
0.10259999999999891 1600466332
0.29079999999999906 1600466332
0.29070000000000107 1600466332
0.1448999999999998 1600466332
0.1448999999999998 1600466332
0.9897 1600466332
0.9897 1600466332
0.13040000000000163 1600466332
0.13049999999999962 1600466332
0.13540000000000063 1600466332
0.13540000000000063 1600466332
0.16469999999999985 1600466332
0.16469999999999985 1600466332
0.7569999999999997 1600466332
0.7570999999999994 1600466332
0.12139999999999951 1600466332
0.12129999999999974 1600466332
0.13129999999999953 1600466332
0.13129999999999953 1600466332
0.39559999999999995 1600466332
0.39559999999999995 1600466332
0.1186000000000007 1600466332
0.11849999999999916 1600466332
1.8591000000000006 1600466332
1.8590999999999998 1600466332
0.14100000000000001 1600466332
0.14100000000000001 1600466332
0.09890000000000043 1600466332
0.09890000000000043 1600466332
2.828099999999999 1600466332
2.828099999999999 1600466332
0.3216999999999999 1600466332
0.3216999999999999 1600466332
0.10010000000000119 1600466332
0.10010000000000119 1600466332
0.16880000000000095 1600466332
0.16879999999999917 1600466332
0.1509999999999998 1600466332
0.15109999999999957 1600466332
0.14579999999999949 1600466332
0.14579999999999949 1600466332
0.2507999999999999 1600466332
0.29999999999999893 1600466332
0.4082000000000008 1600466332
0.40830000000000055 1600466332
0.1921999999999997 1600466332
0.19229999999999947 1600466332
0.5287999999999995 1600466332
0.5288000000000004 1600466332
0.4103000000000012 1600466332
0.4103000000000012 1600466332
0.6288 1600466332
0.6288 1600466332
0.15920000000000023 1600466332
0.15919999999999845 1600466332
1.4560000000000004 1600466332
1.4560000000000004 1600466332
1.262599999999999 1600466332
1.262599999999999 1600466332
0.13209999999999944 1600466332
0.13200000000000145 1600466332
0.14399999999999835 1600466332
0.14400000000000013 1600466332
0.10289999999999999 1600466332
0.10289999999999999 1600466332
0.11800000000000033 1600466332
0.11800000000000033 1600466332
0.13030000000000008 1600466332
0.13039999999999985 1600466332
0.27749999999999986 1600466332
0.27749999999999986 1600466332
0.058400000000000674 1600466332
0.058400000000000674 1600466332
0.1446999999999985 1600466332
0.1446000000000005 1600466332
0.17239999999999966 1600466332
0.17239999999999966 1600466332
0.13119999999999976 1600466332
0.13120000000000154 1600466332
0.4186999999999994 1600466332
0.4186999999999994 1600466332
0.2867999999999995 1600466332
0.28669999999999973 1600466332
0.09859999999999935 1600466332
0.09859999999999935 1600466332
0.1183999999999994 1600466332
0.1183999999999994 1600466332
0.13509999999999955 1600466332
0.13509999999999955 1600466332
0.9729999999999999 1600466332
0.9731000000000005 1600466332
0.21260000000000012 1600466332
0.21289999999999942 1600466332
0.10330000000000084 1600466332
0.10330000000000084 1600466332
0.15660000000000096 1600466332
0.15649999999999942 1600466332
0.26449999999999996 1600466332
0.26449999999999996 1600466332
0.8654000000000002 1600466332
0.8654000000000002 1600466332
0.3290000000000006 1600466332
0.3290000000000006 1600466332
0.19950000000000045 1600466332
0.19960000000000022 1600466332
0.8989999999999991 1600466332
0.8990000000000009 1600466332
0.13239999999999874 1600466332
0.13229999999999897 1600466332
0.11069999999999958 1600466332
0.11069999999999958 1600466332
0.11680000000000135 1600466332
0.11680000000000135 1600466332
0.06519999999999904 1600466332
0.06519999999999904 1600466332
0.14869999999999983 1600466332
0.14869999999999983 1600466332
0.1526999999999994 1600466332
0.15280000000000094 1600466332
0.4532999999999987 1600466332
0.4532999999999987 1600466332
1.2072000000000003 1600466332
1.2071000000000005 1600466332
0.16820000000000057 1600466332
0.16820000000000057 1600466332
0.5735000000000001 1600466332
0.5735999999999999 1600466332
0.8957000000000015 1600466332
0.8956999999999997 1600466332
0.11290000000000155 1600466332
0.11289999999999978 1600466332
0.11319999999999908 1600466332
0.11319999999999908 1600466332
0.11189999999999856 1600466332
0.11179999999999879 1600466332
0.07760000000000034 1600466332
0.07760000000000034 1600466332
0.10640000000000072 1600466332
0.10639999999999894 1600466332
0.39429999999999943 1600466332
0.39440000000000097 1600466332
0.11299999999999955 1600466332
0.11299999999999955 1600466332
1.1510999999999996 1600466332
1.1512000000000002 1600466332
0.5395000000000003 1600466332
0.5395000000000003 1600466332
0.1390999999999991 1600466332
0.1390999999999991 1600466332
1.1132 1600466332
1.1132 1600466332
0.11430000000000007 1600466332
0.11430000000000007 1600466332
0.10689999999999955 1600466332
0.10689999999999955 1600466332
0.20090000000000074 1600466332
0.20090000000000074 1600466332
1.3402000000000003 1600466332
1.3400999999999996 1600466332
0.2995000000000001 1600466332
0.2995000000000001 1600466332
0.1634999999999991 1600466332
0.16339999999999932 1600466332
0.09110000000000085 1600466332
0.09120000000000061 1600466332
0.35190000000000055 1600466332
0.351799999999999 1600466332
0.6914999999999996 1600466332
0.6915000000000004 1600466332
0.08479999999999954 1600466332
0.08910000000000018 1600466332
0.12790000000000035 1600466332
0.12780000000000058 1600466332
0.17629999999999946 1600466332
0.17629999999999946 1600466332
0.12359999999999971 1600466332
0.1230999999999991 1600466332
0.1468000000000007 1600466332
0.14669999999999916 1600466332
0.6871999999999989 1600466332
0.6872999999999996 1600466332
1.1381999999999994 1600466332
1.1380999999999997 1600466332
0.11950000000000038 1600466332
0.12429999999999986 1600466332
0.120000000000001 1600466332
0.12010000000000076 1600466332
0.9175999999999993 1600466332
0.9176000000000002 1600466332
0.20319999999999894 1600466332
0.2032000000000007 1600466332
0.3274000000000008 1600466332
0.3274000000000008 1600466332
0.13979999999999926 1600466332
0.13979999999999926 1600466332
0.0992999999999995 1600466332
0.09930000000000128 1600466332
0.9089999999999998 1600466332
0.9089999999999998 1600466332
0.12909999999999933 1600466332
0.1291000000000011 1600466332
0.14300000000000068 1600466332
0.14300000000000068 1600466332
0.07629999999999981 1600466332
0.07629999999999981 1600466332
0.6500000000000004 1600466332
0.6500000000000004 1600466332
0.13599999999999923 1600466332
0.13610000000000078 1600466332
0.6360999999999999 1600466332
0.6359999999999992 1600466332
0.1548999999999996 1600466332
0.15500000000000114 1600466332
1.5269000000000004 1600466332
1.5269000000000004 1600466332
0.1288999999999998 1600466332
0.1288999999999998 1600466332
0.3716999999999988 1600466332
0.3716000000000008 1600466332
0.14620000000000033 1600466332
0.14620000000000033 1600466332
0.09970000000000034 1600466332
0.09960000000000058 1600466332
0.1534999999999993 1600466332
0.1534999999999993 1600466332
0.21149999999999913 1600466332
0.2115999999999989 1600466332
0.31879999999999953 1600466332
0.31869999999999976 1600466332
0.16690000000000005 1600466332
0.16680000000000028 1600466332
0.8160000000000007 1600466332
0.8159999999999998 1600466332
0.4792000000000005 1600466332
0.47909999999999986 1600466332
0.6977999999999991 1600466332
0.6978000000000009 1600466332
0.10740000000000016 1600466332
0.10749999999999993 1600466332
0.14839999999999876 1600466332
0.14839999999999876 1600466332
0.7493999999999996 1600466332
0.7492999999999999 1600466332
0.11770000000000103 1600466332
0.11770000000000103 1600466332
0.20700000000000074 1600466332
0.20699999999999896 1600466332
0.08009999999999984 1600466332
0.0801999999999996 1600466332
0.9661999999999997 1600466332
0.9661999999999997 1600466332
0.11089999999999911 1600466332
0.11089999999999911 1600466332
0.45120000000000005 1600466332
0.45120000000000005 1600466332
0.16859999999999964 1600466332
0.16870000000000118 1600466332
0.09609999999999985 1600466332
0.09609999999999985 1600466332
0.20199999999999996 1600466332
0.20209999999999972 1600466332
0.2646999999999995 1600466332
0.26480000000000103 1600466332
0.12190000000000012 1600466332
0.12190000000000012 1600466332
0.08970000000000056 1600466332
0.08970000000000056 1600466332
0.160400000000001 1600466332
0.1603999999999992 1600466332
0.13519999999999932 1600466332
0.1352999999999991 1600466332
0.8106999999999998 1600466332
0.8108000000000004 1600466332
0.8042999999999996 1600466332
0.8042999999999996 1600466332
0.22070000000000078 1600466332
0.22070000000000078 1600466332
0.10219999999999985 1600466332
0.10219999999999985 1600466332
0.09719999999999906 1600466332
0.09730000000000061 1600466332
0.9070999999999998 1600466332
0.9070999999999998 1600466332
0.29680000000000106 1600466332
0.2967999999999993 1600466332
0.15090000000000003 1600466332
0.15090000000000003 1600466332
0.1524000000000001 1600466332
0.15249999999999986 1600466332
0.13419999999999987 1600466332
0.13419999999999987 1600466332
0.0948999999999991 1600466332
0.0948999999999991 1600466332
0.13640000000000008 1600466332
0.1363000000000003 1600466332
0.6851000000000003 1600466332
0.6850999999999994 1600466332
0.3943999999999992 1600466332
0.3943999999999992 1600466332
0.5317999999999996 1600466332
0.5318000000000005 1600466332
0.14310000000000045 1600466332
0.1429999999999989 1600466332
0.16629999999999967 1600466332
0.16639999999999944 1600466332
0.11000000000000121 1600466332
0.10999999999999943 1600466332
0.1936 1600466332
0.19370000000000154 1600466332
0.09619999999999962 1600466332
0.0962000000000014 1600466332
0.10989999999999966 1600466332
0.1097999999999999 1600466332
0.1252999999999993 1600466332
0.12539999999999907 1600466332
0.7239000000000004 1600466332
0.7239000000000004 1600466332
0.1269000000000009 1600466332
0.12689999999999912 1600466332
0.06579999999999941 1600466332
0.06569999999999965 1600466332
0.8224999999999998 1600466332
0.8224000000000009 1600466332
0.10800000000000054 1600466332
0.10799999999999876 1600466332
0.14789999999999992 1600466332
0.14789999999999992 1600466332
0.09630000000000116 1600466332
0.09630000000000116 1600466332
0.15509999999999913 1600466332
0.1551000000000009 1600466332
0.3321000000000005 1600466332
0.33209999999999873 1600466332
0.13870000000000005 1600466332
0.13870000000000005 1600466332
0.1316999999999986 1600466332
0.13170000000000037 1600466332
0.5190000000000001 1600466332
0.5190000000000001 1600466332
0.4413999999999998 1600466332
0.4413999999999998 1600466332
0.07150000000000034 1600466332
0.07140000000000057 1600466332
0.14620000000000033 1600466332
0.1463000000000001 1600466332
0.5164999999999988 1600466332
0.5164999999999988 1600466332
0.7397999999999998 1600466332
0.7397999999999998 1600466332
0.46249999999999947 1600466332
0.46249999999999947 1600466332
0.0992999999999995 1600466332
0.09940000000000104 1600466332
0.16690000000000005 1600466332
0.1659000000000006 1600466332
0.48660000000000014 1600466332
0.48660000000000014 1600466332
0.8236999999999997 1600466332
0.8237000000000005 1600466332
0.8814999999999991 1600466332
0.8814999999999991 1600466332
0.5112999999999985 1600466332
0.5114000000000001 1600466332
0.2333999999999996 1600466332
0.2333999999999996 1600466332
0.14379999999999882 1600466332
0.14379999999999882 1600466332
0.09429999999999872 1600466332
0.0943000000000005 1600466332
0.1534999999999993 1600466332
0.15350000000000108 1600466332
0.14010000000000034 1600466332
0.14009999999999856 1600466332
0.3069000000000006 1600466332
0.3069000000000006 1600466332
0.3966000000000003 1600466332
0.3966000000000003 1600466332
0.11650000000000027 1600466332
0.1164000000000005 1600466332
0.1039999999999992 1600466332
0.1039999999999992 1600466332
0.13560000000000016 1600466332
0.1355999999999984 1600466332
0.13729999999999976 1600466332
0.13729999999999976 1600466332
0.12049999999999983 1600466332
0.12040000000000006 1600466332
0.10519999999999996 1600466332
0.10519999999999996 1600466332
0.13240000000000052 1600466332
0.13229999999999897 1600466332
0.7111999999999998 1600466332
0.7111999999999998 1600466332
0.6726999999999999 1600466332
0.6728000000000005 1600466332
0.1372 1600466332
0.1372 1600466332
0.11159999999999926 1600466332
0.11159999999999926 1600466332
0.129999999999999 1600466332
0.129999999999999 1600466332
0.12710000000000043 1600466332
0.12710000000000043 1600466332
0.09619999999999962 1600466332
0.0943000000000005 1600466332
1.0616999999999992 1600466332
1.061700000000001 1600466332
0.8334000000000001 1600466332
0.8334000000000001 1600466332
0.09720000000000084 1600466332
0.09720000000000084 1600466332
0.18630000000000102 1600466332
0.1864000000000008 1600466332
0.10180000000000078 1600466332
0.10180000000000078 1600466332
0.11029999999999873 1600466332
0.11030000000000051 1600466332
0.43950000000000067 1600466332
0.43950000000000067 1600466332
0.11660000000000004 1600466332
0.11660000000000004 1600466332
0.6806999999999999 1600466332
0.6808000000000014 1600466332
0.2525000000000004 1600466332
0.2525000000000004 1600466332
0.8363999999999994 1600466332
0.8364000000000003 1600466332
0.10360000000000014 1600466332
0.1036999999999999 1600466332
1.0184999999999995 1600466332
1.0184999999999995 1600466332
0.11690000000000111 1600466332
0.11690000000000111 1600466332
0.14039999999999964 1600466332
0.14039999999999964 1600466332
0.11190000000000033 1600466332
0.11190000000000033 1600466332
0.1257999999999999 1600466332
0.1257999999999999 1600466332
0.17680000000000007 1600466332
0.17680000000000007 1600466332
0.101799999999999 1600466332
0.10180000000000078 1600466332
0.7635999999999994 1600466332
0.7635999999999994 1600466332
0.1357999999999997 1600466332
0.1357999999999997 1600466332
0.11939999999999884 1600466332
0.11939999999999884 1600466332
0.16849999999999987 1600466332
0.1684000000000001 1600466332
0.10939999999999905 1600466332
0.10929999999999929 1600466332
0.7854000000000001 1600466332
0.7853000000000003 1600466332
0.13100000000000023 1600466332
0.13100000000000023 1600466332
0.2795000000000005 1600466332
0.2795000000000005 1600466332
0.6807000000000007 1600466332
0.6807000000000007 1600466332
0.8654999999999999 1600466332
0.8654999999999999 1600466332
0.13059999999999938 1600466332
0.13059999999999938 1600466332
0.12650000000000006 1600466332
0.12650000000000006 1600466332
0.45650000000000013 1600466332
0.4565999999999999 1600466332
0.43040000000000056 1600466332
0.4305000000000003 1600466332
0.12219999999999942 1600466332
0.12219999999999942 1600466332
0.11480000000000068 1600466332
0.11469999999999914 1600466332
0.3291000000000004 1600466332
0.32920000000000016 1600466332
0.19720000000000049 1600466332
0.19720000000000049 1600466332
0.27779999999999916 1600466332
0.27779999999999916 1600466332
0.16000000000000014 1600466332
0.15990000000000038 1600466332
0.4910999999999994 1600466332
0.4910999999999994 1600466332
0.4337 1600466332
0.4337 1600466332
0.42709999999999937 1600466332
0.42709999999999937 1600466332
0.29320000000000057 1600466332
0.29320000000000057 1600466332
0.14209999999999923 1600466332
0.14209999999999923 1600466332
0.5410000000000004 1600466332
0.5409999999999986 1600466332
1.0884 1600466332
1.0883000000000003 1600466332
0.12959999999999994 1600466332
0.12959999999999994 1600466332
0.192499999999999 1600466332
0.192499999999999 1600466332
0.19699999999999918 1600466332
0.19699999999999918 1600466332
0.11410000000000053 1600466332
0.11410000000000053 1600466332
0.14949999999999974 1600466332
0.14949999999999974 1600466332
0.13010000000000055 1600466332
0.13010000000000055 1600466332
0.18539999999999957 1600466332
0.18539999999999957 1600466332
0.13320000000000043 1600466332
0.13310000000000066 1600466332
0.23819999999999908 1600466332
0.23819999999999908 1600466332
0.11899999999999977 1600466332
0.11899999999999977 1600466332
0.38599999999999923 1600466332
0.38599999999999923 1600466332
2.0582000000000003 1600466332
2.0581999999999994 1600466332
0.12880000000000003 1600466332
0.12880000000000003 1600466332
0.6625000000000005 1600466332
0.6831000000000005 1600466332
0.11710000000000065 1600466332
0.11710000000000065 1600466332
0.6379999999999999 1600466332
0.6380999999999997 1600466332
0.12289999999999957 1600466332
0.12299999999999933 1600466332
0.4884000000000004 1600466332
0.4883999999999995 1600466332
0.12449999999999939 1600466332
0.12449999999999939 1600466332
0.13370000000000104 1600466332
0.13370000000000104 1600466332
0.24770000000000003 1600466332
0.24279999999999902 1600466332
0.22240000000000038 1600466332
0.2223000000000006 1600466332
0.12809999999999988 1600466332
0.12809999999999988 1600466332
0.6871 1600466332
0.6871999999999998 1600466332
0.2804000000000002 1600466332
0.2804000000000002 1600466332
1.6715999999999998 1600466332
1.6715999999999998 1600466332
0.12369999999999948 1600466332
0.12369999999999948 1600466332
0.14490000000000158 1600466332
0.14490000000000158 1600466332
0.10320000000000107 1600466332
0.10319999999999929 1600466332
0.08420000000000094 1600466332
0.08420000000000094 1600466332
0.13069999999999915 1600466332
0.13060000000000116 1600466332
0.13000000000000078 1600466332
0.12990000000000101 1600466332
0.10269999999999868 1600466332
0.10269999999999868 1600466332
0.09740000000000038 1600466332
0.09740000000000038 1600466332
0.11120000000000019 1600466332
0.11120000000000019 1600466332
0.3346 1600466332
0.3346 1600466332
1.2419000000000002 1600466332
1.2419000000000002 1600466332
0.8971 1600466332
0.8971 1600466332
0.4725999999999999 1600466332
0.4725999999999999 1600466332
0.14780000000000015 1600466332
0.14789999999999992 1600466332
0.3926999999999996 1600466332
0.3927000000000014 1600466332
0.19700000000000095 1600466332
0.19699999999999918 1600466332
0.0882000000000005 1600466332
0.0882000000000005 1600466332
0.10449999999999982 1600466332
0.10450000000000159 1600466332
0.15729999999999933 1600466332
0.1573000000000011 1600466332
0.5748999999999995 1600466332
0.5750000000000011 1600466332
1.3063000000000002 1600466332
1.3063000000000002 1600466332
0.1607000000000003 1600466332
0.1607000000000003 1600466332
0.10899999999999999 1600466332
0.10899999999999999 1600466332
0.14069999999999894 1600466332
0.14069999999999894 1600466332
0.1230999999999991 1600466332
0.12310000000000088 1600466332
0.14690000000000047 1600466332
0.1468000000000007 1600466332
0.12320000000000064 1600466332
0.12310000000000088 1600466332
0.12870000000000026 1600466332
0.1288999999999998 1600466332
0.10289999999999999 1600466332
0.10299999999999976 1600466332
0.13670000000000115 1600466332
0.1365999999999996 1600466332
0.3403999999999989 1600466332
0.3403999999999989 1600466332
0.3957999999999995 1600466332
0.3957999999999995 1600466332
0.1382000000000012 1600466332
0.13809999999999967 1600466332
0.09939999999999927 1600466332
0.09949999999999903 1600466332
0.14679999999999893 1600466332
0.1468000000000007 1600466332
0.13250000000000028 1600466332
0.13250000000000028 1600466332
0.1266999999999996 1600466332
0.1266999999999996 1600466332
0.7995999999999999 1600466332
0.7995999999999999 1600466332
0.12530000000000108 1600466332
0.12519999999999953 1600466332
0.1191999999999993 1600466332
0.1191999999999993 1600466332
0.2900000000000009 1600466332
0.2900000000000009 1600466332
0.09960000000000058 1600466332
0.09960000000000058 1600466332
0.32479999999999976 1600466332
0.32479999999999976 1600466332
0.6213999999999995 1600466332
0.6213999999999995 1600466332
0.11759999999999948 1600466332
0.11759999999999948 1600466332
0.10999999999999943 1600466332
0.10999999999999943 1600466332
0.11850000000000094 1600466332
0.11849999999999916 1600466332
0.13479999999999848 1600466332
0.13479999999999848 1600466332
0.18510000000000026 1600466332
0.18510000000000026 1600466332
0.1634999999999991 1600466332
0.16350000000000087 1600466332
0.13620000000000054 1600466332
0.1363000000000003 1600466332
0.1399999999999988 1600466332
0.1399999999999988 1600466332
0.9899000000000004 1600466332
0.9899000000000004 1600466332
0.2962000000000007 1600466332
0.2962000000000007 1600466332
0.4910999999999994 1600466332
0.49099999999999966 1600466332
0.8625000000000007 1600466332
0.8610000000000007 1600466332
0.297600000000001 1600466332
0.297600000000001 1600466332
0.19670000000000165 1600466332
0.19690000000000119 1600466332
0.2611000000000008 1600466332
0.261099999999999 1600466332
0.14389999999999858 1600466332
0.14390000000000036 1600466332
0.11739999999999995 1600466332
0.11730000000000018 1600466332
0.10880000000000045 1600466332
0.11400000000000077 1600466332
0.11560000000000059 1600466332
0.11560000000000059 1600466332
0.10519999999999996 1600466332
0.10519999999999996 1600466332
0.3567999999999998 1600466332
0.3567999999999998 1600466332
1.140600000000001 1600466332
1.1406 1600466332
0.14450000000000074 1600466332
0.14450000000000074 1600466332
0.46770000000000067 1600466332
0.45690000000000097 1600466332
0.09980000000000011 1600466332
0.09980000000000011 1600466332
0.6024000000000003 1600466332
0.6024000000000003 1600466332
0.9667000000000003 1600466332
0.9667000000000003 1600466332
0.6580999999999992 1600466332
0.6579999999999995 1600466332
0.13539999999999885 1600466332
0.13539999999999885 1600466332
0.43490000000000073 1600466332
0.4349999999999996 1600466332
0.6149000000000004 1600466332
0.6149000000000004 1600466332
0.33530000000000015 1600466332
0.3353999999999999 1600466332
0.36859999999999893 1600466332
0.36859999999999893 1600466332
0.14320000000000022 1600466332
0.14320000000000022 1600466332
0.30630000000000024 1600466332
0.30630000000000024 1600466332
0.10110000000000063 1600466332
0.10109999999999886 1600466332
0.3222000000000005 1600466332
0.3222000000000005 1600466332
0.09379999999999988 1600466332
0.09389999999999965 1600466332
0.6957000000000004 1600466332
0.6957999999999993 1600466332
0.14800000000000146 1600466332
0.1479999999999997 1600466332
0.13039999999999985 1600466332
0.13030000000000008 1600466332
0.08050000000000068 1600466332
0.08050000000000068 1600466332
2.3538999999999994 1600466332
2.3538999999999994 1600466332
0.13310000000000066 1600466332
0.13310000000000066 1600466332
0.7065999999999999 1600466332
0.7065000000000001 1600466332
0.27090000000000103 1600466332
0.27090000000000103 1600466332
0.4748000000000001 1600466332
0.4748000000000001 1600466332
0.11589999999999989 1600466332
0.11589999999999989 1600466332
0.1255000000000006 1600466332
0.12540000000000084 1600466332
0.9082999999999988 1600466332
0.9082999999999988 1600466332
0.8627000000000002 1600466332
0.8627000000000002 1600466332
0.10060000000000002 1600466332
0.10060000000000002 1600466332
0.41160000000000085 1600466332
0.4115000000000002 1600466332
0.41029999999999944 1600466332
0.4101999999999997 1600466332
0.12459999999999916 1600466332
0.12459999999999916 1600466332
0.1164000000000005 1600466332
0.1164000000000005 1600466332
0.09389999999999965 1600466332
0.09389999999999965 1600466332
0.14670000000000094 1600466332
0.14670000000000094 1600466332
0.14869999999999983 1600466332
0.14869999999999983 1600466332
0.19090000000000096 1600466332
0.19090000000000096 1600466332
0.36769999999999925 1600466332
0.3675999999999995 1600466332
0.3595000000000006 1600466332
0.3595000000000006 1600466332
0.8971999999999998 1600466332
0.8972000000000007 1600466332
0.7491000000000003 1600466332
0.7491000000000003 1600466332
0.6111000000000004 1600466332
0.6111000000000004 1600466332
0.11099999999999888 1600466332
0.11090000000000089 1600466332
0.1493000000000002 1600466332
0.1493000000000002 1600466332
0.6593 1600466332
0.6594000000000015 1600466332
0.17970000000000041 1600466332
0.17980000000000018 1600466332
0.1264000000000003 1600466332
0.12650000000000006 1600466332
0.3244000000000007 1600466332
0.32450000000000045 1600466332
0.1277999999999988 1600466332
0.12769999999999904 1600466332
0.15859999999999985 1600466332
0.15859999999999985 1600466332
0.13090000000000046 1600466332
0.13090000000000046 1600466332
0.13400000000000034 1600466332
0.13400000000000034 1600466332
0.11979999999999968 1600466332
0.11989999999999945 1600466332
0.22409999999999997 1600466332
0.22399999999999842 1600466332
0.15409999999999968 1600466332
0.15409999999999968 1600466332
0.12700000000000067 1600466332
0.12700000000000067 1600466332
0.34169999999999945 1600466332
0.3417000000000012 1600466332
0.2900999999999989 1600466332
0.2900999999999989 1600466332
0.08880000000000088 1600466332
0.08880000000000088 1600466332
0.12849999999999895 1600466332
0.12849999999999895 1600466332
0.10319999999999929 1600466332
0.10319999999999929 1600466332
0.1288999999999998 1600466332
0.12880000000000003 1600466332
0.12479999999999869 1600466332
0.12480000000000047 1600466332
1.0199999999999996 1600466332
1.0200999999999993 1600466332
0.1368999999999989 1600466332
0.13700000000000045 1600466332
0.09980000000000011 1600466332
0.09970000000000034 1600466332
0.0945999999999998 1600466332
0.09469999999999956 1600466332
0.12549999999999883 1600466332
0.1255000000000006 1600466332
0.13149999999999906 1600466332
0.13140000000000107 1600466332
0.12330000000000041 1600466332
0.12330000000000041 1600466332
0.13809999999999967 1600466332
0.13809999999999967 1600466332
0.142199999999999 1600466332
0.14220000000000077 1600466332
0.3736999999999995 1600466332
0.373800000000001 1600466332
0.4732000000000003 1600466332
0.4731000000000005 1600466332
0.14320000000000022 1600466332
0.14320000000000022 1600466332
0.16920000000000002 1600466332
0.16920000000000002 1600466332
0.5502000000000002 1600466332
0.5502000000000002 1600466332
0.12560000000000038 1600466332
0.12570000000000014 1600466332
0.18350000000000044 1600466332
0.1833999999999989 1600466332
0.1368999999999989 1600466332
0.13699999999999868 1600466332
0.8979000000000008 1600466332
0.8979000000000008 1600466332
0.9876000000000005 1600466332
0.9876000000000005 1600466332
0.12180000000000035 1600466332
0.12180000000000035 1600466332
0.48709999999999987 1600466332
0.48550000000000004 1600466332
0.10040000000000049 1600466332
0.10039999999999871 1600466332
0.49569999999999936 1600466332
0.49579999999999913 1600466332
0.12899999999999956 1600466332
0.12899999999999956 1600466332
0.0862999999999996 1600466332
0.0862999999999996 1600466332
0.1095000000000006 1600466332
0.1095000000000006 1600466332
0.10199999999999854 1600466332
0.10210000000000008 1600466332
0.3182000000000009 1600466332
0.3182000000000009 1600466332
0.09399999999999942 1600466332
0.09399999999999942 1600466332
0.2972999999999999 1600466332
0.2972999999999999 1600466332
0.1385000000000005 1600466332
0.1385000000000005 1600466332
0.15380000000000038 1600466332
0.15380000000000038 1600466332
0.5784000000000002 1600466332
0.5784000000000002 1600466332
0.12199999999999989 1600466332
0.12199999999999989 1600466332
0.5475000000000012 1600466332
0.5475000000000012 1600466332
0.5941000000000001 1600466332
0.5941000000000001 1600466332
0.1034999999999986 1600466332
0.1034000000000006 1600466332
0.1402000000000001 1600466332
0.1402000000000001 1600466332
0.41220000000000034 1600466332
0.4120999999999988 1600466332
0.10180000000000078 1600466332
0.10170000000000101 1600466332
0.11099999999999888 1600466332
0.11099999999999888 1600466332
0.10999999999999943 1600466332
0.10999999999999943 1600466332
0.11709999999999887 1600466332
0.11720000000000041 1600466332
0.09609999999999985 1600466332
0.09629999999999939 1600466332
0.07789999999999964 1600466332
0.07779999999999987 1600466332
0.13070000000000093 1600466332
0.13079999999999892 1600466332
0.10379999999999967 1600466332
0.10379999999999967 1600466332
0.1257999999999999 1600466332
0.12589999999999968 1600466332
0.12429999999999986 1600466332
0.12429999999999986 1600466332
0.3144999999999989 1600466332
0.3144999999999989 1600466332
0.14800000000000146 1600466332
0.1479999999999997 1600466332
0.16249999999999964 1600466332
0.16249999999999964 1600466332
0.11949999999999861 1600466332
0.11969999999999992 1600466332
0.16220000000000034 1600466332
0.1623000000000001 1600466332
1.0694000000000008 1600466332
1.0692999999999993 1600466332
0.14170000000000016 1600466332
0.14170000000000016 1600466332
0.8712 1600466332
0.8712 1600466332
0.19589999999999996 1600466332
0.19589999999999996 1600466332
0.18539999999999957 1600466332
0.18539999999999957 1600466332
0.486699999999999 1600466332
0.4784000000000006 1600466332
0.6706000000000003 1600466332
0.6706000000000003 1600466332
0.9104000000000001 1600466332
0.9103999999999992 1600466332
0.6183000000000005 1600466332
0.6182999999999996 1600466332
0.5449000000000002 1600466332
0.5449999999999999 1600466332
0.15310000000000024 1600466332
0.1532 1600466332
1.3444000000000003 1600466332
1.3444000000000003 1600466332
0.12149999999999928 1600466332
0.12149999999999928 1600466332
0.1181000000000001 1600466332
0.1181000000000001 1600466332
0.136000000000001 1600466332
0.136000000000001 1600466332
0.5455999999999985 1600466332
0.5456000000000003 1600466332
0.11219999999999963 1600466332
0.11219999999999963 1600466332
0.5888000000000009 1600466332
0.5888000000000009 1600466332
1.4507000000000003 1600466332
1.4505999999999997 1600466332
0.14749999999999908 1600466332
0.14749999999999908 1600466332
0.16890000000000072 1600466332
0.16889999999999894 1600466332
0.1311 1600466332
0.1311 1600466332
0.14559999999999995 1600466332
0.14559999999999995 1600466332
0.10869999999999891 1600466332
0.10860000000000092 1600466332
0.3971999999999998 1600466332
0.3971999999999998 1600466332
0.0727000000000011 1600466332
0.07259999999999955 1600466332
0.16509999999999891 1600466332
0.16509999999999891 1600466332
0.11159999999999926 1600466332
0.11159999999999926 1600466332
0.13599999999999923 1600466332
0.13599999999999923 1600466332
0.2790999999999997 1600466332
0.279300000000001 1600466332
0.07569999999999943 1600466332
0.07569999999999943 1600466332
0.4598999999999993 1600466332
0.4598999999999993 1600466332
0.09299999999999997 1600466332
0.09309999999999974 1600466332
0.18369999999999997 1600466332
0.18369999999999997 1600466332
0.09379999999999988 1600466332
0.09379999999999988 1600466332
0.7832999999999997 1600466332
0.7832999999999997 1600466332
0.27330000000000076 1600466332
0.27330000000000076 1600466332
0.12650000000000006 1600466332
0.12650000000000006 1600466332
0.3138000000000005 1600466332
0.3138000000000005 1600466332
0.09249999999999936 1600466332
0.09259999999999913 1600466332
0.5693000000000001 1600466332
0.5691999999999995 1600466332
0.9879999999999995 1600466332
0.9879999999999995 1600466332
0.4272 1600466332
0.4272 1600466332
0.11300000000000132 1600466332
0.11289999999999978 1600466332
0.12950000000000017 1600466332
0.12950000000000017 1600466332
0.10020000000000095 1600466332
0.10009999999999941 1600466332
0.22690000000000055 1600466332
0.22690000000000055 1600466332
0.8346 1600466332
0.8346 1600466332
0.125 1600466332
0.125 1600466332
0.31489999999999974 1600466332
0.31489999999999974 1600466332
0.6533999999999995 1600466332
0.6533999999999995 1600466332
