0.46490000000000004 1600459628
0.4554 1600459628
0.43639999999999995 1600459628
0.444 1600459628
0.4646 1600459628
0.3798 1600459628
0.46480000000000005 1600459628
0.45170000000000005 1600459628
0.3163 1600459628
0.3879 1600459628
0.3678 1600459628
0.35040000000000004 1600459628
0.4429 1600459628
0.44530000000000003 1600459628
0.4652 1600459628
0.4388 1600459628
0.43189999999999995 1600459628
0.4546 1600459628
0.33230000000000004 1600459628
0.44470000000000004 1600459628
0.3967 1600459628
0.454 1600459628
0.385 1600459628
0.46140000000000003 1600459628
0.46440000000000003 1600459628
0.402 1600459628
0.4127 1600459628
0.4534 1600459628
0.4469 1600459628
0.4651 1600459628
0.4378 1600459628
0.44720000000000004 1600459628
0.43620000000000003 1600459628
0.42060000000000003 1600459628
0.4652 1600459628
0.43570000000000003 1600459628
0.45 1600459628
0.451 1600459628
0.3748 1600459628
0.4424 1600459628
0.38320000000000004 1600459628
0.3765 1600459628
0.37170000000000003 1600459628
0.3839 1600459628
0.3995 1600459628
0.4002 1600459628
0.3624 1600459628
0.4203 1600459628
0.318 1600459628
0.3302 1600459628
0.3932 1600459628
0.37289999999999995 1600459628
0.3292 1600459628
0.3668 1600459628
0.36450000000000005 1600459628
0.3755 1600459628
0.3159 1600459628
0.365 1600459628
0.3956 1600459628
0.32370000000000004 1600459628
0.42350000000000004 1600459628
0.34540000000000004 1600459628
0.37220000000000003 1600459628
0.29750000000000004 1600459628
0.4189 1600459628
0.4344 1600459628
0.40950000000000003 1600459628
0.3085 1600459628
0.4102 1600459628
0.4607 1600459628
0.34790000000000004 1600459628
0.4258 1600459628
0.34240000000000004 1600459628
0.41290000000000004 1600459628
0.46430000000000005 1600459628
0.43920000000000003 1600459628
0.4252 1600459628
0.3039 1600459628
0.391 1600459628
0.3447 1600459628
0.4363 1600459628
0.4081 1600459628
0.3582 1600459628
0.30150000000000005 1600459628
0.3985 1600459628
0.30110000000000003 1600459628
0.3048 1600459628
0.3884 1600459628
0.45280000000000004 1600459628
0.3935 1600459628
0.37560000000000004 1600459628
0.32420000000000004 1600459628
0.3937 1600459628
0.3365 1600459628
0.3512 1600459628
0.4592 1600459628
0.3162 1600459628
0.3608 1600459628
0.3569 1600459628
0.3836 1600459628
0.41150000000000003 1600459628
0.442 1600459628
0.4415 1600459628
0.33940000000000003 1600459628
0.4353 1600459628
0.4148 1600459628
0.38370000000000004 1600459628
0.4151 1600459628
0.3796 1600459628
0.3952 1600459628
0.33440000000000003 1600459628
0.4431 1600459628
0.41440000000000005 1600459628
0.4652 1600459628
0.41190000000000004 1600459628
0.45120000000000005 1600459628
0.3603 1600459628
0.339 1600459628
0.4604 1600459628
0.3627 1600459628
0.4244 1600459628
0.4219 1600459628
0.31970000000000004 1600459628
0.4285 1600459628
0.4297 1600459628
0.4272 1600459628
0.2976 1600459628
0.4273 1600459628
0.43220000000000003 1600459628
0.45690000000000003 1600459628
0.37720000000000004 1600459628
0.3184 1600459628
0.45080000000000003 1600459628
0.45220000000000005 1600459628
0.3161 1600459628
0.44830000000000003 1600459628
0.4537 1600459628
0.3285 1600459628
0.429 1600459628
0.3511 1600459628
0.3022 1600459628
0.4475 1600459628
0.3156 1600459628
0.4204 1600459628
0.3785 1600459628
0.3905 1600459628
0.4466 1600459628
0.45940000000000003 1600459628
0.34490000000000004 1600459628
0.39180000000000004 1600459628
0.4521 1600459628
0.4401 1600459628
0.43310000000000004 1600459628
0.322 1600459628
0.43820000000000003 1600459628
0.3531 1600459628
0.4118 1600459628
0.44620000000000004 1600459628
0.32730000000000004 1600459628
0.4239 1600459628
0.38270000000000004 1600459628
0.4288 1600459628
0.36310000000000003 1600459628
0.4117 1600459628
0.39330000000000004 1600459628
0.4063 1600459628
0.4156 1600459628
0.388 1600459628
0.3904 1600459628
0.2984 1600459628
0.4174 1600459628
0.4187 1600459628
0.35960000000000003 1600459628
0.3483 1600459628
0.46509999999999996 1600459628
0.4312 1600459628
0.4096 1600459628
0.4434 1600459628
0.4373 1600459628
0.46480000000000005 1600459628
0.37210000000000004 1600459628
0.4499 1600459628
0.41100000000000003 1600459628
0.46430000000000005 1600459628
0.3366 1600459628
0.32880000000000004 1600459628
0.3991 1600459628
0.3305 1600459628
0.3916 1600459628
0.43560000000000004 1600459628
0.38 1600459628
0.39830000000000004 1600459628
0.46030000000000004 1600459628
0.36350000000000005 1600459628
0.32 1600459628
0.4363 1600459628
0.46040000000000003 1600459628
0.46440000000000003 1600459628
0.3159 1600459628
0.46030000000000004 1600459628
0.42250000000000004 1600459628
0.3657 1600459628
0.3341 1600459628
0.3341 1600459628
0.3861 1600459628
0.41100000000000003 1600459628
0.4006 1600459628
0.31670000000000004 1600459628
0.4605 1600459628
0.3831 1600459628
0.3609 1600459628
0.3685 1600459628
0.32170000000000004 1600459628
0.3304 1600459628
0.4042 1600459628
0.3068 1600459628
0.3884 1600459628
0.4283 1600459628
0.3694 1600459628
0.3477 1600459628
0.3897 1600459628
0.46 1600459628
0.3512 1600459628
0.374 1600459628
0.4262 1600459628
0.3778 1600459628
0.4257 1600459628
0.4374 1600459628
0.4299 1600459628
0.38720000000000004 1600459628
0.41400000000000003 1600459628
0.3669 1600459628
0.309 1600459628
0.40740000000000004 1600459628
0.30710000000000004 1600459628
0.3165 1600459628
0.45020000000000004 1600459628
0.36050000000000004 1600459628
0.44730000000000003 1600459628
0.3204 1600459628
0.32180000000000003 1600459628
0.35200000000000004 1600459628
0.3169 1600459628
0.4653 1600459628
0.38720000000000004 1600459628
0.3331 1600459628
0.4651 1600459628
0.3294 1600459628
0.3554 1600459628
0.39630000000000004 1600459628
0.3164 1600459628
0.46040000000000003 1600459628
0.365 1600459628
0.4207 1600459628
0.3801 1600459628
0.3642 1600459628
0.4299 1600459628
0.42410000000000003 1600459628
0.35810000000000003 1600459628
0.4151 1600459628
0.38920000000000005 1600459628
0.4646 1600459628
0.39940000000000003 1600459628
0.37470000000000003 1600459628
0.455 1600459628
0.4268 1600459628
0.39590000000000003 1600459628
0.3663 1600459628
0.38770000000000004 1600459628
0.3302 1600459628
0.33130000000000004 1600459628
0.32980000000000004 1600459628
0.4045 1600459628
0.4223 1600459628
0.32780000000000004 1600459628
0.382 1600459628
0.29750000000000004 1600459628
0.2994 1600459628
0.29900000000000004 1600459628
0.3169 1600459628
0.444 1600459628
0.3889 1600459628
0.33540000000000003 1600459628
0.34340000000000004 1600459628
0.44770000000000004 1600459628
0.34390000000000004 1600459628
0.39780000000000004 1600459628
0.4408 1600459628
0.4319 1600459628
0.37260000000000004 1600459628
0.45980000000000004 1600459628
0.2957 1600459628
0.46430000000000005 1600459628
0.374 1600459628
0.4282 1600459628
0.4571 1600459628
0.4293 1600459628
0.33540000000000003 1600459628
0.4194 1600459628
0.31570000000000004 1600459628
0.371 1600459628
0.3663 1600459628
0.3694 1600459628
0.4042 1600459628
0.32670000000000005 1600459628
0.3261 1600459628
0.3294 1600459628
0.4055 1600459628
0.4602 1600459628
0.4606 1600459628
0.31570000000000004 1600459628
0.3578 1600459628
0.3637 1600459628
0.4469 1600459628
0.3648 1600459628
0.40840000000000004 1600459628
0.328 1600459628
0.3159 1600459628
0.367 1600459628
0.3161 1600459628
0.3648 1600459628
0.44920000000000004 1600459628
0.45070000000000005 1600459628
0.43270000000000003 1600459628
0.35910000000000003 1600459628
0.3551 1600459628
0.38880000000000003 1600459628
0.4365 1600459628
0.38120000000000004 1600459628
0.31970000000000004 1600459628
0.3396 1600459628
0.4166 1600459628
0.4541 1600459628
0.3356 1600459628
0.4585 1600459628
0.3734 1600459628
0.31620000000000004 1600459628
0.46490000000000004 1600459628
0.3588 1600459628
0.31599999999999995 1600459628
0.3341 1600459628
0.46090000000000003 1600459628
0.43870000000000003 1600459628
0.38580000000000003 1600459628
0.3411 1600459628
0.3694 1600459628
0.4522 1600459628
0.3956 1600459628
0.4143 1600459628
0.3372 1600459628
0.3234 1600459628
0.34540000000000004 1600459628
0.4278 1600459628
0.4647 1600459628
0.44780000000000003 1600459628
0.4495 1600459628
0.43770000000000003 1600459628
0.46480000000000005 1600459628
0.3058 1600459628
0.40190000000000003 1600459628
0.4647 1600459628
0.31980000000000003 1600459628
0.46499999999999997 1600459628
0.39540000000000003 1600459628
0.36060000000000003 1600459628
0.3115 1600459628
0.3609 1600459628
0.3895 1600459628
0.3608 1600459628
0.3634 1600459628
0.3937 1600459628
0.4348 1600459628
0.3866 1600459628
0.30920000000000003 1600459628
0.43820000000000003 1600459628
0.3764 1600459628
0.4309 1600459628
0.4197 1600459628
0.3372 1600459628
0.4089 1600459628
0.45990000000000003 1600459628
0.371 1600459628
0.39990000000000003 1600459628
0.3171 1600459628
0.3639 1600459628
0.4646 1600459628
0.4386 1600459628
0.4456 1600459628
0.4395 1600459628
0.3226 1600459628
0.37870000000000004 1600459628
0.46 1600459628
0.3562 1600459628
0.42810000000000004 1600459628
0.39540000000000003 1600459628
0.4279 1600459628
0.44430000000000003 1600459628
0.3413 1600459628
0.39130000000000004 1600459628
0.4136 1600459628
0.3189 1600459628
0.4455 1600459628
0.38920000000000005 1600459628
0.44470000000000004 1600459628
0.40690000000000004 1600459628
0.45430000000000004 1600459628
0.43620000000000003 1600459628
0.4167 1600459628
0.4536 1600459628
0.3169 1600459628
0.3649 1600459628
0.3009 1600459628
0.39740000000000003 1600459628
0.3538 1600459628
0.4606 1600459628
0.3084 1600459628
0.461 1600459628
0.3457 1600459628
0.45259999999999995 1600459628
0.3297 1600459628
0.341 1600459628
0.4375 1600459628
0.4234 1600459628
0.3347 1600459628
0.3004 1600459628
0.4238 1600459628
0.3996 1600459628
0.32980000000000004 1600459628
0.39690000000000003 1600459628
0.3783 1600459628
0.3775 1600459628
0.3485 1600459628
0.3529 1600459628
0.4047 1600459628
0.42210000000000003 1600459628
0.3528 1600459628
0.4597 1600459628
0.41900000000000004 1600459628
0.3946 1600459628
0.4531 1600459628
0.46480000000000005 1600459628
0.4339 1600459628
0.3926 1600459628
0.3744 1600459628
0.4404 1600459628
0.4605 1600459628
0.3161 1600459628
0.40790000000000004 1600459628
0.3037 1600459628
0.31670000000000004 1600459628
0.4416 1600459628
0.3433 1600459628
0.4373 1600459628
0.4647 1600459628
0.3886 1600459628
0.36920000000000003 1600459628
0.3516 1600459628
0.3309 1600459628
0.375 1600459628
0.41500000000000004 1600459628
0.33890000000000003 1600459628
0.3346 1600459628
0.35910000000000003 1600459628
0.4152 1600459628
0.3594 1600459628
0.3502 1600459628
0.3171 1600459628
0.45690000000000003 1600459628
0.4282 1600459628
0.4353 1600459628
0.33130000000000004 1600459628
0.4032 1600459628
0.3271 1600459628
0.4307 1600459628
0.4118 1600459628
0.3158 1600459628
0.4012 1600459628
0.3423 1600459628
0.4169 1600459628
0.4601 1600459628
0.4606 1600459628
0.3657 1600459628
0.44970000000000004 1600459628
0.3642 1600459628
0.2897 1600459628
0.3436 1600459628
0.40130000000000005 1600459628
0.35850000000000004 1600459628
0.4489 1600459628
0.30260000000000004 1600459628
0.3537 1600459628
0.4338 1600459628
0.43010000000000004 1600459628
0.46490000000000004 1600459628
0.41750000000000004 1600459628
0.4167 1600459628
0.41929999999999995 1600459628
0.2851 1600459628
0.3038 1600459628
0.3825 1600459628
0.392 1600459628
0.3997 1600459628
0.4597 1600459628
0.3534 1600459628
0.3236 1600459628
0.3109 1600459628
0.3874 1600459628
0.41090000000000004 1600459628
0.36860000000000004 1600459628
0.33680000000000004 1600459628
0.3161 1600459628
0.36300000000000004 1600459628
