25.3111 1600227534
23.9034 1600227534
24.9816 1600227534
26.1033 1600227534
20.6526 1600227534
19.2895 1600227534
22.9386 1600227534
25.0377 1600227534
22.9725 1600227534
26.0761 1600227534
24.1817 1600227534
22.9725 1600227534
19.334300000000002 1600227534
24.192 1600227534
25.3074 1600227534
25.7716 1600227534
20.0404 1600227534
25.3075 1600227534
26.0307 1600227534
26.098599999999998 1600227534
26.628600000000002 1600227534
20.235300000000002 1600227534
26.0988 1600227534
20.521700000000003 1600227534
20.6777 1600227534
24.1365 1600227534
25.195600000000002 1600227534
25.410500000000003 1600227534
18.6172 1600227534
26.076 1600227534
25.375700000000002 1600227534
21.8837 1600227534
22.8743 1600227534
23.254800000000003 1600227534
22.873800000000003 1600227534
24.447100000000002 1600227534
25.4294 1600227534
25.7721 1600227534
23.7974 1600227534
25.411 1600227534
25.772000000000002 1600227534
25.8594 1600227534
25.898200000000003 1600227534
20.488200000000003 1600227534
25.8628 1600227534
20.4879 1600227534
25.0314 1600227534
21.3415 1600227534
25.9354 1600227534
21.759600000000002 1600227534
26.9598 1600227534
21.8061 1600227534
21.996000000000002 1600227534
22.391000000000002 1600227534
22.3402 1600227534
21.7938 1600227534
22.169400000000003 1600227534
24.2571 1600227534
25.429000000000002 1600227534
18.904700000000002 1600227534
26.847 1600227534
22.3042 1600227534
23.7144 1600227534
25.568900000000003 1600227534
26.0301 1600227534
22.4069 1600227534
25.7237 1600227534
22.578 1600227534
21.3416 1600227534
23.561300000000003 1600227534
23.5457 1600227534
20.407400000000003 1600227534
25.569200000000002 1600227534
22.177699999999998 1600227534
25.709200000000003 1600227534
22.5778 1600227534
26.1858 1600227534
23.3943 1600227534
26.0072 1600227534
26.3945 1600227534
23.108 1600227534
29.0959 1600227534
25.1291 1600227534
29.7097 1600227534
29.855700000000002 1600227534
22.750500000000002 1600227534
17.1967 1600227534
25.6962 1600227534
28.102500000000003 1600227534
29.5856 1600227534
26.213 1600227534
23.69 1600227534
24.823600000000003 1600227534
25.881500000000003 1600227534
27.5852 1600227534
28.369600000000002 1600227534
19.7222 1600227534
27.5855 1600227534
28.3486 1600227534
21.5411 1600227534
28.8821 1600227534
26.0698 1600227534
20.9546 1600227534
22.226200000000002 1600227534
27.3246 1600227534
27.5855 1600227534
29.499200000000002 1600227534
27.9726 1600227534
29.070500000000003 1600227534
29.4462 1600227534
22.8462 1600227534
29.6706 1600227534
29.4464 1600227534
27.863400000000002 1600227534
27.5853 1600227534
28.6794 1600227534
29.1983 1600227534
20.926000000000002 1600227534
21.8087 1600227534
28.6793 1600227534
29.0704 1600227534
21.9131 1600227534
29.4188 1600227534
22.994300000000003 1600227534
26.0435 1600227534
23.701900000000002 1600227534
29.6261 1600227534
25.028100000000002 1600227534
18.9131 1600227534
22.8896 1600227534
0.7214 1600227534
24.8472 1600227534
26.2771 1600227534
28.9637 1600227534
20.9186 1600227534
23.153000000000002 1600227534
26.5191 1600227534
28.348100000000002 1600227534
26.2774 1600227534
28.681700000000003 1600227534
29.1982 1600227534
29.771700000000003 1600227534
23.0404 1600227534
29.1983 1600227534
23.6213 1600227534
28.8107 1600227534
25.5389 1600227534
26.7448 1600227534
29.3191 1600227534
23.6215 1600227534
19.838800000000003 1600227534
27.2479 1600227534
27.5199 1600227534
24.823700000000002 1600227534
27.3213 1600227534
28.421100000000003 1600227534
28.6843 1600227534
29.1981 1600227534
25.69 1600227534
20.207099999999997 1600227534
28.6845 1600227534
25.5939 1600227534
27.8574 1600227534
29.2607 1600227534
22.5515 1600227534
28.2676 1600227534
21.0801 1600227534
27.0322 1600227534
22.9737 1600227534
26.6304 1600227534
26.9757 1600227534
24.4055 1600227534
24.683400000000002 1600227534
25.892200000000003 1600227534
21.1905 1600227534
18.828100000000003 1600227534
26.627200000000002 1600227534
22.402 1600227534
24.6012 1600227534
25.288700000000002 1600227534
25.9995 1600227534
23.2969 1600227534
22.3861 1600227534
20.893900000000002 1600227534
22.8828 1600227534
21.500600000000002 1600227534
26.0754 1600227534
22.663 1600227534
26.626900000000003 1600227534
23.370800000000003 1600227534
22.1483 1600227534
24.9317 1600227534
24.9322 1600227534
23.394000000000002 1600227534
18.4486 1600227534
24.5435 1600227534
23.982400000000002 1600227534
25.1187 1600227534
23.9019 1600227534
19.564 1600227534
25.999000000000002 1600227534
22.2179 1600227534
23.7325 1600227534
25.5314 1600227534
25.999100000000002 1600227534
17.1749 1600227534
18.689400000000003 1600227534
26.1259 1600227534
25.847900000000003 1600227534
26.0748 1600227534
18.716900000000003 1600227534
26.053700000000003 1600227534
18.617 1600227534
21.6656 1600227534
22.2066 1600227534
25.848000000000003 1600227534
22.325300000000002 1600227534
25.3642 1600227534
19.232200000000002 1600227534
19.6888 1600227534
25.7056 1600227534
19.717100000000002 1600227534
21.241 1600227534
20.7378 1600227534
23.7342 1600227534
23.732300000000002 1600227534
25.5547 1600227534
24.904200000000003 1600227534
20.581300000000002 1600227534
25.859 1600227534
23.716 1600227534
26.3489 1600227534
23.5716 1600227534
25.875700000000002 1600227534
25.3613 1600227534
21.1097 1600227534
26.1946 1600227534
14.442 1600227534
25.0115 1600227534
19.717100000000002 1600227534
25.6565 1600227534
20.0161 1600227534
7.906799999999999 1600227534
21.3111 1600227534
25.2889 1600227534
20.7374 1600227534
22.2026 1600227534
19.8318 1600227534
20.893800000000002 1600227534
22.4391 1600227534
22.5697 1600227534
24.6565 1600227534
26.030700000000003 1600227534
20.9673 1600227534
28.5771 1600227534
29.7974 1600227534
22.9099 1600227534
25.053900000000002 1600227534
19.835800000000003 1600227534
28.8666 1600227534
23.7326 1600227534
25.053800000000003 1600227534
29.668999999999997 1600227534
27.7529 1600227534
25.2833 1600227534
26.8289 1600227534
28.4559 1600227534
29.2663 1600227534
29.5044 1600227534
29.7089 1600227534
23.1961 1600227534
25.89 1600227534
29.7087 1600227534
24.6307 1600227534
25.7621 1600227534
27.520100000000003 1600227534
28.1377 1600227534
27.189600000000002 1600227534
28.1023 1600227534
25.762 1600227534
10.341299999999999 1600227534
28.1353 1600227534
29.212200000000003 1600227534
18.6343 1600227534
25.6748 1600227534
29.105800000000002 1600227534
19.5106 1600227534
29.3637 1600227534
29.6694 1600227534
26.031000000000002 1600227534
29.8331 1600227534
28.534100000000002 1600227534
22.7803 1600227534
26.9735 1600227534
26.0313 1600227534
8.1231 1600227534
26.030900000000003 1600227534
12.462 1600227534
28.9651 1600227534
27.012600000000003 1600227534
29.1036 1600227534
29.6702 1600227534
22.910300000000003 1600227534
23.8069 1600227534
29.6143 1600227534
24.2725 1600227534
27.6754 1600227534
28.5771 1600227534
29.423 1600227534
19.442400000000003 1600227534
27.939700000000002 1600227534
20.8264 1600227534
28.963 1600227534
29.2661 1600227534
20.9542 1600227534
21.8392 1600227534
29.7419 1600227534
21.7884 1600227534
26.547600000000003 1600227534
22.399800000000003 1600227534
22.926 1600227534
27.9396 1600227534
26.031100000000002 1600227534
28.577 1600227534
28.9635 1600227534
22.909000000000002 1600227534
28.8671 1600227534
22.185100000000002 1600227534
22.9512 1600227534
22.943 1600227534
26.031000000000002 1600227534
17.1249 1600227534
24.813200000000002 1600227534
28.6228 1600227534
28.1353 1600227534
23.0883 1600227534
29.2667 1600227534
25.9385 1600227534
26.6648 1600227534
23.297600000000003 1600227534
25.2042 1600227534
23.287300000000002 1600227534
25.393 1600227534
23.3531 1600227534
25.2039 1600227534
25.7542 1600227534
26.974600000000002 1600227534
25.5871 1600227534
26.053 1600227534
26.087500000000002 1600227534
22.369 1600227534
20.692600000000002 1600227534
26.4908 1600227534
20.593600000000002 1600227534
22.2407 1600227534
23.4692 1600227534
24.0772 1600227534
26.433200000000003 1600227534
24.0773 1600227534
24.6798 1600227534
25.8495 1600227534
26.433200000000003 1600227534
26.936 1600227534
22.0916 1600227534
24.6798 1600227534
14.036499999999998 1600227534
24.6801 1600227534
20.7054 1600227534
22.3019 1600227534
22.271600000000003 1600227534
22.8825 1600227534
24.6008 1600227534
25.2088 1600227534
10.441 1600227534
13.3193 1600227534
25.1854 1600227534
25.953500000000002 1600227534
26.4907 1600227534
15.433599999999998 1600227534
26.9361 1600227534
16.910600000000002 1600227534
22.8823 1600227534
22.401600000000002 1600227534
20.5405 1600227534
21.4443 1600227534
22.5348 1600227534
24.742600000000003 1600227534
22.6247 1600227534
23.201 1600227534
25.968799999999998 1600227534
16.689 1600227534
24.6427 1600227534
25.4353 1600227534
25.4353 1600227534
18.5759 1600227534
25.5867 1600227534
22.0127 1600227534
24.679499999999997 1600227534
17.4454 1600227534
26.433300000000003 1600227534
25.020400000000002 1600227534
20.4871 1600227534
24.5472 1600227534
25.71 1600227534
24.2531 1600227534
25.495900000000002 1600227534
25.470399999999998 1600227534
17.7192 1600227534
25.410600000000002 1600227534
26.087500000000002 1600227534
20.1183 1600227534
20.4286 1600227534
21.9358 1600227534
23.052500000000002 1600227534
3.2525 1600227534
22.9171 1600227534
23.5715 1600227534
17.717100000000002 1600227534
25.0135 1600227534
24.4232 1600227534
23.6962 1600227534
24.191300000000002 1600227534
26.547700000000003 1600227534
23.9404 1600227534
28.919800000000002 1600227534
29.4378 1600227534
29.7266 1600227534
26.4543 1600227534
27.8885 1600227534
29.6884 1600227534
20.620800000000003 1600227534
28.464000000000002 1600227534
16.518 1600227534
29.628400000000003 1600227534
23.985100000000003 1600227534
20.208000000000002 1600227534
7.1095 1600227534
23.9154 1600227534
25.1402 1600227534
25.404 1600227534
26.6658 1600227534
28.4624 1600227534
28.4512 1600227534
26.547800000000002 1600227534
19.913800000000002 1600227534
22.918200000000002 1600227534
28.6807 1600227534
25.2166 1600227534
28.582900000000002 1600227534
29.5328 1600227534
15.207 1600227534
26.345000000000002 1600227534
25.0364 1600227534
29.5329 1600227534
27.5074 1600227534
25.6495 1600227534
28.105 1600227534
26.1723 1600227534
27.628800000000002 1600227534
29.246100000000002 1600227534
23.0104 1600227534
18.326900000000002 1600227534
26.8044 1600227534
29.0439 1600227534
24.7128 1600227534
28.105 1600227534
28.4817 1600227534
24.4934 1600227534
29.2927 1600227534
24.357400000000002 1600227534
29.396800000000002 1600227534
17.5238 1600227534
29.6874 1600227534
25.1953 1600227534
25.2881 1600227534
26.454500000000003 1600227534
16.860300000000002 1600227534
19.9238 1600227534
27.489900000000002 1600227534
20.206300000000002 1600227534
28.4377 1600227534
28.9239 1600227534
28.4111 1600227534
19.9112 1600227534
29.444000000000003 1600227534
28.683400000000002 1600227534
24.697300000000002 1600227534
27.6121 1600227534
28.4375 1600227534
28.919800000000002 1600227534
20.6214 1600227534
28.437399999999997 1600227534
22.9112 1600227534
29.122300000000003 1600227534
25.031200000000002 1600227534
26.374000000000002 1600227534
21.8687 1600227534
28.463800000000003 1600227534
26.3674 1600227534
28.9631 1600227534
29.396900000000002 1600227534
23.3821 1600227534
27.4266 1600227534
29.0668 1600227534
27.7526 1600227534
25.031100000000002 1600227534
28.8651 1600227534
29.293200000000002 1600227534
27.9224 1600227534
26.9371 1600227534
26.0882 1600227534
18.5412 1600227534
