0.3970999999999999 1600225036
0.4084 1600225036
0.45919999999999994 1600225036
0.3922 1600225036
0.47650000000000003 1600225036
0.47040000000000004 1600225036
0.47650000000000003 1600225036
0.45919999999999994 1600225036
0.49819999999999987 1600225036
0.4636999999999999 1600225036
0.43489999999999995 1600225036
0.48349999999999993 1600225036
0.42380000000000007 1600225036
0.43889999999999996 1600225036
0.5907999999999999 1600225036
0.3968999999999999 1600225036
0.46929999999999994 1600225036
0.4827 1600225036
0.3983 1600225036
0.47519999999999996 1600225036
0.48440000000000005 1600225036
0.48219999999999985 1600225036
0.46840000000000004 1600225036
0.4738999999999999 1600225036
0.5826999999999999 1600225036
0.5808999999999999 1600225036
0.4836999999999999 1600225036
0.3923 1600225036
0.49850000000000005 1600225036
0.40790000000000004 1600225036
0.43709999999999993 1600225036
0.5245999999999998 1600225036
0.5914 1600225036
0.44389999999999985 1600225036
0.40800000000000003 1600225036
0.48040000000000005 1600225036
0.45020000000000004 1600225036
0.37649999999999995 1600225036
0.46939999999999993 1600225036
0.48240000000000005 1600225036
0.5933 1600225036
0.44489999999999996 1600225036
0.3968999999999999 1600225036
0.44179999999999986 1600225036
0.5937 1600225036
0.47409999999999985 1600225036
0.42279999999999995 1600225036
0.4919999999999999 1600225036
0.48349999999999993 1600225036
0.48339999999999994 1600225036
0.5241999999999999 1600225036
0.39790000000000003 1600225036
0.48430000000000006 1600225036
0.404 1600225036
0.3982 1600225036
0.4456999999999999 1600225036
0.4092999999999999 1600225036
0.48329999999999995 1600225036
0.4474999999999999 1600225036
0.592 1600225036
0.5815 1600225036
0.40190000000000003 1600225036
0.45699999999999996 1600225036
0.5245999999999998 1600225036
0.40160000000000007 1600225036
0.5931000000000001 1600225036
0.4714999999999999 1600225036
0.45640000000000003 1600225036
0.4835999999999999 1600225036
0.5744999999999999 1600225036
0.4688 1600225036
0.48460000000000003 1600225036
0.48050000000000004 1600225036
0.42369999999999985 1600225036
0.47409999999999985 1600225036
0.48409999999999986 1600225036
0.5248 1600225036
0.4589 1600225036
0.5933 1600225036
0.47119999999999995 1600225036
0.4252999999999999 1600225036
0.45830000000000004 1600225036
0.5901 1600225036
0.48219999999999985 1600225036
0.4715999999999999 1600225036
0.45319999999999994 1600225036
0.48339999999999994 1600225036
0.5924999999999999 1600225036
0.5926999999999999 1600225036
0.48040000000000005 1600225036
0.5248 1600225036
0.49870000000000003 1600225036
0.43279999999999996 1600225036
0.40390000000000004 1600225036
0.4980999999999999 1600225036
0.40339999999999987 1600225036
0.5244999999999999 1600225036
0.4709 1600225036
0.4548 1600225036
0.3992999999999999 1600225036
0.47019999999999984 1600225036
0.4225 1600225036
0.47399999999999987 1600225036
0.40780000000000005 1600225036
0.42379999999999984 1600225036
0.42269999999999996 1600225036
0.42210000000000003 1600225036
0.48409999999999986 1600225036
0.4836999999999999 1600225036
0.4225 1600225036
0.47030000000000005 1600225036
0.4749 1600225036
0.5802999999999999 1600225036
0.40190000000000003 1600225036
0.47040000000000004 1600225036
0.4575999999999999 1600225036
0.5260999999999999 1600225036
0.46809999999999985 1600225036
0.4915999999999999 1600225036
0.4629 1600225036
0.5808999999999999 1600225036
0.4746 1600225036
0.42359999999999987 1600225036
0.4839999999999999 1600225036
0.48250000000000004 1600225036
0.5217999999999999 1600225036
0.4454999999999999 1600225036
0.4809 1600225036
0.46820000000000006 1600225036
0.44499999999999995 1600225036
0.4726 1600225036
0.5082999999999999 1600225036
0.45210000000000006 1600225036
0.4685 1600225036
0.5408000000000001 1600225036
0.4807 1600225036
0.4625 1600225036
0.38239999999999996 1600225036
0.4918999999999999 1600225036
0.5644999999999999 1600225036
0.4829 1600225036
0.4748 1600225036
0.45289999999999997 1600225036
0.44589999999999985 1600225036
0.45610000000000006 1600225036
0.5662999999999999 1600225036
0.4566 1600225036
0.5255 1600225036
0.45230000000000004 1600225036
0.4749 1600225036
0.4789 1600225036
0.4141 1600225036
0.48419999999999985 1600225036
0.5052 1600225036
0.47599999999999987 1600225036
0.5905999999999999 1600225036
0.4230999999999999 1600225036
0.47319999999999995 1600225036
0.5560999999999999 1600225036
0.47399999999999987 1600225036
0.4685 1600225036
0.4528 1600225036
0.4748 1600225036
0.5063999999999999 1600225036
0.47020000000000006 1600225036
0.43699999999999994 1600225036
0.47619999999999985 1600225036
0.5249 1600225036
0.40170000000000006 1600225036
0.39939999999999987 1600225036
0.47619999999999985 1600225036
0.48250000000000004 1600225036
0.48419999999999985 1600225036
0.47529999999999994 1600225036
0.4374999999999999 1600225036
0.4588 1600225036
0.47650000000000003 1600225036
0.3921 1600225036
0.43820000000000003 1600225036
0.39790000000000003 1600225036
0.47609999999999986 1600225036
0.4746 1600225036
0.47430000000000005 1600225036
0.48419999999999985 1600225036
0.47450000000000003 1600225036
0.49929999999999997 1600225036
0.4052999999999999 1600225036
0.47119999999999995 1600225036
0.5814 1600225036
0.3990999999999999 1600225036
0.3923 1600225036
0.43789999999999984 1600225036
0.48419999999999985 1600225036
0.566 1600225036
0.47030000000000005 1600225036
0.39259999999999995 1600225036
0.5555 1600225036
0.5242999999999999 1600225036
0.4836999999999999 1600225036
0.592 1600225036
0.5640999999999999 1600225036
0.39879999999999993 1600225036
0.5251 1600225036
0.4569 1600225036
0.47109999999999996 1600225036
0.5161999999999999 1600225036
0.5812 1600225036
0.4011999999999999 1600225036
0.46919999999999995 1600225036
0.47440000000000004 1600225036
0.4709 1600225036
0.47519999999999996 1600225036
0.5246000000000001 1600225036
0.5248 1600225036
0.40669999999999995 1600225036
0.48139999999999994 1600225036
0.5561999999999999 1600225036
0.4837999999999999 1600225036
0.46820000000000006 1600225036
0.4838999999999999 1600225036
0.5926999999999999 1600225036
0.47519999999999996 1600225036
0.36939999999999984 1600225036
0.42610000000000003 1600225036
0.4972 1600225036
0.48419999999999985 1600225036
0.39859999999999995 1600225036
0.39259999999999995 1600225036
0.42990000000000006 1600225036
0.5937 1600225036
0.4688 1600225036
0.483 1600225036
0.4493999999999999 1600225036
0.5807999999999999 1600225036
0.48349999999999993 1600225036
0.5567999999999999 1600225036
0.49019999999999986 1600225036
0.5830999999999998 1600225036
0.48349999999999993 1600225036
0.3984 1600225036
0.48129999999999995 1600225036
0.4575999999999999 1600225036
0.49929999999999997 1600225036
0.5563999999999999 1600225036
0.40759999999999985 1600225036
0.5935 1600225036
0.47650000000000003 1600225036
0.48460000000000003 1600225036
0.48250000000000004 1600225036
0.40159999999999985 1600225036
0.39770000000000005 1600225036
0.49839999999999984 1600225036
0.4568 1600225036
0.49850000000000005 1600225036
0.4466 1600225036
0.46939999999999993 1600225036
0.4372999999999999 1600225036
0.4816999999999999 1600225036
0.4992 1600225036
0.39939999999999987 1600225036
0.47630000000000006 1600225036
0.42390000000000005 1600225036
0.5912000000000001 1600225036
0.4708 1600225036
0.5945999999999999 1600225036
0.47650000000000003 1600225036
0.475 1600225036
0.5802999999999999 1600225036
0.41390000000000005 1600225036
0.5055 1600225036
0.4754999999999999 1600225036
0.44210000000000005 1600225036
0.47450000000000003 1600225036
0.47399999999999987 1600225036
0.47430000000000005 1600225036
0.5909999999999999 1600225036
0.5713 1600225036
0.47430000000000005 1600225036
0.4446 1600225036
0.5912000000000001 1600225036
0.5055999999999999 1600225036
0.4896999999999999 1600225036
0.49850000000000005 1600225036
0.45289999999999997 1600225036
0.5244999999999999 1600225036
0.43369999999999986 1600225036
0.5912000000000001 1600225036
0.5936 1600225036
0.45499999999999996 1600225036
0.47020000000000006 1600225036
0.4685 1600225036
0.4819999999999999 1600225036
0.5076999999999999 1600225036
0.48450000000000004 1600225036
0.4326 1600225036
0.5909999999999999 1600225036
0.43220000000000003 1600225036
0.4516999999999999 1600225036
0.42299999999999993 1600225036
0.475 1600225036
0.4708 1600225036
0.4332999999999999 1600225036
0.47109999999999996 1600225036
0.4464 1600225036
0.46309999999999996 1600225036
0.475 1600225036
0.5234 1600225036
0.39180000000000004 1600225036
0.4535999999999999 1600225036
0.4836999999999999 1600225036
0.49040000000000006 1600225036
0.5244999999999999 1600225036
0.4688 1600225036
0.47630000000000006 1600225036
0.47109999999999996 1600225036
0.4465 1600225036
0.4625 1600225036
0.4837999999999999 1600225036
0.594 1600225036
0.475 1600225036
0.42269999999999996 1600225036
0.47450000000000003 1600225036
0.49929999999999997 1600225036
0.42359999999999987 1600225036
0.4697999999999999 1600225036
0.4898999999999999 1600225036
0.392 1600225036
0.47040000000000004 1600225036
0.41390000000000005 1600225036
0.5556 1600225036
0.48119999999999996 1600225036
0.3971999999999999 1600225036
0.42380000000000007 1600225036
0.48440000000000005 1600225036
0.5814 1600225036
0.4816999999999999 1600225036
0.39239999999999997 1600225036
0.5802999999999999 1600225036
0.49019999999999986 1600225036
0.47009999999999985 1600225036
0.44509999999999994 1600225036
0.47050000000000003 1600225036
0.5928999999999999 1600225036
0.4467 1600225036
0.49619999999999986 1600225036
0.5921 1600225036
0.48419999999999985 1600225036
0.39739999999999986 1600225036
0.5932000000000001 1600225036
0.4081 1600225036
0.3971999999999999 1600225036
0.4466 1600225036
0.4043 1600225036
0.5256 1600225036
0.5645999999999999 1600225036
0.47809999999999986 1600225036
0.392 1600225036
0.5238999999999999 1600225036
0.5459999999999999 1600225036
0.4569 1600225036
0.47050000000000003 1600225036
0.47620000000000007 1600225036
0.47539999999999993 1600225036
0.40339999999999987 1600225036
0.42580000000000007 1600225036
0.5934 1600225036
0.4696999999999999 1600225036
0.5556 1600225036
0.44589999999999985 1600225036
0.4809 1600225036
0.4452999999999999 1600225036
0.45379999999999987 1600225036
0.47620000000000007 1600225036
0.4029999999999999 1600225036
0.49209999999999987 1600225036
0.48460000000000003 1600225036
0.4527 1600225036
0.5814 1600225036
0.4746 1600225036
0.5552 1600225036
0.39239999999999997 1600225036
0.42369999999999985 1600225036
0.4916999999999999 1600225036
0.48419999999999985 1600225036
0.46999999999999986 1600225036
0.48329999999999995 1600225036
0.4689 1600225036
0.5926999999999999 1600225036
0.4817999999999999 1600225036
0.45640000000000003 1600225036
0.4527 1600225036
0.48229999999999984 1600225036
0.4654999999999999 1600225036
0.4807 1600225036
0.48230000000000006 1600225036
0.5816 1600225036
0.4714999999999999 1600225036
0.48240000000000005 1600225036
0.45289999999999997 1600225036
0.48429999999999984 1600225036
0.4836999999999999 1600225036
0.39239999999999997 1600225036
0.4960999999999999 1600225036
0.49839999999999984 1600225036
0.47440000000000004 1600225036
0.48409999999999986 1600225036
0.48409999999999986 1600225036
0.49860000000000004 1600225036
0.47609999999999986 1600225036
0.41390000000000005 1600225036
0.4738999999999999 1600225036
0.48409999999999986 1600225036
0.47539999999999993 1600225036
0.4749 1600225036
0.49850000000000005 1600225036
0.47650000000000003 1600225036
0.5062999999999999 1600225036
0.47409999999999985 1600225036
0.40590000000000004 1600225036
0.5637 1600225036
0.40449999999999997 1600225036
0.4589 1600225036
0.44600000000000006 1600225036
0.5812 1600225036
0.4374999999999999 1600225036
0.42969999999999986 1600225036
0.4992 1600225036
0.4225 1600225036
0.473 1600225036
0.4837999999999999 1600225036
0.3949999999999999 1600225036
0.5914 1600225036
0.5056999999999999 1600225036
0.47430000000000005 1600225036
0.5555 1600225036
0.5805999999999999 1600225036
0.47119999999999995 1600225036
0.40449999999999997 1600225036
0.49819999999999987 1600225036
0.44610000000000005 1600225036
0.48819999999999986 1600225036
0.44579999999999986 1600225036
0.5249 1600225036
0.3822 1600225036
0.5930999999999998 1600225036
0.5052 1600225036
0.475 1600225036
0.40180000000000005 1600225036
0.4746 1600225036
0.4828 1600225036
0.47509999999999997 1600225036
0.4347 1600225036
0.46919999999999995 1600225036
0.39859999999999995 1600225036
0.3758 1600225036
0.4808 1600225036
0.43279999999999996 1600225036
0.4696999999999999 1600225036
0.46939999999999993 1600225036
0.4754999999999999 1600225036
0.5641999999999999 1600225036
0.46909999999999996 1600225036
0.5936 1600225036
0.47529999999999994 1600225036
0.4827 1600225036
0.5821999999999999 1600225036
0.5245999999999998 1600225036
0.45909999999999995 1600225036
0.4839999999999999 1600225036
0.5651 1600225036
0.4828 1600225036
0.5773 1600225036
0.4528 1600225036
0.3686999999999999 1600225036
0.48149999999999993 1600225036
0.47129999999999994 1600225036
0.4747 1600225036
0.49870000000000003 1600225036
0.4694999999999999 1600225036
0.5932000000000001 1600225036
0.4686 1600225036
0.47020000000000006 1600225036
0.4696999999999999 1600225036
0.4698999999999999 1600225036
0.45909999999999995 1600225036
0.44630000000000003 1600225036
0.4064 1600225036
0.47850000000000004 1600225036
0.47440000000000004 1600225036
0.5813 1600225036
0.5807999999999999 1600225036
0.5641999999999999 1600225036
0.4688 1600225036
0.471 1600225036
0.46230000000000004 1600225036
0.5282999999999999 1600225036
0.47409999999999985 1600225036
0.4837999999999999 1600225036
0.40190000000000003 1600225036
0.5934 1600225036
0.592 1600225036
0.46999999999999986 1600225036
0.4896999999999999 1600225036
0.44630000000000003 1600225036
0.4747 1600225036
0.4697999999999999 1600225036
0.4766 1600225036
0.48119999999999996 1600225036
0.47050000000000003 1600225036
0.5805999999999999 1600225036
0.4141 1600225036
0.3822 1600225036
