105.566 1600359448
105.5657 1600359448
105.5657 1600359448
105.6142 1600359448
105.6139 1600359448
105.6145 1600359448
104.711 1600359448
104.711 1600359448
104.7119 1600359448
106.2873 1600359448
106.287 1600359448
106.2865 1600359448
105.1253 1600359448
105.125 1600359448
105.1256 1600359448
106.124 1600359448
106.12440000000001 1600359448
106.1241 1600359448
106.26929999999999 1600359448
106.2698 1600359448
106.26910000000001 1600359448
106.1226 1600359448
106.1232 1600359448
106.1234 1600359448
98.9272 1600359448
98.92699999999999 1600359448
98.9281 1600359448
105.4128 1600359448
105.4122 1600359448
105.41199999999999 1600359448
105.5488 1600359448
105.5483 1600359448
105.549 1600359448
104.23910000000001 1600359448
104.2392 1600359448
104.2386 1600359448
99.9229 1600359448
99.92280000000001 1600359448
99.9233 1600359448
105.715 1600359448
105.7151 1600359448
105.715 1600359448
103.8701 1600359448
103.87 1600359448
103.8698 1600359448
105.1361 1600359448
105.136 1600359448
105.13680000000001 1600359448
106.5532 1600359448
106.553 1600359448
106.5529 1600359448
106.6919 1600359448
106.6922 1600359448
106.6923 1600359448
104.43979999999999 1600359448
104.4397 1600359448
104.4402 1600359448
105.5038 1600359448
105.5048 1600359448
105.50410000000001 1600359448
104.0999 1600359448
104.0997 1600359448
104.1001 1600359448
103.8666 1600359448
103.8661 1600359448
103.8668 1600359448
105.1349 1600359448
105.1337 1600359448
105.1344 1600359448
103.9483 1600359448
103.94800000000001 1600359448
103.9486 1600359448
105.4533 1600359448
105.45320000000001 1600359448
105.45320000000001 1600359448
104.8298 1600359448
104.8296 1600359448
104.83 1600359448
105.133 1600359448
105.1331 1600359448
105.1329 1600359448
105.6335 1600359448
105.6333 1600359448
105.6335 1600359448
105.8008 1600359448
105.801 1600359448
105.8013 1600359448
104.7043 1600359448
104.7041 1600359448
104.70400000000001 1600359448
105.07440000000001 1600359448
105.0743 1600359448
105.0752 1600359448
104.9396 1600359448
104.9389 1600359448
104.94 1600359448
105.7423 1600359448
105.74289999999999 1600359448
105.7431 1600359448
99.946 1600359448
99.94739999999999 1600359448
99.9467 1600359448
100.6128 1600359448
100.6129 1600359448
100.6127 1600359448
103.6737 1600359448
103.6738 1600359448
103.67360000000001 1600359448
105.2464 1600359448
105.24640000000001 1600359448
105.24730000000001 1600359448
104.27199999999999 1600359448
104.2721 1600359448
104.272 1600359448
102.3798 1600359448
102.3795 1600359448
102.37950000000001 1600359448
105.29820000000001 1600359448
105.298 1600359448
105.2979 1600359448
102.1019 1600359448
102.1013 1600359448
102.1019 1600359448
102.0003 1600359448
102.0002 1600359448
102.0002 1600359448
105.6156 1600359448
105.6156 1600359448
105.6157 1600359448
104.20559999999999 1600359448
104.2058 1600359448
104.2059 1600359448
105.12689999999999 1600359448
105.1267 1600359448
105.1269 1600359448
103.884 1600359448
103.8841 1600359448
103.8845 1600359448
106.49589999999999 1600359448
106.49619999999999 1600359448
106.4963 1600359448
103.86460000000001 1600359448
103.8647 1600359448
103.8646 1600359448
105.6315 1600359448
105.63199999999999 1600359448
105.632 1600359448
104.2953 1600359448
104.2958 1600359448
104.2961 1600359448
105.3317 1600359448
105.3313 1600359448
105.3321 1600359448
104.0781 1600359448
104.078 1600359448
104.0776 1600359448
105.5942 1600359448
105.59410000000001 1600359448
105.5943 1600359448
105.0732 1600359448
105.0733 1600359448
105.0732 1600359448
104.3261 1600359448
104.3255 1600359448
104.3256 1600359448
105.3713 1600359448
105.3711 1600359448
105.3713 1600359448
106.55420000000001 1600359448
106.5545 1600359448
106.5547 1600359448
105.0672 1600359448
105.0672 1600359448
105.0681 1600359448
105.1713 1600359448
105.17139999999999 1600359448
105.1711 1600359448
100.7866 1600359448
100.7863 1600359448
100.7865 1600359448
106.3369 1600359448
106.3378 1600359448
106.3379 1600359448
101.0428 1600359448
101.0428 1600359448
101.0429 1600359448
105.8053 1600359448
105.8053 1600359448
105.8056 1600359448
105.397 1600359448
105.39630000000001 1600359448
105.3957 1600359448
102.34609999999999 1600359448
102.3456 1600359448
102.3455 1600359448
104.4418 1600359448
104.441 1600359448
104.44109999999999 1600359448
105.2999 1600359448
105.2998 1600359448
105.2997 1600359448
104.0806 1600359448
104.0804 1600359448
104.0813 1600359448
106.6952 1600359448
106.6955 1600359448
106.6957 1600359448
106.0771 1600359448
106.0771 1600359448
106.0776 1600359448
93.6603 1600359448
93.6596 1600359448
93.65960000000001 1600359448
103.9174 1600359448
103.91770000000001 1600359448
103.9182 1600359448
105.0689 1600359448
105.069 1600359448
105.0693 1600359448
105.9355 1600359448
105.93560000000001 1600359448
105.9355 1600359448
106.1253 1600359448
106.1256 1600359448
106.126 1600359448
102.77629999999999 1600359448
102.7761 1600359448
102.7766 1600359448
105.7762 1600359448
105.77619999999999 1600359448
105.77650000000001 1600359448
104.70530000000001 1600359448
104.706 1600359448
104.7062 1600359448
106.7223 1600359448
106.7222 1600359448
106.7226 1600359448
105.5475 1600359448
105.5475 1600359448
105.5474 1600359448
105.73859999999999 1600359448
105.7379 1600359448
105.7381 1600359448
105.06479999999999 1600359448
105.0643 1600359448
105.0647 1600359448
105.7178 1600359448
105.7177 1600359448
105.7175 1600359448
106.01559999999999 1600359448
106.0153 1600359448
106.0163 1600359448
106.3836 1600359448
106.3835 1600359448
106.3835 1600359448
68.1089 1600359448
68.109 1600359448
68.10940000000001 1600359448
105.0702 1600359448
105.07029999999999 1600359448
105.07079999999999 1600359448
104.4071 1600359448
104.40690000000001 1600359448
104.407 1600359448
102.2967 1600359448
102.2974 1600359448
102.2981 1600359448
106.0173 1600359448
106.01689999999999 1600359448
106.0172 1600359448
106.1851 1600359448
106.1856 1600359448
106.1854 1600359448
102.294 1600359448
102.29379999999999 1600359448
102.29459999999999 1600359448
105.56739999999999 1600359448
105.568 1600359448
105.5673 1600359448
103.84 1600359448
103.8396 1600359448
103.8399 1600359448
105.4367 1600359448
105.4373 1600359448
105.4363 1600359448
104.70270000000001 1600359448
104.7029 1600359448
104.7031 1600359448
105.1293 1600359448
105.12989999999999 1600359448
105.1306 1600359448
105.0719 1600359448
105.0719 1600359448
105.0718 1600359448
103.7563 1600359448
103.7561 1600359448
103.75659999999999 1600359448
106.08670000000001 1600359448
106.0868 1600359448
106.0869 1600359448
106.1886 1600359448
106.18910000000001 1600359448
106.1883 1600359448
105.68390000000001 1600359448
105.68339999999999 1600359448
105.6835 1600359448
99.6008 1600359448
99.60040000000001 1600359448
99.60040000000001 1600359448
106.60629999999999 1600359448
106.60669999999999 1600359448
106.60730000000001 1600359448
106.5724 1600359448
106.5732 1600359448
106.5733 1600359448
105.50059999999999 1600359448
105.5014 1600359448
105.5005 1600359448
105.77340000000001 1600359448
105.7732 1600359448
105.77289999999999 1600359448
105.1682 1600359448
105.167 1600359448
105.168 1600359448
106.18639999999999 1600359448
106.1876 1600359448
106.187 1600359448
101.9139 1600359448
101.9148 1600359448
101.9149 1600359448
103.9157 1600359448
103.9158 1600359448
103.9158 1600359448
101.312 1600359448
101.31230000000001 1600359448
101.3125 1600359448
106.5377 1600359448
106.53729999999999 1600359448
106.53699999999999 1600359448
102.49090000000001 1600359448
102.4911 1600359448
102.491 1600359448
104.07329999999999 1600359448
104.07300000000001 1600359448
104.0732 1600359448
106.1468 1600359448
106.1467 1600359448
106.147 1600359448
98.14439999999999 1600359448
98.1445 1600359448
98.1444 1600359448
101.18130000000001 1600359448
101.18130000000001 1600359448
101.1811 1600359448
100.0961 1600359448
100.0958 1600359448
100.0966 1600359448
72.76950000000001 1600359448
72.7693 1600359448
72.7694 1600359448
105.3947 1600359448
105.39500000000001 1600359448
105.39489999999999 1600359448
106.5702 1600359448
106.5699 1600359448
106.57039999999999 1600359448
106.1453 1600359448
106.1452 1600359448
106.1457 1600359448
106.0487 1600359448
106.0485 1600359448
106.0489 1600359448
106.5093 1600359448
106.5095 1600359448
106.5098 1600359448
105.3373 1600359448
105.3365 1600359448
105.3368 1600359448
105.2101 1600359448
105.20979999999999 1600359448
105.20979999999999 1600359448
105.1318 1600359448
105.1318 1600359448
105.1316 1600359448
102.04650000000001 1600359448
102.0462 1600359448
102.0465 1600359448
102.09809999999999 1600359448
102.0979 1600359448
102.0982 1600359448
95.4366 1600359448
95.4365 1600359448
95.43629999999999 1600359448
106.3683 1600359448
106.3681 1600359448
106.3681 1600359448
106.1837 1600359448
106.1836 1600359448
106.1845 1600359448
105.9983 1600359448
105.9987 1600359448
105.9977 1600359448
105.3699 1600359448
105.3694 1600359448
105.36959999999999 1600359448
103.675 1600359448
103.676 1600359448
103.6754 1600359448
105.2158 1600359448
105.2156 1600359448
105.2158 1600359448
105.1288 1600359448
105.1281 1600359448
105.128 1600359448
104.13990000000001 1600359448
104.1398 1600359448
104.1398 1600359448
103.6575 1600359448
103.6574 1600359448
103.6574 1600359448
102.04379999999999 1600359448
102.04509999999999 1600359448
102.04440000000001 1600359448
105.1375 1600359448
105.1377 1600359448
105.138 1600359448
105.5027 1600359448
105.50250000000001 1600359448
105.5024 1600359448
102.8343 1600359448
102.8338 1600359448
102.8343 1600359448
101.1793 1600359448
101.1795 1600359448
101.1796 1600359448
105.1692 1600359448
105.17 1600359448
105.17020000000001 1600359448
106.4886 1600359448
106.48830000000001 1600359448
106.4894 1600359448
105.593 1600359448
105.593 1600359448
105.5928 1600359448
105.6624 1600359448
105.6619 1600359448
105.6619 1600359448
103.43950000000001 1600359448
103.4399 1600359448
103.4399 1600359448
106.5333 1600359448
106.5343 1600359448
106.5335 1600359448
106.6026 1600359448
106.6026 1600359448
106.60260000000001 1600359448
72.43140000000001 1600359448
72.4315 1600359448
72.4315 1600359448
104.0792 1600359448
104.0791 1600359448
104.0792 1600359448
102.2902 1600359448
102.29 1600359448
102.29050000000001 1600359448
102.12089999999999 1600359448
102.1207 1600359448
102.1216 1600359448
106.4438 1600359448
106.4431 1600359448
106.4435 1600359448
105.4139 1600359448
105.4138 1600359448
105.4146 1600359448
105.8027 1600359448
105.8026 1600359448
105.80300000000001 1600359448
97.99730000000001 1600359448
97.9972 1600359448
97.9971 1600359448
105.1391 1600359448
105.13919999999999 1600359448
105.14 1600359448
105.066 1600359448
105.0656 1600359448
105.0663 1600359448
105.77449999999999 1600359448
105.7749 1600359448
105.77560000000001 1600359448
102.2958 1600359448
102.29560000000001 1600359448
102.2958 1600359448
106.0498 1600359448
106.0501 1600359448
106.05 1600359448
104.1014 1600359448
104.1012 1600359448
104.1021 1600359448
105.48769999999999 1600359448
105.48780000000001 1600359448
105.4881 1600359448
102.5214 1600359448
102.52130000000001 1600359448
102.5214 1600359448
97.45899999999999 1600359448
97.4589 1600359448
97.4593 1600359448
106.2715 1600359448
106.2709 1600359448
106.2719 1600359448
106.4764 1600359448
106.47670000000001 1600359448
106.47710000000001 1600359448
68.177 1600359448
68.1772 1600359448
68.177 1600359448
106.33409999999999 1600359448
106.3344 1600359448
106.3345 1600359448
106.5713 1600359448
106.57130000000001 1600359448
106.5718 1600359448
103.0749 1600359448
103.0748 1600359448
103.0742 1600359448
104.29429999999999 1600359448
104.2942 1600359448
104.294 1600359448
105.391 1600359448
105.3915 1600359448
105.3918 1600359448
106.0728 1600359448
106.07239999999999 1600359448
106.0725 1600359448
105.80739999999999 1600359448
105.807 1600359448
105.8078 1600359448
105.2144 1600359448
105.21419999999999 1600359448
105.2142 1600359448
106.28880000000001 1600359448
106.2889 1600359448
106.2888 1600359448
102.3781 1600359448
102.37790000000001 1600359448
102.3783 1600359448
106.691 1600359448
106.68990000000001 1600359448
106.6905 1600359448
106.7209 1600359448
106.7203 1600359448
106.7206 1600359448
106.0749 1600359448
106.07430000000001 1600359448
106.0746 1600359448
105.2046 1600359448
105.2048 1600359448
105.205 1600359448
105.21310000000001 1600359448
105.2125 1600359448
105.2126 1600359448
106.2679 1600359448
106.2677 1600359448
106.2677 1600359448
105.8133 1600359448
105.8144 1600359448
105.8137 1600359448
106.08800000000001 1600359448
106.0891 1600359448
106.0881 1600359448
50.0449 1600359448
50.044200000000004 1600359448
50.0444 1600359448
90.1516 1600359448
90.1519 1600359448
90.1518 1600359448
104.0988 1600359448
104.0988 1600359448
104.09859999999999 1600359448
106.6709 1600359448
106.671 1600359448
106.6714 1600359448
105.7192 1600359448
105.7192 1600359448
105.71860000000001 1600359448
58.918800000000005 1600359448
58.9187 1600359448
58.9184 1600359448
106.6204 1600359448
106.6213 1600359448
106.62089999999999 1600359448
89.1254 1600359448
89.1252 1600359448
89.1255 1600359448
105.14280000000001 1600359448
105.1425 1600359448
105.14280000000001 1600359448
100.5911 1600359448
100.5905 1600359448
100.5916 1600359448
105.77890000000001 1600359448
105.7791 1600359448
105.7794 1600359448
106.2356 1600359448
106.23580000000001 1600359448
106.2366 1600359448
105.5643 1600359448
105.56429999999999 1600359448
105.5648 1600359448
65.70689999999999 1600359448
65.7062 1600359448
65.7062 1600359448
106.1426 1600359448
106.1425 1600359448
106.1429 1600359448
106.5561 1600359448
106.5561 1600359448
106.5557 1600359448
104.6983 1600359448
104.69879999999999 1600359448
104.6987 1600359448
106.4287 1600359448
106.4291 1600359448
106.4291 1600359448
104.6031 1600359448
104.60300000000001 1600359448
104.6039 1600359448
106.4003 1600359448
106.4003 1600359448
106.40090000000001 1600359448
105.7414 1600359448
105.741 1600359448
105.74130000000001 1600359448
106.4016 1600359448
106.4019 1600359448
106.40190000000001 1600359448
106.0788 1600359448
106.0785 1600359448
106.0788 1600359448
102.1648 1600359448
102.1652 1600359448
102.1657 1600359448
106.5357 1600359448
106.53529999999999 1600359448
106.5357 1600359448
88.441 1600359448
88.44 1600359448
88.4405 1600359448
106.05399999999999 1600359448
106.0539 1600359448
106.0535 1600359448
105.6823 1600359448
105.68209999999999 1600359448
105.6822 1600359448
105.14609999999999 1600359448
105.1457 1600359448
105.146 1600359448
90.0909 1600359448
90.0912 1600359448
90.09110000000001 1600359448
65.6555 1600359448
65.65480000000001 1600359448
65.65520000000001 1600359448
86.7261 1600359448
86.7274 1600359448
86.7264 1600359448
100.8346 1600359448
100.8348 1600359448
100.8357 1600359448
106.4452 1600359448
106.4448 1600359448
106.4452 1600359448
92.0068 1600359448
92.0073 1600359448
92.0071 1600359448
105.8185 1600359448
105.8184 1600359448
105.8192 1600359448
106.2377 1600359448
106.23750000000001 1600359448
106.23750000000001 1600359448
103.8682 1600359448
103.8689 1600359448
103.8691 1600359448
89.9036 1600359448
89.9037 1600359448
89.9035 1600359448
106.051 1600359448
106.0524 1600359448
106.0516 1600359448
105.8174 1600359448
105.81660000000001 1600359448
105.81710000000001 1600359448
104.7327 1600359448
104.7329 1600359448
104.73259999999999 1600359448
105.7165 1600359448
105.7165 1600359448
105.71600000000001 1600359448
87.3536 1600359448
87.3543 1600359448
87.3546 1600359448
63.1706 1600359448
63.1706 1600359448
63.1704 1600359448
105.8223 1600359448
105.8232 1600359448
105.8226 1600359448
106.68849999999999 1600359448
106.6884 1600359448
106.68950000000001 1600359448
103.4321 1600359448
103.4324 1600359448
103.4331 1600359448
105.2067 1600359448
105.206 1600359448
105.2063 1600359448
105.0346 1600359448
105.03359999999999 1600359448
105.0339 1600359448
90.78370000000001 1600359448
90.7842 1600359448
90.78450000000001 1600359448
106.4603 1600359448
106.4597 1600359448
106.4606 1600359448
104.7003 1600359448
104.7003 1600359448
104.6999 1600359448
106.5295 1600359448
106.52929999999999 1600359448
106.5295 1600359448
102.8324 1600359448
102.8323 1600359448
102.8328 1600359448
105.79809999999999 1600359448
105.79889999999999 1600359448
105.7981 1600359448
92.1686 1600359448
92.1691 1600359448
92.1691 1600359448
54.547799999999995 1600359448
54.5479 1600359448
54.5482 1600359448
102.96430000000001 1600359448
102.96560000000001 1600359448
102.9649 1600359448
106.3994 1600359448
106.39920000000001 1600359448
106.3993 1600359448
88.60770000000001 1600359448
88.60770000000001 1600359448
88.608 1600359448
104.6191 1600359448
104.6198 1600359448
104.61869999999999 1600359448
105.2025 1600359448
105.20230000000001 1600359448
105.2028 1600359448
106.33619999999999 1600359448
106.3354 1600359448
106.3351 1600359448
104.71329999999999 1600359448
104.7132 1600359448
104.71300000000001 1600359448
102.971 1600359448
102.9712 1600359448
102.97009999999999 1600359448
101.8834 1600359448
101.8831 1600359448
101.8834 1600359448
52.345 1600359448
52.344899999999996 1600359448
52.345200000000006 1600359448
70.1631 1600359448
70.1632 1600359448
70.1635 1600359448
103.2641 1600359448
103.26389999999999 1600359448
103.2636 1600359448
103.3773 1600359448
103.37740000000001 1600359448
103.3774 1600359448
105.1734 1600359448
105.1734 1600359448
105.1735 1600359448
102.5225 1600359448
102.5225 1600359448
102.5235 1600359448
105.0936 1600359448
105.0936 1600359448
105.0934 1600359448
105.78030000000001 1600359448
105.7807 1600359448
105.7807 1600359448
104.9761 1600359448
104.9752 1600359448
104.9755 1600359448
105.3415 1600359448
105.34230000000001 1600359448
105.3424 1600359448
91.4461 1600359448
91.4453 1600359448
91.44569999999999 1600359448
106.4781 1600359448
106.47810000000001 1600359448
106.47840000000001 1600359448
105.77770000000001 1600359448
105.7779 1600359448
105.7782 1600359448
105.41019999999999 1600359448
105.41 1600359448
105.411 1600359448
106.01379999999999 1600359448
106.0142 1600359448
106.01429999999999 1600359448
105.51989999999999 1600359448
105.5201 1600359448
105.5204 1600359448
105.9842 1600359448
105.985 1600359448
105.98509999999999 1600359448
105.56939999999999 1600359448
105.5693 1600359448
105.5692 1600359448
106.2348 1600359448
106.23429999999999 1600359448
106.2342 1600359448
44.2929 1600359448
44.292500000000004 1600359448
44.2925 1600359448
106.3819 1600359448
106.3821 1600359448
106.38210000000001 1600359448
103.9495 1600359448
103.9493 1600359448
103.9499 1600359448
105.2111 1600359448
105.2114 1600359448
105.21140000000001 1600359448
105.4865 1600359448
105.4863 1600359448
105.4868 1600359448
105.563 1600359448
105.5628 1600359448
105.56309999999999 1600359448
63.541000000000004 1600359448
63.540800000000004 1600359448
63.540800000000004 1600359448
106.51480000000001 1600359448
106.5155 1600359448
106.5142 1600359448
105.21719999999999 1600359448
105.2172 1600359448
105.2172 1600359448
101.3672 1600359448
101.3675 1600359448
101.3683 1600359448
102.96740000000001 1600359448
102.96730000000001 1600359448
102.9667 1600359448
95.73570000000001 1600359448
95.73549999999999 1600359448
95.73570000000001 1600359448
106.7234 1600359448
106.7233 1600359448
106.7241 1600359448
105.1993 1600359448
105.199 1600359448
105.1992 1600359448
105.8213 1600359448
105.8212 1600359448
105.8209 1600359448
105.4154 1600359448
105.4157 1600359448
105.416 1600359448
106.4902 1600359448
106.4898 1600359448
106.49090000000001 1600359448
106.0813 1600359448
106.0812 1600359448
106.0815 1600359448
104.9733 1600359448
104.9744 1600359448
104.9736 1600359448
102.85119999999999 1600359448
102.8505 1600359448
102.8505 1600359448
45.278 1600359448
45.2775 1600359448
45.277699999999996 1600359448
105.5917 1600359448
105.5912 1600359448
105.59140000000001 1600359448
105.1471 1600359448
105.1474 1600359448
105.14750000000001 1600359448
106.38470000000001 1600359448
106.3856 1600359448
106.3849 1600359448
105.0054 1600359448
105.0058 1600359448
105.00500000000001 1600359448
102.4388 1600359448
102.4393 1600359448
102.4401 1600359448
106.1661 1600359448
106.1663 1600359448
106.167 1600359448
104.0644 1600359448
104.0642 1600359448
104.0646 1600359448
59.3365 1600359448
59.336 1600359448
59.336800000000004 1600359448
77.8023 1600359448
77.8026 1600359448
77.8027 1600359448
95.90690000000001 1600359448
95.9067 1600359448
95.9076 1600359448
96.1465 1600359448
96.1472 1600359448
96.1463 1600359448
105.6804 1600359448
105.6808 1600359448
105.6809 1600359448
45.0611 1600359448
45.061499999999995 1600359448
45.061499999999995 1600359448
106.53229999999999 1600359448
106.532 1600359448
106.5323 1600359448
103.8054 1600359448
103.80510000000001 1600359448
103.8055 1600359448
105.5903 1600359448
105.58980000000001 1600359448
105.5901 1600359448
104.29690000000001 1600359448
104.29769999999999 1600359448
104.29769999999999 1600359448
105.4186 1600359448
105.4193 1600359448
105.4185 1600359448
105.812 1600359448
105.8114 1600359448
105.81259999999999 1600359448
103.3031 1600359448
103.30330000000001 1600359448
103.303 1600359448
105.81530000000001 1600359448
105.8156 1600359448
105.81569999999999 1600359448
104.73400000000001 1600359448
104.7341 1600359448
104.7341 1600359448
106.0907 1600359448
106.0905 1600359448
106.08999999999999 1600359448
104.75019999999999 1600359448
104.75019999999999 1600359448
104.7509 1600359448
106.1643 1600359448
106.165 1600359448
106.1652 1600359448
79.7983 1600359448
79.7984 1600359448
79.7988 1600359448
103.86030000000001 1600359448
103.86019999999999 1600359448
103.8606 1600359448
105.8002 1600359448
105.8 1600359448
105.8001 1600359448
99.724 1600359448
99.724 1600359448
99.72420000000001 1600359448
105.8999 1600359448
105.9002 1600359448
105.9007 1600359448
106.49170000000001 1600359448
106.4923 1600359448
106.4925 1600359448
106.6225 1600359448
106.6221 1600359448
106.6233 1600359448
105.2002 1600359448
105.2013 1600359448
105.2008 1600359448
105.2078 1600359448
105.2084 1600359448
105.2085 1600359448
106.0761 1600359448
106.0759 1600359448
106.0761 1600359448
92.8541 1600359448
92.85390000000001 1600359448
92.85329999999999 1600359448
104.7829 1600359448
104.7825 1600359448
104.7829 1600359448
95.5611 1600359448
95.5606 1600359448
95.5611 1600359448
104.24080000000001 1600359448
104.24029999999999 1600359448
104.2404 1600359448
105.78200000000001 1600359448
105.7817 1600359448
105.7827 1600359448
102.9692 1600359448
102.9689 1600359448
102.9682 1600359448
95.7753 1600359448
95.77550000000001 1600359448
95.77560000000001 1600359448
105.7965 1600359448
105.796 1600359448
105.7971 1600359448
54.8502 1600359448
54.85 1600359448
54.8493 1600359448
105.38900000000001 1600359448
105.3901 1600359448
105.3894 1600359448
105.8098 1600359448
105.81 1600359448
105.8104 1600359448
105.5972 1600359448
105.5971 1600359448
105.5972 1600359448
105.6794 1600359448
105.6794 1600359448
105.6793 1600359448
106.1442 1600359448
106.14399999999999 1600359448
106.1438 1600359448
106.4941 1600359448
106.4935 1600359448
106.4948 1600359448
105.5706 1600359448
105.5713 1600359448
105.57029999999999 1600359448
103.3754 1600359448
103.3752 1600359448
103.3754 1600359448
100.3163 1600359448
100.3163 1600359448
100.3164 1600359448
105.3395 1600359448
105.33970000000001 1600359448
105.3398 1600359448
65.42580000000001 1600359448
65.4256 1600359448
65.4256 1600359448
104.37750000000001 1600359448
104.3772 1600359448
104.37710000000001 1600359448
105.5879 1600359448
105.58869999999999 1600359448
105.5878 1600359448
96.4825 1600359448
96.482 1600359448
96.48219999999999 1600359448
106.333 1600359448
106.3326 1600359448
106.3322 1600359448
104.411 1600359448
104.4112 1600359448
104.4119 1600359448
104.9785 1600359448
104.9784 1600359448
104.9788 1600359448
105.73989999999999 1600359448
105.7399 1600359448
105.7397 1600359448
2.2923999999999998 1600359448
2.2927999999999997 1600359448
2.1500999999999997 1600359448
105.9822 1600359448
105.9829 1600359448
105.98339999999999 1600359448
103.7717 1600359448
103.7715 1600359448
103.772 1600359448
54.8626 1600359448
54.8624 1600359448
54.8629 1600359448
105.0634 1600359448
105.0632 1600359448
105.06280000000001 1600359448
104.2043 1600359448
104.20439999999999 1600359448
104.20439999999999 1600359448
105.4395 1600359448
105.43860000000001 1600359448
105.4386 1600359448
104.103 1600359448
104.1031 1600359448
104.10340000000001 1600359448
105.334 1600359448
105.3331 1600359448
105.33370000000001 1600359448
106.1635 1600359448
106.1634 1600359448
106.1638 1600359448
105.1415 1600359448
105.1408 1600359448
105.14110000000001 1600359448
105.317 1600359448
105.3172 1600359448
105.3173 1600359448
105.1746 1600359448
105.1745 1600359448
105.17500000000001 1600359448
106.0185 1600359448
106.0184 1600359448
106.01870000000001 1600359448
105.4173 1600359448
105.4169 1600359448
105.41720000000001 1600359448
105.84129999999999 1600359448
105.84110000000001 1600359448
105.8416 1600359448
105.5723 1600359448
105.5726 1600359448
105.5728 1600359448
105.8089 1600359448
105.808 1600359448
105.8083 1600359448
106.20179999999999 1600359448
106.2016 1600359448
106.20240000000001 1600359448
58.0967 1600359448
58.098 1600359448
58.0969 1600359448
105.09190000000001 1600359448
105.0916 1600359448
105.092 1600359448
96.48389999999999 1600359448
96.4836 1600359448
96.4838 1600359448
106.6242 1600359448
106.6243 1600359448
106.6242 1600359448
106.5308 1600359448
106.5304 1600359448
106.53099999999999 1600359448
96.09339999999999 1600359448
96.0946 1600359448
96.09410000000001 1600359448
104.9773 1600359448
104.9772 1600359448
104.9775 1600359448
105.335 1600359448
105.3353 1600359448
105.33550000000001 1600359448
106.1477 1600359448
106.1478 1600359448
106.1483 1600359448
105.14429999999999 1600359448
105.14399999999999 1600359448
105.1448 1600359448
105.5962 1600359448
105.5957 1600359448
105.5954 1600359448
105.8379 1600359448
105.8374 1600359448
105.8375 1600359448
102.6938 1600359448
102.6948 1600359448
102.695 1600359448
105.3014 1600359448
105.30109999999999 1600359448
105.3013 1600359448
106.3395 1600359448
106.3395 1600359448
106.3399 1600359448
106.7147 1600359448
106.7146 1600359448
106.71430000000001 1600359448
106.5308 1600359448
106.5306 1600359448
106.5311 1600359448
105.79939999999999 1600359448
105.7987 1600359448
105.7987 1600359448
106.06689999999999 1600359448
106.0673 1600359448
106.06739999999999 1600359448
101.8837 1600359448
101.8842 1600359448
101.8843 1600359448
105.7382 1600359448
105.73819999999999 1600359448
105.7385 1600359448
106.5092 1600359448
106.5091 1600359448
106.5095 1600359448
106.51159999999999 1600359448
106.5116 1600359448
106.5121 1600359448
106.1631 1600359448
106.1641 1600359448
106.1631 1600359448
105.0624 1600359448
105.06230000000001 1600359448
105.06280000000001 1600359448
106.5102 1600359448
106.5106 1600359448
106.5109 1600359448
106.529 1600359448
106.529 1600359448
106.5299 1600359448
102.7124 1600359448
102.7124 1600359448
102.7125 1600359448
105.372 1600359448
105.3714 1600359448
105.3717 1600359448
106.4862 1600359448
106.487 1600359448
106.486 1600359448
95.18209999999999 1600359448
95.181 1600359448
95.18130000000001 1600359448
104.479 1600359448
104.4789 1600359448
104.4787 1600359448
82.0619 1600359448
82.0633 1600359448
82.0625 1600359448
105.87259999999999 1600359448
105.87289999999999 1600359448
105.8728 1600359448
105.1497 1600359448
105.1499 1600359448
105.1503 1600359448
104.782 1600359448
104.7815 1600359448
104.78179999999999 1600359448
105.563 1600359448
105.56259999999999 1600359448
105.563 1600359448
105.8408 1600359448
105.8408 1600359448
105.8402 1600359448
25.6357 1600359448
25.6357 1600359448
25.6356 1600359448
84.23389999999999 1600359448
84.234 1600359448
84.234 1600359448
105.14739999999999 1600359448
105.14869999999999 1600359448
105.1479 1600359448
82.0297 1600359448
82.0295 1600359448
82.0297 1600359448
106.3033 1600359448
106.303 1600359448
106.30340000000001 1600359448
89.00019999999999 1600359448
88.9996 1600359448
89.0001 1600359448
104.7154 1600359448
104.71629999999999 1600359448
104.715 1600359448
105.33970000000001 1600359448
105.33909999999999 1600359448
105.3393 1600359448
105.2047 1600359448
105.20570000000001 1600359448
105.2047 1600359448
106.48469999999999 1600359448
106.48450000000001 1600359448
106.4846 1600359448
102.67999999999999 1600359448
102.6798 1600359448
102.6796 1600359448
106.0695 1600359448
106.0685 1600359448
106.0691 1600359448
103.2625 1600359448
103.26379999999999 1600359448
103.263 1600359448
106.399 1600359448
106.3988 1600359448
106.3993 1600359448
97.4405 1600359448
97.44059999999999 1600359448
97.44030000000001 1600359448
101.9 1600359448
101.90050000000001 1600359448
101.9012 1600359448
105.1808 1600359448
105.1806 1600359448
105.18100000000001 1600359448
106.08640000000001 1600359448
106.0864 1600359448
106.0864 1600359448
106.0835 1600359448
106.0832 1600359448
106.0834 1600359448
106.40090000000001 1600359448
106.401 1600359448
106.40090000000001 1600359448
102.12129999999999 1600359448
102.12140000000001 1600359448
102.1222 1600359448
106.5131 1600359448
106.51310000000001 1600359448
106.51310000000001 1600359448
105.8388 1600359448
105.8387 1600359448
105.83970000000001 1600359448
106.08539999999999 1600359448
106.08479999999999 1600359448
106.0848 1600359448
106.2025 1600359448
106.2025 1600359448
106.2025 1600359448
103.4328 1600359448
103.4332 1600359448
103.4333 1600359448
86.4187 1600359448
86.41789999999999 1600359448
86.4191 1600359448
106.0723 1600359448
106.072 1600359448
106.0725 1600359448
94.0469 1600359448
94.04700000000001 1600359448
94.0462 1600359448
106.07090000000001 1600359448
106.0707 1600359448
106.07079999999999 1600359448
106.0469 1600359448
106.0466 1600359448
106.0471 1600359448
106.60650000000001 1600359448
106.60719999999999 1600359448
106.6063 1600359448
106.55330000000001 1600359448
106.5527 1600359448
106.553 1600359448
106.4833 1600359448
106.4832 1600359448
106.4832 1600359448
105.595 1600359448
105.5947 1600359448
105.595 1600359448
106.6883 1600359448
106.6883 1600359448
106.6888 1600359448
106.0815 1600359448
106.08160000000001 1600359448
106.0823 1600359448
105.8379 1600359448
105.8368 1600359448
105.837 1600359448
105.5886 1600359448
105.5889 1600359448
105.5891 1600359448
106.18130000000001 1600359448
106.1804 1600359448
106.1816 1600359448
18.6993 1600359448
18.6994 1600359448
18.6994 1600359448
105.66199999999999 1600359448
105.662 1600359448
105.662 1600359448
106.5706 1600359448
106.5705 1600359448
106.5705 1600359448
106.48169999999999 1600359448
106.4816 1600359448
106.4824 1600359448
106.6865 1600359448
106.6868 1600359448
106.6866 1600359448
103.899 1600359448
103.8981 1600359448
103.8981 1600359448
106.4905 1600359448
106.4907 1600359448
106.4902 1600359448
105.5876 1600359448
105.58749999999999 1600359448
105.5875 1600359448
106.48039999999999 1600359448
106.4804 1600359448
106.4802 1600359448
99.6525 1600359448
99.6526 1600359448
99.6525 1600359448
106.4935 1600359448
106.4933 1600359448
106.4937 1600359448
102.7139 1600359448
102.714 1600359448
102.7138 1600359448
105.01960000000001 1600359448
105.0197 1600359448
105.0188 1600359448
105.9516 1600359448
105.95190000000001 1600359448
105.9521 1600359448
103.2985 1600359448
103.29860000000001 1600359448
103.29950000000001 1600359448
81.72099999999999 1600359448
81.7208 1600359448
81.72120000000001 1600359448
58.437599999999996 1600359448
58.436800000000005 1600359448
58.4379 1600359448
103.657 1600359448
103.65729999999999 1600359448
103.6574 1600359448
58.5052 1600359448
58.5053 1600359448
58.5053 1600359448
105.17920000000001 1600359448
105.1793 1600359448
105.179 1600359448
105.8058 1600359448
105.80579999999999 1600359448
105.8058 1600359448
105.95009999999999 1600359448
105.9495 1600359448
105.9502 1600359448
106.4923 1600359448
106.4916 1600359448
106.4918 1600359448
106.48809999999999 1600359448
106.4881 1600359448
106.488 1600359448
101.89859999999999 1600359448
101.8991 1600359448
101.8993 1600359448
81.8962 1600359448
81.8963 1600359448
81.89620000000001 1600359448
58.3797 1600359448
58.379400000000004 1600359448
58.38 1600359448
81.996 1600359448
81.9973 1600359448
81.99640000000001 1600359448
103.37769999999999 1600359448
103.3779 1600359448
103.3782 1600359448
105.8156 1600359448
105.8157 1600359448
105.816 1600359448
105.2028 1600359448
105.2026 1600359448
105.20360000000001 1600359448
105.1765 1600359448
105.1771 1600359448
105.1768 1600359448
103.1091 1600359448
103.10900000000001 1600359448
103.10940000000001 1600359448
105.6179 1600359448
105.61829999999999 1600359448
105.6174 1600359448
105.2976 1600359448
105.2975 1600359448
105.2985 1600359448
105.1752 1600359448
105.17500000000001 1600359448
105.17530000000001 1600359448
105.7141 1600359448
105.7142 1600359448
105.714 1600359448
106.55149999999999 1600359448
106.5515 1600359448
106.5514 1600359448
106.67060000000001 1600359448
106.67070000000001 1600359448
106.6704 1600359448
105.1994 1600359448
105.1994 1600359448
105.1998 1600359448
106.09009999999999 1600359448
106.09009999999999 1600359448
106.0904 1600359448
105.8073 1600359448
105.8071 1600359448
105.8072 1600359448
106.7226 1600359448
106.7227 1600359448
106.7233 1600359448
79.5757 1600359448
79.57669999999999 1600359448
79.5755 1600359448
97.4881 1600359448
97.4883 1600359448
97.489 1600359448
105.6159 1600359448
105.616 1600359448
105.61580000000001 1600359448
106.4783 1600359448
106.4785 1600359448
106.4792 1600359448
106.5149 1600359448
106.5149 1600359448
106.5142 1600359448
104.06580000000001 1600359448
104.0656 1600359448
104.06609999999999 1600359448
106.31660000000001 1600359448
106.3172 1600359448
106.3175 1600359448
105.87129999999999 1600359448
105.871 1600359448
105.8711 1600359448
104.8536 1600359448
104.85379999999999 1600359448
104.8539 1600359448
106.4597 1600359448
106.4598 1600359448
106.4596 1600359448
105.2997 1600359448
105.2993 1600359448
105.2996 1600359448
98.363 1600359448
98.3629 1600359448
98.3632 1600359448
105.8209 1600359448
105.8207 1600359448
105.8208 1600359448
