26.2759 1600349912
14.8984 1600349912
14.5462 1600349912
14.898000000000001 1600349912
2.896 1600349912
20.0414 1600349912
21.5272 1600349912
12.0955 1600349912
27.2823 1600349912
27.0948 1600349912
21.3393 1600349912
7.6278 1600349912
14.6877 1600349912
27.4168 1600349912
27.0939 1600349912
11.9038 1600349912
10.7432 1600349912
3.3735999999999997 1600349912
7.7843 1600349912
13.2813 1600349912
19.3474 1600349912
15.3883 1600349912
20.0412 1600349912
3.0498 1600349912
20.2474 1600349912
19.2989 1600349912
20.285899999999998 1600349912
3.1491 1600349912
21.3199 1600349912
12.0201 1600349912
27.4078 1600349912
11.668899999999999 1600349912
4.1804 1600349912
20.2858 1600349912
6.7486999999999995 1600349912
14.8965 1600349912
27.0901 1600349912
20.0398 1600349912
18.0531 1600349912
20.0232 1600349912
21.3904 1600349912
21.3201 1600349912
7.342700000000001 1600349912
12.0033 1600349912
27.4076 1600349912
27.3739 1600349912
21.2731 1600349912
3.8859999999999997 1600349912
14.0056 1600349912
27.4168 1600349912
27.3906 1600349912
19.021 1600349912
21.3305 1600349912
14.3643 1600349912
27.4081 1600349912
14.031799999999999 1600349912
11.716 1600349912
21.3395 1600349912
21.4759 1600349912
7.6076999999999995 1600349912
4.4079 1600349912
21.4756 1600349912
27.316 1600349912
7.6943 1600349912
19.6539 1600349912
27.2677 1600349912
6.665900000000001 1600349912
15.1932 1600349912
18.0631 1600349912
15.4343 1600349912
20.0401 1600349912
6.8589 1600349912
19.3666 1600349912
4.834099999999999 1600349912
12.841899999999999 1600349912
26.3062 1600349912
11.0996 1600349912
6.859 1600349912
12.597900000000001 1600349912
23.2057 1600349912
11.830400000000001 1600349912
26.2028 1600349912
3.9105 1600349912
12.125 1600349912
14.2289 1600349912
12.9137 1600349912
14.2484 1600349912
12.9133 1600349912
14.207799999999999 1600349912
19.532 1600349912
27.416999999999998 1600349912
4.408099999999999 1600349912
19.0517 1600349912
14.379199999999999 1600349912
21.9971 1600349912
20.2474 1600349912
20.5169 1600349912
14.6882 1600349912
21.3204 1600349912
26.9177 1600349912
20.2646 1600349912
14.8967 1600349912
7.072699999999999 1600349912
17.7791 1600349912
21.0085 1600349912
18.0532 1600349912
21.156 1600349912
4.5854 1600349912
27.3738 1600349912
26.9309 1600349912
20.0397 1600349912
26.8381 1600349912
3.1776 1600349912
27.3158 1600349912
27.4076 1600349912
27.4168 1600349912
3.05 1600349912
27.4172 1600349912
26.8259 1600349912
2.6855 1600349912
11.011899999999999 1600349912
2.6776 1600349912
20.160899999999998 1600349912
3.3837 1600349912
0.2741 1600349912
3.8726999999999996 1600349912
20.2479 1600349912
10.7348 1600349912
19.8593 1600349912
3.8892 1600349912
20.2481 1600349912
5.2875 1600349912
21.0425 1600349912
10.6979 1600349912
21.2484 1600349912
4.4284 1600349912
7.5685 1600349912
21.2483 1600349912
12.9142 1600349912
20.153 1600349912
13.1322 1600349912
5.749300000000001 1600349912
27.3938 1600349912
14.5049 1600349912
17.4605 1600349912
20.2481 1600349912
7.0189 1600349912
21.2673 1600349912
27.4438 1600349912
27.4081 1600349912
27.3939 1600349912
17.461 1600349912
13.9819 1600349912
13.1245 1600349912
14.896899999999999 1600349912
7.069599999999999 1600349912
13.9481 1600349912
23.1813 1600349912
14.4274 1600349912
23.3581 1600349912
14.545499999999999 1600349912
17.8593 1600349912
17.601399999999998 1600349912
17.9279 1600349912
17.9278 1600349912
27.444 1600349912
26.2157 1600349912
5.8529 1600349912
4.461399999999999 1600349912
21.3307 1600349912
4.7996 1600349912
11.011 1600349912
6.859 1600349912
27.408 1600349912
7.630000000000001 1600349912
12.5237 1600349912
11.8539 1600349912
19.8173 1600349912
15.434199999999999 1600349912
20.4912 1600349912
20.0396 1600349912
17.601499999999998 1600349912
20.2476 1600349912
26.305 1600349912
11.8287 1600349912
27.3906 1600349912
7.703099999999999 1600349912
12.1085 1600349912
12.112599999999999 1600349912
23.1239 1600349912
21.6538 1600349912
12.437 1600349912
23.165 1600349912
4.8742 1600349912
13.5094 1600349912
2.6561 1600349912
19.8596 1600349912
15.4343 1600349912
25.9227 1600349912
26.3063 1600349912
5.6503 1600349912
20.1592 1600349912
25.8639 1600349912
26.2039 1600349912
14.5049 1600349912
7.6966 1600349912
14.8966 1600349912
26.1799 1600349912
3.8863 1600349912
17.9302 1600349912
17.601399999999998 1600349912
18.054199999999998 1600349912
26.757 1600349912
20.2477 1600349912
4.427099999999999 1600349912
5.8865 1600349912
13.9826 1600349912
5.9627 1600349912
14.896799999999999 1600349912
21.3905 1600349912
13.969299999999999 1600349912
27.0916 1600349912
21.2675 1600349912
5.9625 1600349912
5.8538 1600349912
17.9303 1600349912
27.002299999999998 1600349912
18.0529 1600349912
23.181 1600349912
21.6545 1600349912
23.1816 1600349912
5.8538 1600349912
15.611 1600349912
26.0331 1600349912
23.776799999999998 1600349912
26.0326 1600349912
17.4605 1600349912
26.918499999999998 1600349912
26.276799999999998 1600349912
27.0014 1600349912
5.8939 1600349912
14.5686 1600349912
14.0031 1600349912
14.5648 1600349912
19.8906 1600349912
14.8966 1600349912
21.898699999999998 1600349912
23.5667 1600349912
15.232099999999999 1600349912
22.1492 1600349912
20.0398 1600349912
5.6503 1600349912
21.3905 1600349912
20.2477 1600349912
1.2012 1600349912
10.6793 1600349912
23.8023 1600349912
21.3909 1600349912
26.3078 1600349912
13.6264 1600349912
26.9179 1600349912
20.5974 1600349912
2.0329 1600349912
21.0427 1600349912
27.3738 1600349912
26.9662 1600349912
23.2363 1600349912
13.606 1600349912
23.2355 1600349912
15.4481 1600349912
15.4345 1600349912
17.459999999999997 1600349912
26.206699999999998 1600349912
23.3577 1600349912
17.5704 1600349912
19.349 1600349912
20.1596 1600349912
19.3477 1600349912
25.9138 1600349912
20.2472 1600349912
20.5105 1600349912
6.0662 1600349912
21.098 1600349912
3.3834 1600349912
23.139599999999998 1600349912
20.5579 1600349912
23.3577 1600349912
6.203200000000001 1600349912
12.0955 1600349912
6.214 1600349912
12.1366 1600349912
14.8966 1600349912
19.0412 1600349912
21.8619 1600349912
19.5947 1600349912
6.229900000000001 1600349912
12.1258 1600349912
27.3739 1600349912
20.9391 1600349912
12.2049 1600349912
4.4857 1600349912
21.089 1600349912
13.3759 1600349912
19.3681 1600349912
19.479599999999998 1600349912
21.3527 1600349912
21.267599999999998 1600349912
21.3382 1600349912
23.1817 1600349912
13.660300000000001 1600349912
19.5752 1600349912
14.2274 1600349912
24.2019 1600349912
14.3639 1600349912
27.404799999999998 1600349912
14.3626 1600349912
15.2325 1600349912
5.961399999999999 1600349912
15.448 1600349912
19.506 1600349912
21.1553 1600349912
19.5731 1600349912
5.8530999999999995 1600349912
21.3216 1600349912
27.3958 1600349912
27.0377 1600349912
21.4052 1600349912
4.586499999999999 1600349912
21.2732 1600349912
6.2043 1600349912
21.3217 1600349912
6.2036 1600349912
7.001099999999999 1600349912
11.4156 1600349912
27.374 1600349912
27.4075 1600349912
10.9017 1600349912
27.4082 1600349912
10.6557 1600349912
15.431099999999999 1600349912
15.3061 1600349912
7.7263 1600349912
7.7892 1600349912
3.0100000000000002 1600349912
17.5684 1600349912
14.8964 1600349912
17.6004 1600349912
5.8528 1600349912
27.0957 1600349912
14.8982 1600349912
3.6836 1600349912
15.182599999999999 1600349912
4.8515 1600349912
17.6005 1600349912
11.5248 1600349912
11.8599 1600349912
15.2131 1600349912
20.2651 1600349912
11.8795 1600349912
21.248 1600349912
14.2276 1600349912
22.8629 1600349912
21.3312 1600349912
21.3906 1600349912
14.3794 1600349912
21.3924 1600349912
27.4354 1600349912
3.6999 1600349912
11.8602 1600349912
19.5407 1600349912
14.3816 1600349912
14.5068 1600349912
27.4351 1600349912
27.0131 1600349912
4.485799999999999 1600349912
14.5454 1600349912
12.4401 1600349912
10.658999999999999 1600349912
15.436 1600349912
7.0017 1600349912
12.4404 1600349912
27.4355 1600349912
7.7841 1600349912
14.5455 1600349912
4.427 1600349912
21.3204 1600349912
14.8967 1600349912
21.373 1600349912
7.0027 1600349912
23.1774 1600349912
27.4893 1600349912
3.7 1600349912
12.019599999999999 1600349912
23.1655 1600349912
20.8841 1600349912
23.1811 1600349912
21.6574 1600349912
20.9419 1600349912
21.7827 1600349912
3.7687999999999997 1600349912
11.2288 1600349912
4.6478 1600349912
14.5659 1600349912
15.4346 1600349912
21.3904 1600349912
4.7315 1600349912
15.4345 1600349912
25.4457 1600349912
14.5455 1600349912
5.6529 1600349912
14.8987 1600349912
21.3905 1600349912
21.3906 1600349912
5.6530000000000005 1600349912
27.4896 1600349912
4.7294 1600349912
7.3433 1600349912
4.8529 1600349912
14.5667 1600349912
3.7691 1600349912
19.1545 1600349912
14.5649 1600349912
3.1632 1600349912
21.3391 1600349912
15.1629 1600349912
5.853400000000001 1600349912
14.8986 1600349912
21.32 1600349912
27.4074 1600349912
25.8836 1600349912
5.8974 1600349912
23.3585 1600349912
4.833500000000001 1600349912
27.002 1600349912
26.1926 1600349912
2.6008 1600349912
11.0112 1600349912
4.461399999999999 1600349912
27.4082 1600349912
14.545499999999999 1600349912
26.8375 1600349912
11.0113 1600349912
3.2023 1600349912
6.861800000000001 1600349912
14.5456 1600349912
14.602599999999999 1600349912
20.2858 1600349912
3.6987 1600349912
26.0623 1600349912
20.8864 1600349912
14.5898 1600349912
20.3033 1600349912
4.964799999999999 1600349912
14.8986 1600349912
27.4082 1600349912
10.7229 1600349912
7.694100000000001 1600349912
12.0658 1600349912
27.4166 1600349912
11.9581 1600349912
26.18 1600349912
19.239 1600349912
4.8742 1600349912
18.056 1600349912
2.5197 1600349912
27.4897 1600349912
3.7702999999999998 1600349912
11.0118 1600349912
14.8964 1600349912
27.4974 1600349912
5.916600000000001 1600349912
21.3904 1600349912
4.586399999999999 1600349912
23.8027 1600349912
4.8742 1600349912
11.9051 1600349912
26.297 1600349912
19.8497 1600349912
12.1272 1600349912
14.8977 1600349912
3.8728 1600349912
27.4355 1600349912
3.9909 1600349912
6.6596 1600349912
6.232799999999999 1600349912
12.5708 1600349912
27.4355 1600349912
12.1259 1600349912
23.8019 1600349912
3.2011 1600349912
7.7844999999999995 1600349912
12.5459 1600349912
27.4891 1600349912
27.435399999999998 1600349912
2.9455 1600349912
13.3759 1600349912
4.8513 1600349912
26.3841 1600349912
23.4598 1600349912
14.100999999999999 1600349912
4.7942 1600349912
19.386 1600349912
27.4356 1600349912
6.837 1600349912
23.8019 1600349912
19.5748 1600349912
7.6285 1600349912
11.8858 1600349912
12.3537 1600349912
11.92 1600349912
20.285899999999998 1600349912
5.8547 1600349912
