0.08240000000000025 1600635039
0.07869999999999999 1600635039
0.09909999999999997 1600635039
0.10570000000000013 1600635039
0.2479 1600635039
0.12060000000000004 1600635039
0.057800000000000296 1600635039
0.07020000000000026 1600635039
0.12170000000000014 1600635039
0.07810000000000006 1600635039
0.09940000000000015 1600635039
0.10090000000000021 1600635039
0.0820000000000003 1600635039
0.08430000000000026 1600635039
0.08420000000000005 1600635039
0.07790000000000008 1600635039
0.2178 1600635039
0.10280000000000022 1600635039
0.10380000000000011 1600635039
0.08840000000000003 1600635039
0.1474000000000002 1600635039
0.2959999999999998 1600635039
0.08079999999999998 1600635039
0.08219999999999983 1600635039
0.10460000000000003 1600635039
0.12050000000000027 1600635039
0.12660000000000027 1600635039
0.10840000000000005 1600635039
0.10289999999999999 1600635039
0.0838000000000001 1600635039
0.1243000000000003 1600635039
0.17169999999999996 1600635039
0.05620000000000003 1600635039
0.08570000000000011 1600635039
0.08050000000000024 1600635039
0.06400000000000006 1600635039
0.11240000000000006 1600635039
0.0828000000000002 1600635039
0.11240000000000006 1600635039
0.06499999999999995 1600635039
0.062100000000000044 1600635039
0.3663000000000003 1600635039
0.11430000000000007 1600635039
0.05530000000000035 1600635039
0.15160000000000018 1600635039
0.08800000000000008 1600635039
0.29910000000000014 1600635039
0.16959999999999997 1600635039
0.24259999999999993 1600635039
0.2932000000000001 1600635039
0.055700000000000305 1600635039
0.11410000000000009 1600635039
0.08620000000000028 1600635039
0.1499999999999999 1600635039
0.42569999999999997 1600635039
0.14150000000000018 1600635039
0.17189999999999994 1600635039
0.2089000000000003 1600635039
0.10099999999999998 1600635039
0.056400000000000006 1600635039
0.07500000000000018 1600635039
0.13860000000000028 1600635039
0.09640000000000004 1600635039
0.1054999999999997 1600635039
0.06879999999999997 1600635039
0.28500000000000014 1600635039
0.0799000000000003 1600635039
0.06529999999999969 1600635039
0.09909999999999997 1600635039
0.22449999999999992 1600635039
0.11120000000000019 1600635039
0.1522000000000001 1600635039
0.12200000000000033 1600635039
0.07900000000000018 1600635039
0.11210000000000031 1600635039
0.4415 1600635039
0.34940000000000015 1600635039
0.15759999999999996 1600635039
0.16349999999999998 1600635039
0.11260000000000003 1600635039
0.08260000000000023 1600635039
0.1293000000000002 1600635039
0.0838000000000001 1600635039
0.09739999999999993 1600635039
0.08040000000000003 1600635039
0.0625 1600635039
0.4175 1600635039
0.058800000000000185 1600635039
0.42420000000000035 1600635039
0.11980000000000013 1600635039
0.09360000000000035 1600635039
0.18840000000000012 1600635039
0.0961000000000003 1600635039
0.42440000000000033 1600635039
0.12740000000000018 1600635039
0.1958000000000002 1600635039
0.10850000000000026 1600635039
0.17860000000000031 1600635039
0.12200000000000033 1600635039
0.09100000000000019 1600635039
0.3420000000000001 1600635039
0.14690000000000003 1600635039
0.29780000000000006 1600635039
0.08040000000000003 1600635039
0.058499999999999996 1600635039
0.13090000000000002 1600635039
0.20260000000000034 1600635039
0.12910000000000021 1600635039
0.08350000000000035 1600635039
0.16300000000000026 1600635039
0.09330000000000016 1600635039
0.13030000000000008 1600635039
0.2160000000000002 1600635039
0.06740000000000013 1600635039
0.16270000000000007 1600635039
0.10119999999999996 1600635039
0.3915000000000002 1600635039
0.21320000000000006 1600635039
0.07860000000000023 1600635039
0.09319999999999995 1600635039
0.13250000000000028 1600635039
0.09270000000000023 1600635039
0.08240000000000025 1600635039
0.09489999999999998 1600635039
0.10170000000000012 1600635039
0.15070000000000006 1600635039
0.07580000000000009 1600635039
0.1841999999999997 1600635039
0.10749999999999993 1600635039
0.08230000000000004 1600635039
0.12519999999999998 1600635039
0.06420000000000003 1600635039
0.1149 1600635039
0.08240000000000025 1600635039
0.18920000000000003 1600635039
0.12660000000000027 1600635039
0.17090000000000005 1600635039
0.11109999999999998 1600635039
0.07790000000000008 1600635039
0.053400000000000336 1600635039
0.2481 1600635039
0.0934999999999997 1600635039
0.1182000000000003 1600635039
0.3737999999999997 1600635039
0.18040000000000012 1600635039
0.10820000000000007 1600635039
0.058000000000000274 1600635039
0.2585000000000002 1600635039
0.36850000000000005 1600635039
0.4056000000000002 1600635039
0.0828000000000002 1600635039
0.06850000000000023 1600635039
0.11719999999999997 1600635039
0.05509999999999993 1600635039
0.1434000000000002 1600635039
0.10320000000000018 1600635039
0.3391000000000002 1600635039
0.18820000000000014 1600635039
0.07420000000000027 1600635039
0.08250000000000002 1600635039
0.18550000000000022 1600635039
0.27590000000000003 1600635039
0.07450000000000001 1600635039
0.11850000000000005 1600635039
0.19730000000000025 1600635039
0.05790000000000006 1600635039
0.08610000000000007 1600635039
0.12040000000000006 1600635039
0.0686 1600635039
0.08250000000000002 1600635039
0.12150000000000016 1600635039
0.11739999999999995 1600635039
0.12329999999999997 1600635039
0.10349999999999993 1600635039
0.10539999999999994 1600635039
0.10749999999999993 1600635039
0.16060000000000008 1600635039
0.06519999999999992 1600635039
0.06440000000000001 1600635039
0.11680000000000001 1600635039
0.1333000000000002 1600635039
0.08680000000000021 1600635039
0.23390000000000022 1600635039
0.137 1600635039
0.24160000000000004 1600635039
0.06059999999999999 1600635039
0.33820000000000006 1600635039
0.31709999999999994 1600635039
0.10780000000000012 1600635039
0.07410000000000005 1600635039
0.125 1600635039
0.12909999999999977 1600635039
0.10270000000000001 1600635039
0.0939000000000001 1600635039
0.12980000000000036 1600635039
0.19530000000000003 1600635039
0.05580000000000007 1600635039
0.1041000000000003 1600635039
0.11359999999999992 1600635039
0.2864 1600635039
0.15270000000000028 1600635039
0.1344000000000003 1600635039
0.11330000000000018 1600635039
0.0687000000000002 1600635039
0.10349999999999993 1600635039
0.2631000000000001 1600635039
0.12740000000000018 1600635039
0.0665 1600635039
0.11129999999999995 1600635039
0.10770000000000035 1600635039
0.12460000000000004 1600635039
0.13969999999999994 1600635039
0.12860000000000005 1600635039
0.08630000000000004 1600635039
0.10400000000000009 1600635039
0.08760000000000012 1600635039
0.08840000000000003 1600635039
0.17030000000000012 1600635039
0.11830000000000007 1600635039
0.11109999999999998 1600635039
0.21560000000000024 1600635039
0.1391 1600635039
0.1389999999999998 1600635039
0.41789999999999994 1600635039
0.2016 1600635039
0.1875 1600635039
0.11040000000000028 1600635039
0.1777000000000002 1600635039
0.08140000000000036 1600635039
0.21399999999999997 1600635039
0.09620000000000006 1600635039
0.2362000000000002 1600635039
0.42900000000000027 1600635039
0.14190000000000014 1600635039
0.10550000000000015 1600635039
0.07869999999999999 1600635039
0.09940000000000015 1600635039
0.12650000000000006 1600635039
0.10289999999999999 1600635039
0.09980000000000011 1600635039
0.06600000000000028 1600635039
0.1149 1600635039
0.3010999999999999 1600635039
0.40000000000000036 1600635039
0.33430000000000026 1600635039
0.32020000000000026 1600635039
0.1120000000000001 1600635039
0.10599999999999987 1600635039
0.14939999999999998 1600635039
0.07719999999999994 1600635039
0.0726 1600635039
0.1051000000000002 1600635039
0.07089999999999996 1600635039
0.05420000000000025 1600635039
0.09050000000000002 1600635039
0.12179999999999991 1600635039
0.43910000000000027 1600635039
0.21770000000000023 1600635039
0.1280000000000001 1600635039
0.41080000000000005 1600635039
0.10610000000000008 1600635039
0.07420000000000027 1600635039
0.24800000000000022 1600635039
0.1311 1600635039
0.09889999999999999 1600635039
0.23050000000000015 1600635039
0.09920000000000018 1600635039
0.12040000000000006 1600635039
0.05480000000000018 1600635039
0.2955000000000001 1600635039
0.13680000000000003 1600635039
0.26350000000000007 1600635039
0.44250000000000034 1600635039
0.3649 1600635039
0.17189999999999994 1600635039
0.07600000000000007 1600635039
0.10360000000000014 1600635039
0.11040000000000028 1600635039
0.2703000000000002 1600635039
0.08450000000000024 1600635039
0.08079999999999998 1600635039
0.19710000000000027 1600635039
0.22820000000000018 1600635039
0.29330000000000034 1600635039
0.4283000000000001 1600635039
0.29879999999999995 1600635039
0.17779999999999996 1600635039
0.19710000000000027 1600635039
0.09339999999999993 1600635039
0.38290000000000024 1600635039
0.1936 1600635039
0.1966000000000001 1600635039
0.33110000000000017 1600635039
0.08040000000000003 1600635039
0.07030000000000003 1600635039
0.11739999999999995 1600635039
0.05810000000000004 1600635039
0.13969999999999994 1600635039
0.09060000000000024 1600635039
0.29710000000000036 1600635039
0.13169999999999993 1600635039
0.06490000000000018 1600635039
0.10210000000000008 1600635039
0.11680000000000001 1600635039
0.3329 1600635039
0.13060000000000027 1600635039
0.12740000000000018 1600635039
0.14810000000000034 1600635039
0.12040000000000006 1600635039
0.20040000000000013 1600635039
0.2330000000000001 1600635039
0.14259999999999984 1600635039
0.08990000000000009 1600635039
0.1473 1600635039
0.09210000000000029 1600635039
0.09030000000000005 1600635039
0.07800000000000029 1600635039
0.1533000000000002 1600635039
0.2521 1600635039
0.07440000000000024 1600635039
0.1442000000000001 1600635039
0.09719999999999995 1600635039
0.14610000000000012 1600635039
0.08560000000000034 1600635039
0.07420000000000027 1600635039
0.1926000000000001 1600635039
0.06740000000000013 1600635039
0.08320000000000016 1600635039
0.20730000000000004 1600635039
0.3546 1600635039
0.12390000000000034 1600635039
0.0679000000000003 1600635039
0.3841000000000001 1600635039
0.1269 1600635039
0.1948000000000003 1600635039
0.08820000000000006 1600635039
0.08070000000000022 1600635039
0.1413000000000002 1600635039
0.12360000000000015 1600635039
0.09729999999999972 1600635039
0.11080000000000023 1600635039
0.07780000000000031 1600635039
0.06280000000000019 1600635039
0.08570000000000011 1600635039
0.17430000000000012 1600635039
0.07030000000000003 1600635039
0.08140000000000036 1600635039
0.09960000000000013 1600635039
0.1333000000000002 1600635039
0.12220000000000031 1600635039
0.08360000000000012 1600635039
0.0895999999999999 1600635039
0.06560000000000032 1600635039
0.12539999999999996 1600635039
0.10810000000000031 1600635039
0.09309999999999974 1600635039
0.05630000000000024 1600635039
0.19520000000000026 1600635039
0.2843 1600635039
0.08899999999999997 1600635039
0.09830000000000005 1600635039
0.3187000000000002 1600635039
0.13600000000000012 1600635039
0.06879999999999997 1600635039
0.08470000000000022 1600635039
0.33230000000000004 1600635039
0.19090000000000007 1600635039
0.07580000000000009 1600635039
0.21810000000000018 1600635039
0.11060000000000025 1600635039
0.11699999999999999 1600635039
0.2883 1600635039
0.17810000000000015 1600635039
0.11620000000000008 1600635039
0.1362000000000001 1600635039
0.1354000000000002 1600635039
0.13129999999999997 1600635039
0.2168000000000001 1600635039
0.19330000000000025 1600635039
0.23370000000000024 1600635039
0.41620000000000035 1600635039
0.09220000000000006 1600635039
0.07840000000000025 1600635039
0.14210000000000012 1600635039
0.08740000000000014 1600635039
0.10919999999999996 1600635039
0.0759000000000003 1600635039
0.08939999999999992 1600635039
0.11739999999999995 1600635039
0.05610000000000026 1600635039
0.18080000000000007 1600635039
0.18230000000000013 1600635039
0.08410000000000029 1600635039
0.07230000000000025 1600635039
0.21300000000000008 1600635039
0.10490000000000022 1600635039
0.14329999999999998 1600635039
0.12380000000000013 1600635039
0.07640000000000002 1600635039
0.07939999999999969 1600635039
0.12880000000000003 1600635039
0.31689999999999996 1600635039
0.09140000000000015 1600635039
0.2450000000000001 1600635039
0.0878000000000001 1600635039
0.11359999999999992 1600635039
0.07250000000000023 1600635039
0.1504000000000003 1600635039
0.1333000000000002 1600635039
0.12300000000000022 1600635039
0.09670000000000023 1600635039
0.11630000000000029 1600635039
0.06510000000000016 1600635039
0.20040000000000013 1600635039
0.1990000000000003 1600635039
0.12260000000000026 1600635039
0.121 1600635039
0.31540000000000035 1600635039
0.11800000000000033 1600635039
0.2237 1600635039
0.13890000000000002 1600635039
0.09940000000000015 1600635039
0.09739999999999993 1600635039
0.05420000000000025 1600635039
0.06309999999999993 1600635039
0.0687000000000002 1600635039
0.08260000000000023 1600635039
0.1640999999999999 1600635039
0.12970000000000015 1600635039
0.2754000000000003 1600635039
0.4186000000000001 1600635039
0.13190000000000035 1600635039
0.13060000000000027 1600635039
0.09960000000000013 1600635039
0.23900000000000032 1600635039
0.14369999999999994 1600635039
0.10840000000000005 1600635039
0.20610000000000017 1600635039
0.3290000000000002 1600635039
0.10880000000000001 1600635039
0.06240000000000023 1600635039
0.11359999999999992 1600635039
0.13060000000000027 1600635039
0.08390000000000031 1600635039
0.07520000000000016 1600635039
0.11010000000000009 1600635039
0.12349999999999994 1600635039
0.09640000000000004 1600635039
0.1149 1600635039
0.09640000000000004 1600635039
0.3853 1600635039
0.34960000000000013 1600635039
0.09990000000000032 1600635039
0.06499999999999995 1600635039
0.2763 1600635039
0.13200000000000012 1600635039
0.05900000000000016 1600635039
0.1304000000000003 1600635039
0.06590000000000007 1600635039
0.19340000000000002 1600635039
0.15510000000000002 1600635039
0.06720000000000015 1600635039
0.062100000000000044 1600635039
0.06269999999999998 1600635039
0.18120000000000003 1600635039
0.12119999999999997 1600635039
0.42410000000000014 1600635039
0.0828000000000002 1600635039
0.17070000000000007 1600635039
0.13359999999999994 1600635039
0.2250000000000001 1600635039
0.12150000000000016 1600635039
0.13180000000000014 1600635039
0.07860000000000023 1600635039
0.11560000000000015 1600635039
0.07970000000000033 1600635039
0.09210000000000029 1600635039
0.2913000000000001 1600635039
0.15790000000000015 1600635039
0.07069999999999999 1600635039
0.32299999999999995 1600635039
0.13860000000000028 1600635039
0.07210000000000027 1600635039
0.08590000000000009 1600635039
0.08850000000000025 1600635039
0.10890000000000022 1600635039
0.05590000000000028 1600635039
0.1261000000000001 1600635039
0.2783000000000002 1600635039
0.11719999999999997 1600635039
0.08850000000000025 1600635039
0.08830000000000027 1600635039
0.09440000000000026 1600635039
0.2250000000000001 1600635039
0.10810000000000031 1600635039
0.24090000000000034 1600635039
0.2272000000000003 1600635039
0.2160000000000002 1600635039
0.17399999999999993 1600635039
0.060799999999999965 1600635039
0.20900000000000007 1600635039
0.34230000000000027 1600635039
0.07469999999999999 1600635039
0.10289999999999999 1600635039
0.07850000000000001 1600635039
0.18880000000000008 1600635039
0.06340000000000012 1600635039
0.34929999999999994 1600635039
0.1828000000000003 1600635039
0.06219999999999981 1600635039
0.1271 1600635039
0.19779999999999998 1600635039
