13.6165 1600642218
11.5456 1600642218
15.8342 1600642218
13.6493 1600642218
12.379299999999999 1600642218
13.2461 1600642218
21.4405 1600642218
13.5758 1600642218
11.503 1600642218
12.7562 1600642218
14.094899999999999 1600642218
11.9823 1600642218
20.8065 1600642218
10.8814 1600642218
12.6687 1600642218
13.9483 1600642218
13.9131 1600642218
14.0931 1600642218
12.0724 1600642218
20.8283 1600642218
13.187199999999999 1600642218
10.1641 1600642218
15.7228 1600642218
11.4556 1600642218
12.856399999999999 1600642218
21.8417 1600642218
10.645399999999999 1600642218
12.292399999999999 1600642218
13.6707 1600642218
12.1929 1600642218
15.0193 1600642218
11.099699999999999 1600642218
20.6378 1600642218
13.8597 1600642218
11.361099999999999 1600642218
12.352799999999998 1600642218
14.2395 1600642218
12.6664 1600642218
17.6072 1600642218
12.6096 1600642218
12.209 1600642218
15.4925 1600642218
11.348799999999999 1600642218
11.526299999999999 1600642218
10.8317 1600642218
19.2167 1600642218
11.7031 1600642218
14.7722 1600642218
10.8666 1600642218
14.2148 1600642218
12.0593 1600642218
19.3524 1600642218
11.3487 1600642218
14.1817 1600642218
14.232999999999999 1600642218
11.323200000000002 1600642218
11.106 1600642218
13.135299999999999 1600642218
21.582 1600642218
12.039299999999999 1600642218
12.259699999999999 1600642218
11.0968 1600642218
10.321399999999999 1600642218
14.7068 1600642218
20.8754 1600642218
13.8052 1600642218
12.365599999999999 1600642218
15.5831 1600642218
16.362199999999998 1600642218
12.9817 1600642218
11.168099999999999 1600642218
21.3128 1600642218
17.9113 1600642218
13.3073 1600642218
13.337299999999999 1600642218
14.002099999999999 1600642218
10.999799999999999 1600642218
21.467399999999998 1600642218
14.5145 1600642218
12.625399999999999 1600642218
11.3624 1600642218
13.2821 1600642218
14.362 1600642218
12.6642 1600642218
21.0136 1600642218
13.3302 1600642218
12.680399999999999 1600642218
12.764299999999999 1600642218
12.3711 1600642218
14.6525 1600642218
16.3199 1600642218
10.9313 1600642218
14.832699999999999 1600642218
11.315199999999999 1600642218
11.1884 1600642218
17.290599999999998 1600642218
11.8424 1600642218
20.47 1600642218
16.3795 1600642218
10.8469 1600642218
11.613199999999999 1600642218
14.1427 1600642218
10.5252 1600642218
21.3376 1600642218
15.846 1600642218
13.8911 1600642218
13.8912 1600642218
14.524 1600642218
15.2561 1600642218
12.622399999999999 1600642218
20.1189 1600642218
9.7335 1600642218
10.888599999999999 1600642218
12.6916 1600642218
14.218499999999999 1600642218
13.200099999999999 1600642218
18.7946 1600642218
11.9374 1600642218
13.9665 1600642218
12.6045 1600642218
11.4643 1600642218
15.1965 1600642218
11.9374 1600642218
18.3022 1600642218
14.500599999999999 1600642218
11.8669 1600642218
10.457799999999999 1600642218
12.1444 1600642218
11.8665 1600642218
20.751 1600642218
15.638399999999999 1600642218
11.2639 1600642218
10.572799999999999 1600642218
12.7051 1600642218
12.6814 1600642218
13.1488 1600642218
20.8498 1600642218
10.8795 1600642218
13.3802 1600642218
13.809 1600642218
15.6905 1600642218
11.0025 1600642218
20.6544 1600642218
11.706 1600642218
14.2691 1600642218
13.8124 1600642218
15.274199999999999 1600642218
10.7831 1600642218
13.584999999999999 1600642218
14.974599999999999 1600642218
14.8365 1600642218
11.5261 1600642218
14.1043 1600642218
13.336599999999999 1600642218
11.2684 1600642218
21.3769 1600642218
13.424 1600642218
15.4879 1600642218
11.3821 1600642218
14.0472 1600642218
11.113999999999999 1600642218
13.461 1600642218
14.843399999999999 1600642218
11.962399999999999 1600642218
16.1467 1600642218
10.8426 1600642218
12.9184 1600642218
12.1273 1600642218
20.9222 1600642218
12.463299999999998 1600642218
10.322 1600642218
12.8713 1600642218
12.8708 1600642218
14.5543 1600642218
20.7241 1600642218
13.582699999999999 1600642218
13.582699999999999 1600642218
12.6814 1600642218
10.1595 1600642218
12.043199999999999 1600642218
12.891399999999999 1600642218
19.804199999999998 1600642218
13.2506 1600642218
13.8913 1600642218
14.912799999999999 1600642218
11.282599999999999 1600642218
10.645399999999999 1600642218
21.4456 1600642218
14.3695 1600642218
12.504399999999999 1600642218
13.5364 1600642218
10.3272 1600642218
10.0633 1600642218
13.100299999999999 1600642218
20.676299999999998 1600642218
10.8316 1600642218
12.6684 1600642218
11.5803 1600642218
14.5838 1600642218
13.624 1600642218
18.546499999999998 1600642218
12.6843 1600642218
15.270900000000001 1600642218
12.3756 1600642218
12.0068 1600642218
13.4911 1600642218
10.449000000000002 1600642218
15.519300000000001 1600642218
13.126 1600642218
13.5183 1600642218
11.475299999999999 1600642218
13.495999999999999 1600642218
11.985899999999999 1600642218
20.9898 1600642218
11.3241 1600642218
11.9872 1600642218
15.292 1600642218
13.1544 1600642218
10.319 1600642218
12.7277 1600642218
20.7316 1600642218
11.7423 1600642218
12.8923 1600642218
13.2935 1600642218
13.2936 1600642218
12.258899999999999 1600642218
21.9387 1600642218
10.999899999999998 1600642218
10.1425 1600642218
11.5024 1600642218
13.2419 1600642218
15.430299999999999 1600642218
11.502199999999998 1600642218
20.459699999999998 1600642218
11.362499999999999 1600642218
13.9284 1600642218
14.3924 1600642218
12.6055 1600642218
12.664 1600642218
20.700599999999998 1600642218
16.2582 1600642218
12.914399999999999 1600642218
9.994299999999999 1600642218
12.2449 1600642218
19.3144 1600642218
13.711599999999999 1600642218
21.0306 1600642218
13.2716 1600642218
11.1884 1600642218
14.921999999999999 1600642218
11.1884 1600642218
12.8217 1600642218
20.0651 1600642218
12.6647 1600642218
14.2198 1600642218
12.1489 1600642218
12.1307 1600642218
13.681 1600642218
10.206999999999999 1600642218
17.3649 1600642218
15.4734 1600642218
13.5358 1600642218
15.3685 1600642218
12.0572 1600642218
10.4816 1600642218
20.1179 1600642218
13.378499999999999 1600642218
11.920399999999999 1600642218
15.5845 1600642218
11.6501 1600642218
15.5291 1600642218
11.8022 1600642218
20.4413 1600642218
11.3578 1600642218
11.354899999999999 1600642218
13.601099999999999 1600642218
14.3425 1600642218
13.5753 1600642218
20.706699999999998 1600642218
12.4216 1600642218
11.866399999999999 1600642218
14.594299999999999 1600642218
11.866299999999999 1600642218
13.9831 1600642218
13.972199999999999 1600642218
20.0615 1600642218
13.097199999999999 1600642218
14.9064 1600642218
11.6256 1600642218
14.895299999999999 1600642218
10.5535 1600642218
21.299799999999998 1600642218
11.002699999999999 1600642218
12.713 1600642218
12.6855 1600642218
13.809099999999999 1600642218
13.795499999999999 1600642218
12.6813 1600642218
15.0572 1600642218
2.6105 1600642218
13.771799999999999 1600642218
10.783 1600642218
14.1957 1600642218
9.9301 1600642218
21.4812 1600642218
14.680299999999999 1600642218
13.336599999999999 1600642218
14.7206 1600642218
15.4055 1600642218
10.8525 1600642218
13.1116 1600642218
20.7528 1600642218
14.5922 1600642218
9.812299999999999 1600642218
13.4246 1600642218
11.2866 1600642218
11.3752 1600642218
19.1841 1600642218
12.6891 1600642218
14.125399999999999 1600642218
12.604 1600642218
10.794699999999999 1600642218
15.1806 1600642218
13.261 1600642218
19.2043 1600642218
10.482999999999999 1600642218
11.292399999999999 1600642218
13.049299999999999 1600642218
12.9994 1600642218
13.747399999999999 1600642218
20.7242 1600642218
12.994299999999999 1600642218
11.3807 1600642218
13.2715 1600642218
15.195799999999998 1600642218
13.270999999999999 1600642218
10.8356 1600642218
16.802 1600642218
13.9051 1600642218
12.6868 1600642218
15.443999999999999 1600642218
11.8957 1600642218
11.4627 1600642218
18.0368 1600642218
12.349 1600642218
10.1822 1600642218
12.884699999999999 1600642218
10.8878 1600642218
11.748899999999999 1600642218
18.3435 1600642218
10.8314 1600642218
10.8826 1600642218
11.8508 1600642218
14.3148 1600642218
14.552 1600642218
16.118 1600642218
19.376 1600642218
10.881499999999999 1600642218
13.3186 1600642218
13.4582 1600642218
11.4492 1600642218
13.418 1600642218
20.0858 1600642218
11.985899999999999 1600642218
12.018099999999999 1600642218
13.8963 1600642218
13.8217 1600642218
11.475499999999998 1600642218
10.309999999999999 1600642218
19.1893 1600642218
15.2919 1600642218
12.6809 1600642218
11.267199999999999 1600642218
11.355699999999999 1600642218
14.2374 1600642218
16.749399999999998 1600642218
14.572899999999999 1600642218
4.371600000000001 1600642218
14.5726 1600642218
11.751299999999999 1600642218
13.2761 1600642218
10.253499999999999 1600642218
20.4668 1600642218
13.531799999999999 1600642218
11.8965 1600642218
13.7736 1600642218
11.8925 1600642218
13.8979 1600642218
21.14 1600642218
11.3624 1600642218
14.343499999999999 1600642218
11.8188 1600642218
14.5182 1600642218
12.842799999999999 1600642218
11.362699999999998 1600642218
21.096999999999998 1600642218
11.5045 1600642218
12.8286 1600642218
12.653599999999999 1600642218
12.8547 1600642218
10.0276 1600642218
20.9275 1600642218
12.7693 1600642218
13.3934 1600642218
13.357199999999999 1600642218
15.655299999999999 1600642218
12.056999999999999 1600642218
13.6303 1600642218
19.546 1600642218
10.2068 1600642218
15.333499999999999 1600642218
12.344199999999999 1600642218
12.002699999999999 1600642218
10.427399999999999 1600642218
20.5822 1600642218
11.3559 1600642218
11.4089 1600642218
11.885299999999999 1600642218
11.4308 1600642218
11.238999999999999 1600642218
12.7298 1600642218
21.4356 1600642218
14.5725 1600642218
13.363199999999999 1600642218
13.6307 1600642218
11.6159 1600642218
10.0643 1600642218
19.7242 1600642218
17.9142 1600642218
11.044699999999999 1600642218
12.677399999999999 1600642218
13.8807 1600642218
13.880799999999999 1600642218
11.044599999999999 1600642218
18.1278 1600642218
11.408 1600642218
12.8529 1600642218
14.559899999999999 1600642218
12.8529 1600642218
14.301499999999999 1600642218
21.496199999999998 1600642218
12.8552 1600642218
12.854999999999999 1600642218
16.884 1600642218
12.8469 1600642218
13.075 1600642218
13.193499999999998 1600642218
21.299699999999998 1600642218
13.7968 1600642218
13.2113 1600642218
13.7713 1600642218
16.9092 1600642218
12.221 1600642218
21.3763 1600642218
14.1953 1600642218
10.0795 1600642218
13.2798 1600642218
13.9047 1600642218
14.1714 1600642218
9.8805 1600642218
19.2565 1600642218
10.720099999999999 1600642218
10.7176 1600642218
12.0992 1600642218
12.6509 1600642218
12.143799999999999 1600642218
19.8014 1600642218
11.9439 1600642218
12.330599999999999 1600642218
14.1276 1600642218
11.615599999999999 1600642218
14.709499999999998 1600642218
11.615499999999999 1600642218
20.6455 1600642218
11.7485 1600642218
10.8967 1600642218
11.5094 1600642218
13.2365 1600642218
12.022 1600642218
20.9023 1600642218
11.4313 1600642218
13.9877 1600642218
13.7471 1600642218
14.5265 1600642218
13.7472 1600642218
11.4314 1600642218
19.6834 1600642218
13.1862 1600642218
11.3461 1600642218
12.949 1600642218
12.085199999999999 1600642218
13.178099999999999 1600642218
19.8049 1600642218
11.462299999999999 1600642218
12.745999999999999 1600642218
13.992899999999999 1600642218
15.7187 1600642218
10.645399999999999 1600642218
12.2698 1600642218
20.846799999999998 1600642218
12.8764 1600642218
13.0378 1600642218
12.3487 1600642218
14.010299999999999 1600642218
11.7486 1600642218
16.0307 1600642218
11.3142 1600642218
11.5482 1600642218
12.6497 1600642218
11.501199999999999 1600642218
12.249699999999999 1600642218
13.264899999999999 1600642218
