1.275 1600350983
1.4385999999999999 1600350983
1.5546 1600350983
1.5023000000000002 1600350983
1.5577999999999999 1600350983
1.5037 1600350983
1.5607 1600350983
1.5450999999999997 1600350983
1.5186 1600350983
1.5476000000000003 1600350983
1.6657999999999997 1600350983
1.2666 1600350983
1.5765999999999998 1600350983
1.4216000000000002 1600350983
1.5062 1600350983
1.5020999999999998 1600350983
1.4265999999999999 1600350983
1.2696 1600350983
1.2657 1600350983
1.3126999999999998 1600350983
1.3919 1600350983
1.5172 1600350983
1.4963999999999997 1600350983
1.4571 1600350983
1.5246 1600350983
1.3276999999999999 1600350983
1.3072 1600350983
1.5035999999999998 1600350983
1.6417 1600350983
1.5292999999999999 1600350983
1.4151 1600350983
1.5058 1600350983
1.6375000000000002 1600350983
1.5125 1600350983
1.2934999999999999 1600350983
1.2486 1600350983
1.5089 1600350983
1.5652 1600350983
1.4189 1600350983
1.4929000000000001 1600350983
1.4165 1600350983
1.5196 1600350983
1.6865 1600350983
1.6597 1600350983
1.5565 1600350983
1.5185 1600350983
1.2497 1600350983
1.5566 1600350983
1.321 1600350983
1.4918999999999998 1600350983
1.6295 1600350983
1.5203 1600350983
1.503 1600350983
1.5295 1600350983
1.5024 1600350983
1.5052 1600350983
1.5557 1600350983
1.5055999999999998 1600350983
1.5156999999999998 1600350983
1.6307 1600350983
1.5393999999999999 1600350983
1.2397 1600350983
1.5625 1600350983
1.498 1600350983
1.4429 1600350983
1.2764000000000002 1600350983
1.4969999999999999 1600350983
1.497 1600350983
1.4982000000000002 1600350983
1.4997 1600350983
1.4352999999999998 1600350983
1.2643 1600350983
1.3457999999999999 1600350983
1.5049000000000001 1600350983
1.5179 1600350983
1.3236 1600350983
1.5278000000000003 1600350983
1.5133999999999999 1600350983
1.4508 1600350983
1.5229000000000001 1600350983
1.5722000000000003 1600350983
1.5018999999999998 1600350983
1.5073 1600350983
1.5257999999999998 1600350983
1.5595 1600350983
1.5005000000000002 1600350983
1.5783999999999998 1600350983
1.5209 1600350983
1.4997000000000003 1600350983
1.5069 1600350983
1.4237999999999997 1600350983
1.6387 1600350983
1.5318999999999998 1600350983
1.6351 1600350983
1.3438999999999999 1600350983
1.5174999999999998 1600350983
1.4954 1600350983
1.3292999999999997 1600350983
1.5051999999999999 1600350983
1.6468 1600350983
1.5699 1600350983
1.2398999999999998 1600350983
1.4592 1600350983
1.2704999999999997 1600350983
1.5193 1600350983
1.2643000000000002 1600350983
1.4084999999999999 1600350983
1.4552 1600350983
1.3205 1600350983
1.6874 1600350983
1.6319 1600350983
1.2747 1600350983
1.5019000000000002 1600350983
1.4144 1600350983
1.5584999999999998 1600350983
1.5546 1600350983
1.5244000000000002 1600350983
1.5206000000000002 1600350983
1.6462 1600350983
1.5045000000000002 1600350983
1.5190000000000001 1600350983
1.2818 1600350983
1.5379 1600350983
1.4164 1600350983
1.2698 1600350983
1.5063000000000002 1600350983
1.4195 1600350983
1.5051 1600350983
1.5015999999999998 1600350983
1.5010000000000001 1600350983
1.4922000000000002 1600350983
1.2864 1600350983
1.5716999999999999 1600350983
1.3645 1600350983
1.5197 1600350983
1.2993000000000001 1600350983
1.6324000000000003 1600350983
1.5135000000000003 1600350983
1.6371999999999998 1600350983
1.2677000000000003 1600350983
1.4121000000000001 1600350983
1.3262999999999998 1600350983
1.5105999999999997 1600350983
1.2973999999999999 1600350983
1.5146 1600350983
1.5609 1600350983
1.5221999999999998 1600350983
1.4958 1600350983
1.5210000000000001 1600350983
1.4306 1600350983
1.5129000000000001 1600350983
1.6408999999999998 1600350983
1.2382000000000002 1600350983
1.4233 1600350983
1.3271 1600350983
1.2756 1600350983
1.5168000000000001 1600350983
1.5218999999999998 1600350983
1.3042 1600350983
1.4191000000000003 1600350983
1.4234 1600350983
1.5392 1600350983
1.5085000000000002 1600350983
1.4415 1600350983
1.5596999999999999 1600350983
1.4246999999999999 1600350983
1.4212000000000002 1600350983
1.4303 1600350983
1.4148000000000003 1600350983
1.6492999999999998 1600350983
1.4253000000000002 1600350983
1.5238999999999998 1600350983
1.5316 1600350983
1.274 1600350983
1.5392000000000001 1600350983
1.6360000000000001 1600350983
1.5091999999999999 1600350983
1.5093999999999999 1600350983
1.5722999999999998 1600350983
1.5072 1600350983
1.5639999999999998 1600350983
1.3295000000000001 1600350983
1.3260000000000003 1600350983
1.4158 1600350983
1.4408 1600350983
1.5227 1600350983
1.2697 1600350983
1.3519999999999999 1600350983
1.5186000000000002 1600350983
1.5708 1600350983
1.426 1600350983
1.5575999999999999 1600350983
1.4427 1600350983
1.5053 1600350983
1.6371000000000002 1600350983
1.4999999999999998 1600350983
1.4183000000000001 1600350983
1.5402000000000002 1600350983
1.2643 1600350983
1.4243999999999999 1600350983
1.3188 1600350983
1.4255000000000002 1600350983
1.6318000000000001 1600350983
1.4693 1600350983
1.3234000000000001 1600350983
1.3628 1600350983
1.5197 1600350983
1.5504000000000002 1600350983
1.3701999999999999 1600350983
1.4259 1600350983
1.4474 1600350983
1.5214 1600350983
1.4928 1600350983
1.5643 1600350983
1.2719000000000003 1600350983
1.5127 1600350983
1.4400000000000002 1600350983
1.3239 1600350983
1.5052 1600350983
1.4111999999999998 1600350983
1.4250999999999998 1600350983
1.5679999999999998 1600350983
1.4319000000000002 1600350983
1.5595 1600350983
1.3462999999999998 1600350983
1.5015999999999998 1600350983
1.5673 1600350983
1.2473 1600350983
1.5609000000000002 1600350983
1.278 1600350983
1.4358 1600350983
1.3625 1600350983
1.6462999999999999 1600350983
1.3086000000000002 1600350983
1.4392000000000003 1600350983
1.5092000000000003 1600350983
1.5582000000000003 1600350983
1.3263 1600350983
1.4261 1600350983
1.5093 1600350983
1.5088000000000001 1600350983
1.4229 1600350983
1.5164000000000002 1600350983
1.3309000000000002 1600350983
1.5338 1600350983
1.512 1600350983
1.4288000000000003 1600350983
1.5055 1600350983
1.5002 1600350983
1.5058999999999998 1600350983
1.4969999999999999 1600350983
1.3038 1600350983
1.5137 1600350983
1.3044 1600350983
1.5282999999999998 1600350983
1.5009000000000001 1600350983
1.5287 1600350983
1.5242000000000002 1600350983
1.5200999999999998 1600350983
1.2724000000000002 1600350983
1.4991999999999999 1600350983
1.5668999999999997 1600350983
1.4337 1600350983
1.5120000000000002 1600350983
1.2996999999999999 1600350983
1.4202 1600350983
1.5060999999999998 1600350983
1.3266 1600350983
1.5705999999999998 1600350983
1.331 1600350983
1.5382000000000002 1600350983
1.5536999999999999 1600350983
1.4466 1600350983
1.5172 1600350983
1.4201000000000001 1600350983
1.5733 1600350983
1.5132999999999999 1600350983
1.4285999999999999 1600350983
1.6894 1600350983
1.5084 1600350983
1.4236 1600350983
1.5053999999999998 1600350983
1.4456 1600350983
1.5179000000000002 1600350983
1.2692 1600350983
1.5062000000000002 1600350983
1.2664 1600350983
1.6421000000000001 1600350983
1.5636 1600350983
1.5538 1600350983
1.4911000000000003 1600350983
1.5248 1600350983
1.2449000000000001 1600350983
1.5009 1600350983
1.2823999999999998 1600350983
1.6334 1600350983
1.5002999999999997 1600350983
1.5061000000000002 1600350983
1.4999999999999998 1600350983
1.4649999999999999 1600350983
1.5545999999999998 1600350983
1.4331999999999998 1600350983
1.6292000000000002 1600350983
1.5644 1600350983
1.4243 1600350983
1.5621999999999998 1600350983
1.5729000000000002 1600350983
1.5067 1600350983
1.4556 1600350983
1.5023999999999997 1600350983
1.5180000000000002 1600350983
1.5146 1600350983
1.4344 1600350983
1.3233 1600350983
1.3210000000000002 1600350983
1.5673000000000001 1600350983
1.5438 1600350983
1.3282000000000003 1600350983
1.4361000000000002 1600350983
1.319 1600350983
1.6944000000000001 1600350983
1.4557999999999998 1600350983
1.5222999999999998 1600350983
1.5153999999999999 1600350983
1.5559000000000003 1600350983
1.5261999999999998 1600350983
1.5493 1600350983
1.4971999999999999 1600350983
1.4985 1600350983
1.5762 1600350983
1.5074999999999998 1600350983
1.4158000000000002 1600350983
1.6331000000000002 1600350983
1.4436 1600350983
1.6326 1600350983
1.5234999999999999 1600350983
1.2959 1600350983
1.3730000000000002 1600350983
1.5082999999999998 1600350983
1.6173 1600350983
1.496 1600350983
1.5704 1600350983
1.5258999999999998 1600350983
1.4460000000000002 1600350983
1.5161 1600350983
1.411 1600350983
1.3333 1600350983
1.6345999999999998 1600350983
1.5478999999999998 1600350983
1.3138999999999998 1600350983
1.25 1600350983
1.547 1600350983
1.5061 1600350983
1.4295 1600350983
1.2669 1600350983
1.3147000000000002 1600350983
1.5142 1600350983
1.5542 1600350983
1.4144 1600350983
1.6435 1600350983
1.5224000000000002 1600350983
1.4966000000000002 1600350983
1.5467000000000002 1600350983
1.5492 1600350983
1.5029 1600350983
1.5353999999999999 1600350983
1.4878 1600350983
1.5137000000000003 1600350983
1.5074999999999998 1600350983
1.4537 1600350983
1.689 1600350983
1.5708 1600350983
1.2672999999999999 1600350983
1.5618 1600350983
1.5079 1600350983
1.2660000000000002 1600350983
1.5391 1600350983
1.5393 1600350983
1.4456 1600350983
1.5376999999999998 1600350983
1.5717999999999999 1600350983
1.5188 1600350983
1.6300999999999999 1600350983
1.3645 1600350983
1.6325999999999998 1600350983
1.5735 1600350983
1.4436 1600350983
1.5268 1600350983
1.5443000000000002 1600350983
1.5211 1600350983
1.4931 1600350983
1.4998 1600350983
1.4380000000000002 1600350983
1.2462000000000002 1600350983
1.5083000000000002 1600350983
1.4903000000000002 1600350983
1.4976 1600350983
1.4932 1600350983
1.4225 1600350983
1.498 1600350983
1.5003999999999997 1600350983
1.2928 1600350983
1.5110000000000001 1600350983
1.4185 1600350983
1.3216999999999999 1600350983
1.4252000000000002 1600350983
1.4103999999999999 1600350983
1.5205 1600350983
1.5602 1600350983
1.6346000000000003 1600350983
1.5018999999999998 1600350983
1.5162000000000002 1600350983
1.4409 1600350983
1.4203 1600350983
1.6380000000000001 1600350983
1.3905999999999998 1600350983
1.5423 1600350983
1.5083 1600350983
1.5489999999999997 1600350983
1.4162000000000001 1600350983
1.6868 1600350983
1.5156 1600350983
1.6667 1600350983
1.4975 1600350983
1.5016999999999998 1600350983
1.6343 1600350983
1.5169 1600350983
1.4391 1600350983
1.5186000000000002 1600350983
1.3684 1600350983
1.1755000000000002 1600350983
1.4168 1600350983
1.4946000000000002 1600350983
1.4825000000000002 1600350983
1.4198 1600350983
1.2893000000000001 1600350983
1.4438 1600350983
1.5209000000000001 1600350983
1.3179 1600350983
1.5082 1600350983
1.5133 1600350983
1.5074999999999998 1600350983
1.502 1600350983
1.5037 1600350983
1.5182999999999998 1600350983
1.5186 1600350983
1.5135 1600350983
1.3326000000000002 1600350983
1.4285 1600350983
1.4983 1600350983
1.6439999999999997 1600350983
1.5080999999999998 1600350983
1.2678000000000003 1600350983
1.5648 1600350983
1.5635000000000001 1600350983
1.5040000000000002 1600350983
1.5146 1600350983
1.5594 1600350983
1.4197000000000002 1600350983
1.2614 1600350983
1.2436 1600350983
1.4350999999999998 1600350983
1.5403000000000002 1600350983
1.3244000000000002 1600350983
1.3645999999999998 1600350983
1.5067 1600350983
1.5259 1600350983
1.4929000000000001 1600350983
1.3189000000000002 1600350983
1.5158 1600350983
1.5404999999999998 1600350983
1.4310000000000003 1600350983
1.4974 1600350983
1.4691999999999998 1600350983
1.4990999999999999 1600350983
1.5123999999999997 1600350983
1.2746 1600350983
1.6294000000000002 1600350983
1.6472 1600350983
1.5722999999999998 1600350983
1.4321 1600350983
1.5144 1600350983
1.5575999999999999 1600350983
1.6372999999999998 1600350983
1.5554000000000001 1600350983
1.4489999999999998 1600350983
1.6712 1600350983
1.5070000000000001 1600350983
1.3269000000000002 1600350983
1.5205000000000002 1600350983
1.4027999999999998 1600350983
1.4996 1600350983
1.4842 1600350983
1.4217000000000002 1600350983
1.5063000000000002 1600350983
1.6363999999999999 1600350983
1.4282000000000001 1600350983
1.5099999999999998 1600350983
1.2507 1600350983
1.5761 1600350983
1.4225999999999999 1600350983
1.5639999999999998 1600350983
1.5074999999999998 1600350983
1.4399 1600350983
1.2640000000000002 1600350983
1.5566000000000002 1600350983
1.5227 1600350983
1.4999 1600350983
1.4949000000000001 1600350983
1.2773 1600350983
1.5674000000000001 1600350983
1.5136 1600350983
