0.42899999999999994 1600216687
0.41259999999999997 1600216687
0.3449 1600216687
0.33299999999999996 1600216687
0.33910000000000007 1600216687
0.4216 1600216687
0.40159999999999996 1600216687
0.35749999999999993 1600216687
0.3851 1600216687
0.40679999999999994 1600216687
0.395 1600216687
0.4544999999999999 1600216687
0.38749999999999996 1600216687
0.46440000000000003 1600216687
0.35560000000000014 1600216687
0.4009999999999999 1600216687
0.42710000000000015 1600216687
0.42600000000000005 1600216687
0.41859999999999997 1600216687
0.4236000000000001 1600216687
0.4129999999999999 1600216687
0.31999999999999995 1600216687
0.34709999999999996 1600216687
0.42790000000000006 1600216687
0.4104 1600216687
0.3830000000000001 1600216687
0.4172000000000001 1600216687
0.4122 1600216687
0.36450000000000005 1600216687
0.3524999999999999 1600216687
0.4203999999999999 1600216687
0.41910000000000003 1600216687
0.3448 1600216687
0.4533999999999999 1600216687
0.4345 1600216687
0.4358000000000001 1600216687
0.41400000000000003 1600216687
0.41079999999999994 1600216687
0.3870999999999999 1600216687
0.3793000000000001 1600216687
0.42520000000000013 1600216687
0.34840000000000004 1600216687
0.42279999999999995 1600216687
0.4212 1600216687
0.4175 1600216687
0.3938999999999999 1600216687
0.3506 1600216687
0.3528000000000001 1600216687
0.4183 1600216687
0.34739999999999993 1600216687
0.46629999999999994 1600216687
0.39969999999999994 1600216687
0.3498000000000001 1600216687
0.3941000000000001 1600216687
0.28580000000000005 1600216687
0.4583999999999999 1600216687
0.4064 1600216687
0.4162 1600216687
0.3748 1600216687
0.27370000000000005 1600216687
0.4374999999999999 1600216687
0.3497 1600216687
0.41689999999999994 1600216687
0.41889999999999994 1600216687
0.3933000000000001 1600216687
0.34110000000000007 1600216687
0.4799 1600216687
0.23620000000000008 1600216687
0.41870000000000007 1600216687
0.4144 1600216687
0.3763000000000001 1600216687
0.40590000000000004 1600216687
0.41770000000000007 1600216687
0.4132 1600216687
0.43390000000000006 1600216687
0.40280000000000005 1600216687
0.34850000000000003 1600216687
0.4035000000000001 1600216687
0.4190999999999999 1600216687
0.41580000000000006 1600216687
0.34750000000000003 1600216687
0.4163000000000001 1600216687
0.3433999999999999 1600216687
0.37919999999999987 1600216687
0.4493999999999999 1600216687
0.4152000000000001 1600216687
0.40439999999999987 1600216687
0.39160000000000006 1600216687
0.4103000000000001 1600216687
0.3490000000000001 1600216687
0.4115 1600216687
0.35919999999999996 1600216687
0.3335 1600216687
0.34419999999999995 1600216687
0.4577999999999999 1600216687
0.3899 1600216687
0.4135 1600216687
0.4677 1600216687
0.4615 1600216687
0.3790000000000001 1600216687
0.4135 1600216687
0.39569999999999994 1600216687
0.4094000000000001 1600216687
0.3899 1600216687
0.3769 1600216687
0.39680000000000004 1600216687
0.38870000000000005 1600216687
0.402 1600216687
0.4234 1600216687
0.39790000000000003 1600216687
0.4132999999999999 1600216687
0.3922 1600216687
0.3953 1600216687
0.3919 1600216687
0.39790000000000003 1600216687
0.3992 1600216687
0.41859999999999997 1600216687
0.39549999999999996 1600216687
0.3138000000000001 1600216687
0.4367 1600216687
0.40070000000000006 1600216687
0.3235999999999999 1600216687
0.42599999999999993 1600216687
0.39590000000000003 1600216687
0.4607 1600216687
0.39780000000000004 1600216687
0.4675 1600216687
0.39880000000000015 1600216687
0.3758999999999999 1600216687
0.41580000000000006 1600216687
0.41379999999999995 1600216687
0.34809999999999997 1600216687
0.37940000000000007 1600216687
0.3142999999999999 1600216687
0.3567 1600216687
0.4052000000000001 1600216687
0.3400000000000001 1600216687
0.39659999999999995 1600216687
0.34230000000000016 1600216687
0.4194000000000001 1600216687
0.38670000000000015 1600216687
0.3581000000000001 1600216687
0.41969999999999985 1600216687
0.41600000000000004 1600216687
0.3591 1600216687
0.40990000000000004 1600216687
0.39849999999999997 1600216687
0.29180000000000006 1600216687
0.4185000000000001 1600216687
0.45899999999999996 1600216687
0.34209999999999996 1600216687
0.4096000000000001 1600216687
0.4129999999999999 1600216687
0.3625999999999999 1600216687
0.4567999999999999 1600216687
0.41289999999999993 1600216687
0.35130000000000006 1600216687
0.32130000000000014 1600216687
0.42000000000000004 1600216687
0.41189999999999993 1600216687
0.3859 1600216687
0.40700000000000003 1600216687
0.4580000000000001 1600216687
0.3748 1600216687
0.42369999999999997 1600216687
0.3959999999999999 1600216687
0.42989999999999995 1600216687
0.40990000000000004 1600216687
0.38980000000000004 1600216687
0.34309999999999996 1600216687
0.4673999999999999 1600216687
0.2964 1600216687
0.4071999999999999 1600216687
0.3850999999999999 1600216687
0.3990999999999999 1600216687
0.4113999999999999 1600216687
0.34189999999999987 1600216687
0.4023 1600216687
0.4207000000000001 1600216687
0.3971 1600216687
0.3498999999999999 1600216687
0.39060000000000006 1600216687
0.4444 1600216687
0.4033000000000001 1600216687
0.3902 1600216687
0.4615 1600216687
0.3897999999999999 1600216687
0.46230000000000004 1600216687
0.45499999999999996 1600216687
0.35209999999999986 1600216687
0.4406 1600216687
0.39979999999999993 1600216687
0.4186000000000001 1600216687
0.41490000000000005 1600216687
0.4216 1600216687
0.43099999999999994 1600216687
0.36339999999999995 1600216687
0.41500000000000004 1600216687
0.4215000000000001 1600216687
0.33220000000000005 1600216687
0.38439999999999996 1600216687
0.46640000000000004 1600216687
0.392 1600216687
0.3662000000000001 1600216687
0.3921 1600216687
0.40290000000000004 1600216687
0.3526 1600216687
0.3969999999999999 1600216687
0.4072 1600216687
0.3617999999999999 1600216687
0.46810000000000007 1600216687
0.3416 1600216687
0.42290000000000005 1600216687
0.41259999999999997 1600216687
0.4029999999999999 1600216687
0.40369999999999995 1600216687
0.41570000000000007 1600216687
0.38780000000000014 1600216687
0.43920000000000003 1600216687
0.40470000000000006 1600216687
0.38550000000000006 1600216687
0.3414999999999999 1600216687
0.43599999999999994 1600216687
0.3952000000000001 1600216687
0.39249999999999996 1600216687
0.34319999999999995 1600216687
0.39159999999999995 1600216687
0.43400000000000005 1600216687
0.41590000000000005 1600216687
0.4162999999999999 1600216687
0.3822 1600216687
0.4161 1600216687
0.41389999999999993 1600216687
0.39990000000000003 1600216687
0.4032000000000001 1600216687
0.347 1600216687
0.3619 1600216687
0.31600000000000006 1600216687
0.3972000000000001 1600216687
0.34550000000000003 1600216687
0.3586999999999999 1600216687
0.42780000000000007 1600216687
0.41870000000000007 1600216687
0.42080000000000006 1600216687
0.39390000000000003 1600216687
0.45319999999999994 1600216687
0.34930000000000005 1600216687
0.3847999999999999 1600216687
0.29800000000000004 1600216687
0.3972 1600216687
0.42079999999999995 1600216687
0.41690000000000005 1600216687
0.40460000000000007 1600216687
0.39669999999999994 1600216687
0.4297000000000001 1600216687
0.4018999999999999 1600216687
0.4139999999999999 1600216687
0.4063999999999999 1600216687
0.4101 1600216687
0.42210000000000003 1600216687
0.4305 1600216687
0.41379999999999995 1600216687
0.42190000000000016 1600216687
0.3881 1600216687
0.33399999999999996 1600216687
0.45799999999999996 1600216687
0.3930000000000001 1600216687
0.39 1600216687
0.43099999999999994 1600216687
0.3679 1600216687
0.3945000000000001 1600216687
0.4647 1600216687
0.3618999999999999 1600216687
0.3541000000000001 1600216687
0.4093999999999999 1600216687
0.38049999999999995 1600216687
0.4213 1600216687
0.2834 1600216687
0.41789999999999994 1600216687
0.3366000000000001 1600216687
0.3721 1600216687
0.3921 1600216687
0.39180000000000004 1600216687
0.41090000000000004 1600216687
0.3843 1600216687
0.4175 1600216687
0.3405 1600216687
0.40260000000000007 1600216687
0.4159999999999999 1600216687
0.4155 1600216687
0.39570000000000005 1600216687
0.46629999999999994 1600216687
0.4236000000000001 1600216687
0.3032 1600216687
0.45899999999999985 1600216687
0.37350000000000005 1600216687
0.41400000000000003 1600216687
0.4515 1600216687
0.38570000000000015 1600216687
0.40039999999999987 1600216687
0.4667000000000001 1600216687
0.41300000000000003 1600216687
0.4687999999999999 1600216687
0.36030000000000006 1600216687
0.46020000000000005 1600216687
0.4060999999999999 1600216687
0.3134 1600216687
0.4123 1600216687
0.4221999999999999 1600216687
0.3877999999999999 1600216687
0.35830000000000006 1600216687
0.4123 1600216687
0.3943 1600216687
0.35740000000000005 1600216687
0.4667 1600216687
0.4362999999999999 1600216687
0.36519999999999986 1600216687
0.42789999999999995 1600216687
0.34309999999999985 1600216687
0.40380000000000005 1600216687
0.4131 1600216687
0.36260000000000014 1600216687
0.35029999999999994 1600216687
0.4495000000000001 1600216687
0.3992999999999999 1600216687
0.3458000000000001 1600216687
0.4044000000000001 1600216687
0.4659 1600216687
0.39239999999999997 1600216687
0.3840999999999999 1600216687
0.4589 1600216687
0.3831999999999999 1600216687
0.4124000000000001 1600216687
0.33299999999999996 1600216687
0.38149999999999995 1600216687
0.2972 1600216687
0.4180999999999999 1600216687
0.4272999999999999 1600216687
0.3609 1600216687
0.4075 1600216687
0.35660000000000003 1600216687
0.4637 1600216687
0.3862000000000001 1600216687
0.47229999999999994 1600216687
0.43090000000000006 1600216687
0.45119999999999993 1600216687
0.43010000000000004 1600216687
0.39779999999999993 1600216687
0.3931 1600216687
0.38739999999999997 1600216687
0.33819999999999995 1600216687
0.42910000000000004 1600216687
0.4103 1600216687
0.28910000000000013 1600216687
0.4688 1600216687
0.4145000000000001 1600216687
0.3861 1600216687
0.35519999999999996 1600216687
0.3972 1600216687
0.4454 1600216687
0.47709999999999997 1600216687
0.3415999999999999 1600216687
0.39280000000000015 1600216687
0.35740000000000005 1600216687
0.3908999999999999 1600216687
0.39 1600216687
0.40890000000000004 1600216687
0.3862000000000001 1600216687
0.36329999999999996 1600216687
0.42879999999999996 1600216687
0.4590000000000001 1600216687
0.3892000000000001 1600216687
0.3951000000000001 1600216687
0.3930999999999999 1600216687
0.4162 1600216687
0.4064 1600216687
0.3820000000000001 1600216687
0.41369999999999985 1600216687
0.36960000000000004 1600216687
0.35230000000000006 1600216687
0.3902 1600216687
0.39949999999999997 1600216687
0.34319999999999995 1600216687
0.3777999999999999 1600216687
0.4479000000000001 1600216687
0.4093000000000001 1600216687
0.3851 1600216687
0.46040000000000003 1600216687
0.2804 1600216687
0.43199999999999994 1600216687
0.4149999999999999 1600216687
0.2849999999999999 1600216687
0.41879999999999995 1600216687
0.42580000000000007 1600216687
0.45489999999999997 1600216687
0.34230000000000005 1600216687
0.28580000000000005 1600216687
0.45829999999999993 1600216687
0.4663999999999999 1600216687
0.35550000000000004 1600216687
0.48170000000000013 1600216687
0.35140000000000005 1600216687
0.4303000000000001 1600216687
0.3809 1600216687
0.4384 1600216687
0.3992000000000001 1600216687
0.42680000000000007 1600216687
0.3911 1600216687
0.3385 1600216687
0.38150000000000006 1600216687
0.45809999999999995 1600216687
0.4589 1600216687
0.36040000000000005 1600216687
0.42710000000000004 1600216687
0.379 1600216687
0.3557 1600216687
0.3699 1600216687
0.4020999999999999 1600216687
0.40689999999999993 1600216687
0.38149999999999995 1600216687
0.40579999999999994 1600216687
0.3770999999999999 1600216687
0.4224999999999999 1600216687
0.4065000000000001 1600216687
0.398 1600216687
0.4464999999999999 1600216687
0.3681000000000001 1600216687
0.4020999999999999 1600216687
0.33729999999999993 1600216687
0.3366999999999999 1600216687
0.40270000000000006 1600216687
0.4052999999999999 1600216687
0.41270000000000007 1600216687
0.3840999999999999 1600216687
0.362 1600216687
0.3891000000000001 1600216687
0.45110000000000006 1600216687
0.2986 1600216687
0.3841 1600216687
0.34109999999999996 1600216687
0.23640000000000005 1600216687
0.3589 1600216687
0.4062 1600216687
0.45110000000000006 1600216687
0.3870999999999999 1600216687
0.3831 1600216687
0.3968999999999999 1600216687
0.3891 1600216687
0.3356 1600216687
0.40880000000000005 1600216687
0.37380000000000013 1600216687
0.4193 1600216687
0.4357 1600216687
0.2824 1600216687
0.4023 1600216687
0.3880000000000001 1600216687
0.34229999999999994 1600216687
0.44420000000000004 1600216687
0.42399999999999993 1600216687
0.40480000000000005 1600216687
0.42210000000000003 1600216687
0.38559999999999994 1600216687
0.344 1600216687
0.4163 1600216687
0.4103 1600216687
0.4497 1600216687
0.39769999999999994 1600216687
0.31919999999999993 1600216687
0.43379999999999996 1600216687
0.36 1600216687
0.4032000000000001 1600216687
0.3854000000000001 1600216687
0.4526000000000001 1600216687
0.36970000000000003 1600216687
0.4634999999999999 1600216687
0.33329999999999993 1600216687
0.3344999999999999 1600216687
0.361 1600216687
0.39779999999999993 1600216687
0.3418 1600216687
0.39939999999999987 1600216687
0.4121999999999999 1600216687
0.4134 1600216687
0.41659999999999997 1600216687
0.34050000000000014 1600216687
0.45820000000000005 1600216687
0.4255 1600216687
0.2851 1600216687
0.39870000000000017 1600216687
0.35740000000000005 1600216687
0.3923000000000001 1600216687
0.40869999999999995 1600216687
0.38939999999999997 1600216687
0.45010000000000006 1600216687
0.3974 1600216687
0.4556999999999999 1600216687
0.4273000000000001 1600216687
0.3346 1600216687
0.44589999999999996 1600216687
0.3901 1600216687
0.3451000000000001 1600216687
0.41400000000000003 1600216687
0.3929999999999999 1600216687
0.46230000000000004 1600216687
0.33709999999999996 1600216687
0.4274 1600216687
0.3788 1600216687
0.40980000000000005 1600216687
0.39070000000000005 1600216687
0.3568999999999999 1600216687
0.3877999999999999 1600216687
0.3833 1600216687
