126.1596 1600211209
105.5821 1600211209
107.8906 1600211209
120.8329 1600211209
121.5839 1600211209
128.1355 1600211209
112.39110000000001 1600211209
109.80489999999999 1600211209
112.1869 1600211209
122.4539 1600211209
109.7099 1600211209
99.7173 1600211209
64.6548 1600211209
53.583 1600211209
116.19460000000001 1600211209
127.83270000000002 1600211209
89.3138 1600211209
116.91250000000001 1600211209
121.06739999999999 1600211209
122.2922 1600211209
122.292 1600211209
69.4191 1600211209
107.4555 1600211209
72.3503 1600211209
121.5848 1600211209
123.2398 1600211209
126.1766 1600211209
125.0812 1600211209
100.75250000000001 1600211209
127.98540000000001 1600211209
104.3452 1600211209
91.16000000000001 1600211209
111.0367 1600211209
128.0119 1600211209
128.144 1600211209
110.66640000000001 1600211209
116.80619999999999 1600211209
123.41510000000001 1600211209
128.1669 1600211209
126.4427 1600211209
100.4772 1600211209
103.5768 1600211209
116.18549999999999 1600211209
115.7696 1600211209
120.2162 1600211209
92.0749 1600211209
107.1624 1600211209
120.7663 1600211209
128.0602 1600211209
116.054 1600211209
119.5498 1600211209
103.56460000000001 1600211209
123.88109999999999 1600211209
124.4118 1600211209
124.8948 1600211209
109.25919999999999 1600211209
111.2277 1600211209
128.1672 1600211209
111.8318 1600211209
115.349 1600211209
115.2841 1600211209
120.42229999999999 1600211209
116.7076 1600211209
118.1919 1600211209
118.07990000000001 1600211209
120.5517 1600211209
98.7225 1600211209
116.9113 1600211209
126.4004 1600211209
118.63300000000001 1600211209
119.2576 1600211209
118.47240000000001 1600211209
84.4899 1600211209
90.0934 1600211209
99.7173 1600211209
119.30030000000001 1600211209
102.5849 1600211209
121.1314 1600211209
124.0398 1600211209
124.6262 1600211209
111.1361 1600211209
124.6254 1600211209
102.3189 1600211209
94.1542 1600211209
117.9324 1600211209
121.1866 1600211209
119.3001 1600211209
119.1261 1600211209
128.2338 1600211209
103.2903 1600211209
120.09939999999999 1600211209
118.4243 1600211209
120.0575 1600211209
34.907399999999996 1600211209
104.5262 1600211209
126.77950000000001 1600211209
128.2347 1600211209
126.6439 1600211209
105.4969 1600211209
127.0016 1600211209
108.1105 1600211209
103.19529999999999 1600211209
127.97579999999999 1600211209
124.22399999999999 1600211209
108.7018 1600211209
90.3913 1600211209
126.0319 1600211209
112.5757 1600211209
127.8324 1600211209
112.3912 1600211209
122.0981 1600211209
91.4097 1600211209
123.92450000000001 1600211209
123.6315 1600211209
123.98509999999999 1600211209
126.27810000000001 1600211209
123.888 1600211209
124.5577 1600211209
124.46780000000001 1600211209
125.08130000000001 1600211209
99.13900000000001 1600211209
124.9253 1600211209
99.8506 1600211209
99.1143 1600211209
99.8746 1600211209
102.07419999999999 1600211209
103.86800000000001 1600211209
110.0288 1600211209
101.9338 1600211209
111.4716 1600211209
113.7789 1600211209
111.1586 1600211209
120.7665 1600211209
113.7519 1600211209
102.7889 1600211209
127.5461 1600211209
109.72959999999999 1600211209
113.2488 1600211209
127.8328 1600211209
126.087 1600211209
115.3748 1600211209
73.3427 1600211209
114.0642 1600211209
115.7881 1600211209
115.7315 1600211209
116.7997 1600211209
104.0269 1600211209
120.0168 1600211209
119.96039999999999 1600211209
124.3625 1600211209
116.7997 1600211209
125.15950000000001 1600211209
126.5087 1600211209
128.2349 1600211209
123.85069999999999 1600211209
128.094 1600211209
92.40150000000001 1600211209
103.1954 1600211209
100.25179999999999 1600211209
110.03240000000001 1600211209
117.7237 1600211209
117.3728 1600211209
117.9761 1600211209
125.3814 1600211209
104.3467 1600211209
125.3797 1600211209
100.95280000000001 1600211209
103.0395 1600211209
109.56790000000001 1600211209
120.892 1600211209
102.7885 1600211209
112.98750000000001 1600211209
100.5847 1600211209
103.2038 1600211209
106.0931 1600211209
110.0803 1600211209
128.0765 1600211209
113.7486 1600211209
103.0406 1600211209
107.48010000000001 1600211209
118.1892 1600211209
119.2999 1600211209
106.0756 1600211209
110.64030000000001 1600211209
123.8503 1600211209
126.4179 1600211209
124.30990000000001 1600211209
110.5143 1600211209
126.087 1600211209
124.5261 1600211209
126.0324 1600211209
92.5819 1600211209
93.82650000000001 1600211209
127.8324 1600211209
128.2438 1600211209
96.929 1600211209
98.722 1600211209
119.3643 1600211209
101.2779 1600211209
98.64139999999999 1600211209
120.3914 1600211209
107.5681 1600211209
44.2777 1600211209
125.9276 1600211209
46.4544 1600211209
101.7848 1600211209
104.3412 1600211209
108.5696 1600211209
108.98429999999999 1600211209
123.6542 1600211209
120.0219 1600211209
115.3746 1600211209
62.2142 1600211209
123.9983 1600211209
104.924 1600211209
128.1672 1600211209
126.39540000000001 1600211209
116.0013 1600211209
115.8239 1600211209
123.8342 1600211209
93.7928 1600211209
124.4113 1600211209
124.30080000000001 1600211209
126.92819999999999 1600211209
128.0849 1600211209
124.92519999999999 1600211209
52.2099 1600211209
98.2046 1600211209
112.5746 1600211209
99.8102 1600211209
125.4864 1600211209
123.83409999999999 1600211209
100.9525 1600211209
104.0289 1600211209
123.8814 1600211209
106.675 1600211209
124.9101 1600211209
35.9397 1600211209
128.24360000000001 1600211209
53.1518 1600211209
106.1978 1600211209
71.98540000000001 1600211209
100.9202 1600211209
104.5434 1600211209
111.3904 1600211209
128.2431 1600211209
111.4872 1600211209
116.0001 1600211209
116.4406 1600211209
116.7062 1600211209
105.1127 1600211209
116.7715 1600211209
118.4721 1600211209
120.6091 1600211209
105.50099999999999 1600211209
99.8102 1600211209
120.0569 1600211209
125.91350000000001 1600211209
106.4685 1600211209
105.28280000000001 1600211209
111.4262 1600211209
109.2562 1600211209
119.55080000000001 1600211209
123.465 1600211209
128.1359 1600211209
126.7608 1600211209
111.1365 1600211209
123.6661 1600211209
106.07809999999999 1600211209
126.4422 1600211209
112.1857 1600211209
128.1359 1600211209
111.8279 1600211209
117.9364 1600211209
117.9063 1600211209
119.2555 1600211209
109.2558 1600211209
122.0146 1600211209
120.8563 1600211209
117.37490000000001 1600211209
121.5326 1600211209
126.0869 1600211209
121.187 1600211209
117.5931 1600211209
117.9762 1600211209
120.2161 1600211209
104.9257 1600211209
127.83250000000001 1600211209
118.191 1600211209
119.5527 1600211209
120.5298 1600211209
119.3005 1600211209
128.0939 1600211209
126.0868 1600211209
119.36919999999999 1600211209
121.85740000000001 1600211209
112.6789 1600211209
125.3824 1600211209
122.125 1600211209
126.4654 1600211209
126.46520000000001 1600211209
122.73540000000001 1600211209
126.08479999999999 1600211209
122.74849999999999 1600211209
126.24940000000001 1600211209
112.5767 1600211209
118.19489999999999 1600211209
121.521 1600211209
117.7276 1600211209
119.6706 1600211209
120.28280000000001 1600211209
119.66130000000001 1600211209
125.6376 1600211209
126.07300000000001 1600211209
120.76689999999999 1600211209
125.9138 1600211209
122.8576 1600211209
114.06349999999999 1600211209
123.2144 1600211209
128.1726 1600211209
118.47240000000001 1600211209
123.6828 1600211209
126.8606 1600211209
74.66690000000001 1600211209
119.127 1600211209
121.03059999999999 1600211209
127.976 1600211209
124.91029999999999 1600211209
94.1369 1600211209
119.1282 1600211209
128.0945 1600211209
127.4945 1600211209
96.7626 1600211209
100.8801 1600211209
127.976 1600211209
104.9092 1600211209
107.565 1600211209
113.2483 1600211209
102.65469999999999 1600211209
112.98830000000001 1600211209
113.77890000000001 1600211209
124.5494 1600211209
128.1685 1600211209
96.44640000000001 1600211209
106.6535 1600211209
43.5095 1600211209
112.61840000000001 1600211209
114.47370000000001 1600211209
112.39179999999999 1600211209
114.2131 1600211209
76.6306 1600211209
123.29119999999999 1600211209
29.855 1600211209
81.2603 1600211209
113.63369999999999 1600211209
125.3816 1600211209
125.2719 1600211209
104.5294 1600211209
108.9928 1600211209
126.4178 1600211209
126.5335 1600211209
82.7052 1600211209
99.8507 1600211209
99.1439 1600211209
116.1791 1600211209
115.37450000000001 1600211209
116.5291 1600211209
115.3528 1600211209
126.39540000000001 1600211209
128.0119 1600211209
97.5206 1600211209
116.4056 1600211209
123.65750000000001 1600211209
128.23329999999999 1600211209
124.31060000000001 1600211209
124.2242 1600211209
126.1131 1600211209
103.5672 1600211209
128.0942 1600211209
124.5498 1600211209
107.9763 1600211209
117.93140000000001 1600211209
127.3682 1600211209
103.0396 1600211209
120.7669 1600211209
109.6949 1600211209
56.3177 1600211209
109.8129 1600211209
128.0761 1600211209
116.4286 1600211209
116.4406 1600211209
128.2347 1600211209
126.4177 1600211209
100.8152 1600211209
99.92120000000001 1600211209
59.115700000000004 1600211209
102.7457 1600211209
99.7885 1600211209
102.65190000000001 1600211209
124.912 1600211209
128.2337 1600211209
127.171 1600211209
108.89309999999999 1600211209
103.0403 1600211209
126.53330000000001 1600211209
109.7088 1600211209
108.3914 1600211209
103.5758 1600211209
108.2711 1600211209
119.2871 1600211209
109.6312 1600211209
126.76100000000001 1600211209
62.213100000000004 1600211209
110.03110000000001 1600211209
120.8561 1600211209
110.6401 1600211209
109.8081 1600211209
121.0925 1600211209
121.5295 1600211209
63.7361 1600211209
99.6318 1600211209
64.5995 1600211209
122.5489 1600211209
121.8575 1600211209
102.4774 1600211209
85.47200000000001 1600211209
125.019 1600211209
121.1883 1600211209
110.0512 1600211209
127.5487 1600211209
127.976 1600211209
122.8228 1600211209
110.2115 1600211209
119.3078 1600211209
128.1684 1600211209
126.50880000000001 1600211209
116.0086 1600211209
121.49919999999999 1600211209
111.13579999999999 1600211209
116.1795 1600211209
126.235 1600211209
121.44940000000001 1600211209
117.0191 1600211209
116.0047 1600211209
118.1911 1600211209
126.9287 1600211209
122.2913 1600211209
118.47250000000001 1600211209
126.4004 1600211209
122.033 1600211209
116.8382 1600211209
117.596 1600211209
123.8341 1600211209
125.6385 1600211209
125.9961 1600211209
117.3562 1600211209
125.928 1600211209
102.7346 1600211209
120.7676 1600211209
119.28290000000001 1600211209
124.148 1600211209
127.8852 1600211209
120.8919 1600211209
121.8572 1600211209
108.34020000000001 1600211209
81.1915 1600211209
124.8949 1600211209
122.2431 1600211209
0.01200000000000001 1600211209
124.626 1600211209
126.98270000000001 1600211209
126.4003 1600211209
111.1356 1600211209
127.8777 1600211209
126.6268 1600211209
119.36699999999999 1600211209
91.5318 1600211209
113.18109999999999 1600211209
110.6643 1600211209
116.45389999999999 1600211209
113.2476 1600211209
122.9571 1600211209
115.8398 1600211209
116.6661 1600211209
128.1445 1600211209
121.0925 1600211209
116.0965 1600211209
124.0541 1600211209
122.29180000000001 1600211209
107.9774 1600211209
119.3007 1600211209
114.6027 1600211209
99.13900000000001 1600211209
119.2579 1600211209
106.0754 1600211209
100.40429999999999 1600211209
125.1013 1600211209
115.0144 1600211209
115.28349999999999 1600211209
126.25280000000001 1600211209
31.2634 1600211209
116.4851 1600211209
122.4988 1600211209
123.24050000000001 1600211209
116.39120000000001 1600211209
126.2504 1600211209
126.5608 1600211209
127.8326 1600211209
74.2051 1600211209
127.99339999999998 1600211209
122.9738 1600211209
126.30839999999999 1600211209
