144.1413 1600212205
28.0287 1600212205
127.26689999999999 1600212205
126.74170000000001 1600212205
142.4303 1600212205
143.97129999999999 1600212205
130.3444 1600212205
127.52759999999999 1600212205
130.0084 1600212205
138.6857 1600212205
136.657 1600212205
137.56900000000002 1600212205
26.3696 1600212205
143.69559999999998 1600212205
137.5693 1600212205
76.05460000000001 1600212205
115.0478 1600212205
137.31289999999998 1600212205
143.20749999999998 1600212205
144.1412 1600212205
115.04820000000001 1600212205
136.86769999999999 1600212205
135.1087 1600212205
139.4778 1600212205
112.1247 1600212205
139.7811 1600212205
119.3151 1600212205
118.713 1600212205
121.8806 1600212205
113.40889999999999 1600212205
138.1745 1600212205
122.3888 1600212205
139.1824 1600212205
117.5952 1600212205
138.535 1600212205
138.3639 1600212205
138.8628 1600212205
138.4288 1600212205
139.0794 1600212205
141.8734 1600212205
142.5813 1600212205
139.8723 1600212205
138.535 1600212205
120.2696 1600212205
138.4513 1600212205
144.1429 1600212205
117.6745 1600212205
118.5615 1600212205
119.3163 1600212205
118.68639999999999 1600212205
131.1539 1600212205
130.0575 1600212205
119.2946 1600212205
143.6863 1600212205
129.0485 1600212205
123.9288 1600212205
131.38709999999998 1600212205
139.6906 1600212205
139.4784 1600212205
131.38559999999998 1600212205
129.0557 1600212205
144.1414 1600212205
130.3339 1600212205
144.1414 1600212205
138.1524 1600212205
130.3315 1600212205
123.5522 1600212205
120.1139 1600212205
142.12199999999999 1600212205
139.2298 1600212205
130.64190000000002 1600212205
131.3904 1600212205
143.972 1600212205
133.1808 1600212205
134.18730000000002 1600212205
131.3271 1600212205
139.7804 1600212205
135.09279999999998 1600212205
136.20059999999998 1600212205
135.0929 1600212205
136.19459999999998 1600212205
141.1537 1600212205
123.2109 1600212205
141.29389999999998 1600212205
140.0263 1600212205
126.97489999999999 1600212205
144.25209999999998 1600212205
143.5758 1600212205
127.2798 1600212205
112.26610000000001 1600212205
143.9493 1600212205
142.42989999999998 1600212205
143.9021 1600212205
128.30689999999998 1600212205
119.3158 1600212205
115.77590000000001 1600212205
131.2283 1600212205
130.6536 1600212205
137.4198 1600212205
136.6167 1600212205
51.5042 1600212205
143.9417 1600212205
131.3528 1600212205
137.3758 1600212205
143.8408 1600212205
142.29850000000002 1600212205
144.12480000000002 1600212205
116.4551 1600212205
119.8629 1600212205
144.1256 1600212205
141.7491 1600212205
134.2345 1600212205
128.8533 1600212205
120.9069 1600212205
43.3367 1600212205
144.1533 1600212205
141.2733 1600212205
119.4453 1600212205
86.4978 1600212205
142.4305 1600212205
85.4008 1600212205
143.7908 1600212205
144.2489 1600212205
62.7433 1600212205
72.9368 1600212205
86.5451 1600212205
87.3712 1600212205
101.4338 1600212205
118.13279999999999 1600212205
120.6944 1600212205
133.2218 1600212205
120.9289 1600212205
142.4694 1600212205
127.2791 1600212205
97.3673 1600212205
143.69469999999998 1600212205
122.3888 1600212205
115.0036 1600212205
143.94830000000002 1600212205
124.02369999999999 1600212205
141.8391 1600212205
123.9975 1600212205
122.08760000000001 1600212205
142.19129999999998 1600212205
142.1866 1600212205
127.52839999999999 1600212205
115.3689 1600212205
131.30519999999999 1600212205
143.6859 1600212205
144.2504 1600212205
127.4709 1600212205
131.386 1600212205
131.8256 1600212205
101.8804 1600212205
117.5792 1600212205
143.7585 1600212205
128.1847 1600212205
126.9746 1600212205
121.01679999999999 1600212205
117.6497 1600212205
138.1525 1600212205
142.8636 1600212205
144.1413 1600212205
117.5898 1600212205
139.8721 1600212205
124.6927 1600212205
129.509 1600212205
124.6291 1600212205
144.1182 1600212205
135.1001 1600212205
130.108 1600212205
144.1413 1600212205
119.6664 1600212205
110.9526 1600212205
120.1216 1600212205
129.5115 1600212205
132.54059999999998 1600212205
133.15599999999998 1600212205
143.9717 1600212205
138.4503 1600212205
133.0298 1600212205
133.5848 1600212205
133.324 1600212205
140.39339999999999 1600212205
132.787 1600212205
120.0872 1600212205
104.78880000000001 1600212205
137.5887 1600212205
141.7458 1600212205
141.1899 1600212205
142.9579 1600212205
141.7492 1600212205
105.779 1600212205
143.6959 1600212205
126.9176 1600212205
110.7582 1600212205
120.5579 1600212205
118.1301 1600212205
125.1237 1600212205
132.2168 1600212205
127.87459999999999 1600212205
125.2941 1600212205
127.62580000000001 1600212205
139.2296 1600212205
139.1904 1600212205
56.0002 1600212205
133.0287 1600212205
120.2795 1600212205
137.887 1600212205
132.97740000000002 1600212205
142.12179999999998 1600212205
138.0364 1600212205
112.1308 1600212205
142.9572 1600212205
139.87189999999998 1600212205
140.5232 1600212205
88.9196 1600212205
112.24810000000001 1600212205
142.2979 1600212205
140.471 1600212205
142.7899 1600212205
143.79059999999998 1600212205
117.6497 1600212205
115.7602 1600212205
143.9716 1600212205
128.2399 1600212205
117.5779 1600212205
118.1715 1600212205
140.253 1600212205
142.82489999999999 1600212205
124.5796 1600212205
142.9573 1600212205
118.6831 1600212205
119.5097 1600212205
144.2408 1600212205
136.6173 1600212205
121.5153 1600212205
119.6656 1600212205
138.45080000000002 1600212205
142.007 1600212205
121.2668 1600212205
144.2672 1600212205
142.29919999999998 1600212205
122.1443 1600212205
123.5572 1600212205
131.19060000000002 1600212205
143.5582 1600212205
138.5127 1600212205
137.9149 1600212205
131.05509999999998 1600212205
143.5742 1600212205
144.1756 1600212205
139.18280000000001 1600212205
137.62890000000002 1600212205
139.2299 1600212205
126.656 1600212205
126.65729999999999 1600212205
127.2821 1600212205
131.20450000000002 1600212205
127.4636 1600212205
144.1745 1600212205
133.1139 1600212205
133.3719 1600212205
142.7151 1600212205
128.3927 1600212205
142.8414 1600212205
143.68540000000002 1600212205
143.9711 1600212205
121.9475 1600212205
143.5747 1600212205
130.1004 1600212205
128.3069 1600212205
132.7745 1600212205
48.096000000000004 1600212205
132.6882 1600212205
134.8982 1600212205
142.5733 1600212205
130.1085 1600212205
134.2576 1600212205
144.2501 1600212205
140.141 1600212205
142.8634 1600212205
142.7899 1600212205
131.3268 1600212205
93.9324 1600212205
131.285 1600212205
128.0541 1600212205
106.41919999999999 1600212205
109.0814 1600212205
138.86169999999998 1600212205
139.17260000000002 1600212205
116.31410000000001 1600212205
139.1823 1600212205
120.1151 1600212205
129.83010000000002 1600212205
144.14100000000002 1600212205
130.10829999999999 1600212205
131.0924 1600212205
133.0795 1600212205
131.4307 1600212205
131.3271 1600212205
140.6833 1600212205
143.5743 1600212205
132.5955 1600212205
132.9937 1600212205
132.1677 1600212205
133.1129 1600212205
135.956 1600212205
143.972 1600212205
120.5583 1600212205
136.3998 1600212205
141.83849999999998 1600212205
120.0865 1600212205
142.29899999999998 1600212205
126.8878 1600212205
124.6334 1600212205
126.8472 1600212205
128.96699999999998 1600212205
143.7064 1600212205
130.0995 1600212205
131.0864 1600212205
132.775 1600212205
132.9305 1600212205
62.22 1600212205
131.0144 1600212205
133.1487 1600212205
137.3568 1600212205
133.03570000000002 1600212205
123.8094 1600212205
137.2785 1600212205
141.8535 1600212205
140.3555 1600212205
142.8275 1600212205
127.2271 1600212205
141.839 1600212205
144.1746 1600212205
127.20450000000001 1600212205
130.7646 1600212205
138.15089999999998 1600212205
143.9013 1600212205
128.3926 1600212205
137.5854 1600212205
142.7899 1600212205
139.183 1600212205
63.860600000000005 1600212205
143.69549999999998 1600212205
95.4083 1600212205
144.2702 1600212205
107.10409999999999 1600212205
131.5921 1600212205
131.4739 1600212205
138.6681 1600212205
68.8465 1600212205
143.6959 1600212205
112.6534 1600212205
128.8239 1600212205
132.2317 1600212205
139.3465 1600212205
132.63850000000002 1600212205
139.8719 1600212205
140.9874 1600212205
77.4348 1600212205
138.6665 1600212205
112.5348 1600212205
144.176 1600212205
138.5025 1600212205
128.4655 1600212205
117.5953 1600212205
129.8658 1600212205
129.5092 1600212205
130.09910000000002 1600212205
131.9761 1600212205
139.4801 1600212205
114.3969 1600212205
120.9071 1600212205
133.0357 1600212205
33.5321 1600212205
121.5172 1600212205
140.62619999999998 1600212205
129.8664 1600212205
135.7592 1600212205
134.3544 1600212205
127.2114 1600212205
137.8872 1600212205
138.1516 1600212205
123.9992 1600212205
127.26219999999999 1600212205
117.58670000000001 1600212205
138.5931 1600212205
120.7793 1600212205
121.5245 1600212205
120.5588 1600212205
126.8847 1600212205
129.37969999999999 1600212205
136.4287 1600212205
121.56540000000001 1600212205
138.66639999999998 1600212205
123.9243 1600212205
129.0484 1600212205
143.9487 1600212205
128.9803 1600212205
137.9781 1600212205
138.42950000000002 1600212205
139.1832 1600212205
125.6529 1600212205
138.53209999999999 1600212205
143.84150000000002 1600212205
137.9291 1600212205
138.4506 1600212205
138.9113 1600212205
138.863 1600212205
103.437 1600212205
138.53209999999999 1600212205
78.9531 1600212205
139.6608 1600212205
96.2238 1600212205
108.4266 1600212205
139.8718 1600212205
140.6522 1600212205
139.87179999999998 1600212205
140.8419 1600212205
110.0206 1600212205
125.70360000000001 1600212205
123.80969999999999 1600212205
143.6961 1600212205
109.13210000000001 1600212205
125.7299 1600212205
110.1528 1600212205
127.9562 1600212205
144.1415 1600212205
115.6066 1600212205
127.87899999999999 1600212205
116.2988 1600212205
138.3964 1600212205
117.0484 1600212205
140.2535 1600212205
141.06539999999998 1600212205
119.208 1600212205
119.4455 1600212205
15.745700000000001 1600212205
136.34040000000002 1600212205
143.6055 1600212205
143.2876 1600212205
120.0845 1600212205
120.0411 1600212205
126.3638 1600212205
125.83030000000001 1600212205
137.5701 1600212205
137.6025 1600212205
138.8614 1600212205
138.89260000000002 1600212205
144.1756 1600212205
110.0749 1600212205
126.387 1600212205
126.7488 1600212205
126.38589999999999 1600212205
141.7506 1600212205
126.749 1600212205
36.2281 1600212205
142.95659999999998 1600212205
126.9165 1600212205
128.9788 1600212205
130.1084 1600212205
130.5065 1600212205
138.374 1600212205
130.34550000000002 1600212205
123.945 1600212205
93.06320000000001 1600212205
110.3492 1600212205
123.9276 1600212205
111.65 1600212205
125.779 1600212205
125.7208 1600212205
129.5158 1600212205
133.0331 1600212205
131.02689999999998 1600212205
131.2849 1600212205
138.2887 1600212205
129.1015 1600212205
127.2048 1600212205
135.3586 1600212205
136.195 1600212205
135.51340000000002 1600212205
137.9444 1600212205
138.8409 1600212205
26.9962 1600212205
144.17430000000002 1600212205
137.92970000000003 1600212205
144.17419999999998 1600212205
138.8405 1600212205
136.1943 1600212205
128.96550000000002 1600212205
39.0318 1600212205
135.8945 1600212205
37.788000000000004 1600212205
138.50209999999998 1600212205
114.4778 1600212205
139.0796 1600212205
141.7496 1600212205
124.6299 1600212205
138.7093 1600212205
142.4304 1600212205
142.8412 1600212205
119.6061 1600212205
0.7104999999999999 1600212205
111.6282 1600212205
143.90259999999998 1600212205
125.1886 1600212205
144.17430000000002 1600212205
125.8452 1600212205
126.9743 1600212205
126.7404 1600212205
