136.1129 1600211730
124.2075 1600211730
125.2939 1600211730
140.1664 1600211730
125.1829 1600211730
60.2761 1600211730
127.4273 1600211730
126.31989999999999 1600211730
129.9877 1600211730
127.7029 1600211730
141.46159999999998 1600211730
136.1129 1600211730
137.57229999999998 1600211730
130.0836 1600211730
141.49089999999998 1600211730
140.794 1600211730
115.5235 1600211730
121.9505 1600211730
127.612 1600211730
129.95499999999998 1600211730
130.203 1600211730
109.2384 1600211730
130.5792 1600211730
126.2545 1600211730
135.9529 1600211730
129.7789 1600211730
89.97399999999999 1600211730
141.021 1600211730
141.2972 1600211730
131.17759999999998 1600211730
141.49169999999998 1600211730
129.4435 1600211730
131.7993 1600211730
130.5794 1600211730
132.9743 1600211730
131.6347 1600211730
135.9474 1600211730
93.804 1600211730
132.8317 1600211730
33.026 1600211730
134.4957 1600211730
130.6974 1600211730
121.72389999999999 1600211730
134.8566 1600211730
133.2758 1600211730
136.6849 1600211730
126.7656 1600211730
136.3097 1600211730
128.3396 1600211730
135.5036 1600211730
139.6515 1600211730
141.2973 1600211730
135.8215 1600211730
113.7859 1600211730
136.113 1600211730
16.1589 1600211730
116.7513 1600211730
97.6736 1600211730
138.6002 1600211730
136.1129 1600211730
122.2048 1600211730
129.08259999999999 1600211730
129.4479 1600211730
129.9337 1600211730
140.7958 1600211730
141.4604 1600211730
129.7226 1600211730
130.22959999999998 1600211730
130.6978 1600211730
130.2811 1600211730
106.869 1600211730
139.4457 1600211730
121.7519 1600211730
140.7959 1600211730
130.6119 1600211730
127.0969 1600211730
137.2587 1600211730
130.6052 1600211730
137.40959999999998 1600211730
127.61160000000001 1600211730
95.90039999999999 1600211730
138.6001 1600211730
112.0504 1600211730
127.74619999999999 1600211730
128.3402 1600211730
132.5186 1600211730
132.47299999999998 1600211730
111.9486 1600211730
124.9569 1600211730
112.9908 1600211730
24.5377 1600211730
127.70909999999999 1600211730
113.3697 1600211730
121.7809 1600211730
135.7995 1600211730
106.32719999999999 1600211730
138.66049999999998 1600211730
121.38759999999999 1600211730
109.2383 1600211730
52.0339 1600211730
122.20559999999999 1600211730
139.36239999999998 1600211730
133.6602 1600211730
139.3335 1600211730
122.5825 1600211730
65.9051 1600211730
126.79419999999999 1600211730
127.3676 1600211730
134.5104 1600211730
135.5043 1600211730
135.8056 1600211730
135.4707 1600211730
141.4603 1600211730
135.7929 1600211730
108.6648 1600211730
127.3677 1600211730
133.58489999999998 1600211730
127.7175 1600211730
141.2974 1600211730
114.4768 1600211730
134.15109999999999 1600211730
117.85180000000001 1600211730
135.4708 1600211730
135.82829999999998 1600211730
135.9861 1600211730
138.11339999999998 1600211730
76.48509999999999 1600211730
135.4879 1600211730
139.4459 1600211730
119.36200000000001 1600211730
141.41129999999998 1600211730
127.009 1600211730
137.636 1600211730
138.60049999999998 1600211730
139.21149999999997 1600211730
110.36600000000001 1600211730
132.37359999999998 1600211730
131.0957 1600211730
103.1804 1600211730
99.35679999999999 1600211730
132.8778 1600211730
132.0576 1600211730
132.3658 1600211730
139.35729999999998 1600211730
119.4153 1600211730
141.297 1600211730
132.74089999999998 1600211730
137.41 1600211730
139.4458 1600211730
137.7462 1600211730
137.2586 1600211730
132.4731 1600211730
137.1761 1600211730
56.6674 1600211730
120.01740000000001 1600211730
1.1643000000000001 1600211730
34.0334 1600211730
125.31439999999999 1600211730
138.9092 1600211730
141.0777 1600211730
26.4393 1600211730
141.41119999999998 1600211730
108.0035 1600211730
102.8221 1600211730
109.931 1600211730
113.8649 1600211730
119.0153 1600211730
117.8524 1600211730
127.719 1600211730
123.88409999999999 1600211730
123.699 1600211730
127.70750000000001 1600211730
128.0615 1600211730
137.1763 1600211730
120.3103 1600211730
137.67 1600211730
127.3672 1600211730
113.86529999999999 1600211730
138.0364 1600211730
139.1272 1600211730
127.9344 1600211730
139.4725 1600211730
67.907 1600211730
139.8213 1600211730
114.9259 1600211730
140.1748 1600211730
119.62559999999999 1600211730
122.6429 1600211730
128.7584 1600211730
125.0513 1600211730
126.20089999999999 1600211730
130.0045 1600211730
128.8111 1600211730
137.53089999999997 1600211730
85.1533 1600211730
129.4923 1600211730
126.78020000000001 1600211730
129.19289999999998 1600211730
129.60479999999998 1600211730
108.6659 1600211730
137.0921 1600211730
137.4101 1600211730
137.41 1600211730
112.0502 1600211730
139.3302 1600211730
117.66650000000001 1600211730
140.7134 1600211730
127.9574 1600211730
122.6442 1600211730
117.8534 1600211730
59.0112 1600211730
141.2968 1600211730
130.5094 1600211730
130.6977 1600211730
135.79229999999998 1600211730
122.44699999999999 1600211730
95.73400000000001 1600211730
139.33429999999998 1600211730
140.17489999999998 1600211730
107.401 1600211730
141.09609999999998 1600211730
112.9291 1600211730
113.06869999999999 1600211730
125.6396 1600211730
122.0994 1600211730
114.726 1600211730
123.7955 1600211730
122.5822 1600211730
123.7846 1600211730
56.511100000000006 1600211730
131.1119 1600211730
124.36269999999999 1600211730
141.0962 1600211730
128.5643 1600211730
127.2024 1600211730
141.0939 1600211730
117.7554 1600211730
114.4996 1600211730
120.90559999999999 1600211730
124.47189999999999 1600211730
124.4718 1600211730
124.72139999999999 1600211730
134.1582 1600211730
139.2121 1600211730
133.82659999999998 1600211730
125.6201 1600211730
135.1361 1600211730
141.4133 1600211730
117.4632 1600211730
134.8563 1600211730
139.472 1600211730
141.2971 1600211730
129.08429999999998 1600211730
124.6249 1600211730
128.8884 1600211730
124.9042 1600211730
129.0833 1600211730
135.95389999999998 1600211730
141.41299999999998 1600211730
130.6347 1600211730
131.6514 1600211730
133.1469 1600211730
139.12709999999998 1600211730
140.7964 1600211730
130.57899999999998 1600211730
119.127 1600211730
137.4092 1600211730
106.53999999999999 1600211730
138.0364 1600211730
121.5231 1600211730
123.06660000000001 1600211730
120.9535 1600211730
119.3625 1600211730
123.7528 1600211730
85.4195 1600211730
123.33999999999999 1600211730
129.45159999999998 1600211730
123.9488 1600211730
136.6676 1600211730
124.9042 1600211730
123.8851 1600211730
109.3357 1600211730
130.3815 1600211730
138.113 1600211730
141.2973 1600211730
130.6106 1600211730
141.0214 1600211730
130.6782 1600211730
123.73020000000001 1600211730
141.3144 1600211730
119.2761 1600211730
108.68260000000001 1600211730
137.9629 1600211730
122.09899999999999 1600211730
138.694 1600211730
121.78120000000001 1600211730
124.49130000000001 1600211730
121.6136 1600211730
124.34389999999999 1600211730
125.6149 1600211730
125.3536 1600211730
127.7162 1600211730
137.6011 1600211730
14.3551 1600211730
127.42679999999999 1600211730
141.4145 1600211730
111.8863 1600211730
113.0686 1600211730
120.58340000000001 1600211730
119.08449999999999 1600211730
128.0613 1600211730
120.61840000000001 1600211730
105.756 1600211730
132.74099999999999 1600211730
141.4142 1600211730
70.05690000000001 1600211730
111.5014 1600211730
122.4726 1600211730
122.25999999999999 1600211730
123.8926 1600211730
137.6699 1600211730
138.38379999999998 1600211730
138.3653 1600211730
123.7961 1600211730
138.8697 1600211730
71.8019 1600211730
76.63109999999999 1600211730
109.5971 1600211730
133.3345 1600211730
138.853 1600211730
123.7938 1600211730
114.9263 1600211730
136.2294 1600211730
134.88139999999999 1600211730
136.88459999999998 1600211730
78.24900000000001 1600211730
124.2453 1600211730
126.8702 1600211730
138.9103 1600211730
130.5093 1600211730
124.2786 1600211730
128.33689999999999 1600211730
128.4589 1600211730
83.9011 1600211730
132.8537 1600211730
129.4493 1600211730
129.65879999999999 1600211730
133.8648 1600211730
134.8562 1600211730
96.70660000000001 1600211730
112.38579999999999 1600211730
106.3212 1600211730
112.3751 1600211730
120.6305 1600211730
141.4128 1600211730
138.66049999999998 1600211730
130.7621 1600211730
120.3222 1600211730
131.65109999999999 1600211730
135.21679999999998 1600211730
84.45 1600211730
131.6344 1600211730
135.9861 1600211730
113.22730000000001 1600211730
131.5429 1600211730
131.0955 1600211730
86.453 1600211730
132.1195 1600211730
106.4906 1600211730
113.4364 1600211730
137.4097 1600211730
115.52350000000001 1600211730
122.1004 1600211730
122.9522 1600211730
122.77159999999999 1600211730
127.121 1600211730
114.9382 1600211730
127.705 1600211730
126.76840000000001 1600211730
133.8646 1600211730
123.4778 1600211730
124.2178 1600211730
127.7461 1600211730
126.7011 1600211730
128.34019999999998 1600211730
132.8996 1600211730
134.098 1600211730
109.5968 1600211730
107.9348 1600211730
113.8664 1600211730
118.5976 1600211730
114.36840000000001 1600211730
135.9859 1600211730
129.1962 1600211730
118.2011 1600211730
118.5721 1600211730
137.0913 1600211730
126.8681 1600211730
127.95769999999999 1600211730
129.48119999999997 1600211730
128.3399 1600211730
136.5892 1600211730
137.53119999999998 1600211730
119.97619999999999 1600211730
140.9896 1600211730
125.2347 1600211730
133.7166 1600211730
141.4684 1600211730
135.46089999999998 1600211730
134.3202 1600211730
51.0035 1600211730
138.6607 1600211730
125.08940000000001 1600211730
135.46079999999998 1600211730
135.1363 1600211730
135.79229999999998 1600211730
139.0052 1600211730
135.6121 1600211730
132.7252 1600211730
139.0052 1600211730
127.2778 1600211730
135.7922 1600211730
137.4084 1600211730
135.8219 1600211730
135.9862 1600211730
118.26509999999999 1600211730
130.3997 1600211730
140.6966 1600211730
132.4736 1600211730
124.31379999999999 1600211730
130.6815 1600211730
127.11 1600211730
136.3082 1600211730
136.1683 1600211730
140.7937 1600211730
136.3078 1600211730
131.5409 1600211730
124.62400000000001 1600211730
139.4463 1600211730
133.79170000000002 1600211730
140.7099 1600211730
124.96549999999999 1600211730
140.7098 1600211730
135.5034 1600211730
141.411 1600211730
89.97900000000001 1600211730
124.5583 1600211730
125.8174 1600211730
133.5678 1600211730
137.15279999999998 1600211730
137.38049999999998 1600211730
138.43269999999998 1600211730
129.9226 1600211730
125.7072 1600211730
135.4878 1600211730
137.4157 1600211730
139.3252 1600211730
141.1773 1600211730
135.94830000000002 1600211730
136.23229999999998 1600211730
141.02609999999999 1600211730
139.446 1600211730
126.8743 1600211730
135.8075 1600211730
137.6016 1600211730
136.168 1600211730
110.35820000000001 1600211730
136.11139999999997 1600211730
140.7095 1600211730
133.5468 1600211730
141.4119 1600211730
135.9862 1600211730
141.4623 1600211730
136.6674 1600211730
138.9103 1600211730
140.9897 1600211730
135.9472 1600211730
136.358 1600211730
141.0267 1600211730
136.6797 1600211730
141.0257 1600211730
114.004 1600211730
113.4931 1600211730
114.50200000000001 1600211730
141.41129999999998 1600211730
117.2999 1600211730
113.4316 1600211730
127.44149999999999 1600211730
117.777 1600211730
118.16229999999999 1600211730
124.2176 1600211730
123.63829999999999 1600211730
132.3314 1600211730
134.0986 1600211730
124.4555 1600211730
141.4221 1600211730
133.7918 1600211730
141.42239999999998 1600211730
124.89670000000001 1600211730
117.75789999999999 1600211730
140.1505 1600211730
125.1589 1600211730
114.937 1600211730
123.9477 1600211730
140.7096 1600211730
141.4227 1600211730
116.3333 1600211730
119.97529999999999 1600211730
121.5704 1600211730
119.4137 1600211730
121.8155 1600211730
125.6171 1600211730
