8.8961 1600462671
8.8963 1600462671
8.8962 1600462671
8.8963 1600462671
8.8968 1600462671
248.1116 1600462671
248.1121 1600462671
248.11180000000002 1600462671
248.1113 1600462671
248.1125 1600462671
246.2654 1600462671
246.26649999999998 1600462671
246.26690000000002 1600462671
246.2668 1600462671
246.2669 1600462671
242.1283 1600462671
242.1279 1600462671
242.127 1600462671
242.128 1600462671
242.1273 1600462671
245.9384 1600462671
245.9385 1600462671
245.9395 1600462671
245.9395 1600462671
245.9396 1600462671
248.3837 1600462671
248.38389999999998 1600462671
248.3834 1600462671
248.38400000000001 1600462671
248.3846 1600462671
248.62529999999998 1600462671
248.625 1600462671
248.6251 1600462671
248.62470000000002 1600462671
248.6253 1600462671
248.1132 1600462671
248.1134 1600462671
248.1131 1600462671
248.11339999999998 1600462671
248.1137 1600462671
247.9375 1600462671
247.9381 1600462671
247.9381 1600462671
247.9375 1600462671
247.9385 1600462671
248.4566 1600462671
248.4565 1600462671
248.4565 1600462671
248.45600000000002 1600462671
248.4566 1600462671
244.2586 1600462671
244.2588 1600462671
244.25889999999998 1600462671
244.2577 1600462671
244.2594 1600462671
227.7974 1600462671
227.7962 1600462671
227.7963 1600462671
227.7974 1600462671
227.7978 1600462671
237.4543 1600462671
237.4544 1600462671
237.4545 1600462671
237.4536 1600462671
237.4553 1600462671
244.979 1600462671
244.9777 1600462671
244.9778 1600462671
244.97820000000002 1600462671
244.97910000000002 1600462671
237.64219999999997 1600462671
237.6409 1600462671
237.6417 1600462671
237.6415 1600462671
237.64020000000002 1600462671
244.5122 1600462671
244.51180000000002 1600462671
244.51160000000002 1600462671
244.5112 1600462671
244.511 1600462671
248.6575 1600462671
248.6575 1600462671
248.6575 1600462671
248.6577 1600462671
248.6584 1600462671
242.7586 1600462671
242.7593 1600462671
242.7593 1600462671
242.75779999999997 1600462671
242.7605 1600462671
235.7356 1600462671
235.7343 1600462671
235.7359 1600462671
235.7352 1600462671
235.7364 1600462671
245.72390000000001 1600462671
245.7244 1600462671
245.7249 1600462671
245.7255 1600462671
245.7258 1600462671
234.021 1600462671
234.0206 1600462671
234.0216 1600462671
234.0219 1600462671
234.0222 1600462671
242.6735 1600462671
242.67319999999998 1600462671
242.6727 1600462671
242.6719 1600462671
242.6727 1600462671
244.9014 1600462671
244.9025 1600462671
244.9011 1600462671
244.9003 1600462671
244.9029 1600462671
248.46359999999999 1600462671
248.46329999999998 1600462671
248.4639 1600462671
248.4638 1600462671
248.4638 1600462671
230.921 1600462671
230.9243 1600462671
230.92329999999998 1600462671
230.92319999999998 1600462671
230.9247 1600462671
240.068 1600462671
240.0687 1600462671
240.0684 1600462671
240.0682 1600462671
240.0692 1600462671
248.7328 1600462671
248.733 1600462671
248.7331 1600462671
248.73350000000002 1600462671
248.7337 1600462671
248.72740000000002 1600462671
248.72729999999999 1600462671
248.72680000000003 1600462671
248.72729999999999 1600462671
248.7277 1600462671
246.4956 1600462671
246.4955 1600462671
246.4948 1600462671
246.4955 1600462671
246.4957 1600462671
246.144 1600462671
246.14440000000002 1600462671
246.1439 1600462671
246.14440000000002 1600462671
246.14530000000002 1600462671
236.7246 1600462671
236.7231 1600462671
236.72459999999998 1600462671
236.7242 1600462671
236.72560000000001 1600462671
242.13160000000002 1600462671
242.1325 1600462671
242.1328 1600462671
242.1325 1600462671
242.1325 1600462671
243.5041 1600462671
243.5049 1600462671
243.5054 1600462671
243.50539999999998 1600462671
243.5042 1600462671
248.46599999999998 1600462671
248.4659 1600462671
248.4663 1600462671
248.4663 1600462671
248.4668 1600462671
228.2664 1600462671
228.2665 1600462671
228.2665 1600462671
228.2657 1600462671
228.2674 1600462671
246.4342 1600462671
246.43519999999998 1600462671
246.435 1600462671
246.4355 1600462671
246.4362 1600462671
240.1165 1600462671
240.11679999999998 1600462671
240.1169 1600462671
240.1171 1600462671
240.1175 1600462671
248.1076 1600462671
248.10739999999998 1600462671
248.1075 1600462671
248.108 1600462671
248.1085 1600462671
248.62640000000002 1600462671
248.6268 1600462671
248.6269 1600462671
248.6267 1600462671
248.6274 1600462671
246.552 1600462671
246.5527 1600462671
246.5519 1600462671
246.5528 1600462671
246.5532 1600462671
241.5374 1600462671
241.53740000000002 1600462671
241.5369 1600462671
241.5368 1600462671
241.53640000000001 1600462671
246.7682 1600462671
246.768 1600462671
246.7693 1600462671
246.7693 1600462671
246.7697 1600462671
248.633 1600462671
248.6331 1600462671
248.6335 1600462671
248.6331 1600462671
248.63400000000001 1600462671
246.2364 1600462671
246.236 1600462671
246.2354 1600462671
246.236 1600462671
246.2366 1600462671
246.4087 1600462671
246.40800000000002 1600462671
246.4087 1600462671
246.40800000000002 1600462671
246.40970000000002 1600462671
241.533 1600462671
241.534 1600462671
241.53230000000002 1600462671
241.534 1600462671
241.5344 1600462671
231.5027 1600462671
231.5028 1600462671
231.50289999999998 1600462671
231.5028 1600462671
231.5026 1600462671
224.34709999999998 1600462671
224.3466 1600462671
224.3463 1600462671
224.3468 1600462671
224.3474 1600462671
244.8207 1600462671
244.8208 1600462671
244.8201 1600462671
244.8202 1600462671
244.8194 1600462671
246.2182 1600462671
246.2193 1600462671
246.2173 1600462671
246.2192 1600462671
246.21970000000002 1600462671
243.1486 1600462671
243.14839999999998 1600462671
243.1486 1600462671
243.1484 1600462671
243.14749999999998 1600462671
241.0641 1600462671
241.064 1600462671
241.06390000000002 1600462671
241.0637 1600462671
241.0644 1600462671
248.7976 1600462671
248.79739999999998 1600462671
248.7976 1600462671
248.7976 1600462671
248.7981 1600462671
242.6506 1600462671
242.6496 1600462671
242.6505 1600462671
242.6502 1600462671
242.6507 1600462671
241.6152 1600462671
241.6154 1600462671
241.6144 1600462671
241.6161 1600462671
241.6164 1600462671
248.23590000000002 1600462671
248.2362 1600462671
248.2363 1600462671
248.2365 1600462671
248.237 1600462671
247.0522 1600462671
247.05249999999998 1600462671
247.0516 1600462671
247.0517 1600462671
247.05270000000002 1600462671
224.406 1600462671
224.4063 1600462671
224.4055 1600462671
224.4064 1600462671
224.4068 1600462671
248.3292 1600462671
248.3297 1600462671
248.3295 1600462671
248.3294 1600462671
248.3302 1600462671
248.1167 1600462671
248.1162 1600462671
248.1166 1600462671
248.11620000000002 1600462671
248.11710000000002 1600462671
246.69219999999999 1600462671
246.69199999999998 1600462671
246.6919 1600462671
246.69129999999998 1600462671
246.69140000000002 1600462671
240.9375 1600462671
240.9371 1600462671
240.9364 1600462671
240.9364 1600462671
240.93679999999998 1600462671
242.0948 1600462671
242.0939 1600462671
242.0952 1600462671
242.09449999999998 1600462671
242.0952 1600462671
236.9448 1600462671
236.9443 1600462671
236.9451 1600462671
236.94539999999998 1600462671
236.9459 1600462671
231.6122 1600462671
231.6127 1600462671
231.6127 1600462671
231.6125 1600462671
231.6134 1600462671
233.9409 1600462671
233.9406 1600462671
233.9416 1600462671
233.9392 1600462671
233.9421 1600462671
244.548 1600462671
244.5481 1600462671
244.5472 1600462671
244.5481 1600462671
244.5474 1600462671
234.5566 1600462671
234.5577 1600462671
234.5555 1600462671
234.5577 1600462671
234.5582 1600462671
248.5357 1600462671
248.5357 1600462671
248.5359 1600462671
248.5359 1600462671
248.53660000000002 1600462671
235.84449999999998 1600462671
235.846 1600462671
235.8459 1600462671
235.8453 1600462671
235.8457 1600462671
239.6924 1600462671
239.6928 1600462671
239.6927 1600462671
239.69289999999998 1600462671
239.6937 1600462671
243.1759 1600462671
243.1763 1600462671
243.17680000000001 1600462671
243.1754 1600462671
243.1762 1600462671
248.30259999999998 1600462671
248.3024 1600462671
248.30249999999998 1600462671
248.30259999999998 1600462671
248.3026 1600462671
241.2878 1600462671
241.2883 1600462671
241.2883 1600462671
241.28750000000002 1600462671
241.2887 1600462671
243.1709 1600462671
243.1724 1600462671
243.17180000000002 1600462671
243.1717 1600462671
243.1728 1600462671
239.6519 1600462671
239.65159999999997 1600462671
239.6521 1600462671
239.6523 1600462671
239.6523 1600462671
247.45159999999998 1600462671
247.4522 1600462671
247.45229999999998 1600462671
247.45239999999998 1600462671
247.4532 1600462671
229.0477 1600462671
229.0467 1600462671
229.0471 1600462671
229.04729999999998 1600462671
229.0485 1600462671
244.7491 1600462671
244.748 1600462671
244.74980000000002 1600462671
244.7497 1600462671
244.7495 1600462671
237.35500000000002 1600462671
237.3546 1600462671
237.3553 1600462671
237.35569999999998 1600462671
237.3563 1600462671
248.2567 1600462671
248.25730000000001 1600462671
248.257 1600462671
248.25719999999998 1600462671
248.2577 1600462671
236.9523 1600462671
236.9516 1600462671
236.951 1600462671
236.9514 1600462671
236.95260000000002 1600462671
236.921 1600462671
236.9201 1600462671
236.9206 1600462671
236.9213 1600462671
236.9222 1600462671
237.4512 1600462671
237.4503 1600462671
237.4504 1600462671
237.4513 1600462671
237.4503 1600462671
244.9426 1600462671
244.9425 1600462671
244.9415 1600462671
244.9425 1600462671
244.941 1600462671
247.5299 1600462671
247.5334 1600462671
247.5333 1600462671
247.53209999999999 1600462671
247.5325 1600462671
245.8382 1600462671
245.8382 1600462671
245.8375 1600462671
245.8374 1600462671
245.83780000000002 1600462671
245.70080000000002 1600462671
245.70030000000003 1600462671
245.7004 1600462671
245.70000000000002 1600462671
245.70020000000002 1600462671
224.3697 1600462671
224.3696 1600462671
224.3697 1600462671
224.3697 1600462671
224.37040000000002 1600462671
239.8904 1600462671
239.8901 1600462671
239.89010000000002 1600462671
239.8894 1600462671
239.8894 1600462671
232.7785 1600462671
232.778 1600462671
232.7781 1600462671
232.7782 1600462671
232.779 1600462671
241.1055 1600462671
241.1052 1600462671
241.1055 1600462671
241.1051 1600462671
241.10600000000002 1600462671
234.2659 1600462671
234.2653 1600462671
234.26579999999998 1600462671
234.2662 1600462671
234.2666 1600462671
239.6405 1600462671
239.6404 1600462671
239.6406 1600462671
239.64049999999997 1600462671
239.6405 1600462671
246.3126 1600462671
246.3134 1600462671
246.3138 1600462671
246.3138 1600462671
246.31390000000002 1600462671
246.429 1600462671
246.42759999999998 1600462671
246.4289 1600462671
246.4295 1600462671
246.4289 1600462671
229.34369999999998 1600462671
229.3438 1600462671
229.3451 1600462671
229.3442 1600462671
229.3456 1600462671
243.6706 1600462671
243.67059999999998 1600462671
243.6696 1600462671
243.6692 1600462671
243.6703 1600462671
248.4624 1600462671
248.4623 1600462671
248.4619 1600462671
248.4623 1600462671
248.4624 1600462671
243.13559999999998 1600462671
243.1352 1600462671
243.1369 1600462671
243.1363 1600462671
243.13629999999998 1600462671
229.077 1600462671
229.0779 1600462671
229.07809999999998 1600462671
229.0781 1600462671
229.0778 1600462671
248.1151 1600462671
248.1146 1600462671
248.1151 1600462671
248.1149 1600462671
248.1147 1600462671
247.8456 1600462671
247.8455 1600462671
247.8448 1600462671
247.8455 1600462671
247.84539999999998 1600462671
246.41299999999998 1600462671
246.41310000000001 1600462671
246.4126 1600462671
246.4121 1600462671
246.4126 1600462671
239.4392 1600462671
239.4392 1600462671
239.4389 1600462671
239.43890000000002 1600462671
239.43910000000002 1600462671
242.7488 1600462671
242.7492 1600462671
242.7493 1600462671
242.74970000000002 1600462671
242.7507 1600462671
241.9588 1600462671
241.9589 1600462671
241.9577 1600462671
241.95759999999999 1600462671
241.9586 1600462671
246.8036 1600462671
246.8048 1600462671
246.8048 1600462671
246.8043 1600462671
246.8049 1600462671
236.4871 1600462671
236.487 1600462671
236.48749999999998 1600462671
236.4875 1600462671
236.48590000000002 1600462671
241.9814 1600462671
241.9808 1600462671
241.9788 1600462671
241.9815 1600462671
241.9806 1600462671
243.0065 1600462671
243.00619999999998 1600462671
243.0049 1600462671
243.0064 1600462671
243.0063 1600462671
248.6509 1600462671
248.6508 1600462671
248.65120000000002 1600462671
248.6512 1600462671
248.6516 1600462671
241.2056 1600462671
241.20589999999999 1600462671
241.20569999999998 1600462671
241.2055 1600462671
241.2066 1600462671
242.9831 1600462671
242.98340000000002 1600462671
242.9835 1600462671
242.9845 1600462671
242.98510000000002 1600462671
243.25809999999998 1600462671
243.25789999999998 1600462671
243.2557 1600462671
243.25619999999998 1600462671
243.2576 1600462671
247.93560000000002 1600462671
247.93540000000002 1600462671
247.9357 1600462671
247.9357 1600462671
247.9358 1600462671
242.8621 1600462671
242.8614 1600462671
242.8611 1600462671
242.8604 1600462671
242.86260000000001 1600462671
234.3907 1600462671
234.3913 1600462671
234.39190000000002 1600462671
234.3923 1600462671
234.39239999999998 1600462671
247.8015 1600462671
247.8015 1600462671
247.801 1600462671
247.8012 1600462671
247.8021 1600462671
247.3874 1600462671
247.388 1600462671
247.3885 1600462671
247.3869 1600462671
247.3871 1600462671
242.6767 1600462671
242.6761 1600462671
242.6769 1600462671
242.6768 1600462671
242.6766 1600462671
243.0109 1600462671
243.0109 1600462671
243.00959999999998 1600462671
243.0099 1600462671
243.0118 1600462671
240.9388 1600462671
240.9389 1600462671
240.9385 1600462671
240.9388 1600462671
240.93890000000002 1600462671
236.8466 1600462671
236.84609999999998 1600462671
236.84619999999998 1600462671
236.84709999999998 1600462671
236.8476 1600462671
230.7088 1600462671
230.7085 1600462671
230.7082 1600462671
230.7083 1600462671
230.7072 1600462671
248.4871 1600462671
248.4871 1600462671
248.4869 1600462671
248.4869 1600462671
248.4872 1600462671
248.6547 1600462671
248.65439999999998 1600462671
248.2344 1600462671
248.65449999999998 1600462671
248.2347 1600462671
241.3517 1600462671
241.3519 1600462671
241.35240000000002 1600462671
241.3521 1600462671
241.35240000000002 1600462671
241.2286 1600462671
241.2287 1600462671
241.22820000000002 1600462671
241.2283 1600462671
241.2286 1600462671
242.8083 1600462671
242.8081 1600462671
242.8075 1600462671
242.8073 1600462671
242.8092 1600462671
236.71939999999998 1600462671
236.7194 1600462671
236.719 1600462671
236.7187 1600462671
236.7189 1600462671
240.6102 1600462671
240.61 1600462671
240.6102 1600462671
240.6096 1600462671
240.6104 1600462671
236.9169 1600462671
236.9169 1600462671
236.9171 1600462671
236.9161 1600462671
236.9179 1600462671
233.53379999999999 1600462671
233.5334 1600462671
233.5348 1600462671
233.5347 1600462671
233.5353 1600462671
246.5896 1600462671
246.5888 1600462671
246.5884 1600462671
246.5884 1600462671
246.5897 1600462671
246.4244 1600462671
246.424 1600462671
246.4244 1600462671
246.42329999999998 1600462671
246.42510000000001 1600462671
245.1172 1600462671
245.11739999999998 1600462671
245.1169 1600462671
245.1164 1600462671
245.1182 1600462671
238.59959999999998 1600462671
238.59959999999998 1600462671
238.59459999999999 1600462671
238.5941 1600462671
238.5958 1600462671
248.29840000000002 1600462671
248.298 1600462671
248.29760000000002 1600462671
248.29760000000002 1600462671
248.29739999999998 1600462671
248.8301 1600462671
248.8297 1600462671
248.8303 1600462671
248.82999999999998 1600462671
248.8302 1600462671
221.12709999999998 1600462671
221.1271 1600462671
221.1282 1600462671
221.1282 1600462671
221.1283 1600462671
228.8126 1600462671
228.8127 1600462671
228.8124 1600462671
228.8126 1600462671
228.8115 1600462671
242.33380000000002 1600462671
242.33350000000002 1600462671
242.3348 1600462671
242.3345 1600462671
242.3353 1600462671
100.18159999999999 1600462671
100.181 1600462671
100.18169999999999 1600462671
100.1803 1600462671
100.18109999999999 1600462671
236.7072 1600462671
236.7079 1600462671
236.70850000000002 1600462671
236.7069 1600462671
236.70839999999998 1600462671
237.19289999999998 1600462671
237.19369999999998 1600462671
237.1937 1600462671
237.1932 1600462671
237.1946 1600462671
241.1004 1600462671
241.0999 1600462671
241.1003 1600462671
241.1003 1600462671
241.10060000000001 1600462671
248.6193 1600462671
248.61860000000001 1600462671
248.619 1600462671
248.61909999999997 1600462671
248.6194 1600462671
229.8028 1600462671
229.8038 1600462671
229.8042 1600462671
229.8042 1600462671
229.8039 1600462671
248.8605 1600462671
248.8609 1600462671
248.86100000000002 1600462671
248.8605 1600462671
248.8616 1600462671
242.238 1600462671
242.2352 1600462671
242.23749999999998 1600462671
242.2376 1600462671
242.2373 1600462671
232.13799999999998 1600462671
232.13739999999999 1600462671
232.1377 1600462671
232.138 1600462671
232.1383 1600462671
244.3501 1600462671
244.35 1600462671
244.3491 1600462671
244.3492 1600462671
244.3485 1600462671
233.17829999999998 1600462671
233.1785 1600462671
233.1787 1600462671
233.17919999999998 1600462671
233.1799 1600462671
232.4269 1600462671
232.4262 1600462671
232.42680000000001 1600462671
232.42669999999998 1600462671
232.4271 1600462671
232.5493 1600462671
232.5488 1600462671
232.5484 1600462671
232.5486 1600462671
232.5487 1600462671
245.8408 1600462671
245.841 1600462671
245.8413 1600462671
245.8405 1600462671
245.8417 1600462671
246.8688 1600462671
246.8682 1600462671
246.8688 1600462671
246.8673 1600462671
246.8699 1600462671
245.4856 1600462671
245.4859 1600462671
245.4845 1600462671
245.4848 1600462671
245.4858 1600462671
240.2753 1600462671
240.2751 1600462671
240.2753 1600462671
240.2749 1600462671
240.2758 1600462671
242.6474 1600462671
242.647 1600462671
242.6474 1600462671
242.64659999999998 1600462671
242.6467 1600462671
237.1393 1600462671
237.1393 1600462671
237.1386 1600462671
237.1397 1600462671
237.1408 1600462671
248.5561 1600462671
248.5562 1600462671
248.5563 1600462671
248.5564 1600462671
248.5564 1600462671
245.9208 1600462671
245.9205 1600462671
245.9217 1600462671
245.9217 1600462671
245.9222 1600462671
228.9177 1600462671
228.9175 1600462671
228.918 1600462671
228.918 1600462671
228.919 1600462671
240.5719 1600462671
240.5717 1600462671
240.57150000000001 1600462671
240.5711 1600462671
240.5721 1600462671
219.9662 1600462671
219.9658 1600462671
219.9642 1600462671
219.9654 1600462671
219.9659 1600462671
246.4176 1600462671
246.41570000000002 1600462671
246.4169 1600462671
246.4168 1600462671
246.41740000000001 1600462671
248.4304 1600462671
248.4306 1600462671
248.4311 1600462671
248.43079999999998 1600462671
248.4316 1600462671
234.76250000000002 1600462671
234.7637 1600462671
234.7629 1600462671
234.7636 1600462671
234.7641 1600462671
247.1783 1600462671
247.17929999999998 1600462671
247.17749999999998 1600462671
247.17919999999998 1600462671
247.1805 1600462671
221.0437 1600462671
221.04299999999998 1600462671
221.0421 1600462671
221.043 1600462671
221.0443 1600462671
248.3384 1600462671
248.3386 1600462671
248.3387 1600462671
248.3387 1600462671
248.33950000000002 1600462671
247.4358 1600462671
247.4358 1600462671
247.4349 1600462671
247.4346 1600462671
247.4367 1600462671
240.0539 1600462671
240.05429999999998 1600462671
240.0539 1600462671
240.0539 1600462671
240.0549 1600462671
248.1848 1600462671
248.1857 1600462671
248.18550000000002 1600462671
246.447 1600462671
248.1862 1600462671
221.1541 1600462671
221.1523 1600462671
221.1518 1600462671
221.1511 1600462671
221.15470000000002 1600462671
247.42499999999998 1600462671
247.4252 1600462671
247.4241 1600462671
247.4245 1600462671
247.4263 1600462671
246.59890000000001 1600462671
246.59830000000002 1600462671
246.6004 1600462671
246.6004 1600462671
246.6004 1600462671
235.9598 1600462671
235.9605 1600462671
235.9602 1600462671
235.9595 1600462671
235.9597 1600462671
245.4352 1600462671
245.4365 1600462671
245.4359 1600462671
245.4355 1600462671
245.4369 1600462671
240.7071 1600462671
240.70669999999998 1600462671
240.7077 1600462671
240.70739999999998 1600462671
240.7071 1600462671
240.2574 1600462671
240.2571 1600462671
240.2572 1600462671
240.257 1600462671
240.2575 1600462671
248.7344 1600462671
248.7347 1600462671
248.7345 1600462671
248.7346 1600462671
248.7354 1600462671
248.3058 1600462671
248.3056 1600462671
248.3058 1600462671
248.3056 1600462671
248.3065 1600462671
247.38400000000001 1600462671
247.3835 1600462671
247.3844 1600462671
247.3838 1600462671
247.3834 1600462671
248.7507 1600462671
248.7502 1600462671
248.75050000000002 1600462671
248.75039999999998 1600462671
248.75130000000001 1600462671
233.53830000000002 1600462671
233.5385 1600462671
233.5398 1600462671
233.5401 1600462671
233.5405 1600462671
237.58079999999998 1600462671
237.5808 1600462671
237.5797 1600462671
237.5791 1600462671
237.5808 1600462671
248.6318 1600462671
248.6319 1600462671
248.6322 1600462671
248.6313 1600462671
248.63139999999999 1600462671
247.11329999999998 1600462671
247.1124 1600462671
247.1129 1600462671
247.11339999999998 1600462671
247.1122 1600462671
237.5596 1600462671
237.5583 1600462671
237.5592 1600462671
237.55949999999999 1600462671
237.5592 1600462671
235.916 1600462671
235.9177 1600462671
235.9171 1600462671
235.91719999999998 1600462671
235.9181 1600462671
243.2952 1600462671
243.2951 1600462671
243.2948 1600462671
243.29579999999999 1600462671
243.2971 1600462671
241.3413 1600462671
241.3405 1600462671
241.3407 1600462671
241.3404 1600462671
241.3409 1600462671
242.6279 1600462671
242.6276 1600462671
242.6275 1600462671
242.6272 1600462671
242.62709999999998 1600462671
248.7313 1600462671
248.7319 1600462671
248.7318 1600462671
248.73160000000001 1600462671
248.7317 1600462671
247.8 1600462671
247.7996 1600462671
247.7993 1600462671
247.79899999999998 1600462671
247.7997 1600462671
236.6779 1600462671
236.6763 1600462671
236.678 1600462671
236.6772 1600462671
236.678 1600462671
244.8935 1600462671
244.89440000000002 1600462671
244.8945 1600462671
244.894 1600462671
244.895 1600462671
234.5764 1600462671
234.57700000000003 1600462671
234.5772 1600462671
234.57569999999998 1600462671
234.5757 1600462671
242.9416 1600462671
242.9423 1600462671
242.9423 1600462671
242.9409 1600462671
242.9431 1600462671
246.1393 1600462671
246.14000000000001 1600462671
246.14 1600462671
246.1399 1600462671
246.13909999999998 1600462671
245.7185 1600462671
245.7181 1600462671
245.7185 1600462671
245.71769999999998 1600462671
245.7186 1600462671
248.7962 1600462671
248.7962 1600462671
248.7961 1600462671
248.7963 1600462671
248.7969 1600462671
245.7223 1600462671
245.7217 1600462671
245.7215 1600462671
245.72230000000002 1600462671
245.7217 1600462671
234.5934 1600462671
234.5954 1600462671
234.5958 1600462671
234.59509999999997 1600462671
234.5962 1600462671
243.2769 1600462671
243.2746 1600462671
243.2757 1600462671
243.27620000000002 1600462671
243.27620000000002 1600462671
248.9453 1600462671
248.92499999999998 1600462671
248.9453 1600462671
248.9454 1600462671
248.9461 1600462671
241.5186 1600462671
241.5183 1600462671
241.5186 1600462671
241.5186 1600462671
241.5181 1600462671
248.3281 1600462671
248.32819999999998 1600462671
248.32819999999998 1600462671
248.3279 1600462671
248.3283 1600462671
236.1077 1600462671
236.10829999999999 1600462671
236.1094 1600462671
236.1092 1600462671
236.1097 1600462671
231.2452 1600462671
231.2454 1600462671
231.24560000000002 1600462671
231.2456 1600462671
231.2461 1600462671
244.2616 1600462671
244.26299999999998 1600462671
244.262 1600462671
244.26289999999997 1600462671
244.2634 1600462671
238.69760000000002 1600462671
238.6985 1600462671
238.69809999999998 1600462671
238.6989 1600462671
238.6999 1600462671
247.4002 1600462671
247.4005 1600462671
247.4 1600462671
247.4008 1600462671
247.40130000000002 1600462671
238.2712 1600462671
238.27079999999998 1600462671
238.2695 1600462671
238.27079999999998 1600462671
238.27 1600462671
247.2456 1600462671
247.2456 1600462671
247.2453 1600462671
247.24599999999998 1600462671
247.24599999999998 1600462671
242.6914 1600462671
242.6918 1600462671
242.6917 1600462671
242.6928 1600462671
242.6933 1600462671
246.8904 1600462671
246.8918 1600462671
246.8918 1600462671
246.8913 1600462671
246.8918 1600462671
248.5283 1600462671
248.5286 1600462671
248.52880000000002 1600462671
248.52880000000002 1600462671
248.52870000000001 1600462671
234.20239999999998 1600462671
234.2006 1600462671
234.202 1600462671
234.2016 1600462671
234.2024 1600462671
240.3498 1600462671
240.34969999999998 1600462671
240.3502 1600462671
240.3501 1600462671
240.3508 1600462671
240.9535 1600462671
240.9543 1600462671
240.95430000000002 1600462671
240.95389999999998 1600462671
240.9548 1600462671
245.4012 1600462671
245.4009 1600462671
245.4016 1600462671
245.4016 1600462671
245.4025 1600462671
248.7557 1600462671
248.7562 1600462671
248.7563 1600462671
248.75629999999998 1600462671
248.7567 1600462671
238.44299999999998 1600462671
238.4421 1600462671
238.4427 1600462671
238.4427 1600462671
238.4418 1600462671
241.7077 1600462671
241.709 1600462671
241.7083 1600462671
241.70899999999997 1600462671
241.7095 1600462671
239.7398 1600462671
239.7398 1600462671
239.7395 1600462671
239.74 1600462671
239.74020000000002 1600462671
230.4526 1600462671
230.4521 1600462671
230.4511 1600462671
230.45149999999998 1600462671
230.4539 1600462671
239.9388 1600462671
239.9383 1600462671
239.9388 1600462671
239.9391 1600462671
239.9392 1600462671
238.24519999999998 1600462671
238.24589999999998 1600462671
238.2448 1600462671
238.24579999999997 1600462671
238.2464 1600462671
247.1961 1600462671
247.197 1600462671
247.19719999999998 1600462671
247.19559999999998 1600462671
247.197 1600462671
246.4511 1600462671
246.45069999999998 1600462671
246.4509 1600462671
246.4513 1600462671
246.4506 1600462671
241.0302 1600462671
241.0299 1600462671
241.03019999999998 1600462671
241.0296 1600462671
241.0309 1600462671
242.7344 1600462671
242.7346 1600462671
242.7341 1600462671
242.7337 1600462671
242.7347 1600462671
246.6967 1600462671
246.6962 1600462671
246.6966 1600462671
246.6952 1600462671
246.697 1600462671
246.4054 1600462671
246.4054 1600462671
246.40449999999998 1600462671
246.4054 1600462671
246.40460000000002 1600462671
242.89780000000002 1600462671
242.897 1600462671
242.8976 1600462671
242.8977 1600462671
242.8972 1600462671
247.3917 1600462671
247.3902 1600462671
247.39170000000001 1600462671
247.3913 1600462671
247.3922 1600462671
232.5434 1600462671
232.5427 1600462671
232.54299999999998 1600462671
232.5424 1600462671
232.5429 1600462671
245.9693 1600462671
245.9688 1600462671
245.96790000000001 1600462671
245.9692 1600462671
245.9691 1600462671
240.5476 1600462671
240.5477 1600462671
240.5473 1600462671
240.5477 1600462671
240.5477 1600462671
245.9977 1600462671
245.9974 1600462671
245.9984 1600462671
245.9984 1600462671
245.9989 1600462671
228.5854 1600462671
228.5866 1600462671
228.5865 1600462671
228.5865 1600462671
228.5876 1600462671
243.5622 1600462671
243.5622 1600462671
243.5607 1600462671
243.56210000000002 1600462671
243.562 1600462671
238.9297 1600462671
238.9287 1600462671
238.9279 1600462671
238.9281 1600462671
238.92770000000002 1600462671
248.9264 1600462671
248.926 1600462671
248.926 1600462671
248.9263 1600462671
248.927 1600462671
233.1184 1600462671
233.1197 1600462671
233.1196 1600462671
233.1197 1600462671
233.1192 1600462671
245.9586 1600462671
245.95829999999998 1600462671
245.9566 1600462671
245.9582 1600462671
245.9573 1600462671
240.2112 1600462671
240.2105 1600462671
240.2107 1600462671
240.2113 1600462671
240.2116 1600462671
236.2996 1600462671
236.3008 1600462671
236.30120000000002 1600462671
236.3016 1600462671
236.3016 1600462671
247.2571 1600462671
247.2572 1600462671
247.2567 1600462671
247.2559 1600462671
247.2574 1600462671
242.43939999999998 1600462671
242.43910000000002 1600462671
242.4382 1600462671
242.4385 1600462671
242.4394 1600462671
241.35610000000003 1600462671
241.3557 1600462671
241.3556 1600462671
241.3559 1600462671
241.3564 1600462671
248.07029999999997 1600462671
248.07049999999998 1600462671
248.0711 1600462671
248.0709 1600462671
248.0708 1600462671
248.85760000000002 1600462671
248.8578 1600462671
248.8572 1600462671
248.8576 1600462671
248.8583 1600462671
247.1351 1600462671
247.1327 1600462671
247.1342 1600462671
247.1342 1600462671
247.1347 1600462671
242.50060000000002 1600462671
242.5017 1600462671
242.501 1600462671
242.5014 1600462671
242.5022 1600462671
226.389 1600462671
226.3883 1600462671
226.3889 1600462671
226.3886 1600462671
226.3883 1600462671
248.3491 1600462671
248.349 1600462671
248.34879999999998 1600462671
248.3492 1600462671
248.3498 1600462671
230.5214 1600462671
230.5222 1600462671
230.5222 1600462671
230.5223 1600462671
230.5203 1600462671
248.3415 1600462671
248.3419 1600462671
248.34189999999998 1600462671
248.3418 1600462671
248.3425 1600462671
248.9236 1600462671
248.9236 1600462671
248.9234 1600462671
248.7258 1600462671
248.7262 1600462671
246.4882 1600462671
246.4875 1600462671
246.4878 1600462671
246.4869 1600462671
246.4886 1600462671
231.82899999999998 1600462671
231.8286 1600462671
231.8284 1600462671
231.8288 1600462671
231.8296 1600462671
245.3062 1600462671
245.3059 1600462671
245.30669999999998 1600462671
245.307 1600462671
245.30800000000002 1600462671
248.5764 1600462671
248.5767 1600462671
248.5771 1600462671
248.577 1600462671
248.5774 1600462671
243.6747 1600462671
243.6744 1600462671
243.6745 1600462671
243.6748 1600462671
243.6756 1600462671
232.44279999999998 1600462671
232.4427 1600462671
232.44279999999998 1600462671
232.4432 1600462671
232.4436 1600462671
246.9142 1600462671
246.91299999999998 1600462671
246.9143 1600462671
246.9147 1600462671
246.9145 1600462671
245.9445 1600462671
245.945 1600462671
245.94379999999998 1600462671
245.9451 1600462671
245.9454 1600462671
238.5367 1600462671
238.5366 1600462671
238.5362 1600462671
238.53629999999998 1600462671
238.5359 1600462671
248.2191 1600462671
248.21859999999998 1600462671
248.2187 1600462671
248.219 1600462671
248.2195 1600462671
239.9081 1600462671
239.9075 1600462671
239.9073 1600462671
239.9081 1600462671
239.9083 1600462671
247.0097 1600462671
247.0103 1600462671
247.0104 1600462671
247.00910000000002 1600462671
247.0103 1600462671
231.46869999999998 1600462671
231.46849999999998 1600462671
231.4689 1600462671
231.469 1600462671
231.4695 1600462671
234.0827 1600462671
234.0835 1600462671
234.08339999999998 1600462671
234.0812 1600462671
234.08440000000002 1600462671
246.15220000000002 1600462671
246.15200000000002 1600462671
246.1515 1600462671
246.1524 1600462671
246.1516 1600462671
248.6562 1600462671
248.656 1600462671
248.6557 1600462671
248.6557 1600462671
248.65630000000002 1600462671
237.3585 1600462671
237.3589 1600462671
237.358 1600462671
237.359 1600462671
237.3594 1600462671
248.72889999999998 1600462671
248.7286 1600462671
248.7283 1600462671
248.7287 1600462671
248.72910000000002 1600462671
232.8863 1600462671
232.8861 1600462671
232.8875 1600462671
232.88750000000002 1600462671
232.8875 1600462671
236.1035 1600462671
236.1028 1600462671
236.1043 1600462671
236.1043 1600462671
236.1034 1600462671
241.56349999999998 1600462671
241.5639 1600462671
241.5646 1600462671
241.5644 1600462671
241.5652 1600462671
244.2359 1600462671
244.2346 1600462671
244.2351 1600462671
244.23520000000002 1600462671
244.2362 1600462671
248.7048 1600462671
248.70499999999998 1600462671
248.70510000000002 1600462671
248.7047 1600462671
248.7053 1600462671
248.7944 1600462671
248.795 1600462671
248.795 1600462671
248.7948 1600462671
248.7956 1600462671
237.29129999999998 1600462671
237.2902 1600462671
237.2914 1600462671
237.2913 1600462671
237.29240000000001 1600462671
248.22009999999997 1600462671
248.2209 1600462671
248.2202 1600462671
248.2209 1600462671
248.22140000000002 1600462671
240.325 1600462671
240.3252 1600462671
240.3252 1600462671
240.3252 1600462671
240.3251 1600462671
245.6705 1600462671
245.6692 1600462671
245.6694 1600462671
245.6699 1600462671
245.6706 1600462671
248.5343 1600462671
248.53439999999998 1600462671
248.534 1600462671
248.5343 1600462671
248.53480000000002 1600462671
242.4894 1600462671
242.4897 1600462671
242.49009999999998 1600462671
242.4901 1600462671
242.4907 1600462671
245.7046 1600462671
245.7047 1600462671
245.7056 1600462671
245.7055 1600462671
245.7064 1600462671
233.9653 1600462671
233.9645 1600462671
233.9648 1600462671
233.96540000000002 1600462671
233.96450000000002 1600462671
240.80259999999998 1600462671
240.8025 1600462671
240.80259999999998 1600462671
240.8023 1600462671
240.8034 1600462671
239.47410000000002 1600462671
239.4722 1600462671
239.4731 1600462671
239.4726 1600462671
239.47570000000002 1600462671
235.6735 1600462671
235.6731 1600462671
235.6722 1600462671
235.67280000000002 1600462671
235.6747 1600462671
244.6742 1600462671
244.6739 1600462671
244.6735 1600462671
244.6739 1600462671
244.67440000000002 1600462671
246.17960000000002 1600462671
246.1796 1600462671
246.1805 1600462671
246.1807 1600462671
246.1809 1600462671
248.1198 1600462671
248.1197 1600462671
248.1194 1600462671
248.1195 1600462671
248.1205 1600462671
246.65169999999998 1600462671
246.6522 1600462671
246.6523 1600462671
246.6506 1600462671
246.6527 1600462671
248.3073 1600462671
248.3072 1600462671
248.3075 1600462671
248.3075 1600462671
248.3075 1600462671
111.8932 1600462671
111.8938 1600462671
111.8938 1600462671
111.89359999999999 1600462671
111.8939 1600462671
247.1849 1600462671
247.1839 1600462671
247.1835 1600462671
247.1858 1600462671
247.1863 1600462671
244.39 1600462671
244.3882 1600462671
244.3877 1600462671
244.3902 1600462671
244.3896 1600462671
235.646 1600462671
235.64499999999998 1600462671
235.6454 1600462671
235.6463 1600462671
235.6468 1600462671
233.5585 1600462671
233.55949999999999 1600462671
233.5591 1600462671
233.55700000000002 1600462671
233.5595 1600462671
240.2353 1600462671
240.23530000000002 1600462671
240.2358 1600462671
240.2354 1600462671
240.2357 1600462671
246.9555 1600462671
246.9543 1600462671
246.954 1600462671
246.954 1600462671
246.9555 1600462671
236.26649999999998 1600462671
236.2655 1600462671
236.2673 1600462671
236.26729999999998 1600462671
236.2665 1600462671
248.7659 1600462671
248.50670000000002 1600462671
248.5069 1600462671
248.5069 1600462671
248.5065 1600462671
247.24259999999998 1600462671
247.24259999999998 1600462671
247.2413 1600462671
247.2419 1600462671
247.2424 1600462671
235.8535 1600462671
235.85289999999998 1600462671
235.8525 1600462671
235.8524 1600462671
235.8544 1600462671
229.9007 1600462671
229.90019999999998 1600462671
229.90019999999998 1600462671
229.9008 1600462671
229.9 1600462671
242.7628 1600462671
242.7639 1600462671
242.76389999999998 1600462671
242.7643 1600462671
242.7649 1600462671
240.94570000000002 1600462671
240.9464 1600462671
240.9469 1600462671
240.9457 1600462671
240.9462 1600462671
236.75289999999998 1600462671
236.7532 1600462671
236.7524 1600462671
236.7519 1600462671
236.7529 1600462671
242.1952 1600462671
242.1948 1600462671
242.1948 1600462671
242.19549999999998 1600462671
242.196 1600462671
246.86350000000002 1600462671
246.8635 1600462671
246.8628 1600462671
246.8635 1600462671
246.86460000000002 1600462671
236.63199999999998 1600462671
236.6337 1600462671
236.6338 1600462671
236.63309999999998 1600462671
236.6336 1600462671
248.1181 1600462671
248.11829999999998 1600462671
248.1181 1600462671
248.11839999999998 1600462671
248.119 1600462671
243.4323 1600462671
243.4335 1600462671
243.4329 1600462671
243.4333 1600462671
243.4338 1600462671
242.0467 1600462671
242.0455 1600462671
242.0461 1600462671
242.0458 1600462671
242.0471 1600462671
243.2519 1600462671
243.2527 1600462671
243.25 1600462671
243.2509 1600462671
243.25320000000002 1600462671
248.68230000000003 1600462671
248.6821 1600462671
248.6824 1600462671
248.68259999999998 1600462671
248.6829 1600462671
244.7446 1600462671
244.7448 1600462671
244.7441 1600462671
244.7436 1600462671
244.74370000000002 1600462671
248.34359999999998 1600462671
248.3436 1600462671
248.3439 1600462671
248.34380000000002 1600462671
248.3445 1600462671
243.2674 1600462671
243.2659 1600462671
243.2676 1600462671
243.2661 1600462671
243.2675 1600462671
245.41819999999998 1600462671
245.4176 1600462671
245.4173 1600462671
245.4177 1600462671
245.4173 1600462671
248.8595 1600462671
248.85930000000002 1600462671
248.85920000000002 1600462671
248.85899999999998 1600462671
248.8594 1600462671
242.6605 1600462671
242.6619 1600462671
242.6616 1600462671
242.6618 1600462671
242.66240000000002 1600462671
243.9907 1600462671
243.9902 1600462671
243.9904 1600462671
243.9886 1600462671
243.99 1600462671
248.30399999999997 1600462671
248.3042 1600462671
248.30429999999998 1600462671
248.3037 1600462671
248.3049 1600462671
244.2756 1600462671
244.2769 1600462671
244.2764 1600462671
244.27679999999998 1600462671
244.2774 1600462671
240.2903 1600462671
240.2904 1600462671
240.2902 1600462671
240.2905 1600462671
240.291 1600462671
246.98999999999998 1600462671
246.9889 1600462671
246.9902 1600462671
246.9892 1600462671
246.9902 1600462671
240.9503 1600462671
240.95080000000002 1600462671
240.9507 1600462671
240.95069999999998 1600462671
240.9511 1600462671
237.9583 1600462671
237.9586 1600462671
237.9587 1600462671
237.9579 1600462671
237.9577 1600462671
230.8395 1600462671
230.8389 1600462671
230.838 1600462671
230.8395 1600462671
230.84 1600462671
237.6506 1600462671
237.6503 1600462671
237.6502 1600462671
237.6514 1600462671
237.6518 1600462671
235.40390000000002 1600462671
235.4026 1600462671
235.4022 1600462671
235.4037 1600462671
235.4042 1600462671
240.57940000000002 1600462671
240.5794 1600462671
240.57979999999998 1600462671
240.5798 1600462671
240.58 1600462671
244.9883 1600462671
244.9879 1600462671
244.9892 1600462671
244.989 1600462671
244.989 1600462671
236.8071 1600462671
236.8083 1600462671
236.8083 1600462671
236.8072 1600462671
236.8083 1600462671
247.4564 1600462671
247.4565 1600462671
247.4554 1600462671
247.4553 1600462671
247.4565 1600462671
232.6857 1600462671
232.6852 1600462671
232.6859 1600462671
232.6857 1600462671
232.6853 1600462671
248.57819999999998 1600462671
248.5784 1600462671
248.5785 1600462671
248.57819999999998 1600462671
248.5791 1600462671
248.0636 1600462671
248.06369999999998 1600462671
248.0643 1600462671
248.0639 1600462671
248.0643 1600462671
236.29639999999998 1600462671
236.2965 1600462671
236.2966 1600462671
236.2971 1600462671
236.2979 1600462671
227.3464 1600462671
227.3464 1600462671
227.3462 1600462671
227.3458 1600462671
227.3468 1600462671
229.0261 1600462671
229.0271 1600462671
229.0267 1600462671
229.0272 1600462671
229.0275 1600462671
234.9073 1600462671
234.9076 1600462671
234.9069 1600462671
234.9065 1600462671
234.9086 1600462671
242.3139 1600462671
242.3137 1600462671
242.3144 1600462671
242.3134 1600462671
242.3148 1600462671
245.3894 1600462671
245.3905 1600462671
245.3904 1600462671
245.3904 1600462671
245.3902 1600462671
239.0572 1600462671
239.0577 1600462671
239.057 1600462671
239.05780000000001 1600462671
239.0582 1600462671
248.2227 1600462671
248.2228 1600462671
248.2224 1600462671
248.2227 1600462671
248.2228 1600462671
248.1839 1600462671
248.184 1600462671
248.18370000000002 1600462671
248.1838 1600462671
248.1841 1600462671
244.1941 1600462671
244.1938 1600462671
244.19379999999998 1600462671
244.1934 1600462671
244.1934 1600462671
245.9815 1600462671
245.9824 1600462671
245.98239999999998 1600462671
245.98239999999998 1600462671
245.9821 1600462671
248.66219999999998 1600462671
248.662 1600462671
248.66219999999998 1600462671
248.6624 1600462671
248.66310000000001 1600462671
248.3311 1600462671
248.33069999999998 1600462671
248.33100000000002 1600462671
248.331 1600462671
248.3319 1600462671
242.0875 1600462671
242.0868 1600462671
242.087 1600462671
242.0865 1600462671
242.0859 1600462671
246.1748 1600462671
246.1748 1600462671
246.17419999999998 1600462671
246.1743 1600462671
246.1756 1600462671
242.1563 1600462671
242.1557 1600462671
242.1558 1600462671
242.1551 1600462671
242.1567 1600462671
232.3038 1600462671
232.3036 1600462671
232.304 1600462671
232.3033 1600462671
232.3041 1600462671
248.5606 1600462671
248.56109999999998 1600462671
248.561 1600462671
248.56109999999998 1600462671
248.5611 1600462671
225.2099 1600462671
225.2098 1600462671
225.20940000000002 1600462671
225.2097 1600462671
225.2108 1600462671
239.6559 1600462671
239.65599999999998 1600462671
239.65609999999998 1600462671
239.6561 1600462671
239.656 1600462671
248.2526 1600462671
248.2527 1600462671
248.25189999999998 1600462671
248.2523 1600462671
248.2529 1600462671
232.5919 1600462671
232.5914 1600462671
232.5915 1600462671
232.5918 1600462671
232.5923 1600462671
223.30880000000002 1600462671
223.3085 1600462671
223.3089 1600462671
223.3087 1600462671
223.3088 1600462671
243.5009 1600462671
243.50119999999998 1600462671
243.5012 1600462671
243.5009 1600462671
243.5006 1600462671
246.46290000000002 1600462671
246.4614 1600462671
246.463 1600462671
246.4621 1600462671
246.463 1600462671
235.611 1600462671
235.6104 1600462671
235.6103 1600462671
235.6097 1600462671
235.6109 1600462671
246.88739999999999 1600462671
246.8878 1600462671
246.8871 1600462671
246.8878 1600462671
246.888 1600462671
242.23219999999998 1600462671
242.23069999999998 1600462671
242.2309 1600462671
242.2312 1600462671
242.2324 1600462671
244.4967 1600462671
244.49509999999998 1600462671
244.4963 1600462671
244.4963 1600462671
244.4965 1600462671
231.7495 1600462671
231.7493 1600462671
231.7493 1600462671
231.74929999999998 1600462671
231.7494 1600462671
248.33239999999998 1600462671
248.33259999999999 1600462671
248.3326 1600462671
248.3323 1600462671
248.3333 1600462671
244.0481 1600462671
244.0486 1600462671
244.0501 1600462671
244.0495 1600462671
244.0506 1600462671
239.69109999999998 1600462671
243.2808 1600462671
239.6914 1600462671
239.6908 1600462671
243.2805 1600462671
219.4556 1600462671
219.4546 1600462671
219.4545 1600462671
219.4551 1600462671
219.456 1600462671
242.68030000000002 1600462671
242.6806 1600462671
242.6807 1600462671
242.6795 1600462671
242.68040000000002 1600462671
246.007 1600462671
246.00619999999998 1600462671
246.007 1600462671
246.0066 1600462671
246.0074 1600462671
247.2604 1600462671
247.2594 1600462671
247.2601 1600462671
247.26080000000002 1600462671
247.26069999999999 1600462671
238.6057 1600462671
238.605 1600462671
238.6062 1600462671
238.6063 1600462671
238.6043 1600462671
236.0527 1600462671
236.05210000000002 1600462671
236.0525 1600462671
236.0527 1600462671
236.0536 1600462671
246.00379999999998 1600462671
246.00279999999998 1600462671
246.0023 1600462671
246.0031 1600462671
246.004 1600462671
246.7236 1600462671
246.7226 1600462671
246.72189999999998 1600462671
246.72289999999998 1600462671
246.7224 1600462671
238.2509 1600462671
238.2528 1600462671
238.2527 1600462671
238.2533 1600462671
238.2538 1600462671
235.1685 1600462671
235.1689 1600462671
235.16889999999998 1600462671
235.1681 1600462671
235.1681 1600462671
241.8542 1600462671
241.8549 1600462671
241.8553 1600462671
241.8551 1600462671
241.8554 1600462671
245.2094 1600462671
245.2081 1600462671
245.2076 1600462671
245.209 1600462671
245.20940000000002 1600462671
246.9503 1600462671
246.94920000000002 1600462671
246.9496 1600462671
246.9496 1600462671
246.94920000000002 1600462671
245.6853 1600462671
245.6854 1600462671
245.6853 1600462671
245.684 1600462671
245.6843 1600462671
244.5513 1600462671
244.552 1600462671
244.5506 1600462671
244.5522 1600462671
244.5526 1600462671
240.89679999999998 1600462671
240.89679999999998 1600462671
240.8974 1600462671
240.8972 1600462671
240.8976 1600462671
238.9172 1600462671
238.9175 1600462671
238.91649999999998 1600462671
238.916 1600462671
238.9179 1600462671
227.3789 1600462671
227.3795 1600462671
227.3784 1600462671
227.37789999999998 1600462671
227.3803 1600462671
243.3001 1600462671
243.3012 1600462671
243.30089999999998 1600462671
243.2993 1600462671
243.3011 1600462671
247.4955 1600462671
247.4949 1600462671
247.49579999999997 1600462671
247.4957 1600462671
247.4958 1600462671
245.6815 1600462671
245.6815 1600462671
245.681 1600462671
245.68 1600462671
245.68140000000002 1600462671
239.90609999999998 1600462671
239.906 1600462671
239.90619999999998 1600462671
239.906 1600462671
239.9069 1600462671
243.9707 1600462671
243.97 1600462671
243.9708 1600462671
243.9708 1600462671
243.9698 1600462671
248.72990000000001 1600462671
248.7301 1600462671
248.7302 1600462671
248.7302 1600462671
248.73080000000002 1600462671
242.51579999999998 1600462671
242.5151 1600462671
242.51559999999998 1600462671
242.5159 1600462671
242.5152 1600462671
242.65800000000002 1600462671
242.6582 1600462671
242.6577 1600462671
242.6581 1600462671
242.657 1600462671
247.49259999999998 1600462671
247.4932 1600462671
247.4933 1600462671
247.4934 1600462671
247.4935 1600462671
240.7334 1600462671
240.7335 1600462671
240.7331 1600462671
240.7329 1600462671
240.7335 1600462671
248.0676 1600462671
248.06789999999998 1600462671
248.06789999999998 1600462671
248.0675 1600462671
248.06789999999998 1600462671
244.2942 1600462671
244.2942 1600462671
244.2938 1600462671
244.2938 1600462671
244.2955 1600462671
247.8817 1600462671
247.8819 1600462671
247.8813 1600462671
247.88160000000002 1600462671
247.8821 1600462671
248.6353 1600462671
248.6351 1600462671
248.63469999999998 1600462671
248.6349 1600462671
248.6355 1600462671
239.7309 1600462671
239.7311 1600462671
239.7309 1600462671
239.7307 1600462671
239.7312 1600462671
243.0827 1600462671
243.0828 1600462671
243.0833 1600462671
243.083 1600462671
243.0842 1600462671
248.1818 1600462671
248.1824 1600462671
248.18200000000002 1600462671
248.1823 1600462671
248.18280000000001 1600462671
243.5918 1600462671
243.5935 1600462671
243.5935 1600462671
243.5934 1600462671
243.5935 1600462671
242.6535 1600462671
242.6525 1600462671
242.6534 1600462671
242.6532 1600462671
242.6532 1600462671
244.3672 1600462671
244.3683 1600462671
244.3683 1600462671
244.3678 1600462671
244.369 1600462671
240.3486 1600462671
240.3487 1600462671
240.348 1600462671
240.3481 1600462671
240.3488 1600462671
247.375 1600462671
247.37369999999999 1600462671
247.3758 1600462671
247.3757 1600462671
247.3751 1600462671
223.576 1600462671
223.5761 1600462671
223.5759 1600462671
223.5763 1600462671
223.5766 1600462671
238.544 1600462671
238.5441 1600462671
238.5437 1600462671
238.5426 1600462671
238.5438 1600462671
81.5473 1600462671
81.54629999999999 1600462671
81.54599999999999 1600462671
81.5466 1600462671
81.5476 1600462671
237.9768 1600462671
237.9763 1600462671
237.9769 1600462671
237.97549999999998 1600462671
237.9746 1600462671
248.1762 1600462671
248.17569999999998 1600462671
248.1758 1600462671
248.176 1600462671
248.1766 1600462671
243.9866 1600462671
243.9865 1600462671
243.9861 1600462671
243.9858 1600462671
243.98590000000002 1600462671
232.5186 1600462671
232.5188 1600462671
232.51829999999998 1600462671
232.5189 1600462671
232.5191 1600462671
243.77949999999998 1600462671
243.7774 1600462671
243.778 1600462671
243.7796 1600462671
243.7795 1600462671
245.11169999999998 1600462671
245.11149999999998 1600462671
245.1114 1600462671
245.11069999999998 1600462671
245.1106 1600462671
237.2361 1600462671
237.23669999999998 1600462671
237.2357 1600462671
237.2361 1600462671
237.2372 1600462671
242.0524 1600462671
242.0511 1600462671
242.0515 1600462671
242.0514 1600462671
242.05270000000002 1600462671
239.7881 1600462671
239.7888 1600462671
239.78879999999998 1600462671
239.7889 1600462671
239.7891 1600462671
242.8533 1600462671
242.85309999999998 1600462671
242.853 1600462671
242.8526 1600462671
242.85330000000002 1600462671
240.0747 1600462671
240.0744 1600462671
240.07469999999998 1600462671
240.075 1600462671
240.07510000000002 1600462671
244.6455 1600462671
244.64649999999997 1600462671
244.64610000000002 1600462671
244.6467 1600462671
244.64780000000002 1600462671
239.8369 1600462671
239.8374 1600462671
239.8371 1600462671
239.83730000000003 1600462671
239.83790000000002 1600462671
245.2315 1600462671
245.2321 1600462671
245.23090000000002 1600462671
245.2318 1600462671
245.23250000000002 1600462671
246.5855 1600462671
246.5855 1600462671
246.58499999999998 1600462671
246.58409999999998 1600462671
246.5858 1600462671
234.415 1600462671
234.41400000000002 1600462671
234.4143 1600462671
234.4145 1600462671
234.4161 1600462671
246.0954 1600462671
246.09539999999998 1600462671
246.094 1600462671
246.094 1600462671
246.09529999999998 1600462671
238.1729 1600462671
238.1747 1600462671
238.1748 1600462671
238.1739 1600462671
238.1728 1600462671
237.6467 1600462671
237.6454 1600462671
237.6466 1600462671
237.6465 1600462671
237.6467 1600462671
237.7282 1600462671
237.727 1600462671
237.7264 1600462671
237.7284 1600462671
237.72830000000002 1600462671
248.0656 1600462671
248.066 1600462671
248.0656 1600462671
248.066 1600462671
248.0661 1600462671
235.49 1600462671
235.4896 1600462671
235.4891 1600462671
235.4888 1600462671
235.4895 1600462671
246.6036 1600462671
246.6032 1600462671
246.6042 1600462671
246.6044 1600462671
246.6051 1600462671
245.7749 1600462671
245.7746 1600462671
245.775 1600462671
245.77360000000002 1600462671
245.77419999999998 1600462671
226.3669 1600462671
226.36599999999999 1600462671
226.36690000000002 1600462671
226.3665 1600462671
226.36620000000002 1600462671
241.15949999999998 1600462671
241.15929999999997 1600462671
241.16 1600462671
241.16 1600462671
241.1606 1600462671
227.5679 1600462671
227.5674 1600462671
227.5681 1600462671
227.56810000000002 1600462671
227.56830000000002 1600462671
168.9605 1600462671
168.9604 1600462671
168.95999999999998 1600462671
168.9598 1600462671
168.9605 1600462671
237.5343 1600462671
237.5354 1600462671
237.5367 1600462671
237.5352 1600462671
237.5363 1600462671
245.82150000000001 1600462671
245.82190000000003 1600462671
245.8226 1600462671
245.8226 1600462671
245.82319999999999 1600462671
241.47029999999998 1600462671
241.4707 1600462671
241.4709 1600462671
241.4706 1600462671
241.4718 1600462671
248.50910000000002 1600462671
248.5087 1600462671
248.5092 1600462671
248.5084 1600462671
248.50910000000002 1600462671
242.25029999999998 1600462671
242.2502 1600462671
242.2506 1600462671
242.2518 1600462671
242.25220000000002 1600462671
239.9304 1600462671
239.92970000000003 1600462671
239.9296 1600462671
239.9295 1600462671
239.9298 1600462671
238.9084 1600462671
238.9078 1600462671
238.9084 1600462671
238.9085 1600462671
238.9075 1600462671
232.3827 1600462671
232.3822 1600462671
232.3824 1600462671
232.3826 1600462671
232.383 1600462671
248.5589 1600462671
248.5586 1600462671
248.5582 1600462671
248.5584 1600462671
248.5593 1600462671
247.8471 1600462671
247.84720000000002 1600462671
247.84720000000002 1600462671
247.8469 1600462671
247.8474 1600462671
246.5814 1600462671
246.5812 1600462671
246.5815 1600462671
246.5804 1600462671
246.5819 1600462671
245.8277 1600462671
245.8274 1600462671
245.8262 1600462671
245.82739999999998 1600462671
245.82750000000001 1600462671
238.7176 1600462671
238.7176 1600462671
238.7157 1600462671
238.7176 1600462671
238.71710000000002 1600462671
247.8853 1600462671
247.8859 1600462671
247.886 1600462671
247.8858 1600462671
247.8859 1600462671
241.4036 1600462671
241.40449999999998 1600462671
241.40449999999998 1600462671
241.4044 1600462671
241.40540000000001 1600462671
248.8126 1600462671
248.8129 1600462671
248.8127 1600462671
248.8127 1600462671
248.8136 1600462671
237.1584 1600462671
237.1587 1600462671
237.1582 1600462671
237.15879999999999 1600462671
237.158 1600462671
248.309 1600462671
248.3092 1600462671
248.309 1600462671
248.3092 1600462671
248.3093 1600462671
247.88400000000001 1600462671
247.8835 1600462671
247.8841 1600462671
247.88400000000001 1600462671
247.8842 1600462671
247.24859999999998 1600462671
247.2479 1600462671
247.24820000000003 1600462671
247.2486 1600462671
247.2492 1600462671
247.66119999999998 1600462671
247.66129999999998 1600462671
247.662 1600462671
247.6628 1600462671
247.66320000000002 1600462671
248.0726 1600462671
248.072 1600462671
248.0724 1600462671
248.0726 1600462671
248.0726 1600462671
248.7034 1600462671
248.7034 1600462671
248.7032 1600462671
248.7035 1600462671
248.7039 1600462671
248.947 1600462671
248.947 1600462671
248.9471 1600462671
248.9467 1600462671
248.9478 1600462671
246.3096 1600462671
246.3096 1600462671
246.3089 1600462671
246.3088 1600462671
246.3069 1600462671
244.9354 1600462671
244.9328 1600462671
244.9312 1600462671
244.932 1600462671
244.9326 1600462671
241.0092 1600462671
241.0092 1600462671
241.0095 1600462671
241.0094 1600462671
241.0094 1600462671
241.8502 1600462671
241.84969999999998 1600462671
241.8499 1600462671
241.85039999999998 1600462671
241.8496 1600462671
248.2401 1600462671
248.2407 1600462671
248.2389 1600462671
248.2389 1600462671
248.2389 1600462671
247.66760000000002 1600462671
247.6676 1600462671
247.6689 1600462671
247.66889999999998 1600462671
247.6688 1600462671
77.65469999999999 1600462671
77.654 1600462671
77.6539 1600462671
77.6538 1600462671
77.65469999999999 1600462671
248.8149 1600462671
248.81529999999998 1600462671
248.8153 1600462671
248.8153 1600462671
248.8169 1600462671
248.4587 1600462671
248.459 1600462671
248.459 1600462671
248.4587 1600462671
248.4605 1600462671
243.1413 1600462671
243.1447 1600462671
243.14090000000002 1600462671
243.142 1600462671
243.1426 1600462671
241.34890000000001 1600462671
241.3493 1600462671
241.3494 1600462671
241.349 1600462671
241.34990000000002 1600462671
246.48409999999998 1600462671
246.4814 1600462671
246.48069999999998 1600462671
246.4796 1600462671
246.4801 1600462671
245.97930000000002 1600462671
245.979 1600462671
245.9758 1600462671
245.9764 1600462671
245.97740000000002 1600462671
243.7255 1600462671
243.72560000000001 1600462671
243.7245 1600462671
243.7257 1600462671
243.72560000000001 1600462671
239.6248 1600462671
239.623 1600462671
239.6234 1600462671
239.6229 1600462671
239.6251 1600462671
239.3092 1600462671
239.3121 1600462671
239.3122 1600462671
239.31199999999998 1600462671
239.3119 1600462671
243.1302 1600462671
243.1291 1600462671
243.1297 1600462671
243.1284 1600462671
243.1325 1600462671
238.52009999999999 1600462671
238.5163 1600462671
238.5162 1600462671
238.5187 1600462671
238.5152 1600462671
248.3141 1600462671
248.32649999999998 1600462671
248.3265 1600462671
248.32649999999998 1600462671
248.3146 1600462671
228.39679999999998 1600462671
228.3938 1600462671
228.3939 1600462671
228.39419999999998 1600462671
228.3951 1600462671
246.4569 1600462671
246.4571 1600462671
246.4575 1600462671
246.4592 1600462671
246.45690000000002 1600462671
248.2548 1600462671
248.2558 1600462671
248.255 1600462671
248.2543 1600462671
248.2552 1600462671
241.4827 1600462671
241.4828 1600462671
241.4817 1600462671
241.4817 1600462671
241.48160000000001 1600462671
246.1695 1600462671
246.1689 1600462671
246.1703 1600462671
246.1703 1600462671
246.1708 1600462671
246.6113 1600462671
246.6101 1600462671
246.6101 1600462671
246.61069999999998 1600462671
246.6138 1600462671
246.066 1600462671
246.0664 1600462671
246.0666 1600462671
246.0655 1600462671
246.0658 1600462671
247.25240000000002 1600462671
247.2531 1600462671
247.253 1600462671
247.2531 1600462671
247.2538 1600462671
248.0418 1600462671
248.0416 1600462671
248.04219999999998 1600462671
248.0426 1600462671
248.043 1600462671
248.4154 1600462671
248.4159 1600462671
248.4137 1600462671
248.4143 1600462671
248.41490000000002 1600462671
234.1233 1600462671
234.1185 1600462671
234.11839999999998 1600462671
234.1225 1600462671
234.12310000000002 1600462671
227.594 1600462671
227.595 1600462671
227.5984 1600462671
227.59830000000002 1600462671
227.595 1600462671
242.6995 1600462671
242.69770000000003 1600462671
242.6993 1600462671
242.70149999999998 1600462671
242.6995 1600462671
248.3369 1600462671
248.3364 1600462671
248.3371 1600462671
248.33669999999998 1600462671
248.3376 1600462671
246.19209999999998 1600462671
246.18939999999998 1600462671
246.18959999999998 1600462671
246.1925 1600462671
246.1892 1600462671
