32.0221 1600634031
13.6411 1600634031
13.8518 1600634031
14.2921 1600634031
2.3333 1600634031
2.6274 1600634031
2.7969999999999997 1600634031
6.152299999999999 1600634031
3.3245 1600634031
4.9091000000000005 1600634031
4.8976 1600634031
29.5951 1600634031
5.7348 1600634031
10.5049 1600634031
8.5934 1600634031
18.0845 1600634031
3.3245 1600634031
32.024300000000004 1600634031
2.0924 1600634031
13.3817 1600634031
14.2331 1600634031
5.7346 1600634031
2.9079 1600634031
6.0671 1600634031
15.967999999999998 1600634031
24.164800000000003 1600634031
24.8259 1600634031
25.8639 1600634031
15.967799999999999 1600634031
7.0531999999999995 1600634031
12.4278 1600634031
13.8518 1600634031
18.5012 1600634031
20.8315 1600634031
18.500799999999998 1600634031
19.0078 1600634031
19.230900000000002 1600634031
12.5113 1600634031
14.2922 1600634031
21.0807 1600634031
23.2099 1600634031
24.664700000000003 1600634031
3.3251 1600634031
25.7981 1600634031
28.242700000000003 1600634031
28.627200000000002 1600634031
24.8247 1600634031
23.3058 1600634031
7.0985 1600634031
13.6728 1600634031
25.902700000000003 1600634031
15.804900000000002 1600634031
28.2421 1600634031
20.826700000000002 1600634031
20.821 1600634031
23.561500000000002 1600634031
21.0262 1600634031
26.247999999999998 1600634031
27.883300000000002 1600634031
32.0226 1600634031
0.4697 1600634031
14.2922 1600634031
27.8048 1600634031
28.5503 1600634031
32.0225 1600634031
32.1028 1600634031
32.1166 1600634031
8.5927 1600634031
28.5503 1600634031
28.671999999999997 1600634031
31.7283 1600634031
28.6723 1600634031
29.582900000000002 1600634031
9.5847 1600634031
31.1129 1600634031
31.7442 1600634031
23.0985 1600634031
29.582 1600634031
23.005100000000002 1600634031
26.022100000000002 1600634031
31.9859 1600634031
25.9034 1600634031
26.198500000000003 1600634031
30.090200000000003 1600634031
15.301 1600634031
18.0832 1600634031
32.0232 1600634031
26.1984 1600634031
27.743100000000002 1600634031
28.162200000000002 1600634031
28.1396 1600634031
28.625700000000002 1600634031
28.625400000000003 1600634031
31.707400000000003 1600634031
31.385800000000003 1600634031
28.3432 1600634031
27.7414 1600634031
28.6268 1600634031
18.0269 1600634031
28.687800000000003 1600634031
25.138900000000003 1600634031
28.096300000000003 1600634031
16.377100000000002 1600634031
28.5504 1600634031
32.0244 1600634031
17.0183 1600634031
2.7766 1600634031
19.360400000000002 1600634031
27.794600000000003 1600634031
28.2421 1600634031
5.7347 1600634031
32.022200000000005 1600634031
19.5097 1600634031
23.0575 1600634031
25.844900000000003 1600634031
32.0227 1600634031
23.3048 1600634031
5.6648 1600634031
5.7466 1600634031
11.982999999999999 1600634031
15.032399999999999 1600634031
28.6716 1600634031
2.6744 1600634031
15.0322 1600634031
21.5715 1600634031
29.8228 1600634031
31.1129 1600634031
31.113100000000003 1600634031
21.559900000000003 1600634031
26.248099999999997 1600634031
28.095399999999998 1600634031
28.0635 1600634031
28.6273 1600634031
28.6273 1600634031
15.9688 1600634031
16.8764 1600634031
32.045899999999996 1600634031
16.8764 1600634031
23.6872 1600634031
26.629 1600634031
4.2459 1600634031
25.903200000000002 1600634031
6.7139999999999995 1600634031
11.7889 1600634031
14.3039 1600634031
26.198500000000003 1600634031
28.6715 1600634031
32.0225 1600634031
26.198400000000003 1600634031
9.2272 1600634031
12.5387 1600634031
12.512 1600634031
20.8289 1600634031
16.9325 1600634031
26.249000000000002 1600634031
28.242 1600634031
30.8324 1600634031
12.644300000000001 1600634031
31.941500000000005 1600634031
13.6411 1600634031
16.889100000000003 1600634031
17.0183 1600634031
2.8599 1600634031
29.497 1600634031
3.1218 1600634031
6.8541 1600634031
6.6616 1600634031
19.301599999999997 1600634031
24.1646 1600634031
24.164800000000003 1600634031
8.5928 1600634031
24.3747 1600634031
12.2389 1600634031
25.902700000000003 1600634031
28.3302 1600634031
13.5925 1600634031
17.0467 1600634031
20.748600000000003 1600634031
30.326999999999998 1600634031
20.8208 1600634031
22.989700000000003 1600634031
28.5504 1600634031
25.8637 1600634031
26.1992 1600634031
28.0962 1600634031
32.0226 1600634031
20.896900000000002 1600634031
25.7131 1600634031
28.241899999999998 1600634031
32.0225 1600634031
24.165000000000003 1600634031
26.249100000000002 1600634031
31.942199999999996 1600634031
3.3244 1600634031
5.7355 1600634031
5.9923 1600634031
11.4614 1600634031
32.0232 1600634031
11.6467 1600634031
11.6464 1600634031
15.0704 1600634031
19.3633 1600634031
19.3466 1600634031
19.299799999999998 1600634031
20.831799999999998 1600634031
12.427800000000001 1600634031
17.046899999999997 1600634031
21.4372 1600634031
23.058899999999998 1600634031
23.255399999999998 1600634031
6.0664 1600634031
6.8536 1600634031
12.657699999999998 1600634031
20.1629 1600634031
17.0821 1600634031
31.3765 1600634031
32.0027 1600634031
32.0222 1600634031
3.3355 1600634031
7.0657 1600634031
14.826899999999998 1600634031
27.996299999999998 1600634031
23.3838 1600634031
24.692 1600634031
24.078100000000003 1600634031
24.164800000000003 1600634031
14.8606 1600634031
7.0656 1600634031
18.154500000000002 1600634031
17.723100000000002 1600634031
16.9982 1600634031
26.249000000000002 1600634031
27.701600000000003 1600634031
28.1621 1600634031
27.718200000000003 1600634031
28.0634 1600634031
27.701500000000003 1600634031
28.3301 1600634031
27.701600000000003 1600634031
8.593 1600634031
12.4613 1600634031
17.0182 1600634031
28.2421 1600634031
28.5503 1600634031
28.550400000000003 1600634031
32.0226 1600634031
32.103300000000004 1600634031
13.8521 1600634031
17.0823 1600634031
13.998899999999999 1600634031
28.0953 1600634031
28.5503 1600634031
28.875300000000003 1600634031
29.1126 1600634031
3.1214999999999997 1600634031
5.7355 1600634031
3.3245 1600634031
3.0621 1600634031
3.9558999999999997 1600634031
6.7857 1600634031
7.1242 1600634031
15.669500000000001 1600634031
13.9751 1600634031
7.6326 1600634031
8.5937 1600634031
12.8138 1600634031
17.9868 1600634031
22.2378 1600634031
30.2443 1600634031
23.058799999999998 1600634031
23.2118 1600634031
15.855500000000001 1600634031
28.6713 1600634031
15.855300000000002 1600634031
4.3149 1600634031
13.6411 1600634031
7.149 1600634031
11.035 1600634031
17.0831 1600634031
10.5759 1600634031
7.1616 1600634031
12.0355 1600634031
11.8423 1600634031
14.305 1600634031
20.585500000000003 1600634031
21.0273 1600634031
24.1659 1600634031
11.9843 1600634031
11.9843 1600634031
22.6339 1600634031
22.535400000000003 1600634031
12.4292 1600634031
4.5379 1600634031
12.4622 1600634031
7.286700000000001 1600634031
12.6447 1600634031
18.8509 1600634031
20.889200000000002 1600634031
4.9091000000000005 1600634031
15.7306 1600634031
13.6258 1600634031
26.249399999999998 1600634031
28.3433 1600634031
12.6585 1600634031
2.3485 1600634031
17.0822 1600634031
17.2298 1600634031
18.0807 1600634031
20.3138 1600634031
18.9894 1600634031
23.2104 1600634031
24.1659 1600634031
26.1992 1600634031
5.6647 1600634031
6.1426 1600634031
19.3795 1600634031
11.4611 1600634031
11.9836 1600634031
25.903 1600634031
6.1893 1600634031
7.6828 1600634031
10.2119 1600634031
13.6409 1600634031
26.249599999999997 1600634031
32.024499999999996 1600634031
13.6954 1600634031
32.0237 1600634031
9.5855 1600634031
6.735 1600634031
7.149 1600634031
10.433 1600634031
9.1708 1600634031
8.5933 1600634031
13.5064 1600634031
13.8522 1600634031
16.8899 1600634031
17.082099999999997 1600634031
21.063499999999998 1600634031
23.6876 1600634031
24.166600000000003 1600634031
28.342499999999998 1600634031
4.9177 1600634031
7.1609 1600634031
8.5929 1600634031
19.395400000000002 1600634031
20.5854 1600634031
21.7036 1600634031
22.238500000000002 1600634031
26.2497 1600634031
15.8548 1600634031
18.9908 1600634031
20.5854 1600634031
28.6716 1600634031
20.826700000000002 1600634031
32.0242 1600634031
19.232300000000002 1600634031
15.854899999999999 1600634031
22.2378 1600634031
8.5654 1600634031
18.9932 1600634031
13.0768 1600634031
3.0612 1600634031
4.3143 1600634031
4.9178 1600634031
26.4523 1600634031
5.7353 1600634031
5.7353 1600634031
25.3623 1600634031
6.7763 1600634031
15.730400000000001 1600634031
20.8317 1600634031
28.2561 1600634031
20.8895 1600634031
14.8267 1600634031
18.186600000000002 1600634031
7.0656 1600634031
11.4362 1600634031
21.027 1600634031
23.210500000000003 1600634031
19.5107 1600634031
18.186700000000002 1600634031
19.3194 1600634031
19.360899999999997 1600634031
26.9199 1600634031
5.806 1600634031
19.511300000000002 1600634031
26.424 1600634031
27.8373 1600634031
27.796000000000003 1600634031
19.511300000000002 1600634031
19.8944 1600634031
20.748700000000003 1600634031
24.700599999999998 1600634031
20.889200000000002 1600634031
12.0293 1600634031
20.748700000000003 1600634031
20.909599999999998 1600634031
20.8892 1600634031
29.252699999999997 1600634031
7.633099999999999 1600634031
19.511300000000002 1600634031
25.5206 1600634031
25.9109 1600634031
32.0465 1600634031
12.6455 1600634031
8.5932 1600634031
13.6405 1600634031
20.677200000000003 1600634031
20.8891 1600634031
22.0568 1600634031
22.056700000000003 1600634031
13.8522 1600634031
17.0466 1600634031
22.2377 1600634031
27.2666 1600634031
22.9816 1600634031
22.257399999999997 1600634031
17.083000000000002 1600634031
28.097 1600634031
18.9893 1600634031
12.0277 1600634031
29.8241 1600634031
12.4287 1600634031
19.3981 1600634031
31.942 1600634031
31.941799999999997 1600634031
20.748600000000003 1600634031
12.428799999999999 1600634031
23.2097 1600634031
23.687700000000003 1600634031
24.1475 1600634031
24.164800000000003 1600634031
25.911 1600634031
16.9238 1600634031
16.924000000000003 1600634031
20.075499999999998 1600634031
20.052100000000003 1600634031
20.707700000000003 1600634031
22.9877 1600634031
24.1657 1600634031
20.826700000000002 1600634031
26.2495 1600634031
28.0969 1600634031
20.707900000000002 1600634031
20.779600000000002 1600634031
20.677200000000003 1600634031
6.0673 1600634031
23.6876 1600634031
24.165999999999997 1600634031
11.4612 1600634031
32.0231 1600634031
11.6467 1600634031
14.3041 1600634031
14.304 1600634031
14.3223 1600634031
8.5929 1600634031
28.6271 1600634031
6.1577 1600634031
7.4212 1600634031
9.5859 1600634031
15.556000000000001 1600634031
15.3017 1600634031
6.7572 1600634031
12.3062 1600634031
11.8422 1600634031
12.6578 1600634031
15.969399999999998 1600634031
6.19 1600634031
27.4439 1600634031
6.6616 1600634031
6.8128 1600634031
18.9909 1600634031
9.5154 1600634031
19.2316 1600634031
6.9051 1600634031
14.4037 1600634031
20.889300000000002 1600634031
24.1659 1600634031
25.903 1600634031
7.1491 1600634031
8.5928 1600634031
11.4354 1600634031
12.817 1600634031
18.130300000000002 1600634031
32.023 1600634031
18.9904 1600634031
12.512599999999999 1600634031
16.8897 1600634031
19.395500000000002 1600634031
9.5851 1600634031
13.8164 1600634031
14.2158 1600634031
19.8777 1600634031
13.8634 1600634031
19.397199999999998 1600634031
32.0234 1600634031
13.9986 1600634031
28.0967 1600634031
6.7768 1600634031
32.0231 1600634031
4.9173 1600634031
5.773 1600634031
20.748600000000003 1600634031
4.9176 1600634031
6.0678 1600634031
8.3639 1600634031
12.3057 1600634031
17.1567 1600634031
20.889200000000002 1600634031
25.9033 1600634031
12.5346 1600634031
28.0962 1600634031
