25.183999999999997 1600633746
27.610300000000002 1600633746
2.3524000000000003 1600633746
14.2826 1600633746
19.2848 1600633746
22.6344 1600633746
19.3332 1600633746
25.852600000000002 1600633746
21.5818 1600633746
22.058 1600633746
22.258000000000003 1600633746
22.8926 1600633746
22.892400000000002 1600633746
27.5423 1600633746
1.7375 1600633746
3.1601 1600633746
3.3648 1600633746
3.3786 1600633746
19.9087 1600633746
21.8184 1600633746
4.7149 1600633746
8.0047 1600633746
9.4816 1600633746
10.571299999999999 1600633746
11.449599999999998 1600633746
8.1238 1600633746
21.0298 1600633746
11.7127 1600633746
18.152700000000003 1600633746
20.239700000000003 1600633746
22.942700000000002 1600633746
11.449499999999999 1600633746
26.0777 1600633746
11.5891 1600633746
14.5038 1600633746
13.4735 1600633746
18.6167 1600633746
26.1554 1600633746
19.060100000000002 1600633746
23.517500000000002 1600633746
19.2848 1600633746
19.334100000000003 1600633746
21.7759 1600633746
21.735300000000002 1600633746
9.0049 1600633746
10.5705 1600633746
16.1291 1600633746
26.6401 1600633746
26.634500000000003 1600633746
16.0468 1600633746
14.263399999999999 1600633746
14.2827 1600633746
21.7342 1600633746
22.943 1600633746
23.0269 1600633746
11.7128 1600633746
9.9552 1600633746
10.0644 1600633746
13.472999999999999 1600633746
18.8064 1600633746
21.339100000000002 1600633746
22.258000000000003 1600633746
27.5424 1600633746
22.242800000000003 1600633746
27.243000000000002 1600633746
19.2591 1600633746
22.561300000000003 1600633746
22.942800000000002 1600633746
22.8928 1600633746
10.0643 1600633746
13.415099999999999 1600633746
27.525100000000002 1600633746
13.2397 1600633746
13.441699999999999 1600633746
9.077 1600633746
10.0148 1600633746
19.3012 1600633746
20.239900000000002 1600633746
20.9216 1600633746
25.6509 1600633746
1.4812 1600633746
20.940900000000003 1600633746
20.9219 1600633746
21.5182 1600633746
4.7149 1600633746
9.9161 1600633746
27.5421 1600633746
16.087600000000002 1600633746
27.2533 1600633746
5.857 1600633746
15.2402 1600633746
20.239700000000003 1600633746
21.448900000000002 1600633746
21.595100000000002 1600633746
23.5184 1600633746
24.5839 1600633746
24.709 1600633746
25.854400000000002 1600633746
27.5425 1600633746
21.595200000000002 1600633746
6.1381 1600633746
10.084999999999999 1600633746
11.5344 1600633746
21.6395 1600633746
22.9429 1600633746
24.6755 1600633746
24.693900000000003 1600633746
25.1098 1600633746
25.843200000000003 1600633746
25.9845 1600633746
25.1847 1600633746
10.1876 1600633746
6.1477 1600633746
12.221 1600633746
27.5423 1600633746
11.6031 1600633746
9.1695 1600633746
19.654400000000003 1600633746
20.2407 1600633746
27.542 1600633746
10.880299999999998 1600633746
16.0383 1600633746
20.6289 1600633746
21.6396 1600633746
25.5973 1600633746
1.3797000000000001 1600633746
21.783 1600633746
21.757900000000003 1600633746
24.6938 1600633746
25.1845 1600633746
20.5969 1600633746
3.3335 1600633746
13.1839 1600633746
11.525699999999999 1600633746
10.8804 1600633746
5.0298 1600633746
13.0999 1600633746
20.8387 1600633746
21.9359 1600633746
24.8674 1600633746
25.0573 1600633746
25.0573 1600633746
26.7426 1600633746
21.734 1600633746
27.525000000000002 1600633746
13.099599999999999 1600633746
19.0241 1600633746
20.6291 1600633746
21.5181 1600633746
26.634800000000002 1600633746
21.573800000000002 1600633746
21.7342 1600633746
21.7683 1600633746
27.524900000000002 1600633746
21.7682 1600633746
21.7342 1600633746
24.325300000000002 1600633746
22.892500000000002 1600633746
21.573700000000002 1600633746
22.942600000000002 1600633746
24.709 1600633746
19.3195 1600633746
1.8939 1600633746
5.903300000000001 1600633746
8.4976 1600633746
16.128800000000002 1600633746
14.2633 1600633746
8.4977 1600633746
9.077599999999999 1600633746
9.276499999999999 1600633746
15.3049 1600633746
12.776499999999999 1600633746
13.239799999999999 1600633746
21.573800000000002 1600633746
10.2387 1600633746
22.942800000000002 1600633746
24.6938 1600633746
27.542 1600633746
9.2667 1600633746
6.0214 1600633746
9.6909 1600633746
23.1267 1600633746
3.101 1600633746
4.202299999999999 1600633746
12.1276 1600633746
13.100499999999998 1600633746
13.1831 1600633746
22.288800000000002 1600633746
22.9429 1600633746
22.892599999999998 1600633746
13.2397 1600633746
17.2533 1600633746
21.2558 1600633746
23.12 1600633746
23.5177 1600633746
24.6937 1600633746
25.1845 1600633746
21.2327 1600633746
21.4492 1600633746
24.3507 1600633746
24.709 1600633746
25.1845 1600633746
25.9844 1600633746
26.7439 1600633746
26.7436 1600633746
25.1844 1600633746
24.3507 1600633746
25.852700000000002 1600633746
25.984900000000003 1600633746
27.5423 1600633746
27.5255 1600633746
21.5182 1600633746
9.7829 1600633746
4.2735 1600633746
14.263499999999999 1600633746
12.2745 1600633746
13.8019 1600633746
7.335500000000001 1600633746
13.4412 1600633746
12.2641 1600633746
9.887599999999999 1600633746
9.8829 1600633746
21.9635 1600633746
25.852500000000003 1600633746
3.3785 1600633746
21.8531 1600633746
25.5243 1600633746
25.523400000000002 1600633746
22.9429 1600633746
27.5422 1600633746
10.1299 1600633746
21.0214 1600633746
25.057100000000002 1600633746
25.1843 1600633746
21.734 1600633746
25.6245 1600633746
27.5422 1600633746
4.272600000000001 1600633746
27.5254 1600633746
5.7717 1600633746
5.857 1600633746
10.8798 1600633746
24.6752 1600633746
6.1379 1600633746
9.972999999999999 1600633746
24.709 1600633746
10.880199999999999 1600633746
11.525699999999999 1600633746
10.879999999999999 1600633746
11.7141 1600633746
9.994599999999998 1600633746
10.0644 1600633746
4.2728 1600633746
13.2397 1600633746
17.698800000000002 1600633746
17.5511 1600633746
18.003800000000002 1600633746
18.356 1600633746
10.0642 1600633746
27.594 1600633746
3.3881 1600633746
10.0643 1600633746
10.133099999999999 1600633746
25.185100000000002 1600633746
10.064 1600633746
25.852700000000002 1600633746
1.8464 1600633746
5.7716 1600633746
25.985100000000003 1600633746
7.0054 1600633746
7.9899000000000004 1600633746
7.0516000000000005 1600633746
8.0059 1600633746
8.1236 1600633746
12.3182 1600633746
27.5422 1600633746
12.265799999999999 1600633746
19.020100000000003 1600633746
19.2592 1600633746
19.3341 1600633746
20.2405 1600633746
24.091800000000003 1600633746
27.5941 1600633746
9.004999999999999 1600633746
22.259900000000002 1600633746
24.357100000000003 1600633746
24.7089 1600633746
25.125600000000002 1600633746
3.762 1600633746
25.1846 1600633746
1.9734000000000003 1600633746
5.856800000000001 1600633746
5.9042 1600633746
9.107199999999999 1600633746
18.152800000000003 1600633746
21.573700000000002 1600633746
9.954799999999999 1600633746
6.0223 1600633746
11.525599999999999 1600633746
12.576699999999999 1600633746
20.9218 1600633746
21.518 1600633746
3.4169 1600633746
9.5499 1600633746
12.3242 1600633746
24.722 1600633746
13.1001 1600633746
22.942600000000002 1600633746
8.965 1600633746
16.575100000000003 1600633746
24.584100000000003 1600633746
18.163500000000003 1600633746
2.1020999999999996 1600633746
2.8234999999999997 1600633746
12.156699999999999 1600633746
21.7681 1600633746
22.2591 1600633746
23.052300000000002 1600633746
0.23650000000000002 1600633746
11.5894 1600633746
2.8234 1600633746
3.9307000000000003 1600633746
12.5757 1600633746
17.354400000000002 1600633746
21.8356 1600633746
21.8356 1600633746
22.9435 1600633746
12.693999999999999 1600633746
27.5936 1600633746
5.771599999999999 1600633746
8.5342 1600633746
10.0641 1600633746
10.1329 1600633746
10.342699999999999 1600633746
25.185200000000002 1600633746
5.856599999999999 1600633746
7.003699999999999 1600633746
25.698 1600633746
8.1237 1600633746
10.133099999999999 1600633746
19.8705 1600633746
3.101 1600633746
8.4976 1600633746
12.8917 1600633746
25.482300000000002 1600633746
20.696 1600633746
24.415100000000002 1600633746
25.1855 1600633746
9.268099999999999 1600633746
11.4492 1600633746
11.5267 1600633746
18.355900000000002 1600633746
18.3561 1600633746
27.594 1600633746
11.5893 1600633746
21.448800000000002 1600633746
21.5817 1600633746
9.410499999999999 1600633746
27.594 1600633746
8.497499999999999 1600633746
7.0040000000000004 1600633746
9.995199999999999 1600633746
10.1297 1600633746
4.9239 1600633746
7.937399999999999 1600633746
7.9873 1600633746
10.0643 1600633746
21.3499 1600633746
4.8011 1600633746
12.4665 1600633746
27.5941 1600633746
12.1342 1600633746
17.698600000000003 1600633746
21.6161 1600633746
21.616 1600633746
27.5939 1600633746
5.7725 1600633746
18.0026 1600633746
1.8461 1600633746
10.133099999999999 1600633746
11.450199999999999 1600633746
11.7141 1600633746
12.3491 1600633746
1.8463 1600633746
7.4780999999999995 1600633746
20.239700000000003 1600633746
16.5757 1600633746
24.6752 1600633746
16.5757 1600633746
23.5185 1600633746
24.6938 1600633746
1.5691000000000002 1600633746
27.5422 1600633746
8.9651 1600633746
9.078 1600633746
12.2731 1600633746
12.273 1600633746
16.6596 1600633746
16.5271 1600633746
18.163400000000003 1600633746
22.9429 1600633746
16.2958 1600633746
23.0529 1600633746
24.709600000000002 1600633746
26.7436 1600633746
5.586200000000001 1600633746
26.7437 1600633746
9.692499999999999 1600633746
20.2405 1600633746
21.595000000000002 1600633746
9.7834 1600633746
12.366999999999999 1600633746
12.324 1600633746
13.100399999999999 1600633746
2.1544 1600633746
5.5335 1600633746
5.7723 1600633746
5.8227 1600633746
6.1480999999999995 1600633746
24.5911 1600633746
8.044599999999999 1600633746
8.123099999999999 1600633746
10.880799999999999 1600633746
16.0474 1600633746
22.9434 1600633746
11.589599999999999 1600633746
13.100299999999999 1600633746
25.9025 1600633746
8.1229 1600633746
9.367999999999999 1600633746
9.4576 1600633746
25.855 1600633746
9.9561 1600633746
10.0642 1600633746
10.342799999999999 1600633746
9.5748 1600633746
9.887699999999999 1600633746
10.014899999999999 1600633746
9.9948 1600633746
17.477600000000002 1600633746
21.581500000000002 1600633746
10.133 1600633746
25.456100000000003 1600633746
2.3539 1600633746
6.1477 1600633746
21.616 1600633746
24.6937 1600633746
27.5423 1600633746
7.0039 1600633746
24.6745 1600633746
27.615099999999998 1600633746
24.7214 1600633746
25.847800000000003 1600633746
25.1856 1600633746
1.9178 1600633746
27.542 1600633746
2.3221 1600633746
1.7955999999999999 1600633746
2.3526 1600633746
3.3648 1600633746
12.8823 1600633746
12.3474 1600633746
20.543699999999998 1600633746
3.3779000000000003 1600633746
21.7691 1600633746
22.942700000000002 1600633746
3.5298000000000003 1600633746
3.8406 1600633746
7.1899999999999995 1600633746
10.2385 1600633746
18.163500000000003 1600633746
22.258300000000002 1600633746
27.5421 1600633746
22.2578 1600633746
11.5895 1600633746
27.5422 1600633746
16.256700000000002 1600633746
16.2374 1600633746
4.6832 1600633746
27.5422 1600633746
5.7713 1600633746
27.615099999999998 1600633746
13.2402 1600633746
10.1324 1600633746
25.1845 1600633746
5.771 1600633746
25.9846 1600633746
10.0638 1600633746
10.0637 1600633746
10.014800000000001 1600633746
10.1326 1600633746
3.4166000000000003 1600633746
1.8715999999999997 1600633746
6.0209 1600633746
11.3864 1600633746
17.6982 1600633746
24.7097 1600633746
18.152600000000003 1600633746
18.542 1600633746
22.259 1600633746
18.542 1600633746
10.2388 1600633746
19.607400000000002 1600633746
25.185000000000002 1600633746
27.5939 1600633746
13.183399999999999 1600633746
6.7032 1600633746
22.9433 1600633746
6.0347 1600633746
11.603 1600633746
15.992499999999998 1600633746
15.961799999999998 1600633746
