50.2024 1600632720
52.3791 1600632720
42.364 1600632720
40.2697 1600632720
45.277100000000004 1600632720
45.2584 1600632720
45.3425 1600632720
48.1994 1600632720
26.2656 1600632720
50.285500000000006 1600632720
50.0961 1600632720
55.1414 1600632720
49.7357 1600632720
36.914899999999996 1600632720
38.8205 1600632720
41.457 1600632720
23.4267 1600632720
42.3975 1600632720
33.8294 1600632720
34.3036 1600632720
45.0232 1600632720
44.8794 1600632720
46.4483 1600632720
48.6708 1600632720
53.2631 1600632720
38.1105 1600632720
48.1993 1600632720
52.507000000000005 1600632720
55.117900000000006 1600632720
43.8804 1600632720
29.7957 1600632720
29.7469 1600632720
31.6503 1600632720
33.4061 1600632720
38.3954 1600632720
38.7518 1600632720
41.961800000000004 1600632720
41.957300000000004 1600632720
42.8232 1600632720
44.9983 1600632720
38.752 1600632720
38.7428 1600632720
34.4311 1600632720
42.445600000000006 1600632720
39.240100000000005 1600632720
43.5828 1600632720
42.7075 1600632720
40.166000000000004 1600632720
42.707300000000004 1600632720
44.028400000000005 1600632720
44.3481 1600632720
44.3481 1600632720
39.1378 1600632720
48.8998 1600632720
42.707600000000006 1600632720
41.9576 1600632720
56.642700000000005 1600632720
50.4678 1600632720
55.098000000000006 1600632720
50.4679 1600632720
50.2843 1600632720
52.8042 1600632720
55.2769 1600632720
29.5976 1600632720
51.4804 1600632720
36.4713 1600632720
44.4651 1600632720
44.344500000000004 1600632720
54.3423 1600632720
55.098000000000006 1600632720
55.098000000000006 1600632720
43.0944 1600632720
40.3922 1600632720
52.507600000000004 1600632720
55.0981 1600632720
45.400800000000004 1600632720
50.467999999999996 1600632720
48.394999999999996 1600632720
44.6924 1600632720
33.7709 1600632720
45.9037 1600632720
44.6586 1600632720
49.1107 1600632720
54.326 1600632720
55.2773 1600632720
56.503800000000005 1600632720
40.1801 1600632720
43.027100000000004 1600632720
44.5114 1600632720
31.6752 1600632720
38.5256 1600632720
42.2698 1600632720
43.101600000000005 1600632720
44.2653 1600632720
33.8243 1600632720
46.1447 1600632720
49.5497 1600632720
42.6119 1600632720
30.0173 1600632720
30.2169 1600632720
30.6505 1600632720
34.5712 1600632720
33.8213 1600632720
46.036 1600632720
39.239200000000004 1600632720
39.2394 1600632720
41.5666 1600632720
45.4753 1600632720
42.544500000000006 1600632720
47.8727 1600632720
42.5447 1600632720
34.4745 1600632720
39.8545 1600632720
54.2488 1600632720
50.2173 1600632720
52.1683 1600632720
52.2036 1600632720
52.2559 1600632720
42.2205 1600632720
53.9461 1600632720
53.9463 1600632720
55.672000000000004 1600632720
51.8875 1600632720
39.6577 1600632720
45.0659 1600632720
45.401199999999996 1600632720
50.1978 1600632720
49.0497 1600632720
46.7837 1600632720
49.1414 1600632720
53.9534 1600632720
47.2627 1600632720
55.0561 1600632720
49.740300000000005 1600632720
51.5542 1600632720
52.1717 1600632720
51.7106 1600632720
50.142700000000005 1600632720
54.248200000000004 1600632720
53.233900000000006 1600632720
51.8689 1600632720
50.1666 1600632720
52.8754 1600632720
42.7093 1600632720
43.6698 1600632720
43.1245 1600632720
42.2517 1600632720
42.3575 1600632720
42.2704 1600632720
44.9258 1600632720
42.2516 1600632720
46.037200000000006 1600632720
42.3575 1600632720
43.6006 1600632720
40.6662 1600632720
43.1427 1600632720
43.1426 1600632720
43.2776 1600632720
43.280300000000004 1600632720
43.2777 1600632720
47.639300000000006 1600632720
42.4476 1600632720
45.1492 1600632720
38.7043 1600632720
43.3235 1600632720
44.6863 1600632720
34.9234 1600632720
44.6805 1600632720
39.4016 1600632720
31.4381 1600632720
56.6468 1600632720
50.6813 1600632720
37.5109 1600632720
37.5113 1600632720
50.4402 1600632720
55.9544 1600632720
40.9788 1600632720
39.6723 1600632720
38.1115 1600632720
51.8546 1600632720
54.2147 1600632720
38.103100000000005 1600632720
55.6737 1600632720
43.556700000000006 1600632720
41.13 1600632720
47.472699999999996 1600632720
47.6203 1600632720
51.3985 1600632720
51.8548 1600632720
54.4508 1600632720
41.13 1600632720
1.6859000000000002 1600632720
41.0234 1600632720
42.0989 1600632720
49.7092 1600632720
49.1117 1600632720
53.0571 1600632720
52.8048 1600632720
51.7612 1600632720
55.147 1600632720
43.181 1600632720
39.234 1600632720
41.957 1600632720
41.9089 1600632720
42.9579 1600632720
46.1362 1600632720
43.6976 1600632720
42.465700000000005 1600632720
42.492900000000006 1600632720
41.9572 1600632720
43.015600000000006 1600632720
39.508300000000006 1600632720
42.4183 1600632720
41.9417 1600632720
43.1771 1600632720
44.7664 1600632720
43.175 1600632720
39.725699999999996 1600632720
43.481899999999996 1600632720
43.4814 1600632720
43.481899999999996 1600632720
42.7331 1600632720
48.953 1600632720
42.8303 1600632720
43.0969 1600632720
43.786300000000004 1600632720
30.357699999999998 1600632720
55.9895 1600632720
45.262299999999996 1600632720
46.9455 1600632720
49.2213 1600632720
53.3597 1600632720
50.5318 1600632720
54.0255 1600632720
50.5297 1600632720
44.022600000000004 1600632720
51.1873 1600632720
51.061299999999996 1600632720
53.11 1600632720
53.06 1600632720
43.2323 1600632720
46.4655 1600632720
53.2794 1600632720
47.1223 1600632720
52.2141 1600632720
50.4705 1600632720
50.621300000000005 1600632720
47.7019 1600632720
49.2211 1600632720
51.7119 1600632720
54.528 1600632720
51.6537 1600632720
51.6538 1600632720
54.527800000000006 1600632720
51.6537 1600632720
49.5697 1600632720
43.5056 1600632720
46.135400000000004 1600632720
46.1355 1600632720
31.974500000000003 1600632720
43.5056 1600632720
31.732999999999997 1600632720
42.2289 1600632720
44.7978 1600632720
44.2531 1600632720
32.894000000000005 1600632720
33.7209 1600632720
37.239700000000006 1600632720
42.5929 1600632720
33.8127 1600632720
38.2896 1600632720
43.297 1600632720
44.7978 1600632720
47.871 1600632720
43.2973 1600632720
48.8998 1600632720
40.3472 1600632720
49.5437 1600632720
40.6101 1600632720
41.120400000000004 1600632720
41.1204 1600632720
40.6103 1600632720
42.3941 1600632720
41.1205 1600632720
56.6428 1600632720
47.1184 1600632720
54.1171 1600632720
28.8314 1600632720
44.5756 1600632720
52.1918 1600632720
33.1087 1600632720
40.424 1600632720
44.3181 1600632720
54.3258 1600632720
55.2772 1600632720
45.9035 1600632720
53.7886 1600632720
55.0981 1600632720
45.9034 1600632720
50.4677 1600632720
52.1714 1600632720
37.1924 1600632720
50.8348 1600632720
52.171200000000006 1600632720
43.555 1600632720
50.907700000000006 1600632720
45.9037 1600632720
54.4339 1600632720
39.804300000000005 1600632720
45.501599999999996 1600632720
48.381299999999996 1600632720
35.2604 1600632720
52.8115 1600632720
39.534800000000004 1600632720
42.3943 1600632720
42.8074 1600632720
42.2279 1600632720
39.3767 1600632720
42.7079 1600632720
42.6509 1600632720
44.020500000000006 1600632720
42.5918 1600632720
43.880700000000004 1600632720
43.648500000000006 1600632720
43.635799999999996 1600632720
46.0346 1600632720
45.4812 1600632720
46.1448 1600632720
46.1449 1600632720
47.5203 1600632720
46.1445 1600632720
49.5513 1600632720
49.549400000000006 1600632720
46.1448 1600632720
49.2136 1600632720
46.1446 1600632720
49.207 1600632720
49.2069 1600632720
30.6506 1600632720
42.1959 1600632720
39.913900000000005 1600632720
55.8355 1600632720
54.3832 1600632720
51.481500000000004 1600632720
53.9211 1600632720
46.166500000000006 1600632720
53.8434 1600632720
51.0622 1600632720
49.7374 1600632720
50.4679 1600632720
50.5898 1600632720
50.3978 1600632720
50.1666 1600632720
55.772200000000005 1600632720
50.1944 1600632720
54.3833 1600632720
38.8226 1600632720
46.879200000000004 1600632720
55.3957 1600632720
50.6568 1600632720
53.1344 1600632720
55.125299999999996 1600632720
46.8207 1600632720
50.749700000000004 1600632720
52.1922 1600632720
54.163000000000004 1600632720
51.3521 1600632720
54.999100000000006 1600632720
54.363200000000006 1600632720
56.1824 1600632720
41.66 1600632720
42.465300000000006 1600632720
32.1425 1600632720
34.134600000000006 1600632720
35.8466 1600632720
39.0611 1600632720
36.0894 1600632720
29.681 1600632720
32.5723 1600632720
39.4016 1600632720
42.3575 1600632720
44.259 1600632720
31.9687 1600632720
30.2429 1600632720
30.5963 1600632720
40.827000000000005 1600632720
31.1958 1600632720
32.2249 1600632720
43.0388 1600632720
38.6191 1600632720
43.0787 1600632720
33.164100000000005 1600632720
35.0477 1600632720
37.2404 1600632720
35.8946 1600632720
42.7083 1600632720
41.9592 1600632720
34.5148 1600632720
56.652 1600632720
53.9946 1600632720
55.3975 1600632720
50.468300000000006 1600632720
42.4661 1600632720
50.4373 1600632720
53.931 1600632720
53.0584 1600632720
52.950900000000004 1600632720
46.2952 1600632720
52.1086 1600632720
54.117599999999996 1600632720
54.24570000000001 1600632720
54.3956 1600632720
54.3956 1600632720
54.1174 1600632720
54.0275 1600632720
54.0277 1600632720
27.772399999999998 1600632720
55.7733 1600632720
45.1447 1600632720
37.5138 1600632720
48.9708 1600632720
48.672000000000004 1600632720
40.791399999999996 1600632720
42.5294 1600632720
40.2753 1600632720
46.97280000000001 1600632720
51.3992 1600632720
39.6897 1600632720
34.5152 1600632720
34.5404 1600632720
42.570100000000004 1600632720
42.599700000000006 1600632720
29.7223 1600632720
31.7488 1600632720
33.7556 1600632720
39.1391 1600632720
41.9581 1600632720
34.9814 1600632720
40.167300000000004 1600632720
39.865500000000004 1600632720
41.9572 1600632720
41.957100000000004 1600632720
43.5842 1600632720
31.5316 1600632720
34.5405 1600632720
44.1279 1600632720
42.5742 1600632720
43.489 1600632720
44.9594 1600632720
43.5681 1600632720
35.825100000000006 1600632720
39.967400000000005 1600632720
38.754200000000004 1600632720
41.1216 1600632720
40.728500000000004 1600632720
56.516999999999996 1600632720
49.1979 1600632720
38.5103 1600632720
47.118 1600632720
46.9822 1600632720
50.197900000000004 1600632720
50.4687 1600632720
50.468500000000006 1600632720
53.1098 1600632720
52.9747 1600632720
50.468500000000006 1600632720
50.7928 1600632720
50.403200000000005 1600632720
51.760799999999996 1600632720
51.047900000000006 1600632720
54.1803 1600632720
50.3748 1600632720
53.910700000000006 1600632720
52.438 1600632720
50.4649 1600632720
52.213800000000006 1600632720
54.527800000000006 1600632720
51.048 1600632720
53.9092 1600632720
46.194500000000005 1600632720
37.5141 1600632720
42.1589 1600632720
43.684599999999996 1600632720
50.813700000000004 1600632720
46.1355 1600632720
40.5845 1600632720
42.707 1600632720
49.2127 1600632720
43.880500000000005 1600632720
41.9619 1600632720
40.9065 1600632720
42.195800000000006 1600632720
42.9569 1600632720
40.857000000000006 1600632720
42.7076 1600632720
43.3873 1600632720
40.8571 1600632720
47.8725 1600632720
44.9983 1600632720
44.047200000000004 1600632720
49.212700000000005 1600632720
42.741600000000005 1600632720
47.3924 1600632720
49.5437 1600632720
41.120400000000004 1600632720
38.491800000000005 1600632720
38.4127 1600632720
42.3939 1600632720
42.195800000000006 1600632720
10.7125 1600632720
37.2397 1600632720
35.5704 1600632720
