1.7508000000000001 1600647182
1.9607 1600647182
2.0519000000000003 1600647182
1.9799000000000002 1600647182
2.1394 1600647182
1.8989000000000003 1600647182
1.9587000000000003 1600647182
2.048 1600647182
1.9079000000000002 1600647182
2.0505 1600647182
2.1159000000000003 1600647182
2.0837000000000003 1600647182
2.0097 1600647182
2.0232 1600647182
2.0594 1600647182
1.9517000000000002 1600647182
1.9115000000000002 1600647182
2.0614 1600647182
1.9607 1600647182
1.9515000000000002 1600647182
2.1100000000000003 1600647182
1.9861 1600647182
2.104 1600647182
1.9465000000000003 1600647182
1.9899 1600647182
1.9828000000000001 1600647182
2.0528 1600647182
1.9751000000000003 1600647182
2.0409 1600647182
2.0099 1600647182
2.0683000000000002 1600647182
2.0212000000000003 1600647182
2.0060000000000002 1600647182
1.9837000000000002 1600647182
1.9605000000000001 1600647182
1.9614000000000003 1600647182
1.9822000000000002 1600647182
2.0096000000000003 1600647182
1.9374000000000002 1600647182
1.963 1600647182
2.0773 1600647182
1.9226 1600647182
2.0439000000000003 1600647182
2.0224 1600647182
1.9631000000000003 1600647182
1.9943 1600647182
1.9912 1600647182
2.0574000000000003 1600647182
1.9762 1600647182
2.0295 1600647182
2.0676 1600647182
1.944 1600647182
2.0938 1600647182
1.9888 1600647182
1.9686 1600647182
1.9042 1600647182
1.9194 1600647182
1.9828999999999999 1600647182
1.9634999999999998 1600647182
1.9402999999999997 1600647182
2.0419 1600647182
2.0023 1600647182
2.0095 1600647182
2.0185 1600647182
1.9699 1600647182
1.96 1600647182
2.066 1600647182
1.9913000000000003 1600647182
2.1183 1600647182
2.0577 1600647182
2.0415 1600647182
2.1099 1600647182
1.9539 1600647182
2.0668 1600647182
1.9707000000000003 1600647182
1.9771 1600647182
2.0092000000000003 1600647182
2.0512 1600647182
2.1394 1600647182
1.9628 1600647182
1.9278999999999997 1600647182
1.9768000000000003 1600647182
2.0606 1600647182
1.9860000000000002 1600647182
2.0673 1600647182
2.1086 1600647182
2.0149 1600647182
2.0468 1600647182
2.1166 1600647182
1.9131 1600647182
2.0408 1600647182
2.0095 1600647182
1.9681000000000002 1600647182
2.1036 1600647182
2.0164 1600647182
2.0243 1600647182
1.9863 1600647182
1.9802 1600647182
1.9933 1600647182
2.0582000000000003 1600647182
1.8849999999999998 1600647182
2.0022 1600647182
1.9386 1600647182
1.9632 1600647182
1.9684 1600647182
1.9854000000000003 1600647182
1.9525000000000001 1600647182
2.0423 1600647182
2.0608 1600647182
1.9754 1600647182
1.9237000000000002 1600647182
1.9417 1600647182
2.0161 1600647182
1.9699 1600647182
1.9894000000000003 1600647182
1.9751000000000003 1600647182
2.0676 1600647182
1.9842 1600647182
2.0662000000000003 1600647182
1.9632 1600647182
1.9291 1600647182
1.9684 1600647182
2.0098000000000003 1600647182
1.9704000000000002 1600647182
2.0849 1600647182
2.0163 1600647182
2.0232 1600647182
1.9359000000000002 1600647182
2.1149999999999998 1600647182
1.9046000000000003 1600647182
2.0519 1600647182
1.9924 1600647182
1.9182000000000001 1600647182
2.108 1600647182
1.9399000000000002 1600647182
1.9683000000000002 1600647182
1.9531 1600647182
1.9965000000000002 1600647182
2.0739 1600647182
2.0048 1600647182
2.0024 1600647182
1.9642 1600647182
2.1381 1600647182
1.9547000000000003 1600647182
1.9533 1600647182
2.0399000000000003 1600647182
1.9585 1600647182
1.9293 1600647182
2.0576000000000003 1600647182
1.9692000000000003 1600647182
1.98 1600647182
2.0222 1600647182
2.1152 1600647182
1.9911000000000003 1600647182
1.9460000000000002 1600647182
2.0634 1600647182
2.0267 1600647182
2.0248 1600647182
2.0414000000000003 1600647182
1.9456000000000002 1600647182
1.9617 1600647182
1.988 1600647182
1.9419 1600647182
1.9075000000000002 1600647182
1.9058000000000002 1600647182
2.1314 1600647182
2.0292000000000003 1600647182
2.0539 1600647182
1.9697999999999998 1600647182
2.049 1600647182
1.9744000000000002 1600647182
1.987 1600647182
2.0056000000000003 1600647182
1.9722 1600647182
1.9907 1600647182
2.0546 1600647182
1.9779999999999998 1600647182
1.9488000000000003 1600647182
2.077 1600647182
1.9847000000000001 1600647182
2.0666 1600647182
1.9707000000000003 1600647182
1.9853 1600647182
2.0335 1600647182
1.9378000000000002 1600647182
2.0666 1600647182
1.9505 1600647182
2.0932 1600647182
1.9544000000000001 1600647182
2.0514 1600647182
1.9865 1600647182
1.984 1600647182
1.9388 1600647182
2.0144 1600647182
1.9198 1600647182
1.9537 1600647182
1.9914 1600647182
2.0073000000000003 1600647182
2.0498000000000003 1600647182
1.9300000000000002 1600647182
1.9813 1600647182
2.0958 1600647182
1.8993000000000002 1600647182
1.9601000000000002 1600647182
2.1062000000000003 1600647182
2.0524 1600647182
1.9816000000000003 1600647182
1.9937 1600647182
1.9736000000000002 1600647182
1.9655 1600647182
1.9806 1600647182
2.0756 1600647182
2.0552 1600647182
2.0224 1600647182
1.9596 1600647182
1.9462000000000002 1600647182
2.0356 1600647182
2.079 1600647182
1.9785 1600647182
1.9778000000000002 1600647182
1.9293 1600647182
2.0697 1600647182
1.9767000000000001 1600647182
2.1154 1600647182
1.9828000000000001 1600647182
2.0408 1600647182
1.9927000000000001 1600647182
1.948 1600647182
2.0768 1600647182
2.0633 1600647182
2.0579 1600647182
2.0522 1600647182
1.9474 1600647182
1.94 1600647182
1.9786000000000001 1600647182
1.9406000000000003 1600647182
2.019 1600647182
2.0445 1600647182
1.9786000000000001 1600647182
2.0575 1600647182
1.9742000000000002 1600647182
1.9835000000000003 1600647182
2.0579 1600647182
1.9972000000000003 1600647182
2.0094000000000003 1600647182
2.0665 1600647182
1.9663 1600647182
2.115 1600647182
1.9730000000000003 1600647182
1.9523000000000001 1600647182
1.9532000000000003 1600647182
2.0239000000000003 1600647182
2.0469 1600647182
2.0046 1600647182
2.0460000000000003 1600647182
1.9791000000000003 1600647182
2.033 1600647182
1.9941 1600647182
2.054 1600647182
1.7508 1600647182
1.9634999999999998 1600647182
2.1115 1600647182
2.14 1600647182
1.9594999999999998 1600647182
1.9844999999999997 1600647182
1.9333999999999998 1600647182
1.983 1600647182
2.106 1600647182
1.9495999999999998 1600647182
1.9392 1600647182
1.9920999999999998 1600647182
2.0958 1600647182
1.9872 1600647182
1.9419 1600647182
1.939 1600647182
2.0354 1600647182
2.0182 1600647182
1.9525000000000001 1600647182
2.003 1600647182
2.0602 1600647182
1.9263 1600647182
1.9794 1600647182
1.9828000000000001 1600647182
2.032 1600647182
2.0524 1600647182
1.9341 1600647182
2.0255 1600647182
2.0044 1600647182
1.9499 1600647182
1.9285 1600647182
1.9409999999999998 1600647182
1.98 1600647182
1.9849999999999999 1600647182
2.1239 1600647182
1.9516 1600647182
1.9118999999999997 1600647182
1.9400999999999997 1600647182
1.9253999999999998 1600647182
2.0925 1600647182
2.0625 1600647182
1.9333999999999998 1600647182
1.916 1600647182
2.0216 1600647182
1.9181 1600647182
1.9337 1600647182
2.1284 1600647182
1.9918 1600647182
1.9705 1600647182
1.9807000000000001 1600647182
2.1063 1600647182
1.9369 1600647182
2.0452 1600647182
1.9419 1600647182
2.1199 1600647182
2.1060000000000003 1600647182
2.0526 1600647182
1.9684 1600647182
2.0389 1600647182
2.0359000000000003 1600647182
2.0626 1600647182
1.9748 1600647182
1.9531999999999998 1600647182
2.0094 1600647182
2.0471 1600647182
2.0583 1600647182
1.9386999999999999 1600647182
1.9899999999999998 1600647182
1.9817 1600647182
1.9447 1600647182
2.0238 1600647182
1.9232 1600647182
1.9746000000000001 1600647182
2.0532 1600647182
2.041 1600647182
1.9442 1600647182
1.9897 1600647182
1.9609 1600647182
1.9918999999999998 1600647182
2.0455 1600647182
1.9236 1600647182
2.0888 1600647182
1.9895 1600647182
2.0395 1600647182
2.0587 1600647182
1.9617999999999998 1600647182
2.0955 1600647182
2.0093 1600647182
2.0504000000000002 1600647182
2.0061999999999998 1600647182
2.0358 1600647182
1.9806 1600647182
2.0507 1600647182
1.9592 1600647182
1.9598999999999998 1600647182
2.0232 1600647182
1.9485999999999999 1600647182
2.0401 1600647182
1.9503 1600647182
1.9952 1600647182
2.0523 1600647182
1.9817 1600647182
2.1241 1600647182
1.9767000000000001 1600647182
1.9796 1600647182
1.9056000000000002 1600647182
1.9806 1600647182
1.9169999999999998 1600647182
2.0035000000000003 1600647182
2.1002 1600647182
1.9758 1600647182
2.0435 1600647182
1.9872 1600647182
2.0554 1600647182
1.9439000000000002 1600647182
2.1197 1600647182
2.1099 1600647182
1.9790999999999999 1600647182
1.9811 1600647182
1.9253999999999998 1600647182
2.0242 1600647182
1.9849999999999999 1600647182
2.1123000000000003 1600647182
2.214 1600647182
2.1061 1600647182
1.8948999999999998 1600647182
2.0275 1600647182
1.9426 1600647182
2.0532 1600647182
1.9857999999999998 1600647182
1.9586999999999999 1600647182
1.9682 1600647182
1.9424000000000001 1600647182
2.0619 1600647182
1.9516999999999998 1600647182
1.9451 1600647182
1.9846 1600647182
1.9821999999999997 1600647182
1.9676 1600647182
2.0221999999999998 1600647182
2.12 1600647182
2.0873 1600647182
1.9891999999999999 1600647182
1.9945999999999997 1600647182
1.9665 1600647182
1.9666000000000001 1600647182
1.9768 1600647182
2.0345999999999997 1600647182
1.9598 1600647182
2.0692 1600647182
1.9628 1600647182
1.9560999999999997 1600647182
1.9766 1600647182
1.9891 1600647182
1.9682999999999997 1600647182
2.0345999999999997 1600647182
2.1391999999999998 1600647182
1.9215999999999998 1600647182
2.053 1600647182
1.9196 1600647182
1.9733999999999998 1600647182
2.0437 1600647182
2.0579 1600647182
2.0555 1600647182
2.0006 1600647182
2.1083 1600647182
1.9758999999999998 1600647182
2.0244999999999997 1600647182
1.9394 1600647182
1.9634 1600647182
2.0358 1600647182
1.9516999999999998 1600647182
2.0235000000000003 1600647182
2.0417 1600647182
1.9706000000000001 1600647182
1.9535 1600647182
1.9669000000000003 1600647182
1.9731999999999998 1600647182
2.1290999999999998 1600647182
1.9381 1600647182
1.9832999999999998 1600647182
2.0305 1600647182
2.0067 1600647182
2.0536 1600647182
2.0502000000000002 1600647182
2.0465999999999998 1600647182
1.9695999999999998 1600647182
2.0594 1600647182
1.9548999999999999 1600647182
2.0016 1600647182
2.1182 1600647182
2.1229999999999998 1600647182
1.9613 1600647182
1.9508 1600647182
1.9935 1600647182
1.9304000000000001 1600647182
1.9583 1600647182
1.9634 1600647182
1.9169 1600647182
1.9687000000000001 1600647182
1.9878999999999998 1600647182
2.0425 1600647182
1.9425000000000003 1600647182
1.9552 1600647182
1.9821 1600647182
2.0530999999999997 1600647182
2.0623 1600647182
2.0681 1600647182
2.0333 1600647182
2.0442 1600647182
1.9925000000000002 1600647182
2.0023 1600647182
2.0547 1600647182
2.0421 1600647182
1.943 1600647182
2.064 1600647182
1.9678 1600647182
1.9640999999999997 1600647182
1.9926 1600647182
2.0733 1600647182
2.0352 1600647182
1.9407 1600647182
1.9272 1600647182
1.9443000000000001 1600647182
1.8971 1600647182
2.0046 1600647182
2.1395 1600647182
2.0551 1600647182
2.0669 1600647182
1.9392 1600647182
2.0244 1600647182
1.9573 1600647182
2.0324 1600647182
2.0496 1600647182
1.9809 1600647182
1.9613 1600647182
1.9285 1600647182
1.9617999999999998 1600647182
2.0829 1600647182
1.9773999999999998 1600647182
1.9717000000000002 1600647182
1.9331999999999998 1600647182
1.9044000000000003 1600647182
2.0174000000000003 1600647182
2.0598 1600647182
1.9879000000000002 1600647182
1.9170000000000003 1600647182
1.9541 1600647182
1.9837000000000002 1600647182
1.936 1600647182
1.9923000000000002 1600647182
1.963 1600647182
1.9846 1600647182
