3.94 1600681612
3.9325 1600681612
3.5658 1600681612
3.2935 1600681612
3.8024 1600681612
3.9018 1600681612
3.2725 1600681612
3.6581 1600681612
3.92 1600681612
3.2685 1600681612
3.2782999999999998 1600681612
3.4347 1600681612
3.3002 1600681612
3.8264 1600681612
3.539 1600681612
3.8968 1600681612
3.6475 1600681612
3.7686 1600681612
3.8559 1600681612
3.3701 1600681612
3.2514 1600681612
3.936 1600681612
3.275 1600681612
3.3866 1600681612
3.3908 1600681612
3.7293 1600681612
3.3755 1600681612
3.5264 1600681612
3.7713 1600681612
3.0844 1600681612
3.0625999999999998 1600681612
3.7974 1600681612
3.6656 1600681612
3.7403 1600681612
3.9135 1600681612
3.2815 1600681612
3.9358 1600681612
3.9337 1600681612
3.4906 1600681612
3.3062 1600681612
3.346 1600681612
3.3292 1600681612
3.2731 1600681612
3.9263 1600681612
3.905 1600681612
3.8899 1600681612
3.7908 1600681612
3.6439 1600681612
3.0963 1600681612
3.5522 1600681612
3.2684 1600681612
3.3809 1600681612
3.2694 1600681612
3.7099 1600681612
3.4943 1600681612
3.9183 1600681612
3.7196 1600681612
3.8388 1600681612
3.8865 1600681612
3.6165 1600681612
3.7342 1600681612
3.7707 1600681612
3.1429 1600681612
3.2716 1600681612
3.5321 1600681612
3.9226 1600681612
3.2708 1600681612
3.9183 1600681612
3.5974 1600681612
3.324 1600681612
3.8658 1600681612
3.0809 1600681612
3.9021 1600681612
3.4263 1600681612
3.7723 1600681612
3.1639 1600681612
3.9365 1600681612
3.5866 1600681612
3.3466 1600681612
3.7189 1600681612
3.6394 1600681612
3.6006 1600681612
3.9412 1600681612
3.8878 1600681612
3.4375999999999998 1600681612
3.6485 1600681612
3.364 1600681612
3.5558 1600681612
3.8717 1600681612
3.3327999999999998 1600681612
3.5539 1600681612
3.8516000000000004 1600681612
3.6421 1600681612
3.4914 1600681612
3.7523 1600681612
3.4725 1600681612
3.8777 1600681612
3.3088 1600681612
3.8799 1600681612
3.9255 1600681612
3.8202000000000003 1600681612
3.3592 1600681612
3.8554 1600681612
3.5484999999999998 1600681612
3.4221 1600681612
3.2051 1600681612
3.7492 1600681612
3.8809 1600681612
3.5224 1600681612
3.3667 1600681612
3.9002000000000003 1600681612
3.3845 1600681612
3.9259 1600681612
3.4319 1600681612
3.331 1600681612
3.9273 1600681612
3.6932 1600681612
3.7009 1600681612
3.9261 1600681612
3.9368 1600681612
3.743 1600681612
3.3801 1600681612
3.5103 1600681612
3.8356 1600681612
3.8788 1600681612
3.6532 1600681612
3.2727 1600681612
3.802 1600681612
3.7483 1600681612
3.9146 1600681612
3.7212 1600681612
3.2765 1600681612
3.3309 1600681612
3.9405 1600681612
3.9276 1600681612
3.5058 1600681612
3.5186 1600681612
3.8830999999999998 1600681612
3.7951 1600681612
3.304 1600681612
3.8406 1600681612
3.7902 1600681612
3.4939 1600681612
3.9206 1600681612
3.5986 1600681612
3.8309 1600681612
3.7277 1600681612
3.8127 1600681612
3.2801 1600681612
3.7081 1600681612
3.8041 1600681612
3.302 1600681612
3.6907 1600681612
3.8011 1600681612
3.9273 1600681612
3.6036 1600681612
3.2799 1600681612
3.8862 1600681612
3.5242999999999998 1600681612
3.5834 1600681612
3.2911 1600681612
3.9286 1600681612
3.9114 1600681612
3.4104 1600681612
3.4926 1600681612
3.3532 1600681612
3.9211 1600681612
3.9312 1600681612
3.4661 1600681612
3.3887 1600681612
3.9077 1600681612
3.2685 1600681612
3.8556 1600681612
3.2751 1600681612
3.896 1600681612
3.9059 1600681612
3.3584 1600681612
3.8673 1600681612
3.2762 1600681612
3.885 1600681612
3.1633999999999998 1600681612
3.8109 1600681612
3.3041 1600681612
3.8078 1600681612
3.8398 1600681612
3.4473 1600681612
3.7852 1600681612
3.5173 1600681612
3.9372 1600681612
3.9361 1600681612
3.9082 1600681612
3.2938 1600681612
3.6086 1600681612
3.397 1600681612
3.9388 1600681612
3.9071 1600681612
3.6908 1600681612
3.8975 1600681612
3.3585 1600681612
3.9324 1600681612
3.8984 1600681612
3.9502 1600681612
3.666 1600681612
3.3239 1600681612
3.3334 1600681612
3.9237 1600681612
3.917 1600681612
3.8471 1600681612
3.7746 1600681612
3.4013 1600681612
3.8695 1600681612
3.8763 1600681612
3.3443 1600681612
3.2987 1600681612
3.9085 1600681612
3.7253 1600681612
3.448 1600681612
3.8414 1600681612
3.8354 1600681612
3.843 1600681612
3.337 1600681612
3.1105 1600681612
3.3945 1600681612
3.8258 1600681612
3.8539 1600681612
3.7003 1600681612
3.3399 1600681612
3.8869 1600681612
3.5938 1600681612
3.3446 1600681612
3.7935 1600681612
3.9193 1600681612
3.8427 1600681612
3.9239 1600681612
3.9215 1600681612
3.8271 1600681612
3.6562 1600681612
3.3486 1600681612
3.7854 1600681612
3.8168 1600681612
3.8529 1600681612
3.8353 1600681612
3.6619 1600681612
3.8508 1600681612
3.9135 1600681612
3.2998 1600681612
3.6253 1600681612
3.4838 1600681612
3.5883 1600681612
3.7735 1600681612
3.4201 1600681612
3.2927 1600681612
3.8128 1600681612
3.9023 1600681612
3.9173 1600681612
3.875 1600681612
3.5078 1600681612
3.8729 1600681612
3.3036 1600681612
3.9318 1600681612
3.9296 1600681612
3.2916 1600681612
3.3485 1600681612
3.9367 1600681612
3.8679 1600681612
3.8915 1600681612
3.871 1600681612
3.2979 1600681612
3.9392 1600681612
3.4433 1600681612
3.2845 1600681612
3.2799 1600681612
3.5508 1600681612
3.5974 1600681612
3.5281 1600681612
3.9314 1600681612
3.4667 1600681612
3.3611 1600681612
3.4524 1600681612
3.9014 1600681612
3.447 1600681612
3.7437 1600681612
3.715 1600681612
3.5289 1600681612
3.3679 1600681612
3.9408 1600681612
3.8231 1600681612
3.3562 1600681612
3.9178 1600681612
3.8074 1600681612
3.8152 1600681612
3.3391 1600681612
3.5501 1600681612
3.1643 1600681612
3.7766 1600681612
3.916 1600681612
3.9068 1600681612
3.6553 1600681612
3.9234 1600681612
3.2793 1600681612
3.3468 1600681612
3.8917 1600681612
3.7311 1600681612
3.9146 1600681612
3.9037 1600681612
3.5798 1600681612
3.1991 1600681612
3.6733 1600681612
3.8339 1600681612
3.8294 1600681612
3.7524 1600681612
3.8026 1600681612
3.8282 1600681612
3.4859 1600681612
3.3047 1600681612
3.9345 1600681612
3.9147 1600681612
3.8492 1600681612
3.2936 1600681612
3.2246 1600681612
3.5683 1600681612
3.6774 1600681612
3.6067 1600681612
3.5659 1600681612
3.5482 1600681612
3.725 1600681612
3.6324 1600681612
3.8837 1600681612
3.4714 1600681612
3.7492 1600681612
3.4963 1600681612
3.7173 1600681612
3.1774 1600681612
3.5026 1600681612
3.7784 1600681612
3.8734 1600681612
3.6806 1600681612
3.9112999999999998 1600681612
3.8569999999999998 1600681612
3.7137 1600681612
3.8288 1600681612
3.2915 1600681612
3.2853 1600681612
2.895 1600681612
3.7117999999999998 1600681612
3.7674 1600681612
3.9286 1600681612
3.2212 1600681612
3.276 1600681612
3.9398 1600681612
3.2318 1600681612
3.7535 1600681612
3.927 1600681612
3.7474 1600681612
3.6387 1600681612
3.6784 1600681612
3.4397 1600681612
3.7576 1600681612
3.2784 1600681612
3.8486 1600681612
3.2951 1600681612
3.6017 1600681612
3.0832 1600681612
3.8853 1600681612
3.708 1600681612
3.9296 1600681612
3.5135 1600681612
3.7031 1600681612
3.2995 1600681612
3.7239 1600681612
3.3873 1600681612
3.7838 1600681612
3.1998 1600681612
3.4251 1600681612
3.3988 1600681612
3.8255 1600681612
3.8702 1600681612
3.3391 1600681612
3.558 1600681612
3.6301 1600681612
3.8167 1600681612
3.4974 1600681612
3.2923999999999998 1600681612
3.7806 1600681612
3.9125 1600681612
3.6868 1600681612
3.9189 1600681612
3.426 1600681612
3.2984 1600681612
3.8886 1600681612
3.5351 1600681612
3.5443 1600681612
3.9032 1600681612
3.8445 1600681612
3.8405 1600681612
3.8954 1600681612
3.9128 1600681612
3.8505 1600681612
3.8662 1600681612
3.5126 1600681612
2.9877 1600681612
3.2533 1600681612
3.8057 1600681612
3.4596999999999998 1600681612
3.8135 1600681612
3.1556 1600681612
3.5701 1600681612
3.0418 1600681612
3.2937 1600681612
3.7182 1600681612
3.3186999999999998 1600681612
3.9107 1600681612
3.5013 1600681612
3.7071 1600681612
3.7705 1600681612
3.4132 1600681612
3.7603 1600681612
3.4561 1600681612
3.7653 1600681612
3.2951 1600681612
3.94 1600681612
3.9398 1600681612
3.4088 1600681612
3.9201 1600681612
3.3131 1600681612
3.6134 1600681612
3.8447999999999998 1600681612
3.6549 1600681612
3.6701 1600681612
3.4422 1600681612
3.2944999999999998 1600681612
3.6109 1600681612
3.8078 1600681612
3.182 1600681612
3.763 1600681612
3.655 1600681612
3.4842 1600681612
3.7481 1600681612
3.2996 1600681612
3.7188 1600681612
3.5846999999999998 1600681612
3.631 1600681612
3.8803 1600681612
3.7645 1600681612
3.8309 1600681612
3.4196 1600681612
3.5921 1600681612
3.872 1600681612
3.4771 1600681612
3.7012 1600681612
3.1762 1600681612
3.344 1600681612
3.8038 1600681612
3.8326 1600681612
3.7481 1600681612
3.9253 1600681612
3.089 1600681612
3.7782 1600681612
3.4884 1600681612
3.3083 1600681612
3.5925 1600681612
3.8118 1600681612
3.2821 1600681612
3.8922 1600681612
3.5763 1600681612
3.4588 1600681612
3.8391 1600681612
3.3891 1600681612
3.2535 1600681612
3.8854 1600681612
3.7046 1600681612
3.6336 1600681612
3.6193 1600681612
3.9266 1600681612
3.7549 1600681612
3.7564 1600681612
3.8904 1600681612
3.5306 1600681612
3.456 1600681612
3.8845 1600681612
3.4792 1600681612
3.8007 1600681612
3.8961 1600681612
3.5468 1600681612
3.4765 1600681612
3.8463 1600681612
3.2698 1600681612
3.6103 1600681612
3.7794 1600681612
3.7649000000000004 1600681612
3.9163 1600681612
3.8487 1600681612
3.2793 1600681612
3.789 1600681612
3.4035 1600681612
3.7072 1600681612
3.5993 1600681612
3.4152 1600681612
3.6923 1600681612
3.8346 1600681612
3.7397 1600681612
3.7831 1600681612
3.9377 1600681612
3.6687 1600681612
3.2809 1600681612
3.9057 1600681612
3.7356 1600681612
3.8992 1600681612
3.3054 1600681612
3.922 1600681612
3.6708 1600681612
3.6853 1600681612
