124.92830000000001 1600459748
124.928 1600459748
124.929 1600459748
130.7741 1600459748
130.77439999999999 1600459748
130.7748 1600459748
124.2046 1600459748
124.2045 1600459748
124.20469999999999 1600459748
127.2727 1600459748
127.27350000000001 1600459748
127.27369999999999 1600459748
122.4538 1600459748
122.4533 1600459748
122.4531 1600459748
131.2632 1600459748
131.2627 1600459748
131.2637 1600459748
126.8482 1600459748
126.84850000000002 1600459748
126.84939999999999 1600459748
126.16319999999999 1600459748
126.16290000000001 1600459748
126.16309999999999 1600459748
128.9181 1600459748
128.918 1600459748
128.9187 1600459748
132.22920000000002 1600459748
132.229 1600459748
132.229 1600459748
128.6691 1600459748
128.6695 1600459748
128.6699 1600459748
130.5461 1600459748
130.5464 1600459748
130.54690000000002 1600459748
128.1224 1600459748
128.1225 1600459748
128.1227 1600459748
125.5932 1600459748
125.5933 1600459748
125.594 1600459748
123.7951 1600459748
123.7954 1600459748
123.7958 1600459748
122.6385 1600459748
122.6389 1600459748
122.6394 1600459748
129.56980000000001 1600459748
129.5696 1600459748
129.56990000000002 1600459748
125.2826 1600459748
125.2823 1600459748
125.2828 1600459748
124.2649 1600459748
124.2649 1600459748
124.265 1600459748
124.3661 1600459748
124.36569999999999 1600459748
124.36630000000001 1600459748
117.79780000000001 1600459748
117.7977 1600459748
117.7985 1600459748
126.57459999999999 1600459748
126.57419999999999 1600459748
126.57400000000001 1600459748
129.1341 1600459748
129.1342 1600459748
129.1343 1600459748
123.8393 1600459748
123.8393 1600459748
123.8397 1600459748
130.9129 1600459748
130.9126 1600459748
130.9136 1600459748
131.311 1600459748
131.3108 1600459748
131.3109 1600459748
126.67079999999999 1600459748
126.6711 1600459748
126.67150000000001 1600459748
129.822 1600459748
129.8218 1600459748
129.8227 1600459748
132.10989999999998 1600459748
132.10999999999999 1600459748
132.11020000000002 1600459748
122.1308 1600459748
122.1313 1600459748
122.1314 1600459748
121.05409999999999 1600459748
121.0544 1600459748
121.05460000000001 1600459748
123.5357 1600459748
123.536 1600459748
123.5365 1600459748
121.8837 1600459748
121.88390000000001 1600459748
121.884 1600459748
128.5103 1600459748
128.5105 1600459748
128.5111 1600459748
132.06629999999998 1600459748
132.0668 1600459748
132.0672 1600459748
128.40109999999999 1600459748
128.40099999999998 1600459748
128.40109999999999 1600459748
114.62450000000001 1600459748
114.62440000000001 1600459748
114.625 1600459748
129.1428 1600459748
129.1422 1600459748
129.1422 1600459748
127.1403 1600459748
127.1405 1600459748
127.1407 1600459748
125.8283 1600459748
125.82849999999999 1600459748
125.829 1600459748
126.98859999999999 1600459748
126.9884 1600459748
126.98889999999999 1600459748
125.6584 1600459748
125.65870000000001 1600459748
125.6591 1600459748
131.1885 1600459748
131.1886 1600459748
131.18880000000001 1600459748
130.3176 1600459748
130.318 1600459748
130.3185 1600459748
121.4477 1600459748
121.4471 1600459748
121.4483 1600459748
131.5891 1600459748
131.5891 1600459748
131.58960000000002 1600459748
127.465 1600459748
127.46520000000001 1600459748
127.46579999999999 1600459748
126.405 1600459748
126.4046 1600459748
126.4051 1600459748
129.9125 1600459748
129.9125 1600459748
129.9127 1600459748
127.3911 1600459748
127.39049999999999 1600459748
127.39129999999999 1600459748
129.9588 1600459748
129.9584 1600459748
129.9593 1600459748
121.898 1600459748
121.8977 1600459748
121.8982 1600459748
120.1011 1600459748
120.10130000000001 1600459748
120.1019 1600459748
119.46509999999999 1600459748
119.4644 1600459748
119.4645 1600459748
126.99099999999999 1600459748
126.99119999999999 1600459748
126.9919 1600459748
119.5952 1600459748
119.5953 1600459748
119.5959 1600459748
126.37219999999999 1600459748
126.37199999999999 1600459748
126.37199999999999 1600459748
128.3382 1600459748
128.3382 1600459748
128.3385 1600459748
117.91890000000001 1600459748
117.9193 1600459748
117.92 1600459748
131.7045 1600459748
131.70440000000002 1600459748
131.70520000000002 1600459748
127.56290000000001 1600459748
127.5626 1600459748
127.56329999999998 1600459748
124.4031 1600459748
124.4033 1600459748
124.40350000000001 1600459748
125.56830000000001 1600459748
125.56869999999999 1600459748
125.5692 1600459748
125.8152 1600459748
125.8151 1600459748
125.8159 1600459748
127.2755 1600459748
127.2757 1600459748
127.2763 1600459748
119.42 1600459748
119.4198 1600459748
119.4204 1600459748
126.89219999999999 1600459748
126.89229999999999 1600459748
126.89299999999999 1600459748
117.6626 1600459748
117.6631 1600459748
117.66369999999999 1600459748
124.1538 1600459748
124.1535 1600459748
124.15419999999999 1600459748
129.4315 1600459748
129.4314 1600459748
129.43200000000002 1600459748
128.8076 1600459748
128.8078 1600459748
128.8084 1600459748
125.302 1600459748
125.3018 1600459748
125.3027 1600459748
121.1039 1600459748
121.1039 1600459748
121.1042 1600459748
124.3374 1600459748
124.3374 1600459748
124.3375 1600459748
129.6473 1600459748
129.6474 1600459748
129.6481 1600459748
124.3147 1600459748
124.3143 1600459748
124.3142 1600459748
128.6106 1600459748
128.6102 1600459748
128.61100000000002 1600459748
118.5239 1600459748
118.5239 1600459748
118.524 1600459748
122.00019999999999 1600459748
122.0003 1600459748
122.0011 1600459748
122.09649999999999 1600459748
122.0967 1600459748
122.09710000000001 1600459748
129.7982 1600459748
129.7982 1600459748
129.79840000000002 1600459748
130.8346 1600459748
130.8345 1600459748
130.8348 1600459748
122.24459999999999 1600459748
122.24459999999999 1600459748
122.24499999999999 1600459748
119.5265 1600459748
119.52629999999999 1600459748
119.5273 1600459748
129.9104 1600459748
129.9103 1600459748
129.9111 1600459748
125.362 1600459748
125.3623 1600459748
125.36269999999999 1600459748
129.18179999999998 1600459748
129.18189999999998 1600459748
129.1824 1600459748
129.5958 1600459748
129.596 1600459748
129.5967 1600459748
125.4452 1600459748
125.4454 1600459748
125.4456 1600459748
118.8666 1600459748
118.8669 1600459748
118.86699999999999 1600459748
128.8913 1600459748
128.8911 1600459748
128.892 1600459748
132.07240000000002 1600459748
132.07150000000001 1600459748
132.0727 1600459748
115.4734 1600459748
115.47359999999999 1600459748
115.474 1600459748
131.5911 1600459748
131.5909 1600459748
131.59140000000002 1600459748
127.54339999999999 1600459748
127.54339999999999 1600459748
127.5435 1600459748
127.19409999999999 1600459748
127.19380000000001 1600459748
127.19439999999999 1600459748
128.50809999999998 1600459748
128.5084 1600459748
128.5088 1600459748
129.6508 1600459748
129.6508 1600459748
129.6509 1600459748
129.2584 1600459748
129.2583 1600459748
129.2589 1600459748
125.7119 1600459748
125.7122 1600459748
125.7125 1600459748
129.9214 1600459748
129.9211 1600459748
129.9212 1600459748
128.1122 1600459748
128.1124 1600459748
128.1132 1600459748
127.4728 1600459748
127.47290000000001 1600459748
127.47359999999999 1600459748
125.04809999999999 1600459748
125.04820000000001 1600459748
125.0487 1600459748
131.4633 1600459748
131.4628 1600459748
131.46370000000002 1600459748
122.5946 1600459748
122.5947 1600459748
122.5945 1600459748
120.4483 1600459748
120.4485 1600459748
120.44890000000001 1600459748
130.4382 1600459748
130.4386 1600459748
130.43890000000002 1600459748
125.5319 1600459748
125.5319 1600459748
125.53259999999999 1600459748
126.68719999999999 1600459748
126.6874 1600459748
126.6879 1600459748
127.3389 1600459748
127.33879999999999 1600459748
127.33919999999999 1600459748
121.3851 1600459748
121.3849 1600459748
121.3857 1600459748
131.5374 1600459748
131.5373 1600459748
131.53810000000001 1600459748
122.31519999999999 1600459748
122.3153 1600459748
122.3159 1600459748
127.3553 1600459748
127.3555 1600459748
127.3557 1600459748
117.08149999999999 1600459748
117.0817 1600459748
117.08229999999999 1600459748
125.8992 1600459748
125.8989 1600459748
125.899 1600459748
122.9888 1600459748
122.9888 1600459748
122.98899999999999 1600459748
125.6562 1600459748
125.6562 1600459748
125.6565 1600459748
130.4043 1600459748
130.4047 1600459748
130.4053 1600459748
131.1438 1600459748
131.1435 1600459748
131.14430000000002 1600459748
130.0876 1600459748
130.0875 1600459748
130.08790000000002 1600459748
130.3389 1600459748
130.3392 1600459748
130.33980000000003 1600459748
130.62890000000002 1600459748
130.6286 1600459748
130.6287 1600459748
127.25649999999999 1600459748
127.25629999999998 1600459748
127.25659999999999 1600459748
127.55170000000001 1600459748
127.55189999999999 1600459748
127.5522 1600459748
129.8173 1600459748
129.8175 1600459748
129.81810000000002 1600459748
131.1596 1600459748
131.1594 1600459748
131.15990000000002 1600459748
124.8013 1600459748
124.8014 1600459748
124.80199999999999 1600459748
122.45649999999999 1600459748
122.4563 1600459748
122.4567 1600459748
130.07670000000002 1600459748
130.077 1600459748
130.0775 1600459748
130.09300000000002 1600459748
130.0933 1600459748
130.0939 1600459748
124.7777 1600459748
124.7778 1600459748
124.7779 1600459748
124.369 1600459748
124.3693 1600459748
124.36970000000001 1600459748
130.08110000000002 1600459748
130.08110000000002 1600459748
130.0815 1600459748
130.2204 1600459748
130.2203 1600459748
130.221 1600459748
124.37129999999999 1600459748
124.37129999999999 1600459748
124.3716 1600459748
129.0796 1600459748
129.07989999999998 1600459748
129.0802 1600459748
116.33489999999999 1600459748
116.3351 1600459748
116.33569999999999 1600459748
132.0953 1600459748
132.09550000000002 1600459748
132.09609999999998 1600459748
131.6157 1600459748
131.6158 1600459748
131.61599999999999 1600459748
126.0724 1600459748
126.0725 1600459748
126.0726 1600459748
130.7717 1600459748
130.77190000000002 1600459748
130.7724 1600459748
132.1869 1600459748
132.18660000000003 1600459748
132.1869 1600459748
127.5477 1600459748
127.5477 1600459748
127.5484 1600459748
127.5655 1600459748
127.5654 1600459748
127.5659 1600459748
120.0939 1600459748
120.0939 1600459748
120.0942 1600459748
127.7968 1600459748
127.79690000000001 1600459748
127.79710000000001 1600459748
124.5551 1600459748
124.55499999999999 1600459748
124.55579999999999 1600459748
130.1216 1600459748
130.1211 1600459748
130.1214 1600459748
124.9299 1600459748
124.9302 1600459748
124.93079999999999 1600459748
130.7158 1600459748
130.71560000000002 1600459748
130.7163 1600459748
129.00320000000002 1600459748
129.0029 1600459748
129.0039 1600459748
118.5851 1600459748
118.58489999999999 1600459748
118.58550000000001 1600459748
120.91499999999999 1600459748
120.9153 1600459748
120.91590000000001 1600459748
122.5525 1600459748
122.5528 1600459748
122.5533 1600459748
130.93220000000002 1600459748
130.93210000000002 1600459748
130.9324 1600459748
128.8677 1600459748
128.8677 1600459748
128.8681 1600459748
121.92389999999999 1600459748
121.9241 1600459748
121.9243 1600459748
120.43039999999999 1600459748
120.4303 1600459748
120.4311 1600459748
127.8709 1600459748
127.8706 1600459748
127.8708 1600459748
129.5516 1600459748
129.5516 1600459748
129.5518 1600459748
128.5431 1600459748
128.5432 1600459748
128.5435 1600459748
124.601 1600459748
124.6011 1600459748
124.6014 1600459748
124.85969999999999 1600459748
124.85979999999999 1600459748
124.86030000000001 1600459748
118.6648 1600459748
118.6646 1600459748
118.6648 1600459748
129.9609 1600459748
129.96099999999998 1600459748
129.9613 1600459748
131.4454 1600459748
131.44480000000001 1600459748
131.446 1600459748
129.87910000000002 1600459748
129.87890000000002 1600459748
129.8795 1600459748
125.50970000000001 1600459748
125.5096 1600459748
125.5101 1600459748
130.77589999999998 1600459748
130.77589999999998 1600459748
130.7759 1600459748
124.3586 1600459748
124.3582 1600459748
124.35900000000001 1600459748
122.0407 1600459748
122.0406 1600459748
122.0409 1600459748
129.0456 1600459748
129.0455 1600459748
129.04569999999998 1600459748
132.0737 1600459748
132.0736 1600459748
132.0743 1600459748
120.9696 1600459748
120.9694 1600459748
120.97 1600459748
126.5446 1600459748
126.54429999999999 1600459748
126.54490000000001 1600459748
124.5366 1600459748
124.5364 1600459748
124.53699999999999 1600459748
122.96809999999999 1600459748
122.9682 1600459748
122.9684 1600459748
124.65350000000001 1600459748
124.6537 1600459748
124.65429999999999 1600459748
122.1278 1600459748
122.1281 1600459748
122.1284 1600459748
126.11559999999999 1600459748
126.11559999999999 1600459748
126.11619999999999 1600459748
124.7925 1600459748
124.7925 1600459748
124.7932 1600459748
123.03359999999999 1600459748
123.0339 1600459748
123.0343 1600459748
126.3932 1600459748
126.3934 1600459748
126.39390000000002 1600459748
128.9026 1600459748
128.9028 1600459748
128.9033 1600459748
124.7907 1600459748
124.7906 1600459748
124.7911 1600459748
129.973 1600459748
129.9734 1600459748
129.9737 1600459748
128.92499999999998 1600459748
128.92489999999998 1600459748
128.9251 1600459748
131.9643 1600459748
131.6814 1600459748
131.68179999999998 1600459748
124.7879 1600459748
124.788 1600459748
124.7887 1600459748
130.07870000000003 1600459748
130.0789 1600459748
130.0794 1600459748
131.4574 1600459748
131.45710000000003 1600459748
131.4577 1600459748
123.0202 1600459748
123.0202 1600459748
123.0207 1600459748
123.2239 1600459748
123.2231 1600459748
123.2243 1600459748
124.5602 1600459748
124.56 1600459748
124.5608 1600459748
126.2683 1600459748
126.2682 1600459748
126.2689 1600459748
127.539 1600459748
127.5388 1600459748
127.5393 1600459748
127.66869999999999 1600459748
127.6684 1600459748
127.66929999999999 1600459748
122.8591 1600459748
122.859 1600459748
122.8596 1600459748
122.4287 1600459748
122.4288 1600459748
122.42930000000001 1600459748
122.3222 1600459748
122.3217 1600459748
122.3217 1600459748
129.92270000000002 1600459748
129.92290000000003 1600459748
129.9235 1600459748
127.66260000000001 1600459748
127.6624 1600459748
127.6628 1600459748
130.089 1600459748
130.0892 1600459748
130.0892 1600459748
126.0763 1600459748
126.0763 1600459748
126.0765 1600459748
123.1182 1600459748
123.1185 1600459748
123.119 1600459748
122.9707 1600459748
122.97109999999999 1600459748
122.9715 1600459748
124.7063 1600459748
124.7058 1600459748
124.7069 1600459748
127.67739999999999 1600459748
127.6776 1600459748
127.6781 1600459748
129.14430000000002 1600459748
129.1442 1600459748
129.14479999999998 1600459748
131.3666 1600459748
131.3665 1600459748
131.3672 1600459748
122.5505 1600459748
122.5505 1600459748
122.5507 1600459748
118.1054 1600459748
118.1056 1600459748
118.106 1600459748
126.33469999999998 1600459748
126.3351 1600459748
126.3355 1600459748
131.98059999999998 1600459748
131.9804 1600459748
131.98069999999998 1600459748
129.1022 1600459748
129.1021 1600459748
129.1024 1600459748
131.36399999999998 1600459748
131.364 1600459748
131.3648 1600459748
128.9344 1600459748
128.93439999999998 1600459748
128.935 1600459748
121.0236 1600459748
121.0239 1600459748
121.0244 1600459748
129.92479999999998 1600459748
129.92479999999998 1600459748
129.9254 1600459748
124.85759999999999 1600459748
124.8575 1600459748
124.8579 1600459748
131.64710000000002 1600459748
131.64690000000002 1600459748
131.64759999999998 1600459748
131.3617 1600459748
131.3622 1600459748
131.3628 1600459748
118.8065 1600459748
118.8065 1600459748
118.807 1600459748
129.0987 1600459748
129.09890000000001 1600459748
129.0994 1600459748
130.75300000000001 1600459748
130.75300000000001 1600459748
130.7533 1600459748
124.00120000000001 1600459748
124.0015 1600459748
124.002 1600459748
126.59070000000001 1600459748
126.59070000000001 1600459748
126.5909 1600459748
129.96480000000003 1600459748
129.9649 1600459748
129.9651 1600459748
131.65359999999998 1600459748
131.6541 1600459748
131.6547 1600459748
126.36739999999999 1600459748
126.36739999999999 1600459748
126.36769999999999 1600459748
127.86880000000001 1600459748
127.8684 1600459748
127.86939999999998 1600459748
118.2042 1600459748
118.20429999999999 1600459748
118.2044 1600459748
122.6344 1600459748
122.6345 1600459748
122.6351 1600459748
120.6962 1600459748
120.6957 1600459748
120.6968 1600459748
123.1866 1600459748
123.1865 1600459748
123.18669999999999 1600459748
130.8323 1600459748
130.8321 1600459748
130.8327 1600459748
117.0187 1600459748
117.0192 1600459748
117.0196 1600459748
130.8607 1600459748
130.86100000000002 1600459748
130.8614 1600459748
128.7657 1600459748
128.76510000000002 1600459748
128.766 1600459748
131.3733 1600459748
131.3733 1600459748
131.3732 1600459748
124.7968 1600459748
124.7971 1600459748
124.79769999999999 1600459748
124.4568 1600459748
124.457 1600459748
124.4572 1600459748
126.0259 1600459748
126.0262 1600459748
126.02669999999999 1600459748
131.45260000000002 1600459748
131.45260000000002 1600459748
131.4528 1600459748
120.923 1600459748
120.9233 1600459748
120.9237 1600459748
124.9331 1600459748
124.93239999999999 1600459748
124.93360000000001 1600459748
130.75629999999998 1600459748
130.7555 1600459748
130.75570000000002 1600459748
124.7703 1600459748
124.7702 1600459748
124.7706 1600459748
130.0745 1600459748
130.07479999999998 1600459748
130.0754 1600459748
121.0852 1600459748
121.085 1600459748
121.08539999999999 1600459748
127.653 1600459748
127.6528 1600459748
127.6533 1600459748
127.80720000000001 1600459748
127.8071 1600459748
127.8077 1600459748
129.0817 1600459748
129.08190000000002 1600459748
129.0822 1600459748
131.6562 1600459748
131.6562 1600459748
131.6566 1600459748
129.0008 1600459748
129.0007 1600459748
129.0006 1600459748
132.2693 1600459748
132.2714 1600459748
132.2714 1600459748
126.0781 1600459748
126.0784 1600459748
126.0788 1600459748
122.9597 1600459748
122.9598 1600459748
122.96 1600459748
126.2709 1600459748
126.271 1600459748
126.27140000000001 1600459748
129.8543 1600459748
129.854 1600459748
129.8545 1600459748
120.89750000000001 1600459748
120.8978 1600459748
120.89819999999999 1600459748
127.6023 1600459748
127.6021 1600459748
127.6029 1600459748
131.312 1600459748
131.3119 1600459748
131.313 1600459748
126.39130000000002 1600459748
126.39139999999999 1600459748
126.39179999999999 1600459748
130.11950000000002 1600459748
130.1194 1600459748
130.1198 1600459748
116.4947 1600459748
116.4948 1600459748
116.49499999999999 1600459748
131.6869 1600459748
131.6868 1600459748
131.6875 1600459748
127.80470000000001 1600459748
127.80499999999999 1600459748
127.80539999999999 1600459748
127.6158 1600459748
127.6158 1600459748
127.61609999999999 1600459748
121.072 1600459748
121.07180000000001 1600459748
121.0726 1600459748
127.42710000000001 1600459748
127.42710000000001 1600459748
127.42769999999999 1600459748
127.86590000000001 1600459748
127.8661 1600459748
127.86660000000002 1600459748
130.86290000000002 1600459748
130.8631 1600459748
130.8636 1600459748
128.92839999999998 1600459748
128.92839999999998 1600459748
128.9287 1600459748
127.37230000000001 1600459748
127.37240000000001 1600459748
127.3731 1600459748
122.8408 1600459748
122.8411 1600459748
122.8415 1600459748
129.1852 1600459748
129.18550000000002 1600459748
129.18619999999999 1600459748
117.3688 1600459748
117.36919999999999 1600459748
117.3698 1600459748
120.6602 1600459748
120.6604 1600459748
120.6608 1600459748
124.6057 1600459748
124.60610000000001 1600459748
124.6065 1600459748
130.8557 1600459748
130.85590000000002 1600459748
130.8566 1600459748
124.9856 1600459748
124.98519999999999 1600459748
124.98580000000001 1600459748
126.3217 1600459748
126.3217 1600459748
126.3218 1600459748
131.9104 1600459748
131.9049 1600459748
131.9052 1600459748
121.0925 1600459748
121.0925 1600459748
121.0931 1600459748
127.6594 1600459748
127.6589 1600459748
127.66009999999999 1600459748
122.6326 1600459748
122.6324 1600459748
122.6326 1600459748
131.6646 1600459748
131.6647 1600459748
131.6646 1600459748
127.4915 1600459748
127.4913 1600459748
127.49180000000001 1600459748
130.3556 1600459748
130.3552 1600459748
130.35590000000002 1600459748
128.47039999999998 1600459748
128.4705 1600459748
128.47070000000002 1600459748
128.7754 1600459748
128.77519999999998 1600459748
128.7757 1600459748
123.46839999999999 1600459748
123.464 1600459748
123.4645 1600459748
117.4144 1600459748
117.41420000000001 1600459748
117.4148 1600459748
120.2086 1600459748
120.20870000000001 1600459748
120.2088 1600459748
131.768 1600459748
131.7678 1600459748
131.76850000000002 1600459748
120.6035 1600459748
120.60379999999999 1600459748
120.6043 1600459748
128.9222 1600459748
128.9228 1600459748
128.9231 1600459748
127.33619999999999 1600459748
127.33640000000001 1600459748
127.34039999999999 1600459748
117.1709 1600459748
117.1715 1600459748
117.17179999999999 1600459748
120.5285 1600459748
120.5285 1600459748
120.5287 1600459748
128.263 1600459748
128.2629 1600459748
128.2632 1600459748
125.3507 1600459748
125.35040000000001 1600459748
125.351 1600459748
128.7339 1600459748
128.7334 1600459748
128.7334 1600459748
132.0134 1600459748
132.01250000000002 1600459748
132.2126 1600459748
120.4546 1600459748
120.455 1600459748
120.4551 1600459748
130.541 1600459748
130.5409 1600459748
130.54180000000002 1600459748
132.15879999999999 1600459748
132.15970000000002 1600459748
132.16 1600459748
129.8324 1600459748
129.83169999999998 1600459748
129.8319 1600459748
131.8892 1600459748
131.889 1600459748
131.8894 1600459748
130.3709 1600459748
130.3706 1600459748
130.3719 1600459748
121.1906 1600459748
121.18610000000001 1600459748
121.1865 1600459748
125.2423 1600459748
125.2427 1600459748
125.24329999999999 1600459748
123.93679999999999 1600459748
123.937 1600459748
123.9375 1600459748
131.6109 1600459748
131.6111 1600459748
131.6117 1600459748
125.0246 1600459748
125.0246 1600459748
125.0248 1600459748
122.3493 1600459748
122.34949999999999 1600459748
122.34979999999999 1600459748
125.84559999999999 1600459748
125.8453 1600459748
125.84570000000001 1600459748
118.0073 1600459748
118.0072 1600459748
118.00789999999999 1600459748
122.66879999999999 1600459748
122.6683 1600459748
122.6693 1600459748
125.98479999999999 1600459748
125.9848 1600459748
125.9858 1600459748
131.72390000000001 1600459748
131.7228 1600459748
131.7236 1600459748
2.4052000000000002 1600459748
2.4047 1600459748
2.4056999999999995 1600459748
130.6883 1600459748
130.6888 1600459748
130.6893 1600459748
127.39800000000001 1600459748
127.39810000000001 1600459748
127.39859999999999 1600459748
127.3643 1600459748
127.3649 1600459748
127.36539999999998 1600459748
128.9074 1600459748
128.9075 1600459748
128.9076 1600459748
126.4005 1600459748
126.4007 1600459748
126.40090000000001 1600459748
131.1692 1600459748
131.1694 1600459748
131.17000000000002 1600459748
131.0391 1600459748
131.0385 1600459748
131.0395 1600459748
118.6455 1600459748
118.6452 1600459748
118.64580000000001 1600459748
126.32459999999999 1600459748
126.32469999999999 1600459748
126.3248 1600459748
130.21630000000002 1600459748
130.21630000000002 1600459748
130.2165 1600459748
32.0304 1600459748
32.0307 1600459748
32.0311 1600459748
129.857 1600459748
129.85709999999997 1600459748
129.8579 1600459748
131.3462 1600459748
131.3434 1600459748
131.3439 1600459748
127.82109999999999 1600459748
127.82119999999999 1600459748
127.822 1600459748
129.3648 1600459748
129.3647 1600459748
129.3648 1600459748
124.5132 1600459748
124.5136 1600459748
124.5137 1600459748
130.2275 1600459748
130.2277 1600459748
130.22820000000002 1600459748
129.33339999999998 1600459748
129.3338 1600459748
129.33440000000002 1600459748
122.3314 1600459748
122.3317 1600459748
122.3321 1600459748
122.3417 1600459748
122.3419 1600459748
122.34249999999999 1600459748
131.4834 1600459748
131.4836 1600459748
131.4841 1600459748
130.6859 1600459748
130.686 1600459748
130.68630000000002 1600459748
122.4468 1600459748
122.4476 1600459748
122.4478 1600459748
122.4258 1600459748
122.4252 1600459748
122.42599999999999 1600459748
130.693 1600459748
130.6931 1600459748
131.2323 1600459748
83.14880000000001 1600459748
83.1493 1600459748
83.1499 1600459748
119.2114 1600459748
119.211 1600459748
119.2117 1600459748
130.3155 1600459748
130.3155 1600459748
130.3162 1600459748
121.57430000000001 1600459748
121.57459999999999 1600459748
121.5746 1600459748
121.79700000000001 1600459748
121.79769999999999 1600459748
121.7981 1600459748
128.54899999999998 1600459748
128.5494 1600459748
128.5499 1600459748
130.073 1600459748
130.0729 1600459748
130.073 1600459748
122.3378 1600459748
122.33739999999999 1600459748
122.3381 1600459748
125.5364 1600459748
125.5364 1600459748
125.5375 1600459748
121.9294 1600459748
121.9293 1600459748
121.92999999999999 1600459748
130.0076 1600459748
130.0075 1600459748
130.00830000000002 1600459748
128.0582 1600459748
128.0585 1600459748
128.059 1600459748
122.20009999999999 1600459748
122.2002 1600459748
122.2007 1600459748
131.5386 1600459748
131.535 1600459748
131.53570000000002 1600459748
125.6229 1600459748
125.6226 1600459748
125.6236 1600459748
120.32809999999999 1600459748
120.3274 1600459748
120.3271 1600459748
128.3803 1600459748
128.3805 1600459748
128.38080000000002 1600459748
131.1664 1600459748
131.1665 1600459748
131.167 1600459748
123.6632 1600459748
123.6631 1600459748
123.6638 1600459748
130.737 1600459748
130.7371 1600459748
130.73770000000002 1600459748
124.55799999999999 1600459748
124.5581 1600459748
124.55879999999999 1600459748
125.26129999999999 1600459748
125.2616 1600459748
125.2621 1600459748
124.07169999999999 1600459748
124.0719 1600459748
124.07239999999999 1600459748
129.4958 1600459748
129.4958 1600459748
129.4965 1600459748
129.91750000000002 1600459748
129.9173 1600459748
129.9174 1600459748
132.0182 1600459748
132.0185 1600459748
132.019 1600459748
120.08569999999999 1600459748
120.08579999999999 1600459748
120.0867 1600459748
119.4295 1600459748
119.4299 1600459748
119.4303 1600459748
122.4104 1600459748
122.4101 1600459748
122.4109 1600459748
122.4753 1600459748
122.47540000000001 1600459748
122.47540000000001 1600459748
123.4457 1600459748
123.44539999999999 1600459748
123.446 1600459748
128.34629999999999 1600459748
128.34650000000002 1600459748
128.347 1600459748
128.2305 1600459748
128.2302 1600459748
128.2312 1600459748
121.9267 1600459748
121.9265 1600459748
121.9271 1600459748
120.0256 1600459748
120.0257 1600459748
120.0258 1600459748
131.6841 1600459748
131.6842 1600459748
131.68480000000002 1600459748
129.3535 1600459748
129.3534 1600459748
129.35410000000002 1600459748
129.3988 1600459748
129.3986 1600459748
129.39960000000002 1600459748
119.3023 1600459748
119.3019 1600459748
119.3026 1600459748
127.1053 1600459748
127.10500000000002 1600459748
127.10549999999999 1600459748
128.9153 1600459748
128.9155 1600459748
128.9197 1600459748
123.7045 1600459748
123.7046 1600459748
123.7051 1600459748
121.8952 1600459748
121.89529999999999 1600459748
121.8954 1600459748
125.83569999999999 1600459748
125.836 1600459748
125.8364 1600459748
126.9985 1600459748
126.9984 1600459748
126.99929999999999 1600459748
128.7308 1600459748
128.7299 1600459748
128.7312 1600459748
130.7002 1600459748
130.7 1600459748
130.7006 1600459748
129.7319 1600459748
129.732 1600459748
129.7323 1600459748
127.10210000000001 1600459748
127.10199999999999 1600459748
127.1027 1600459748
127.6051 1600459748
127.6049 1600459748
127.6054 1600459748
125.6672 1600459748
125.6675 1600459748
125.6677 1600459748
125.6009 1600459748
125.60119999999999 1600459748
125.6017 1600459748
128.483 1600459748
128.483 1600459748
128.4838 1600459748
125.38799999999999 1600459748
125.3883 1600459748
125.38889999999999 1600459748
123.6226 1600459748
123.62270000000001 1600459748
123.6233 1600459748
123.8049 1600459748
123.8046 1600459748
123.80539999999999 1600459748
130.69549999999998 1600459748
130.6959 1600459748
130.6961 1600459748
121.4082 1600459748
121.4078 1600459748
121.4084 1600459748
132.2527 1600459748
132.2525 1600459748
132.2528 1600459748
126.8118 1600459748
126.8121 1600459748
126.81249999999999 1600459748
130.11329999999998 1600459748
130.11360000000002 1600459748
130.1142 1600459748
125.1007 1600459748
125.101 1600459748
125.1015 1600459748
127.36 1600459748
127.3603 1600459748
127.36039999999998 1600459748
117.3324 1600459748
117.3331 1600459748
117.3335 1600459748
119.8658 1600459748
119.8661 1600459748
119.8663 1600459748
128.0319 1600459748
128.0322 1600459748
128.0327 1600459748
124.1952 1600459748
124.1954 1600459748
124.1957 1600459748
131.5444 1600459748
131.54500000000002 1600459748
131.5456 1600459748
119.4439 1600459748
119.4439 1600459748
119.4443 1600459748
128.6487 1600459748
128.6492 1600459748
128.64960000000002 1600459748
130.6685 1600459748
129.82399999999998 1600459748
130.66850000000002 1600459748
131.5029 1600459748
131.5026 1600459748
131.5029 1600459748
131.4554 1600459748
131.4554 1600459748
131.4558 1600459748
128.5796 1600459748
128.5801 1600459748
128.5804 1600459748
112.2955 1600459748
112.2956 1600459748
112.2962 1600459748
120.1813 1600459748
120.1816 1600459748
120.18209999999999 1600459748
116.59349999999999 1600459748
116.5937 1600459748
116.5946 1600459748
128.4673 1600459748
128.4676 1600459748
128.46800000000002 1600459748
130.22459999999998 1600459748
130.22459999999998 1600459748
130.22500000000002 1600459748
121.1891 1600459748
121.1893 1600459748
121.18979999999999 1600459748
130.4021 1600459748
130.40210000000002 1600459748
131.0412 1600459748
128.2358 1600459748
128.2361 1600459748
128.2367 1600459748
119.22240000000001 1600459748
119.2223 1600459748
119.223 1600459748
129.7954 1600459748
129.7956 1600459748
129.79600000000002 1600459748
125.39200000000001 1600459748
125.39250000000001 1600459748
125.39269999999999 1600459748
130.3126 1600459748
130.3128 1600459748
130.31320000000002 1600459748
127.5326 1600459748
127.5324 1600459748
127.533 1600459748
126.98419999999999 1600459748
126.98450000000001 1600459748
126.9849 1600459748
130.4607 1600459748
130.4605 1600459748
130.461 1600459748
121.8814 1600459748
121.8812 1600459748
121.8815 1600459748
125.33800000000001 1600459748
125.3386 1600459748
125.339 1600459748
129.8279 1600459748
129.8281 1600459748
129.8283 1600459748
126.91640000000001 1600459748
126.9167 1600459748
126.91709999999999 1600459748
123.3255 1600459748
123.32499999999999 1600459748
123.3258 1600459748
128.2391 1600459748
128.239 1600459748
128.23930000000001 1600459748
123.66019999999999 1600459748
123.6604 1600459748
123.66069999999999 1600459748
130.49699999999999 1600459748
130.4969 1600459748
130.4977 1600459748
132.06889999999999 1600459748
132.0689 1600459748
132.0693 1600459748
130.3097 1600459748
130.31 1600459748
130.3102 1600459748
123.8371 1600459748
123.8369 1600459748
123.8374 1600459748
129.50719999999998 1600459748
129.50730000000001 1600459748
129.5077 1600459748
130.4578 1600459748
130.4574 1600459748
130.4581 1600459748
121.38759999999999 1600459748
121.38759999999999 1600459748
121.38839999999999 1600459748
132.2129 1600459748
132.0156 1600459748
132.0163 1600459748
121.2546 1600459748
121.2546 1600459748
121.2553 1600459748
130.9906 1600459748
130.9911 1600459748
130.9918 1600459748
130.54399999999998 1600459748
130.5439 1600459748
130.54420000000002 1600459748
131.3762 1600459748
131.3759 1600459748
131.3836 1600459748
130.5793 1600459748
130.5794 1600459748
130.58030000000002 1600459748
120.4397 1600459748
120.4396 1600459748
120.44 1600459748
128.3354 1600459748
128.3351 1600459748
128.3358 1600459748
131.7069 1600459748
131.7071 1600459748
131.7076 1600459748
118.53869999999999 1600459748
118.5391 1600459748
118.5395 1600459748
123.4672 1600459748
123.4669 1600459748
123.46759999999999 1600459748
129.3133 1600459748
129.313 1600459748
129.31390000000002 1600459748
130.6052 1600459748
130.6052 1600459748
130.6056 1600459748
123.9494 1600459748
123.94980000000001 1600459748
123.9506 1600459748
127.1377 1600459748
127.1379 1600459748
127.13850000000001 1600459748
125.5445 1600459748
125.5442 1600459748
125.5449 1600459748
123.9052 1600459748
123.905 1600459748
123.90549999999999 1600459748
119.65090000000001 1600459748
119.6507 1600459748
119.6511 1600459748
130.4361 1600459748
130.436 1600459748
130.4368 1600459748
122.8437 1600459748
122.8437 1600459748
122.8444 1600459748
120.2011 1600459748
120.2012 1600459748
120.2013 1600459748
121.8691 1600459748
121.8694 1600459748
121.86970000000001 1600459748
130.5176 1600459748
130.5178 1600459748
130.5183 1600459748
125.4089 1600459748
125.4088 1600459748
125.4096 1600459748
128.1799 1600459748
128.1798 1600459748
128.1802 1600459748
127.4207 1600459748
127.421 1600459748
127.4214 1600459748
127.73190000000001 1600459748
127.73219999999999 1600459748
127.7327 1600459748
125.9166 1600459748
125.9165 1600459748
125.9174 1600459748
117.6022 1600459748
117.6019 1600459748
117.60289999999999 1600459748
132.2759 1600459748
132.276 1600459748
132.2766 1600459748
131.1781 1600459748
131.17170000000002 1600459748
131.172 1600459748
122.2117 1600459748
122.2119 1600459748
122.21239999999999 1600459748
125.8201 1600459748
125.8204 1600459748
125.8209 1600459748
127.46239999999999 1600459748
127.46249999999999 1600459748
127.463 1600459748
120.3043 1600459748
120.3041 1600459748
120.30449999999999 1600459748
125.7914 1600459748
125.7912 1600459748
125.7911 1600459748
129.09199999999998 1600459748
129.0923 1600459748
129.0927 1600459748
127.4232 1600459748
127.42360000000001 1600459748
127.42409999999998 1600459748
127.86380000000001 1600459748
127.8636 1600459748
127.86420000000001 1600459748
128.4187 1600459748
128.4184 1600459748
128.4193 1600459748
122.0025 1600459748
122.0027 1600459748
122.0033 1600459748
130.096 1600459748
130.09560000000002 1600459748
130.0964 1600459748
129.26680000000002 1600459748
129.2664 1600459748
129.267 1600459748
124.6886 1600459748
124.6885 1600459748
124.6892 1600459748
122.8768 1600459748
122.87650000000001 1600459748
122.87719999999999 1600459748
126.71969999999999 1600459748
126.71979999999999 1600459748
126.7205 1600459748
123.53829999999999 1600459748
123.5384 1600459748
123.5392 1600459748
129.191 1600459748
129.1908 1600459748
129.19109999999998 1600459748
131.8678 1600459748
131.86159999999998 1600459748
131.8615 1600459748
123.6271 1600459748
123.6275 1600459748
123.6279 1600459748
121.607 1600459748
121.6071 1600459748
121.6073 1600459748
130.2445 1600459748
130.24450000000002 1600459748
130.2448 1600459748
130.2773 1600459748
130.2771 1600459748
130.27730000000003 1600459748
117.6802 1600459748
117.6798 1600459748
117.6803 1600459748
132.2903 1600459748
132.27790000000002 1600459748
132.27870000000001 1600459748
131.8346 1600459748
131.8341 1600459748
131.8345 1600459748
130.63479999999998 1600459748
130.6348 1600459748
130.6354 1600459748
131.88580000000002 1600459748
131.8863 1600459748
131.8914 1600459748
131.61780000000002 1600459748
131.6139 1600459748
131.6139 1600459748
