219.91740000000001 1600579332
219.78109999999998 1600579332
220.1471 1600579332
219.9168 1600579332
220.06410000000002 1600579332
219.7979 1600579332
173.1737 1600579332
216.367 1600579332
167.59789999999998 1600579332
1.3947 1600579332
171.3347 1600579332
220.1969 1600579332
165.5824 1600579332
178.8784 1600579332
220.01309999999998 1600579332
218.4392 1600579332
169.8156 1600579332
171.3276 1600579332
167.6965 1600579332
163.6838 1600579332
169.7654 1600579332
169.7441 1600579332
220.1958 1600579332
219.8296 1600579332
219.623 1600579332
219.6549 1600579332
165.82829999999998 1600579332
219.6608 1600579332
219.4392 1600579332
220.19160000000002 1600579332
171.33689999999999 1600579332
219.26440000000002 1600579332
219.861 1600579332
218.2012 1600579332
165.6612 1600579332
219.6166 1600579332
219.8506 1600579332
220.0058 1600579332
219.2866 1600579332
165.8803 1600579332
174.8547 1600579332
173.1755 1600579332
219.92 1600579332
169.5345 1600579332
219.82420000000002 1600579332
178.8801 1600579332
216.9418 1600579332
220.1978 1600579332
219.8174 1600579332
219.831 1600579332
176.2953 1600579332
220.1993 1600579332
165.9634 1600579332
165.5421 1600579332
217.12189999999998 1600579332
172.8919 1600579332
210.3087 1600579332
162.2103 1600579332
218.19639999999998 1600579332
204.3239 1600579332
173.0031 1600579332
214.4787 1600579332
174.8298 1600579332
214.43089999999998 1600579332
213.8854 1600579332
211.9261 1600579332
203.02769999999998 1600579332
216.3078 1600579332
216.5863 1600579332
173.0002 1600579332
210.9341 1600579332
173.1537 1600579332
201.0057 1600579332
213.91299999999998 1600579332
202.2887 1600579332
206.7545 1600579332
213.7551 1600579332
167.4232 1600579332
207.8521 1600579332
210.3159 1600579332
173.2129 1600579332
169.8251 1600579332
173.1009 1600579332
213.9721 1600579332
207.5022 1600579332
209.936 1600579332
173.30509999999998 1600579332
218.6879 1600579332
171.6257 1600579332
172.8823 1600579332
212.6183 1600579332
219.05769999999998 1600579332
214.94549999999998 1600579332
220.19359999999998 1600579332
219.0784 1600579332
165.83429999999998 1600579332
166.9743 1600579332
220.0861 1600579332
178.89759999999998 1600579332
219.7829 1600579332
171.4972 1600579332
167.47459999999998 1600579332
178.8772 1600579332
217.9646 1600579332
169.5282 1600579332
217.27439999999999 1600579332
218.1111 1600579332
158.7397 1600579332
172.9453 1600579332
219.2631 1600579332
169.6933 1600579332
165.9274 1600579332
219.1235 1600579332
219.54739999999998 1600579332
173.0018 1600579332
165.9613 1600579332
216.1822 1600579332
171.2425 1600579332
171.2962 1600579332
168.15789999999998 1600579332
180.3597 1600579332
213.0058 1600579332
171.69819999999999 1600579332
171.59199999999998 1600579332
174.8256 1600579332
171.32649999999998 1600579332
171.4492 1600579332
165.5116 1600579332
219.8087 1600579332
220.05519999999999 1600579332
217.76409999999998 1600579332
220.14319999999998 1600579332
218.87099999999998 1600579332
169.5213 1600579332
178.89509999999999 1600579332
171.2438 1600579332
219.79549999999998 1600579332
220.18570000000003 1600579332
219.6235 1600579332
219.49939999999998 1600579332
219.7843 1600579332
220.0513 1600579332
220.0599 1600579332
220.1443 1600579332
219.2666 1600579332
219.4757 1600579332
217.4679 1600579332
174.74699999999999 1600579332
170.0065 1600579332
219.7305 1600579332
170.0256 1600579332
220.01409999999998 1600579332
171.60219999999998 1600579332
219.1171 1600579332
220.1908 1600579332
218.7616 1600579332
172.9495 1600579332
220.01479999999998 1600579332
174.9308 1600579332
174.9765 1600579332
220.1748 1600579332
167.5459 1600579332
219.3486 1600579332
171.1892 1600579332
177.44119999999998 1600579332
219.7416 1600579332
220.1737 1600579332
165.9263 1600579332
220.0865 1600579332
220.2024 1600579332
218.11190000000002 1600579332
174.7417 1600579332
220.03179999999998 1600579332
167.5904 1600579332
178.8962 1600579332
171.2755 1600579332
165.659 1600579332
171.47129999999999 1600579332
169.7484 1600579332
219.5849 1600579332
217.96570000000003 1600579332
170.0042 1600579332
167.4468 1600579332
144.6256 1600579332
219.92100000000002 1600579332
169.819 1600579332
217.9187 1600579332
218.5428 1600579332
171.219 1600579332
220.052 1600579332
169.7784 1600579332
168.0824 1600579332
217.0872 1600579332
171.7072 1600579332
217.9364 1600579332
171.2741 1600579332
219.8952 1600579332
171.3581 1600579332
220.15210000000002 1600579332
218.4166 1600579332
217.265 1600579332
220.06289999999998 1600579332
171.6457 1600579332
219.82659999999998 1600579332
173.25639999999999 1600579332
172.8893 1600579332
219.8321 1600579332
171.3433 1600579332
166.0547 1600579332
170.0076 1600579332
169.703 1600579332
218.1392 1600579332
167.8705 1600579332
169.9248 1600579332
196.9923 1600579332
171.3381 1600579332
207.9446 1600579332
169.6472 1600579332
199.2814 1600579332
178.92079999999999 1600579332
174.8074 1600579332
169.9263 1600579332
200.2682 1600579332
199.6084 1600579332
198.442 1600579332
206.1052 1600579332
210.66199999999998 1600579332
200.00269999999998 1600579332
193.2834 1600579332
171.4545 1600579332
201.50629999999998 1600579332
202.8392 1600579332
195.3194 1600579332
200.0326 1600579332
164.13649999999998 1600579332
202.21189999999999 1600579332
176.3424 1600579332
165.7713 1600579332
191.193 1600579332
169.5696 1600579332
211.1636 1600579332
198.1419 1600579332
199.7601 1600579332
167.6979 1600579332
200.9479 1600579332
168.0844 1600579332
174.8315 1600579332
204.3783 1600579332
213.2731 1600579332
213.7019 1600579332
205.7525 1600579332
170.0053 1600579332
204.69729999999998 1600579332
213.9708 1600579332
171.2205 1600579332
201.8013 1600579332
197.9256 1600579332
171.1937 1600579332
174.7527 1600579332
210.06560000000002 1600579332
197.9097 1600579332
211.9793 1600579332
170.0095 1600579332
169.7759 1600579332
169.7184 1600579332
173.2201 1600579332
169.8752 1600579332
214.5564 1600579332
174.8559 1600579332
215.0648 1600579332
165.7227 1600579332
176.2056 1600579332
171.33249999999998 1600579332
207.9283 1600579332
171.4949 1600579332
202.3088 1600579332
171.59459999999999 1600579332
208.43730000000002 1600579332
202.9455 1600579332
167.44819999999999 1600579332
171.36339999999998 1600579332
213.722 1600579332
174.8537 1600579332
219.0767 1600579332
206.21959999999999 1600579332
176.302 1600579332
218.3881 1600579332
213.5935 1600579332
165.6533 1600579332
177.5207 1600579332
172.8931 1600579332
218.3862 1600579332
165.9051 1600579332
218.3852 1600579332
169.8029 1600579332
217.43230000000003 1600579332
210.81969999999998 1600579332
212.6719 1600579332
201.707 1600579332
215.69629999999998 1600579332
174.85219999999998 1600579332
204.46230000000003 1600579332
61.252300000000005 1600579332
169.98749999999998 1600579332
211.5216 1600579332
173.2499 1600579332
214.66809999999998 1600579332
173.1582 1600579332
212.61909999999997 1600579332
171.4564 1600579332
218.22029999999998 1600579332
167.4574 1600579332
169.7044 1600579332
174.7721 1600579332
173.2086 1600579332
215.60379999999998 1600579332
165.6654 1600579332
174.75369999999998 1600579332
171.4514 1600579332
164.1928 1600579332
166.1524 1600579332
185.95489999999998 1600579332
188.75300000000001 1600579332
176.2096 1600579332
207.3434 1600579332
197.69809999999998 1600579332
163.8682 1600579332
174.6869 1600579332
171.44819999999999 1600579332
167.9222 1600579332
171.596 1600579332
165.8356 1600579332
173.0445 1600579332
202.3482 1600579332
168.9192 1600579332
209.6754 1600579332
176.2065 1600579332
174.82489999999999 1600579332
174.90699999999998 1600579332
219.78230000000002 1600579332
214.9084 1600579332
219.9138 1600579332
171.53199999999998 1600579332
220.1028 1600579332
218.7905 1600579332
219.22390000000001 1600579332
174.90609999999998 1600579332
219.8144 1600579332
171.6962 1600579332
215.9126 1600579332
168.0691 1600579332
167.5095 1600579332
217.3447 1600579332
211.8999 1600579332
218.1955 1600579332
218.07 1600579332
177.4195 1600579332
219.37300000000002 1600579332
169.8433 1600579332
217.7329 1600579332
182.4732 1600579332
216.7394 1600579332
169.56619999999998 1600579332
213.25410000000002 1600579332
218.5772 1600579332
213.9771 1600579332
214.5231 1600579332
174.8302 1600579332
178.8944 1600579332
220.0315 1600579332
173.0435 1600579332
220.0488 1600579332
218.64759999999998 1600579332
220.05550000000002 1600579332
214.2841 1600579332
219.082 1600579332
219.9553 1600579332
219.9189 1600579332
219.9151 1600579332
174.8264 1600579332
218.5315 1600579332
169.9675 1600579332
219.3931 1600579332
217.1403 1600579332
215.8915 1600579332
176.256 1600579332
167.6504 1600579332
219.5173 1600579332
220.054 1600579332
167.6943 1600579332
169.9988 1600579332
173.13139999999999 1600579332
177.5212 1600579332
168.0703 1600579332
195.5609 1600579332
195.66660000000002 1600579332
204.72899999999998 1600579332
163.9363 1600579332
167.88299999999998 1600579332
171.7662 1600579332
204.9032 1600579332
200.7207 1600579332
167.93959999999998 1600579332
199.7861 1600579332
194.7256 1600579332
202.8974 1600579332
216.63909999999998 1600579332
214.0638 1600579332
219.3742 1600579332
176.20759999999999 1600579332
169.8014 1600579332
173.01749999999998 1600579332
169.80939999999998 1600579332
167.8733 1600579332
219.2008 1600579332
173.2139 1600579332
218.7719 1600579332
165.7635 1600579332
177.454 1600579332
219.84640000000002 1600579332
219.65390000000002 1600579332
216.531 1600579332
219.384 1600579332
214.90959999999998 1600579332
219.95309999999998 1600579332
219.8915 1600579332
212.33749999999998 1600579332
168.24769999999998 1600579332
171.2969 1600579332
176.2973 1600579332
173.0193 1600579332
220.20710000000003 1600579332
173.2485 1600579332
167.7895 1600579332
219.0303 1600579332
173.2541 1600579332
172.94719999999998 1600579332
169.4906 1600579332
220.1381 1600579332
218.2193 1600579332
174.6643 1600579332
218.2713 1600579332
213.2298 1600579332
217.49259999999998 1600579332
169.7996 1600579332
169.7051 1600579332
169.624 1600579332
165.6795 1600579332
216.3415 1600579332
176.2038 1600579332
169.9886 1600579332
162.4186 1600579332
218.52120000000002 1600579332
219.9734 1600579332
219.5344 1600579332
219.59449999999998 1600579332
220.083 1600579332
171.5589 1600579332
173.2062 1600579332
167.8108 1600579332
217.9679 1600579332
170.02609999999999 1600579332
216.88680000000002 1600579332
177.4522 1600579332
216.5032 1600579332
218.4996 1600579332
174.9928 1600579332
219.34720000000002 1600579332
219.99519999999998 1600579332
176.2587 1600579332
217.7814 1600579332
172.94819999999999 1600579332
177.5222 1600579332
218.3642 1600579332
217.94070000000002 1600579332
220.1931 1600579332
167.6482 1600579332
168.8851 1600579332
200.5411 1600579332
174.7883 1600579332
185.856 1600579332
176.2759 1600579332
177.50459999999998 1600579332
199.4426 1600579332
171.6015 1600579332
205.40599999999998 1600579332
174.7895 1600579332
192.6969 1600579332
171.5599 1600579332
185.5005 1600579332
192.5769 1600579332
196.9642 1600579332
207.5579 1600579332
204.96949999999998 1600579332
171.3389 1600579332
186.0061 1600579332
168.03119999999998 1600579332
165.2089 1600579332
195.0247 1600579332
169.9664 1600579332
198.65439999999998 1600579332
192.9605 1600579332
166.0194 1600579332
181.99290000000002 1600579332
203.3329 1600579332
168.1386 1600579332
171.6217 1600579332
174.96089999999998 1600579332
208.791 1600579332
171.6241 1600579332
197.9964 1600579332
168.1584 1600579332
