0.2187 1600649116
0.2798 1600649116
0.3435 1600649116
0.3106 1600649116
0.29469999999999996 1600649116
0.29590000000000005 1600649116
0.26870000000000005 1600649116
0.3436 1600649116
0.3288 1600649116
0.2963 1600649116
0.3206 1600649116
0.3387 1600649116
0.3123 1600649116
0.361 1600649116
0.26880000000000004 1600649116
0.26580000000000004 1600649116
0.30390000000000006 1600649116
0.3022 1600649116
0.28969999999999996 1600649116
0.30169999999999997 1600649116
0.29800000000000004 1600649116
0.28990000000000005 1600649116
0.26870000000000005 1600649116
0.27749999999999997 1600649116
0.2921 1600649116
0.3209 1600649116
0.3129 1600649116
0.2633 1600649116
0.32730000000000004 1600649116
0.21320000000000003 1600649116
0.34209999999999996 1600649116
0.33109999999999995 1600649116
0.34240000000000004 1600649116
0.2743 1600649116
0.2911 1600649116
0.31589999999999996 1600649116
0.32920000000000005 1600649116
0.31789999999999996 1600649116
0.32330000000000003 1600649116
0.4045000000000001 1600649116
0.3416 1600649116
0.35 1600649116
0.32199999999999995 1600649116
0.31089999999999995 1600649116
0.34650000000000003 1600649116
0.32989999999999997 1600649116
0.3174 1600649116
0.4215 1600649116
0.2881 1600649116
0.252 1600649116
0.3718 1600649116
0.28080000000000005 1600649116
0.27480000000000004 1600649116
0.24810000000000001 1600649116
0.3319 1600649116
0.3328 1600649116
0.27890000000000004 1600649116
0.25 1600649116
0.2761 1600649116
0.3436 1600649116
0.3024 1600649116
0.36519999999999997 1600649116
0.31700000000000006 1600649116
0.27559999999999996 1600649116
0.37740000000000007 1600649116
0.31079999999999997 1600649116
0.2352 1600649116
0.2589 1600649116
0.36460000000000004 1600649116
0.224 1600649116
0.26070000000000004 1600649116
0.29810000000000003 1600649116
0.3826 1600649116
0.2683 1600649116
0.255 1600649116
0.2945 1600649116
0.252 1600649116
0.3711 1600649116
0.34809999999999997 1600649116
0.32520000000000004 1600649116
0.2721 1600649116
0.3198 1600649116
0.269 1600649116
0.2831 1600649116
0.23490000000000003 1600649116
0.26949999999999996 1600649116
0.30610000000000004 1600649116
0.23140000000000002 1600649116
0.25880000000000003 1600649116
0.3288 1600649116
0.32130000000000003 1600649116
0.29300000000000004 1600649116
0.31489999999999996 1600649116
0.27849999999999997 1600649116
0.2883 1600649116
0.33720000000000006 1600649116
0.2907 1600649116
0.2508 1600649116
0.26130000000000003 1600649116
0.3128 1600649116
0.2788 1600649116
0.3195 1600649116
0.3391 1600649116
0.2737 1600649116
0.3151 1600649116
0.3517 1600649116
0.33740000000000003 1600649116
0.3448 1600649116
0.39130000000000004 1600649116
0.2353 1600649116
0.2885 1600649116
0.3143 1600649116
0.31789999999999996 1600649116
0.37750000000000006 1600649116
0.28069999999999995 1600649116
0.31799999999999995 1600649116
0.30010000000000003 1600649116
0.255 1600649116
0.2589 1600649116
0.2583 1600649116
0.24300000000000002 1600649116
0.29600000000000004 1600649116
0.3054 1600649116
0.35719999999999996 1600649116
0.3753000000000001 1600649116
0.3125 1600649116
0.36129999999999995 1600649116
0.2431 1600649116
0.2337 1600649116
0.34030000000000005 1600649116
0.31279999999999997 1600649116
0.2774 1600649116
0.25949999999999995 1600649116
0.28980000000000006 1600649116
0.29510000000000003 1600649116
0.2855 1600649116
0.3137 1600649116
0.30310000000000004 1600649116
0.25760000000000005 1600649116
0.2711 1600649116
0.3347 1600649116
0.2954 1600649116
0.38580000000000003 1600649116
0.3578 1600649116
0.24850000000000003 1600649116
0.2921 1600649116
0.2512 1600649116
0.34640000000000004 1600649116
0.32030000000000003 1600649116
0.2791 1600649116
0.30889999999999995 1600649116
0.35340000000000005 1600649116
0.2473 1600649116
0.28990000000000005 1600649116
0.3164 1600649116
0.35950000000000004 1600649116
0.29710000000000003 1600649116
0.32220000000000004 1600649116
0.3022 1600649116
0.27459999999999996 1600649116
0.3779 1600649116
0.30290000000000006 1600649116
0.31710000000000005 1600649116
0.2931 1600649116
0.29669999999999996 1600649116
0.28259999999999996 1600649116
0.3145 1600649116
0.3458 1600649116
0.37760000000000005 1600649116
0.34340000000000004 1600649116
0.367 1600649116
0.24500000000000002 1600649116
0.2611 1600649116
0.24050000000000002 1600649116
0.31700000000000006 1600649116
0.31300000000000006 1600649116
0.25660000000000005 1600649116
0.261 1600649116
0.3257 1600649116
0.3336 1600649116
0.32489999999999997 1600649116
0.30210000000000004 1600649116
0.3045 1600649116
0.3932 1600649116
0.3035 1600649116
0.3721 1600649116
0.28880000000000006 1600649116
0.26970000000000005 1600649116
0.30789999999999995 1600649116
0.36829999999999996 1600649116
0.28390000000000004 1600649116
0.2744 1600649116
0.30600000000000005 1600649116
0.29190000000000005 1600649116
0.26959999999999995 1600649116
0.34020000000000006 1600649116
0.28959999999999997 1600649116
0.29259999999999997 1600649116
0.2893 1600649116
0.31920000000000004 1600649116
0.3043 1600649116
0.34830000000000005 1600649116
0.31300000000000006 1600649116
0.2912 1600649116
0.29190000000000005 1600649116
0.2528 1600649116
0.2972 1600649116
0.35309999999999997 1600649116
0.2623 1600649116
0.30300000000000005 1600649116
0.31889999999999996 1600649116
0.2702 1600649116
0.33140000000000003 1600649116
0.33340000000000003 1600649116
0.2731 1600649116
0.3294 1600649116
0.3123 1600649116
0.4232 1600649116
0.3679 1600649116
0.35760000000000003 1600649116
0.32120000000000004 1600649116
0.2701 1600649116
0.2783 1600649116
0.3953 1600649116
0.3035 1600649116
0.3422 1600649116
0.2753 1600649116
0.38630000000000003 1600649116
0.2618 1600649116
0.338 1600649116
0.2519 1600649116
0.2527 1600649116
0.304 1600649116
0.3626 1600649116
0.2792 1600649116
0.3253 1600649116
0.3356 1600649116
0.29309999999999997 1600649116
0.2904 1600649116
0.3028 1600649116
0.3144 1600649116
0.35230000000000006 1600649116
0.29990000000000006 1600649116
0.24950000000000003 1600649116
0.3621 1600649116
0.258 1600649116
0.36160000000000003 1600649116
0.24539999999999998 1600649116
0.2902 1600649116
0.26570000000000005 1600649116
0.3067 1600649116
0.29790000000000005 1600649116
0.22890000000000002 1600649116
0.27 1600649116
0.3175 1600649116
0.31089999999999995 1600649116
0.3194 1600649116
0.26480000000000004 1600649116
0.326 1600649116
0.2187 1600649116
0.28950000000000004 1600649116
0.336 1600649116
0.2314 1600649116
0.3529 1600649116
0.2932 1600649116
0.32680000000000003 1600649116
0.28850000000000003 1600649116
0.25880000000000003 1600649116
0.2848 1600649116
0.29000000000000004 1600649116
0.27040000000000003 1600649116
0.3303 1600649116
0.3251 1600649116
0.3149 1600649116
0.3385 1600649116
0.2952 1600649116
0.2735 1600649116
0.3517 1600649116
0.303 1600649116
0.2688 1600649116
0.2882 1600649116
0.2806 1600649116
0.3042 1600649116
0.38420000000000004 1600649116
0.2415 1600649116
0.2582 1600649116
0.3154 1600649116
0.2851 1600649116
0.3204 1600649116
0.3397 1600649116
0.35450000000000004 1600649116
0.31420000000000003 1600649116
0.31270000000000003 1600649116
0.2544 1600649116
0.2565 1600649116
0.2999 1600649116
0.3429 1600649116
0.2807 1600649116
0.3121 1600649116
0.2822 1600649116
0.3362 1600649116
0.317 1600649116
0.2746 1600649116
0.2543 1600649116
0.327 1600649116
0.3604 1600649116
0.3857 1600649116
0.26330000000000003 1600649116
0.3226 1600649116
0.2866 1600649116
0.2947 1600649116
0.3189 1600649116
0.3205 1600649116
0.2642 1600649116
0.29100000000000004 1600649116
0.3172 1600649116
0.3034 1600649116
0.2881 1600649116
0.3252 1600649116
0.24630000000000002 1600649116
0.27590000000000003 1600649116
0.3027 1600649116
0.2924 1600649116
0.3209 1600649116
0.297 1600649116
0.29460000000000003 1600649116
0.3531 1600649116
0.2562 1600649116
0.3154 1600649116
0.3109 1600649116
0.32830000000000004 1600649116
0.3773 1600649116
0.2818 1600649116
0.2928 1600649116
0.25420000000000004 1600649116
0.3585 1600649116
0.3064 1600649116
0.23710000000000003 1600649116
0.3416 1600649116
0.28850000000000003 1600649116
0.3603 1600649116
0.34040000000000004 1600649116
0.35100000000000003 1600649116
0.2911 1600649116
0.3531 1600649116
0.3416 1600649116
0.22870000000000001 1600649116
0.3169 1600649116
0.28250000000000003 1600649116
0.316 1600649116
0.3052 1600649116
0.296 1600649116
0.3133 1600649116
0.37420000000000003 1600649116
0.2879 1600649116
0.2742 1600649116
0.2775 1600649116
0.2944 1600649116
0.3027 1600649116
0.3173 1600649116
0.2659 1600649116
0.3084 1600649116
0.271 1600649116
0.3091 1600649116
0.3413 1600649116
0.27590000000000003 1600649116
0.2973 1600649116
0.2891 1600649116
0.3493 1600649116
0.30110000000000003 1600649116
0.32180000000000003 1600649116
0.3024 1600649116
0.2766 1600649116
0.2833 1600649116
0.3492 1600649116
0.2974 1600649116
0.40720000000000006 1600649116
0.3144 1600649116
0.3378 1600649116
0.2972 1600649116
0.3803 1600649116
0.3625 1600649116
0.3113 1600649116
0.2869 1600649116
0.23460000000000003 1600649116
0.2675 1600649116
0.3202 1600649116
0.3377 1600649116
0.29000000000000004 1600649116
0.2682 1600649116
0.38130000000000003 1600649116
0.3317 1600649116
0.28700000000000003 1600649116
0.259 1600649116
0.2884 1600649116
0.29150000000000004 1600649116
0.3557 1600649116
0.3309 1600649116
0.35960000000000003 1600649116
0.2751 1600649116
0.3114 1600649116
0.33990000000000004 1600649116
0.3103 1600649116
0.3234 1600649116
0.3015 1600649116
0.262 1600649116
0.2395 1600649116
0.436 1600649116
0.32480000000000003 1600649116
0.279 1600649116
0.3448 1600649116
0.3269 1600649116
0.3174 1600649116
0.3449 1600649116
0.37810000000000005 1600649116
0.3432 1600649116
0.3325 1600649116
0.28200000000000003 1600649116
0.3061 1600649116
0.2627 1600649116
0.35400000000000004 1600649116
0.3023 1600649116
0.26430000000000003 1600649116
0.2705 1600649116
0.304 1600649116
0.3451 1600649116
0.3864 1600649116
0.22560000000000002 1600649116
0.2997 1600649116
0.31220000000000003 1600649116
0.2868 1600649116
0.3065 1600649116
0.3139 1600649116
0.3305 1600649116
0.27640000000000003 1600649116
0.2853 1600649116
0.339 1600649116
0.3938 1600649116
0.271 1600649116
0.3103 1600649116
0.2802 1600649116
0.3607 1600649116
0.22400000000000003 1600649116
0.32130000000000003 1600649116
0.2293 1600649116
0.30260000000000004 1600649116
0.2821 1600649116
0.2515 1600649116
0.3564 1600649116
0.36460000000000004 1600649116
0.3352 1600649116
0.2807 1600649116
0.3411 1600649116
0.2802 1600649116
0.28 1600649116
0.24180000000000001 1600649116
0.315 1600649116
0.3 1600649116
0.3529 1600649116
0.2807 1600649116
0.3648 1600649116
0.2952 1600649116
0.29000000000000004 1600649116
0.30310000000000004 1600649116
0.4086 1600649116
0.28650000000000003 1600649116
0.29960000000000003 1600649116
0.3429 1600649116
0.28600000000000003 1600649116
0.38599999999999995 1600649116
0.3174 1600649116
0.2243 1600649116
0.3496 1600649116
0.3205 1600649116
0.39920000000000005 1600649116
0.3032 1600649116
0.2954 1600649116
0.3858 1600649116
0.342 1600649116
0.2953 1600649116
0.31910000000000005 1600649116
0.31720000000000004 1600649116
0.29080000000000006 1600649116
0.23500000000000001 1600649116
0.3086 1600649116
0.2823 1600649116
0.3105 1600649116
0.28779999999999994 1600649116
0.3074 1600649116
0.28179999999999994 1600649116
0.3439 1600649116
0.3288 1600649116
0.26070000000000004 1600649116
0.3237 1600649116
0.2541 1600649116
0.28179999999999994 1600649116
0.3276 1600649116
0.313 1600649116
0.369 1600649116
0.2828 1600649116
0.3211 1600649116
0.3186 1600649116
0.3426 1600649116
0.2911 1600649116
0.2409 1600649116
0.2993 1600649116
0.39699999999999996 1600649116
0.2723 1600649116
0.316 1600649116
0.2906 1600649116
0.3165 1600649116
0.3031 1600649116
