91.22930000000001 1600339034
85.11389999999999 1600339034
93.3738 1600339034
69.5822 1600339034
89.5355 1600339034
74.42859999999999 1600339034
74.84299999999999 1600339034
90.6796 1600339034
93.0074 1600339034
69.5446 1600339034
75.9097 1600339034
94.1002 1600339034
89.0645 1600339034
90.2684 1600339034
68.835 1600339034
80.7636 1600339034
89.59049999999999 1600339034
91.48819999999999 1600339034
48.7154 1600339034
93.0749 1600339034
78.95909999999999 1600339034
94.3539 1600339034
84.13419999999999 1600339034
90.67949999999999 1600339034
93.0069 1600339034
61.38699999999999 1600339034
94.1005 1600339034
83.9935 1600339034
61.2402 1600339034
85.6614 1600339034
68.6494 1600339034
91.3921 1600339034
71.25739999999999 1600339034
92.8932 1600339034
74.843 1600339034
85.4379 1600339034
75.2804 1600339034
90.2682 1600339034
91.94409999999999 1600339034
75.42699999999999 1600339034
93.0072 1600339034
94.3874 1600339034
81.9444 1600339034
89.58999999999999 1600339034
75.4247 1600339034
90.9114 1600339034
76.6504 1600339034
90.9116 1600339034
83.4335 1600339034
93.0748 1600339034
76.6442 1600339034
94.45039999999999 1600339034
70.1831 1600339034
85.1134 1600339034
81.4861 1600339034
63.0849 1600339034
80.765 1600339034
90.93249999999999 1600339034
76.6495 1600339034
93.1202 1600339034
85.114 1600339034
84.7598 1600339034
86.6426 1600339034
91.337 1600339034
66.7873 1600339034
69.5872 1600339034
91.806 1600339034
87.3614 1600339034
76.2652 1600339034
78.72829999999999 1600339034
80.7673 1600339034
93.6195 1600339034
84.6501 1600339034
81.08200000000001 1600339034
85.1139 1600339034
47.0682 1600339034
52.0705 1600339034
86.26769999999999 1600339034
89.0638 1600339034
94.35329999999999 1600339034
89.0642 1600339034
51.7099 1600339034
93.3739 1600339034
57.015899999999995 1600339034
84.7608 1600339034
66.547 1600339034
70.1981 1600339034
91.48819999999999 1600339034
83.4324 1600339034
94.1 1600339034
70.1852 1600339034
94.3534 1600339034
72.6011 1600339034
75.2705 1600339034
74.8404 1600339034
89.1121 1600339034
75.429 1600339034
82.3728 1600339034
77.6755 1600339034
82.37089999999999 1600339034
75.9102 1600339034
86.0303 1600339034
92.0508 1600339034
86.08109999999999 1600339034
61.008 1600339034
81.949 1600339034
94.3522 1600339034
86.0295 1600339034
70.1869 1600339034
91.0124 1600339034
92.1845 1600339034
70.1797 1600339034
74.8411 1600339034
93.7073 1600339034
92.4841 1600339034
84.6702 1600339034
83.4342 1600339034
90.5937 1600339034
84.13419999999999 1600339034
85.59939999999999 1600339034
84.7593 1600339034
88.0605 1600339034
87.7359 1600339034
89.2376 1600339034
74.4205 1600339034
89.8096 1600339034
85.439 1600339034
91.08739999999999 1600339034
92.8934 1600339034
93.6195 1600339034
84.7599 1600339034
86.4117 1600339034
86.0816 1600339034
89.06389999999999 1600339034
74.4219 1600339034
89.89789999999999 1600339034
92.9638 1600339034
88.2053 1600339034
81.6848 1600339034
88.0258 1600339034
90.5992 1600339034
90.9995 1600339034
91.1297 1600339034
74.8396 1600339034
58.5035 1600339034
91.2379 1600339034
60.9383 1600339034
92.30609999999999 1600339034
75.9096 1600339034
92.17349999999999 1600339034
75.4547 1600339034
78.7303 1600339034
77.5402 1600339034
86.5675 1600339034
85.6027 1600339034
85.5993 1600339034
85.11919999999999 1600339034
89.39099999999999 1600339034
87.8486 1600339034
89.0632 1600339034
60.1128 1600339034
94.1002 1600339034
78.9584 1600339034
90.9814 1600339034
77.5301 1600339034
94.38730000000001 1600339034
81.6813 1600339034
61.7831 1600339034
68.8406 1600339034
87.7358 1600339034
89.1688 1600339034
92.8928 1600339034
67.95439999999999 1600339034
81.7135 1600339034
89.0646 1600339034
84.6502 1600339034
84.7589 1600339034
81.4846 1600339034
61.3876 1600339034
87.8463 1600339034
68.6485 1600339034
90.3938 1600339034
91.11619999999999 1600339034
76.64959999999999 1600339034
76.2704 1600339034
78.7273 1600339034
81.945 1600339034
82.6652 1600339034
83.2166 1600339034
83.9937 1600339034
85.441 1600339034
86.2678 1600339034
83.4358 1600339034
78.7274 1600339034
78.2506 1600339034
84.7606 1600339034
82.42439999999999 1600339034
93.3741 1600339034
85.4371 1600339034
89.0636 1600339034
89.8178 1600339034
81.9481 1600339034
91.088 1600339034
89.5902 1600339034
75.4307 1600339034
83.4366 1600339034
84.1341 1600339034
67.5698 1600339034
90.5992 1600339034
87.84729999999999 1600339034
84.7666 1600339034
75.2749 1600339034
41.898199999999996 1600339034
89.1684 1600339034
84.7591 1600339034
86.0295 1600339034
89.8778 1600339034
90.4357 1600339034
91.7087 1600339034
75.4262 1600339034
89.3877 1600339034
62.2904 1600339034
93.7078 1600339034
94.2714 1600339034
80.7649 1600339034
93.0065 1600339034
79.5394 1600339034
83.991 1600339034
83.4347 1600339034
85.4398 1600339034
86.2683 1600339034
66.5462 1600339034
89.8777 1600339034
93.3737 1600339034
66.2005 1600339034
94.3534 1600339034
60.0222 1600339034
69.5832 1600339034
81.08890000000001 1600339034
75.2749 1600339034
62.2892 1600339034
84.7662 1600339034
74.4192 1600339034
93.6193 1600339034
74.8485 1600339034
94.1 1600339034
66.2001 1600339034
81.0837 1600339034
81.4833 1600339034
86.5913 1600339034
86.4126 1600339034
81.9491 1600339034
85.439 1600339034
75.2729 1600339034
87.7359 1600339034
89.2894 1600339034
88.8581 1600339034
82.6634 1600339034
92.9638 1600339034
94.1001 1600339034
88.1859 1600339034
82.3502 1600339034
85.11399999999999 1600339034
89.4243 1600339034
91.6482 1600339034
94.1006 1600339034
83.43599999999999 1600339034
91.8055 1600339034
92.73689999999999 1600339034
94.3535 1600339034
75.454 1600339034
66.81909999999999 1600339034
73.831 1600339034
82.4229 1600339034
86.4124 1600339034
86.26809999999999 1600339034
94.35249999999999 1600339034
88.026 1600339034
82.351 1600339034
88.0604 1600339034
70.1866 1600339034
90.9114 1600339034
73.8329 1600339034
83.9935 1600339034
83.4375 1600339034
86.12089999999999 1600339034
85.4397 1600339034
87.8072 1600339034
73.8345 1600339034
86.4117 1600339034
90.9004 1600339034
94.3519 1600339034
89.13119999999999 1600339034
66.7875 1600339034
89.1122 1600339034
75.2768 1600339034
81.944 1600339034
89.6087 1600339034
90.9995 1600339034
74.7859 1600339034
83.9934 1600339034
74.4266 1600339034
87.7364 1600339034
82.3493 1600339034
94.451 1600339034
84.7585 1600339034
84.133 1600339034
75.45349999999999 1600339034
85.119 1600339034
87.8464 1600339034
91.0128 1600339034
94.3537 1600339034
83.99310000000001 1600339034
68.1041 1600339034
88.0609 1600339034
84.6493 1600339034
90.1087 1600339034
90.6797 1600339034
91.3393 1600339034
91.3364 1600339034
69.5831 1600339034
93.0067 1600339034
74.4247 1600339034
93.61959999999999 1600339034
88.06089999999999 1600339034
79.5386 1600339034
89.8779 1600339034
91.4884 1600339034
79.539 1600339034
84.7665 1600339034
93.3737 1600339034
94.35369999999999 1600339034
87.847 1600339034
72.3359 1600339034
92.6363 1600339034
77.5292 1600339034
78.9595 1600339034
83.4322 1600339034
90.10839999999999 1600339034
90.6797 1600339034
81.7689 1600339034
93.0748 1600339034
81.6824 1600339034
83.99199999999999 1600339034
69.5415 1600339034
89.3874 1600339034
74.7927 1600339034
91.8055 1600339034
83.9915 1600339034
89.59009999999999 1600339034
81.4833 1600339034
91.1291 1600339034
84.7664 1600339034
92.1841 1600339034
75.2752 1600339034
64.82419999999999 1600339034
76.2679 1600339034
84.6502 1600339034
84.1332 1600339034
85.43979999999999 1600339034
90.912 1600339034
86.26830000000001 1600339034
93.1208 1600339034
94.3869 1600339034
75.9097 1600339034
90.268 1600339034
91.9442 1600339034
84.1338 1600339034
70.1832 1600339034
74.4233 1600339034
85.4387 1600339034
83.4369 1600339034
83.43509999999999 1600339034
86.268 1600339034
74.7864 1600339034
87.84639999999999 1600339034
81.6861 1600339034
87.7355 1600339034
86.4122 1600339034
90.52159999999999 1600339034
94.3521 1600339034
89.38719999999999 1600339034
75.9104 1600339034
90.5987 1600339034
81.68169999999999 1600339034
90.7601 1600339034
91.2385 1600339034
92.15599999999999 1600339034
76.6473 1600339034
69.5865 1600339034
80.7662 1600339034
93.7073 1600339034
72.3355 1600339034
82.66550000000001 1600339034
85.5994 1600339034
94.1854 1600339034
81.9494 1600339034
89.5904 1600339034
74.789 1600339034
90.7819 1600339034
80.7642 1600339034
94.3871 1600339034
86.5922 1600339034
90.51929999999999 1600339034
75.4245 1600339034
89.2374 1600339034
90.10849999999999 1600339034
71.25919999999999 1600339034
86.2684 1600339034
90.07809999999999 1600339034
89.5909 1600339034
75.2744 1600339034
90.7605 1600339034
75.9094 1600339034
89.13119999999999 1600339034
91.94369999999999 1600339034
76.6473 1600339034
61.4066 1600339034
91.4886 1600339034
94.27159999999999 1600339034
75.9102 1600339034
94.3519 1600339034
81.9494 1600339034
82.93669999999999 1600339034
87.73599999999999 1600339034
82.4236 1600339034
94.3546 1600339034
86.2681 1600339034
91.23049999999999 1600339034
72.6007 1600339034
0.01539999999999997 1600339034
92.6356 1600339034
81.6814 1600339034
83.9936 1600339034
89.06450000000001 1600339034
92.1738 1600339034
71.255 1600339034
90.3937 1600339034
83.4357 1600339034
92.0501 1600339034
75.4549 1600339034
89.1296 1600339034
89.5907 1600339034
94.10000000000001 1600339034
81.94539999999999 1600339034
94.3536 1600339034
75.4264 1600339034
81.9468 1600339034
82.6641 1600339034
81.68469999999999 1600339034
75.2742 1600339034
91.2217 1600339034
84.64959999999999 1600339034
94.3522 1600339034
50.9109 1600339034
86.5915 1600339034
78.7302 1600339034
89.919 1600339034
90.6802 1600339034
61.3916 1600339034
84.1344 1600339034
59.2018 1600339034
79.5385 1600339034
67.9508 1600339034
91.2383 1600339034
82.6634 1600339034
92.30659999999999 1600339034
84.6493 1600339034
69.1858 1600339034
89.9185 1600339034
89.9191 1600339034
90.99929999999999 1600339034
68.831 1600339034
91.1672 1600339034
82.3719 1600339034
86.59119999999999 1600339034
86.0302 1600339034
89.5161 1600339034
74.7934 1600339034
91.4883 1600339034
81.6848 1600339034
89.504 1600339034
82.4234 1600339034
84.1338 1600339034
76.268 1600339034
77.2612 1600339034
83.90729999999999 1600339034
90.1082 1600339034
92.0508 1600339034
76.83879999999999 1600339034
93.0071 1600339034
93.3732 1600339034
81.0822 1600339034
93.3733 1600339034
76.8385 1600339034
81.0833 1600339034
94.3543 1600339034
78.95819999999999 1600339034
83.9945 1600339034
85.1185 1600339034
88.0903 1600339034
89.51559999999999 1600339034
84.13279999999999 1600339034
91.2391 1600339034
70.1784 1600339034
89.51559999999999 1600339034
93.7078 1600339034
83.43669999999999 1600339034
86.2683 1600339034
61.407000000000004 1600339034
94.1652 1600339034
89.5664 1600339034
