1.3878 1600639265
1.433 1600639265
1.7389 1600639265
1.6037 1600639265
1.6949 1600639265
1.5847 1600639265
1.5961 1600639265
1.7387 1600639265
1.4409 1600639265
1.6432 1600639265
1.5286 1600639265
1.5347 1600639265
1.6496 1600639265
1.3981 1600639265
1.6687 1600639265
1.5641 1600639265
1.6176 1600639265
1.5925 1600639265
1.4068 1600639265
1.5586 1600639265
1.4665 1600639265
1.4388 1600639265
1.4578 1600639265
1.3888 1600639265
1.6212 1600639265
1.4321 1600639265
1.2973 1600639265
1.578 1600639265
1.5473999999999999 1600639265
1.5274 1600639265
1.3514 1600639265
1.6166 1600639265
1.5499 1600639265
1.4378 1600639265
1.4085 1600639265
1.6494 1600639265
1.4363 1600639265
1.6497 1600639265
1.6856 1600639265
1.5163 1600639265
1.408 1600639265
1.5110999999999999 1600639265
1.5492 1600639265
1.4662 1600639265
1.5594 1600639265
1.5327 1600639265
1.436 1600639265
1.6606 1600639265
1.6881 1600639265
1.5552 1600639265
1.4718 1600639265
1.5233 1600639265
1.5421 1600639265
1.4187 1600639265
1.3379 1600639265
1.2726 1600639265
1.6953 1600639265
1.5151 1600639265
1.5189 1600639265
1.564 1600639265
1.3878 1600639265
1.3446 1600639265
1.5239 1600639265
1.5603 1600639265
1.5746 1600639265
1.711 1600639265
1.5103 1600639265
1.5811 1600639265
1.6596 1600639265
1.3898 1600639265
1.4738 1600639265
1.4931 1600639265
1.7266 1600639265
1.5104 1600639265
1.4025 1600639265
1.5104 1600639265
1.5537 1600639265
1.3741999999999999 1600639265
1.4693 1600639265
1.6489 1600639265
1.3494 1600639265
1.3786 1600639265
1.6306 1600639265
1.4577 1600639265
1.5077 1600639265
1.61 1600639265
1.4541 1600639265
1.562 1600639265
1.5928 1600639265
1.6556 1600639265
1.3306 1600639265
1.7606 1600639265
1.553 1600639265
1.4953 1600639265
1.4388 1600639265
1.5531 1600639265
1.6245 1600639265
2.0316 1600639265
1.5813 1600639265
1.5254 1600639265
1.533 1600639265
1.3387 1600639265
1.542 1600639265
1.3956 1600639265
1.5559 1600639265
1.5379 1600639265
1.4778 1600639265
1.4586999999999999 1600639265
1.7767 1600639265
1.7265 1600639265
1.338 1600639265
1.583 1600639265
1.4851 1600639265
1.5876 1600639265
1.4219 1600639265
1.6912 1600639265
1.4143999999999999 1600639265
1.4304 1600639265
1.6461 1600639265
1.554 1600639265
1.3768 1600639265
1.662 1600639265
1.659 1600639265
1.8800000000000001 1600639265
1.5413999999999999 1600639265
1.4854 1600639265
1.3909 1600639265
1.3762 1600639265
1.2403 1600639265
1.272 1600639265
1.3528 1600639265
1.5343 1600639265
1.7863 1600639265
1.4405999999999999 1600639265
1.8465 1600639265
1.5035 1600639265
1.4198 1600639265
1.423 1600639265
1.6468 1600639265
1.5746 1600639265
1.7522 1600639265
1.6615 1600639265
1.58 1600639265
1.6082 1600639265
1.422 1600639265
1.326 1600639265
1.5988 1600639265
1.5897999999999999 1600639265
1.4146 1600639265
1.4465 1600639265
1.5582 1600639265
1.5688 1600639265
1.2421 1600639265
1.5682 1600639265
1.4344999999999999 1600639265
1.3904 1600639265
1.6609 1600639265
1.3489 1600639265
1.3898 1600639265
1.3883 1600639265
1.9043999999999999 1600639265
1.5713 1600639265
1.4215 1600639265
1.3481 1600639265
1.5846 1600639265
1.6095 1600639265
1.5842 1600639265
1.5582 1600639265
1.5875 1600639265
1.7386 1600639265
1.5088 1600639265
1.375 1600639265
1.5846 1600639265
1.3689 1600639265
1.5513 1600639265
1.5551 1600639265
1.4071 1600639265
1.3468 1600639265
1.5083 1600639265
1.7225 1600639265
1.6254 1600639265
1.5691 1600639265
1.588 1600639265
1.3708 1600639265
1.6061 1600639265
1.4719 1600639265
1.3008 1600639265
1.5216 1600639265
1.4761 1600639265
1.7389 1600639265
1.3998 1600639265
1.6834 1600639265
1.2918 1600639265
1.3223 1600639265
1.5508 1600639265
1.3905 1600639265
1.5685 1600639265
1.6234 1600639265
1.4116 1600639265
1.5476 1600639265
1.557 1600639265
1.6233 1600639265
1.4458 1600639265
1.3485 1600639265
1.7510999999999999 1600639265
1.4143 1600639265
1.665 1600639265
1.4824 1600639265
1.5779 1600639265
1.5858 1600639265
1.5234 1600639265
1.5707 1600639265
1.6177 1600639265
1.6172 1600639265
1.4095 1600639265
1.5179 1600639265
1.3878 1600639265
1.4512 1600639265
1.4606999999999999 1600639265
1.8910999999999998 1600639265
1.5497 1600639265
1.5687 1600639265
1.4045 1600639265
1.6067 1600639265
1.5581 1600639265
1.5013 1600639265
1.4727999999999999 1600639265
1.7933999999999999 1600639265
1.5119 1600639265
1.3885 1600639265
1.4736 1600639265
1.4086 1600639265
1.6585 1600639265
1.5185 1600639265
1.4553 1600639265
1.5964 1600639265
1.6198 1600639265
1.3895 1600639265
1.4559 1600639265
1.6178 1600639265
1.8025 1600639265
1.4229 1600639265
1.4045 1600639265
1.5066 1600639265
1.4453 1600639265
1.4616 1600639265
1.2927 1600639265
1.2397 1600639265
1.3483 1600639265
1.56 1600639265
1.4625 1600639265
1.3955 1600639265
1.5594 1600639265
1.5823 1600639265
1.4513 1600639265
1.6095 1600639265
1.4145 1600639265
1.4735 1600639265
1.7342 1600639265
1.3669 1600639265
1.6377 1600639265
1.5972 1600639265
1.392 1600639265
1.5814 1600639265
1.478 1600639265
1.4428 1600639265
1.688 1600639265
1.5863 1600639265
1.4864 1600639265
1.5352999999999999 1600639265
1.4745 1600639265
1.5715999999999999 1600639265
1.4291 1600639265
1.5468 1600639265
1.5493999999999999 1600639265
1.5612 1600639265
1.5603 1600639265
1.5825 1600639265
1.6234 1600639265
1.6446 1600639265
1.4008 1600639265
1.6497 1600639265
1.5652 1600639265
1.5872 1600639265
1.4121 1600639265
1.5914 1600639265
1.3656 1600639265
1.2842 1600639265
1.5792 1600639265
1.3383 1600639265
1.5095 1600639265
1.661 1600639265
1.5951 1600639265
1.3931 1600639265
1.3965 1600639265
1.431 1600639265
1.6574 1600639265
1.5965 1600639265
1.7103 1600639265
1.4662 1600639265
1.9303 1600639265
1.3993 1600639265
1.6381 1600639265
1.7852999999999999 1600639265
1.4147 1600639265
1.6339 1600639265
1.524 1600639265
1.5783 1600639265
1.5909 1600639265
1.5464 1600639265
1.8464 1600639265
1.7347 1600639265
1.3797 1600639265
1.5074 1600639265
1.7514 1600639265
1.4675 1600639265
1.4012 1600639265
1.6888 1600639265
1.3663 1600639265
1.6175 1600639265
1.5922 1600639265
1.5876 1600639265
1.7598 1600639265
1.5593 1600639265
1.5565 1600639265
1.5251 1600639265
1.4839 1600639265
1.3913 1600639265
1.6484 1600639265
1.6385 1600639265
1.603 1600639265
1.5875 1600639265
1.4719 1600639265
1.3886 1600639265
1.3603 1600639265
1.391 1600639265
1.4616 1600639265
1.5561 1600639265
1.6679 1600639265
1.36 1600639265
1.5694 1600639265
1.698 1600639265
1.6151 1600639265
1.4322 1600639265
1.5974 1600639265
1.4082999999999999 1600639265
1.5449 1600639265
1.521 1600639265
1.2884 1600639265
1.7167999999999999 1600639265
1.3155 1600639265
1.6135 1600639265
1.6159 1600639265
1.6568 1600639265
1.405 1600639265
1.3874 1600639265
1.4855 1600639265
1.8463 1600639265
1.4242 1600639265
1.4577 1600639265
1.3915 1600639265
1.7131 1600639265
1.4927 1600639265
1.5379 1600639265
1.2715 1600639265
1.4623 1600639265
1.5239 1600639265
1.5173 1600639265
1.4712 1600639265
1.4152 1600639265
1.55 1600639265
1.5748 1600639265
1.3542 1600639265
1.5409 1600639265
1.4815 1600639265
1.4698 1600639265
1.5704 1600639265
1.6611 1600639265
1.3379 1600639265
1.5942 1600639265
1.5048 1600639265
1.5842 1600639265
1.6302 1600639265
1.5464 1600639265
1.8443 1600639265
1.5355 1600639265
1.3591 1600639265
1.4502 1600639265
1.3747 1600639265
1.5957999999999999 1600639265
1.5695 1600639265
1.5608 1600639265
1.3944 1600639265
1.3959 1600639265
1.3241 1600639265
1.5215 1600639265
1.6417 1600639265
1.5178 1600639265
1.3954 1600639265
1.3873 1600639265
1.2967 1600639265
1.3139 1600639265
1.5306 1600639265
1.5567 1600639265
1.5689 1600639265
1.4311 1600639265
1.545 1600639265
1.5167 1600639265
1.6256 1600639265
1.6703 1600639265
1.6066 1600639265
1.6579 1600639265
1.2858 1600639265
1.7585 1600639265
1.6494 1600639265
1.5134 1600639265
1.3477999999999999 1600639265
1.4743 1600639265
1.6057 1600639265
1.5642 1600639265
1.5437 1600639265
1.6195 1600639265
1.6815 1600639265
1.5744 1600639265
1.6104 1600639265
1.5638 1600639265
1.3892 1600639265
1.3582 1600639265
1.4068 1600639265
1.4989999999999999 1600639265
1.3052 1600639265
1.6033 1600639265
1.5458 1600639265
1.568 1600639265
1.5589 1600639265
1.5038 1600639265
1.3742 1600639265
1.5431 1600639265
1.3663 1600639265
1.4913 1600639265
1.5844 1600639265
1.5531 1600639265
1.3823 1600639265
1.5569 1600639265
1.5601 1600639265
1.4272 1600639265
1.4717 1600639265
1.3965 1600639265
1.4338 1600639265
1.659 1600639265
1.6369 1600639265
1.2776 1600639265
1.4653 1600639265
1.3561 1600639265
1.3497999999999999 1600639265
1.3749 1600639265
1.5606 1600639265
1.5318 1600639265
1.7341 1600639265
1.5205 1600639265
1.3171 1600639265
1.3802 1600639265
1.7624 1600639265
1.3616 1600639265
1.4953 1600639265
1.5433 1600639265
1.4425999999999999 1600639265
1.7111 1600639265
1.5443 1600639265
1.5344 1600639265
1.7519 1600639265
1.3857 1600639265
1.5637 1600639265
1.3795 1600639265
1.6858 1600639265
1.4006 1600639265
1.6616 1600639265
1.5335 1600639265
1.6561 1600639265
1.5531 1600639265
1.5068 1600639265
1.3817 1600639265
1.6047 1600639265
1.8442 1600639265
1.6865999999999999 1600639265
1.6093 1600639265
1.5267 1600639265
1.3558999999999999 1600639265
1.6066 1600639265
1.4078 1600639265
1.5167 1600639265
1.6622 1600639265
1.4713 1600639265
1.5231 1600639265
1.4046 1600639265
1.4055 1600639265
1.7583 1600639265
1.3469 1600639265
1.498 1600639265
1.7637 1600639265
1.5441 1600639265
1.3444 1600639265
1.6197 1600639265
1.3945 1600639265
1.3638 1600639265
1.5372 1600639265
1.6036 1600639265
1.2781 1600639265
1.3846 1600639265
1.4929 1600639265
1.6683 1600639265
1.4321 1600639265
