0.8207000000000001 1600651469
0.8182 1600651469
0.8411 1600651469
0.6920999999999999 1600651469
0.8198999999999999 1600651469
0.7617999999999999 1600651469
0.8200999999999999 1600651469
0.8410000000000001 1600651469
0.8309 1600651469
0.8134999999999999 1600651469
0.6846000000000001 1600651469
0.9019999999999999 1600651469
0.8692 1600651469
0.6857 1600651469
0.8021 1600651469
0.6553 1600651469
0.875 1600651469
0.9359000000000001 1600651469
0.8185000000000001 1600651469
0.9428 1600651469
0.7429 1600651469
0.6735 1600651469
0.7509 1600651469
0.7641000000000001 1600651469
0.6988 1600651469
0.7053 1600651469
0.6974 1600651469
0.7959999999999999 1600651469
0.9762000000000001 1600651469
0.751 1600651469
0.743 1600651469
0.7787999999999999 1600651469
0.7944 1600651469
0.7194 1600651469
0.837 1600651469
0.8302 1600651469
0.7182 1600651469
0.878 1600651469
0.9027 1600651469
0.7797999999999999 1600651469
0.7811999999999999 1600651469
0.7245 1600651469
0.8319 1600651469
0.8076 1600651469
0.798 1600651469
0.8001 1600651469
0.9682 1600651469
0.6779 1600651469
0.7219 1600651469
0.7804 1600651469
0.8249000000000001 1600651469
0.8963 1600651469
0.6921 1600651469
0.6153 1600651469
0.6933 1600651469
0.6935 1600651469
0.6699999999999999 1600651469
0.7016 1600651469
0.6625000000000001 1600651469
0.8609 1600651469
0.7799999999999999 1600651469
0.9704999999999999 1600651469
0.8611000000000001 1600651469
0.856 1600651469
0.7931999999999999 1600651469
0.8598999999999999 1600651469
0.7912999999999999 1600651469
0.9756 1600651469
0.8371 1600651469
0.7489 1600651469
0.8080999999999999 1600651469
0.7431 1600651469
0.7471999999999999 1600651469
0.7915 1600651469
0.7927000000000001 1600651469
0.8297 1600651469
0.7807999999999999 1600651469
0.6685 1600651469
0.8766999999999999 1600651469
0.7569 1600651469
0.6039000000000001 1600651469
0.8978 1600651469
0.8028000000000001 1600651469
0.767 1600651469
0.7913 1600651469
0.8563999999999999 1600651469
0.7160000000000001 1600651469
0.7032 1600651469
0.649 1600651469
0.8617 1600651469
0.6534 1600651469
0.755 1600651469
0.7577999999999999 1600651469
0.8777 1600651469
0.6657 1600651469
0.7920999999999999 1600651469
0.6973 1600651469
0.8794000000000001 1600651469
0.7341 1600651469
0.6345000000000001 1600651469
0.7825000000000001 1600651469
0.9226 1600651469
0.7005 1600651469
0.8188000000000001 1600651469
0.7247 1600651469
0.7817999999999999 1600651469
0.6568 1600651469
0.8153 1600651469
0.7359000000000001 1600651469
0.7242000000000001 1600651469
0.7571 1600651469
0.6328 1600651469
0.7610999999999999 1600651469
0.7940999999999999 1600651469
0.628 1600651469
0.7979999999999999 1600651469
0.7414 1600651469
0.6154000000000001 1600651469
0.7454 1600651469
0.7996 1600651469
0.9467 1600651469
0.9686 1600651469
0.8555 1600651469
0.8665999999999999 1600651469
0.934 1600651469
0.7615 1600651469
0.7913 1600651469
0.9203 1600651469
0.7144999999999999 1600651469
0.7367 1600651469
0.8424999999999999 1600651469
0.8392000000000001 1600651469
0.7484000000000001 1600651469
0.7507 1600651469
0.9759000000000001 1600651469
0.795 1600651469
0.6651 1600651469
0.7262000000000001 1600651469
0.7535999999999999 1600651469
0.7525000000000001 1600651469
0.8383999999999999 1600651469
0.975 1600651469
0.6621 1600651469
0.9066 1600651469
0.8113 1600651469
0.6628000000000001 1600651469
0.8118 1600651469
0.7443000000000001 1600651469
0.9298000000000001 1600651469
0.7862000000000001 1600651469
0.826 1600651469
0.7359000000000001 1600651469
0.7212999999999999 1600651469
0.8403 1600651469
0.911 1600651469
0.7038 1600651469
0.8504999999999999 1600651469
0.8779999999999999 1600651469
0.6934 1600651469
0.7572999999999999 1600651469
0.7714 1600651469
0.8681 1600651469
0.7090000000000001 1600651469
0.8550000000000001 1600651469
0.7622000000000001 1600651469
0.7217000000000001 1600651469
0.7763000000000001 1600651469
0.7299000000000001 1600651469
0.7867 1600651469
0.8371000000000001 1600651469
0.8009 1600651469
0.6880000000000001 1600651469
0.7345 1600651469
0.6555 1600651469
0.9061 1600651469
0.6335000000000001 1600651469
0.8119 1600651469
0.7938 1600651469
0.7086000000000001 1600651469
0.8612000000000001 1600651469
0.9288 1600651469
0.9243 1600651469
0.7443000000000001 1600651469
0.7948 1600651469
0.9173000000000001 1600651469
0.8270000000000001 1600651469
0.6835 1600651469
0.7238000000000001 1600651469
0.8218 1600651469
0.8371000000000001 1600651469
0.7218000000000001 1600651469
0.7569 1600651469
0.7839 1600651469
0.6617999999999999 1600651469
0.7422 1600651469
0.6056 1600651469
0.8273999999999999 1600651469
0.7092 1600651469
0.8299 1600651469
0.7667999999999999 1600651469
0.9336 1600651469
0.708 1600651469
0.7847 1600651469
0.6465000000000001 1600651469
0.7642 1600651469
0.8413999999999999 1600651469
0.7392999999999998 1600651469
0.7289999999999999 1600651469
0.7952999999999999 1600651469
0.6982999999999999 1600651469
0.8185 1600651469
0.7567999999999999 1600651469
0.7754999999999999 1600651469
0.7756999999999998 1600651469
0.8180999999999998 1600651469
0.7856999999999998 1600651469
0.7323999999999999 1600651469
0.7431999999999999 1600651469
0.8448 1600651469
0.8748 1600651469
0.754 1600651469
0.7902 1600651469
0.8442999999999998 1600651469
0.754 1600651469
0.9256 1600651469
0.7208999999999999 1600651469
0.6575 1600651469
0.8695999999999999 1600651469
0.7217 1600651469
0.7165999999999999 1600651469
0.8371 1600651469
0.9462999999999999 1600651469
0.8365 1600651469
0.7754000000000001 1600651469
0.7423 1600651469
0.7091000000000001 1600651469
0.8553 1600651469
0.6848 1600651469
0.7788999999999999 1600651469
0.7162999999999999 1600651469
1.0348 1600651469
0.7224999999999999 1600651469
0.7397 1600651469
0.7418 1600651469
0.8780999999999999 1600651469
0.7172999999999998 1600651469
0.9631999999999998 1600651469
0.7215 1600651469
0.7938999999999998 1600651469
0.6561999999999999 1600651469
0.7788999999999999 1600651469
0.722 1600651469
0.7129000000000001 1600651469
0.7518 1600651469
0.762 1600651469
0.6714 1600651469
0.9389000000000001 1600651469
0.8340999999999998 1600651469
0.7116 1600651469
0.7965 1600651469
0.8509 1600651469
0.8006000000000001 1600651469
0.7476999999999999 1600651469
0.7183 1600651469
0.7165999999999999 1600651469
0.7889999999999999 1600651469
0.7976999999999999 1600651469
0.9964999999999999 1600651469
0.7409999999999999 1600651469
0.7123 1600651469
0.7392 1600651469
0.7336999999999999 1600651469
0.921 1600651469
0.8704999999999999 1600651469
0.7865000000000001 1600651469
0.7431 1600651469
0.8560999999999999 1600651469
0.8601 1600651469
0.8648000000000001 1600651469
0.8029000000000001 1600651469
0.8924999999999998 1600651469
0.7878000000000001 1600651469
0.9325999999999999 1600651469
0.9329999999999999 1600651469
0.7666999999999999 1600651469
0.8489 1600651469
0.7253000000000001 1600651469
0.7957999999999998 1600651469
0.762 1600651469
0.7584000000000001 1600651469
0.6871 1600651469
0.7777 1600651469
0.7626000000000001 1600651469
0.7425 1600651469
0.7075 1600651469
0.779 1600651469
0.996 1600651469
0.82 1600651469
0.9883000000000001 1600651469
0.8470000000000001 1600651469
1.0754000000000001 1600651469
0.9032000000000001 1600651469
0.7394 1600651469
0.7494999999999999 1600651469
0.792 1600651469
0.7835 1600651469
0.9359000000000001 1600651469
0.7960999999999999 1600651469
0.7407 1600651469
0.8987999999999999 1600651469
0.977 1600651469
0.7692999999999999 1600651469
0.8056 1600651469
0.7294999999999999 1600651469
0.7645 1600651469
0.7865 1600651469
0.7445 1600651469
0.7231 1600651469
0.8302999999999999 1600651469
0.7723000000000001 1600651469
0.7726 1600651469
0.7174 1600651469
0.7543 1600651469
0.8393999999999999 1600651469
0.7774999999999999 1600651469
0.6896 1600651469
0.7283999999999999 1600651469
0.7287999999999999 1600651469
1.0446 1600651469
0.7989999999999999 1600651469
0.6398999999999999 1600651469
0.7930999999999999 1600651469
0.8106 1600651469
0.6734 1600651469
0.7156 1600651469
0.6594 1600651469
0.7785 1600651469
0.7654 1600651469
0.9761000000000001 1600651469
0.7743000000000001 1600651469
0.8072 1600651469
0.7095 1600651469
0.9157000000000001 1600651469
0.7059 1600651469
0.7184 1600651469
0.6981 1600651469
0.7303 1600651469
0.6951 1600651469
0.7783 1600651469
0.8344999999999999 1600651469
0.7177000000000001 1600651469
0.7656 1600651469
0.8189 1600651469
0.8656 1600651469
0.6548 1600651469
0.7585000000000001 1600651469
0.7171 1600651469
0.977 1600651469
0.8509 1600651469
0.787 1600651469
0.728 1600651469
0.6966 1600651469
0.7484 1600651469
0.7036 1600651469
0.7077 1600651469
0.7168 1600651469
0.6898 1600651469
0.709 1600651469
0.7134 1600651469
0.9693999999999999 1600651469
0.8318999999999999 1600651469
0.793 1600651469
0.8415999999999999 1600651469
0.8948999999999999 1600651469
0.7441 1600651469
0.7424000000000001 1600651469
0.7091000000000001 1600651469
0.7782000000000001 1600651469
0.8067 1600651469
0.7996 1600651469
0.7564000000000001 1600651469
0.7981999999999999 1600651469
0.9627999999999999 1600651469
0.8993000000000001 1600651469
0.7194 1600651469
0.7396 1600651469
0.8047 1600651469
0.7863 1600651469
0.6874 1600651469
0.8149000000000001 1600651469
0.6867 1600651469
0.7941999999999999 1600651469
0.7055 1600651469
0.7398000000000001 1600651469
0.7939999999999999 1600651469
0.8148000000000001 1600651469
0.8323 1600651469
0.7726000000000001 1600651469
0.6936 1600651469
0.7365 1600651469
0.698 1600651469
0.6890000000000001 1600651469
0.8003000000000001 1600651469
0.8073 1600651469
0.8043000000000001 1600651469
0.665 1600651469
0.7494999999999999 1600651469
0.6772 1600651469
0.9371999999999999 1600651469
0.7388 1600651469
0.934 1600651469
0.7876 1600651469
0.7326 1600651469
0.7797999999999999 1600651469
0.8492000000000001 1600651469
0.8519999999999999 1600651469
0.6920999999999999 1600651469
0.8114 1600651469
0.6738000000000001 1600651469
0.6185 1600651469
0.8323999999999999 1600651469
0.7153999999999999 1600651469
0.92 1600651469
0.7522000000000001 1600651469
0.8560999999999999 1600651469
0.7311 1600651469
0.8487 1600651469
0.7288 1600651469
0.6914 1600651469
0.7100000000000001 1600651469
0.6837 1600651469
0.7452 1600651469
0.796 1600651469
0.6993 1600651469
0.6251 1600651469
0.7946000000000001 1600651469
0.9040999999999999 1600651469
0.7839 1600651469
0.6894 1600651469
0.7850999999999999 1600651469
0.9767 1600651469
0.8084000000000001 1600651469
0.7477 1600651469
0.8395999999999999 1600651469
0.7298000000000001 1600651469
0.7264 1600651469
0.8111 1600651469
0.7406 1600651469
0.9404999999999999 1600651469
0.8379999999999999 1600651469
0.7851999999999999 1600651469
0.7563 1600651469
0.6890000000000001 1600651469
0.8283999999999999 1600651469
0.7152999999999999 1600651469
0.9631 1600651469
0.7462 1600651469
0.6903 1600651469
0.9058 1600651469
0.7813 1600651469
0.9427999999999999 1600651469
0.8046000000000001 1600651469
0.7152999999999999 1600651469
0.8184 1600651469
0.837 1600651469
0.9074000000000001 1600651469
0.7408 1600651469
0.7949 1600651469
0.7024 1600651469
0.9369999999999999 1600651469
0.8388000000000001 1600651469
0.7486 1600651469
0.7967000000000001 1600651469
0.8059 1600651469
0.7865000000000001 1600651469
0.7448 1600651469
0.9766 1600651469
0.9368 1600651469
0.8736 1600651469
0.7435999999999999 1600651469
0.6871 1600651469
0.6913 1600651469
0.6654 1600651469
0.7149 1600651469
0.7907000000000001 1600651469
0.7206 1600651469
0.767 1600651469
0.7379000000000001 1600651469
0.9258 1600651469
0.8057999999999998 1600651469
0.7765000000000001 1600651469
0.709 1600651469
0.8078 1600651469
0.8192 1600651469
0.7924000000000001 1600651469
0.645 1600651469
0.7439 1600651469
0.7094 1600651469
0.7009 1600651469
0.7166 1600651469
0.7672 1600651469
0.6811 1600651469
0.8555 1600651469
0.706 1600651469
0.633 1600651469
0.6907 1600651469
0.7710999999999999 1600651469
0.7563000000000001 1600651469
0.7595999999999999 1600651469
0.7721000000000001 1600651469
0.7568 1600651469
0.6639 1600651469
