14.2851 1600642183
14.1514 1600642183
11.593300000000001 1600642183
14.498000000000001 1600642183
16.5871 1600642183
12.2484 1600642183
21.999299999999998 1600642183
14.388200000000001 1600642183
16.7903 1600642183
13.1365 1600642183
11.9426 1600642183
9.7367 1600642183
16.609399999999997 1600642183
17.8367 1600642183
13.639700000000001 1600642183
12.2513 1600642183
14.687800000000001 1600642183
14.628 1600642183
9.7296 1600642183
17.458299999999998 1600642183
13.8236 1600642183
17.1481 1600642183
17.130499999999998 1600642183
10.914 1600642183
16.9333 1600642183
21.285 1600642183
14.2722 1600642183
9.5597 1600642183
11.59 1600642183
10.7742 1600642183
16.810599999999997 1600642183
11.4821 1600642183
23.439 1600642183
14.537700000000001 1600642183
14.6513 1600642183
15.3229 1600642183
10.0669 1600642183
13.299100000000001 1600642183
20.4561 1600642183
10.587 1600642183
16.682399999999998 1600642183
14.3104 1600642183
11.9464 1600642183
16.645 1600642183
12.0264 1600642183
20.788 1600642183
10.5444 1600642183
14.864 1600642183
16.558 1600642183
12.6824 1600642183
8.6813 1600642183
19.7788 1600642183
10.9814 1600642183
12.9414 1600642183
11.5408 1600642183
16.8278 1600642183
11.4801 1600642183
12.190100000000001 1600642183
16.737299999999998 1600642183
13.9483 1600642183
16.101999999999997 1600642183
15.7684 1600642183
12.0368 1600642183
8.866200000000001 1600642183
20.813399999999998 1600642183
16.7108 1600642183
14.985700000000001 1600642183
13.601600000000001 1600642183
14.927100000000001 1600642183
16.588099999999997 1600642183
14.6291 1600642183
19.539499999999997 1600642183
14.5408 1600642183
16.7342 1600642183
12.8031 1600642183
16.3539 1600642183
10.1171 1600642183
20.2713 1600642183
14.481200000000001 1600642183
15.321900000000001 1600642183
15.7323 1600642183
14.78 1600642183
18.095899999999997 1600642183
14.4815 1600642183
18.688499999999998 1600642183
16.1726 1600642183
19.294099999999997 1600642183
16.4024 1600642183
17.0669 1600642183
9.828 1600642183
23.2566 1600642183
11.7323 1600642183
5.209700000000001 1600642183
10.9244 1600642183
14.1234 1600642183
13.9483 1600642183
11.321200000000001 1600642183
19.7976 1600642183
9.8857 1600642183
14.0105 1600642183
14.628300000000001 1600642183
10.5536 1600642183
12.566 1600642183
21.8676 1600642183
16.7672 1600642183
14.1514 1600642183
18.2576 1600642183
14.9901 1600642183
10.9254 1600642183
19.222299999999997 1600642183
20.1006 1600642183
11.6882 1600642183
13.1176 1600642183
9.3582 1600642183
14.7812 1600642183
13.9928 1600642183
19.6055 1600642183
11.4444 1600642183
12.1239 1600642183
9.5132 1600642183
16.975099999999998 1600642183
10.5997 1600642183
16.0366 1600642183
17.8968 1600642183
15.8209 1600642183
12.0808 1600642183
15.7598 1600642183
9.2811 1600642183
11.8072 1600642183
19.9879 1600642183
14.1339 1600642183
16.779799999999998 1600642183
12.3922 1600642183
14.685 1600642183
11.3824 1600642183
17.377599999999997 1600642183
19.548 1600642183
10.0323 1600642183
14.9963 1600642183
9.252600000000001 1600642183
11.3355 1600642183
14.152700000000001 1600642183
21.778799999999997 1600642183
15.3351 1600642183
13.7281 1600642183
15.3354 1600642183
18.554699999999997 1600642183
12.4969 1600642183
21.676499999999997 1600642183
20.382399999999997 1600642183
9.7957 1600642183
16.5399 1600642183
13.081100000000001 1600642183
16.5708 1600642183
16.8582 1600642183
21.9426 1600642183
12.543000000000001 1600642183
11.998099999999999 1600642183
11.1187 1600642183
14.8922 1600642183
13.9845 1600642183
23.360799999999998 1600642183
14.151200000000001 1600642183
8.988900000000001 1600642183
15.2665 1600642183
10.418 1600642183
13.801 1600642183
15.4003 1600642183
20.430699999999998 1600642183
9.8809 1600642183
9.7293 1600642183
14.3685 1600642183
16.7369 1600642183
11.8282 1600642183
21.856199999999998 1600642183
10.9143 1600642183
13.7598 1600642183
11.421800000000001 1600642183
12.8709 1600642183
16.9759 1600642183
11.4606 1600642183
20.9591 1600642183
16.1463 1600642183
11.4821 1600642183
12.983600000000001 1600642183
5.2512 1600642183
14.3354 1600642183
17.6562 1600642183
10.0337 1600642183
18.3543 1600642183
14.480500000000001 1600642183
12.4533 1600642183
16.1635 1600642183
14.5379 1600642183
19.347199999999997 1600642183
10.912 1600642183
19.0975 1600642183
11.539200000000001 1600642183
19.362399999999997 1600642183
14.4877 1600642183
22.7947 1600642183
16.154899999999998 1600642183
10.7886 1600642183
10.8171 1600642183
17.310599999999997 1600642183
12.2591 1600642183
10.7002 1600642183
15.5248 1600642183
16.8937 1600642183
11.0728 1600642183
14.2102 1600642183
12.5653 1600642183
13.311200000000001 1600642183
19.296799999999998 1600642183
15.0002 1600642183
14.5418 1600642183
12.0371 1600642183
15.7354 1600642183
11.3088 1600642183
15.2078 1600642183
19.440600000000003 1600642183
15.5332 1600642183
13.912 1600642183
16.4123 1600642183
11.036 1600642183
11.8369 1600642183
21.747 1600642183
14.8854 1600642183
17.3311 1600642183
15.0112 1600642183
11.757900000000001 1600642183
12.9488 1600642183
9.5789 1600642183
20.2714 1600642183
14.5503 1600642183
13.812800000000001 1600642183
9.259 1600642183
15.7331 1600642183
13.7662 1600642183
13.775 1600642183
18.881899999999998 1600642183
20.5031 1600642183
16.6471 1600642183
9.8281 1600642183
10.8259 1600642183
15.743400000000001 1600642183
22.176599999999997 1600642183
12.8913 1600642183
11.233 1600642183
14.2223 1600642183
10.0321 1600642183
12.4483 1600642183
20.950699999999998 1600642183
11.9563 1600642183
10.5538 1600642183
16.7431 1600642183
16.281299999999998 1600642183
17.3387 1600642183
11.0655 1600642183
17.408099999999997 1600642183
13.1837 1600642183
19.122300000000003 1600642183
13.8984 1600642183
11.1312 1600642183
13.8535 1600642183
20.0991 1600642183
10.6827 1600642183
14.6903 1600642183
17.145799999999998 1600642183
14.7146 1600642183
19.4452 1600642183
14.9765 1600642183
21.7477 1600642183
11.6562 1600642183
16.7378 1600642183
11.0692 1600642183
14.3086 1600642183
11.6562 1600642183
19.862099999999998 1600642183
14.5396 1600642183
16.571299999999997 1600642183
18.908199999999997 1600642183
16.4146 1600642183
19.0005 1600642183
15.8093 1600642183
17.3414 1600642183
16.5292 1600642183
11.704 1600642183
19.069699999999997 1600642183
9.8965 1600642183
15.547 1600642183
21.9489 1600642183
16.5113 1600642183
13.509 1600642183
9.2255 1600642183
15.1044 1600642183
16.6257 1600642183
14.7536 1600642183
19.965 1600642183
16.9664 1600642183
15.7188 1600642183
9.937 1600642183
15.4239 1600642183
17.567300000000003 1600642183
20.0184 1600642183
13.0806 1600642183
19.124299999999998 1600642183
9.7958 1600642183
11.0044 1600642183
14.1632 1600642183
18.128999999999998 1600642183
17.508599999999998 1600642183
12.5431 1600642183
11.994 1600642183
14.385200000000001 1600642183
16.568099999999998 1600642183
13.7179 1600642183
21.9437 1600642183
11.4833 1600642183
15.38 1600642183
11.4802 1600642183
13.5587 1600642183
11.3063 1600642183
21.816799999999997 1600642183
15.6464 1600642183
9.5337 1600642183
15.4876 1600642183
9.2664 1600642183
16.737 1600642183
11.475000000000001 1600642183
20.9575 1600642183
16.940199999999997 1600642183
11.4219 1600642183
13.2288 1600642183
16.685399999999998 1600642183
12.1168 1600642183
22.946099999999998 1600642183
10.2462 1600642183
14.870800000000001 1600642183
16.8143 1600642183
10.1761 1600642183
15.046700000000001 1600642183
10.1752 1600642183
21.647199999999998 1600642183
14.4806 1600642183
11.830300000000001 1600642183
14.6515 1600642183
13.8992 1600642183
13.6986 1600642183
22.9 1600642183
15.397 1600642183
14.409600000000001 1600642183
19.1453 1600642183
14.3987 1600642183
9.0751 1600642183
16.708099999999998 1600642183
21.749 1600642183
15.2132 1600642183
11.8751 1600642183
13.127500000000001 1600642183
11.157300000000001 1600642183
8.772 1600642183
19.7453 1600642183
9.8137 1600642183
13.1951 1600642183
14.4431 1600642183
10.8834 1600642183
14.4186 1600642183
15.4138 1600642183
18.3954 1600642183
11.8353 1600642183
18.892899999999997 1600642183
13.8206 1600642183
16.5522 1600642183
9.6238 1600642183
20.464599999999997 1600642183
15.8767 1600642183
10.1683 1600642183
15.0899 1600642183
14.315 1600642183
15.1373 1600642183
11.9442 1600642183
17.2975 1600642183
16.626199999999997 1600642183
12.9147 1600642183
11.020900000000001 1600642183
14.2471 1600642183
16.217599999999997 1600642183
21.9503 1600642183
13.4228 1600642183
14.4664 1600642183
15.7518 1600642183
9.2588 1600642183
14.9115 1600642183
11.297 1600642183
21.799799999999998 1600642183
15.2591 1600642183
10.8199 1600642183
13.7972 1600642183
17.0342 1600642183
13.504 1600642183
20.7972 1600642183
12.851600000000001 1600642183
9.1733 1600642183
10.522 1600642183
16.4013 1600642183
14.1559 1600642183
13.2881 1600642183
21.874699999999997 1600642183
16.8491 1600642183
12.055100000000001 1600642183
9.7036 1600642183
14.264000000000001 1600642183
14.4099 1600642183
20.4926 1600642183
15.2245 1600642183
11.5053 1600642183
13.1333 1600642183
11.1051 1600642183
11.866 1600642183
14.1582 1600642183
20.782899999999998 1600642183
15.291 1600642183
12.2211 1600642183
19.3933 1600642183
15.1077 1600642183
15.107800000000001 1600642183
22.1861 1600642183
14.3607 1600642183
11.0036 1600642183
11.811 1600642183
14.6538 1600642183
12.2123 1600642183
10.9402 1600642183
22.040499999999998 1600642183
14.404300000000001 1600642183
16.5719 1600642183
11.034500000000001 1600642183
16.4145 1600642183
10.8469 1600642183
21.8322 1600642183
15.5404 1600642183
11.4335 1600642183
13.755700000000001 1600642183
18.426199999999998 1600642183
13.9236 1600642183
11.870700000000001 1600642183
20.7664 1600642183
14.996 1600642183
16.0212 1600642183
16.837899999999998 1600642183
10.2453 1600642183
11.733500000000001 1600642183
21.706699999999998 1600642183
9.9306 1600642183
16.849899999999998 1600642183
18.7078 1600642183
16.8498 1600642183
13.7883 1600642183
14.9423 1600642183
16.749799999999997 1600642183
14.3292 1600642183
15.0137 1600642183
17.000899999999998 1600642183
19.2034 1600642183
14.3116 1600642183
22.162899999999997 1600642183
15.943700000000002 1600642183
13.984300000000001 1600642183
15.648 1600642183
17.3765 1600642183
11.3339 1600642183
17.5977 1600642183
16.790399999999998 1600642183
11.3062 1600642183
12.0336 1600642183
17.581 1600642183
15.4041 1600642183
11.864 1600642183
21.8771 1600642183
13.8035 1600642183
17.2294 1600642183
9.6126 1600642183
11.8946 1600642183
14.450700000000001 1600642183
16.7702 1600642183
14.3137 1600642183
15.0167 1600642183
14.9113 1600642183
12.1167 1600642183
17.0033 1600642183
9.2392 1600642183
22.5106 1600642183
14.1194 1600642183
10.115400000000001 1600642183
11.833200000000001 1600642183
11.5892 1600642183
16.5596 1600642183
19.928199999999997 1600642183
14.651 1600642183
13.6983 1600642183
14.6513 1600642183
18.490399999999998 1600642183
13.1007 1600642183
10.172500000000001 1600642183
21.924699999999998 1600642183
10.242700000000001 1600642183
11.2182 1600642183
16.708099999999998 1600642183
19.031 1600642183
11.2898 1600642183
23.083299999999998 1600642183
