13.8449 1600641720
11.3928 1600641720
12.8052 1600641720
13.6726 1600641720
14.248899999999999 1600641720
15.2243 1600641720
19.6967 1600641720
15.319099999999999 1600641720
11.416899999999998 1600641720
18.2369 1600641720
14.922 1600641720
12.994 1600641720
20.9937 1600641720
11.843800000000002 1600641720
12.134300000000001 1600641720
12.430900000000001 1600641720
12.137899999999998 1600641720
13.9475 1600641720
11.7698 1600641720
19.1775 1600641720
12.5394 1600641720
1.0768 1600641720
12.6755 1600641720
12.938500000000001 1600641720
11.1157 1600641720
19.5005 1600641720
12.8007 1600641720
12.7634 1600641720
13.2787 1600641720
11.060400000000001 1600641720
13.349699999999999 1600641720
13.741000000000001 1600641720
18.669 1600641720
12.641100000000002 1600641720
13.523499999999999 1600641720
13.3748 1600641720
11.8032 1600641720
14.6891 1600641720
20.211499999999997 1600641720
12.138100000000001 1600641720
13.784699999999999 1600641720
15.4359 1600641720
12.8002 1600641720
15.4356 1600641720
12.1143 1600641720
20.6696 1600641720
11.084800000000001 1600641720
11.567900000000002 1600641720
13.2297 1600641720
11.908999999999999 1600641720
12.9895 1600641720
20.028499999999998 1600641720
13.5641 1600641720
12.3892 1600641720
14.302700000000002 1600641720
4.3433 1600641720
16.9989 1600641720
11.4565 1600641720
19.3736 1600641720
11.8442 1600641720
15.158999999999999 1600641720
11.9162 1600641720
13.022200000000002 1600641720
12.1927 1600641720
20.7033 1600641720
12.4482 1600641720
9.112400000000001 1600641720
12.677 1600641720
9.4423 1600641720
12.8171 1600641720
12.323500000000001 1600641720
19.8886 1600641720
12.309700000000001 1600641720
15.317300000000001 1600641720
12.064400000000001 1600641720
11.3231 1600641720
13.147699999999999 1600641720
20.2258 1600641720
11.954999999999998 1600641720
13.8854 1600641720
11.668 1600641720
13.504100000000001 1600641720
13.209700000000002 1600641720
13.1773 1600641720
20.5769 1600641720
13.7864 1600641720
12.667900000000001 1600641720
13.185500000000001 1600641720
11.1201 1600641720
13.6616 1600641720
18.464 1600641720
10.8961 1600641720
15.3291 1600641720
12.1827 1600641720
12.145800000000001 1600641720
13.022300000000001 1600641720
10.9351 1600641720
17.583399999999997 1600641720
12.209800000000001 1600641720
14.334900000000001 1600641720
11.5705 1600641720
12.2025 1600641720
13.000200000000001 1600641720
19.9754 1600641720
11.923300000000001 1600641720
12.498700000000001 1600641720
14.6843 1600641720
12.4982 1600641720
12.5877 1600641720
11.367 1600641720
19.5623 1600641720
12.743500000000001 1600641720
14.351 1600641720
11.3677 1600641720
13.3553 1600641720
2.1351 1600641720
21.3259 1600641720
13.8919 1600641720
11.5385 1600641720
15.0723 1600641720
11.4023 1600641720
12.8203 1600641720
18.2728 1600641720
18.9683 1600641720
13.7651 1600641720
14.2242 1600641720
12.327300000000001 1600641720
11.6956 1600641720
12.8366 1600641720
19.4806 1600641720
12.796199999999999 1600641720
14.8097 1600641720
12.8175 1600641720
11.1796 1600641720
11.689800000000002 1600641720
21.0332 1600641720
18.025299999999998 1600641720
12.9382 1600641720
12.7272 1600641720
15.7329 1600641720
10.8474 1600641720
12.767600000000002 1600641720
21.5317 1600641720
11.408800000000001 1600641720
10.8641 1600641720
12.8668 1600641720
13.683200000000001 1600641720
12.983799999999999 1600641720
15.297 1600641720
15.0654 1600641720
11.1991 1600641720
15.0656 1600641720
13.104600000000001 1600641720
14.293899999999999 1600641720
11.270299999999999 1600641720
20.663899999999998 1600641720
11.392800000000001 1600641720
15.232600000000001 1600641720
10.5839 1600641720
11.325800000000001 1600641720
11.6645 1600641720
19.6453 1600641720
11.645399999999999 1600641720
11.3286 1600641720
13.6414 1600641720
11.539299999999999 1600641720
12.9316 1600641720
11.4422 1600641720
19.016099999999998 1600641720
10.4541 1600641720
14.9811 1600641720
10.0576 1600641720
12.9678 1600641720
12.421800000000001 1600641720
15.3462 1600641720
13.722100000000001 1600641720
8.642600000000002 1600641720
12.812000000000001 1600641720
11.987400000000001 1600641720
13.498000000000001 1600641720
11.742799999999999 1600641720
20.888299999999997 1600641720
12.2573 1600641720
15.127400000000002 1600641720
11.0603 1600641720
13.9926 1600641720
11.060300000000002 1600641720
19.770699999999998 1600641720
12.0284 1600641720
12.954 1600641720
9.999500000000001 1600641720
14.992 1600641720
10.595199999999998 1600641720
12.9542 1600641720
20.1775 1600641720
12.114 1600641720
14.0579 1600641720
12.804 1600641720
9.893699999999999 1600641720
12.1755 1600641720
20.8129 1600641720
10.8016 1600641720
12.9513 1600641720
11.970199999999998 1600641720
11.3534 1600641720
12.816600000000001 1600641720
13.5541 1600641720
18.2709 1600641720
11.457 1600641720
9.6113 1600641720
11.8434 1600641720
13.846 1600641720
13.015500000000001 1600641720
20.1658 1600641720
14.7856 1600641720
11.6387 1600641720
18.105999999999998 1600641720
12.192599999999999 1600641720
12.878799999999998 1600641720
14.6102 1600641720
20.435299999999998 1600641720
10.0198 1600641720
11.2155 1600641720
12.767800000000001 1600641720
15.0366 1600641720
11.215599999999998 1600641720
21.052699999999998 1600641720
11.441199999999998 1600641720
12.3099 1600641720
12.2657 1600641720
13.782 1600641720
14.1243 1600641720
11.3229 1600641720
21.782 1600641720
13.8606 1600641720
11.8468 1600641720
14.096 1600641720
11.978100000000001 1600641720
12.705400000000001 1600641720
21.8054 1600641720
9.5572 1600641720
14.1371 1600641720
11.6356 1600641720
11.4478 1600641720
13.512899999999998 1600641720
12.867600000000001 1600641720
19.6923 1600641720
11.5508 1600641720
15.2779 1600641720
11.767199999999999 1600641720
13.3177 1600641720
13.8526 1600641720
20.4239 1600641720
18.273699999999998 1600641720
12.657699999999998 1600641720
12.558 1600641720
11.8113 1600641720
15.281199999999998 1600641720
12.533900000000001 1600641720
20.170099999999998 1600641720
9.9343 1600641720
15.0753 1600641720
9.9343 1600641720
11.1482 1600641720
13.9495 1600641720
20.7516 1600641720
11.265600000000001 1600641720
12.777899999999999 1600641720
12.6362 1600641720
13.7392 1600641720
13.287500000000001 1600641720
13.025200000000002 1600641720
19.9803 1600641720
13.901 1600641720
11.7778 1600641720
15.489600000000001 1600641720
11.777999999999999 1600641720
13.237400000000001 1600641720
21.813599999999997 1600641720
12.3269 1600641720
15.118400000000001 1600641720
12.599200000000002 1600641720
11.9715 1600641720
14.2241 1600641720
12.5183 1600641720
20.6171 1600641720
12.479600000000001 1600641720
14.275 1600641720
12.451799999999999 1600641720
13.3872 1600641720
9.5159 1600641720
15.008000000000001 1600641720
11.9999 1600641720
13.686300000000001 1600641720
13.6682 1600641720
15.1289 1600641720
10.847700000000001 1600641720
18.5744 1600641720
14.6127 1600641720
11.313500000000001 1600641720
10.488700000000001 1600641720
12.061100000000001 1600641720
11.6399 1600641720
13.591700000000001 1600641720
20.150399999999998 1600641720
14.055299999999999 1600641720
11.859300000000001 1600641720
11.352599999999999 1600641720
14.9236 1600641720
12.262400000000001 1600641720
20.3081 1600641720
19.8947 1600641720
12.418299999999999 1600641720
13.206700000000001 1600641720
12.393999999999998 1600641720
13.7042 1600641720
12.011500000000002 1600641720
20.945899999999998 1600641720
11.889800000000001 1600641720
12.0686 1600641720
14.645700000000001 1600641720
13.8463 1600641720
12.814800000000002 1600641720
19.7695 1600641720
18.802699999999998 1600641720
12.1341 1600641720
9.9061 1600641720
12.430900000000001 1600641720
11.977500000000001 1600641720
12.901299999999999 1600641720
20.6477 1600641720
12.651 1600641720
13.413799999999998 1600641720
12.4771 1600641720
13.7222 1600641720
11.7425 1600641720
19.7486 1600641720
11.2013 1600641720
12.333100000000002 1600641720
14.910200000000001 1600641720
11.645900000000001 1600641720
11.060300000000002 1600641720
12.2725 1600641720
20.081699999999998 1600641720
13.713000000000001 1600641720
11.3477 1600641720
13.607 1600641720
12.178 1600641720
10.8954 1600641720
19.057199999999998 1600641720
12.420300000000001 1600641720
13.0153 1600641720
9.893699999999999 1600641720
15.4359 1600641720
13.0151 1600641720
11.500499999999999 1600641720
19.597099999999998 1600641720
11.353200000000001 1600641720
14.628499999999999 1600641720
12.1555 1600641720
3.5769 1600641720
12.133000000000001 1600641720
20.7092 1600641720
11.839400000000001 1600641720
14.2737 1600641720
9.823 1600641720
14.2744 1600641720
12.3894 1600641720
10.2716 1600641720
19.4394 1600641720
12.226700000000001 1600641720
15.0286 1600641720
9.872900000000001 1600641720
15.0283 1600641720
12.1922 1600641720
20.433899999999998 1600641720
9.399899999999999 1600641720
11.377500000000001 1600641720
14.2929 1600641720
11.376800000000001 1600641720
12.817 1600641720
11.218 1600641720
18.4619 1600641720
15.180100000000001 1600641720
12.187000000000001 1600641720
14.1171 1600641720
16.2118 1600641720
12.2653 1600641720
20.6939 1600641720
12.6951 1600641720
11.8467 1600641720
12.0598 1600641720
14.014800000000001 1600641720
11.818999999999999 1600641720
11.957699999999999 1600641720
20.3742 1600641720
13.6614 1600641720
9.485100000000001 1600641720
10.3089 1600641720
14.6436 1600641720
11.5624 1600641720
20.6327 1600641720
13.851500000000001 1600641720
14.49 1600641720
12.145600000000002 1600641720
14.486600000000001 1600641720
11.713000000000001 1600641720
14.4042 1600641720
21.284499999999998 1600641720
14.154699999999998 1600641720
12.5339 1600641720
15.2855 1600641720
11.4865 1600641720
12.4303 1600641720
21.8291 1600641720
11.732399999999998 1600641720
12.636800000000001 1600641720
14.838899999999999 1600641720
11.2906 1600641720
14.4008 1600641720
12.299199999999999 1600641720
20.0947 1600641720
12.956100000000001 1600641720
15.0593 1600641720
9.158399999999999 1600641720
12.5916 1600641720
12.4021 1600641720
19.8672 1600641720
11.777899999999999 1600641720
14.164200000000001 1600641720
11.973600000000001 1600641720
12.400500000000001 1600641720
14.0821 1600641720
14.593399999999999 1600641720
19.016199999999998 1600641720
11.9754 1600641720
13.418800000000001 1600641720
11.975200000000001 1600641720
14.2016 1600641720
12.7742 1600641720
20.410999999999998 1600641720
13.3142 1600641720
11.179300000000001 1600641720
13.86 1600641720
11.771 1600641720
13.593399999999999 1600641720
11.999199999999998 1600641720
20.5768 1600641720
12.7849 1600641720
14.498000000000001 1600641720
10.8474 1600641720
12.767700000000001 1600641720
14.492099999999999 1600641720
17.5629 1600641720
13.8514 1600641720
12.259599999999999 1600641720
13.743200000000002 1600641720
14.442 1600641720
14.06 1600641720
15.296000000000001 1600641720
20.3861 1600641720
12.0657 1600641720
12.7508 1600641720
12.718900000000001 1600641720
14.770199999999999 1600641720
13.4653 1600641720
21.7385 1600641720
13.6251 1600641720
12.9029 1600641720
12.8601 1600641720
14.254299999999999 1600641720
11.353200000000001 1600641720
17.3732 1600641720
18.626199999999997 1600641720
13.020399999999999 1600641720
14.209000000000001 1600641720
12.814599999999999 1600641720
14.209100000000001 1600641720
11.8739 1600641720
20.2104 1600641720
12.1519 1600641720
15.1567 1600641720
12.9007 1600641720
13.974499999999999 1600641720
12.151900000000001 1600641720
19.575599999999998 1600641720
15.459 1600641720
8.295900000000001 1600641720
12.8391 1600641720
10.1084 1600641720
14.259 1600641720
14.341899999999999 1600641720
19.6056 1600641720
11.6451 1600641720
11.8981 1600641720
14.4646 1600641720
11.8581 1600641720
12.7657 1600641720
20.1003 1600641720
13.555800000000001 1600641720
12.3742 1600641720
14.607800000000001 1600641720
11.2121 1600641720
15.385200000000001 1600641720
12.5835 1600641720
19.4219 1600641720
10.456800000000001 1600641720
18.9107 1600641720
10.1815 1600641720
13.0224 1600641720
13.014700000000001 1600641720
15.4459 1600641720
