5.5564 1600642253
7.194599999999999 1600642253
6.6005 1600642253
7.433199999999999 1600642253
7.8552 1600642253
7.8119 1600642253
7.4328 1600642253
7.809 1600642253
3.9831999999999996 1600642253
7.8092 1600642253
7.8119 1600642253
5.6227 1600642253
5.6227 1600642253
7.6479 1600642253
8.386199999999999 1600642253
7.1781 1600642253
8.493 1600642253
7.8119 1600642253
3.9831999999999996 1600642253
7.8178 1600642253
7.8095 1600642253
3.9831999999999996 1600642253
5.622400000000001 1600642253
7.8126 1600642253
5.6227 1600642253
7.6639 1600642253
3.9834 1600642253
7.187799999999999 1600642253
7.8116 1600642253
8.3963 1600642253
8.395900000000001 1600642253
7.8118 1600642253
8.404900000000001 1600642253
5.6227 1600642253
3.9830999999999994 1600642253
4.4745 1600642253
6.599 1600642253
4.4742999999999995 1600642253
7.8126999999999995 1600642253
5.5569 1600642253
7.4363 1600642253
4.4742999999999995 1600642253
5.623 1600642253
4.4742 1600642253
5.6224 1600642253
7.6497 1600642253
7.4158 1600642253
4.4742999999999995 1600642253
7.4329 1600642253
4.5434 1600642253
7.4155999999999995 1600642253
4.871700000000001 1600642253
5.6227 1600642253
4.9283 1600642253
5.372 1600642253
4.8721 1600642253
4.9318 1600642253
5.6275 1600642253
5.6227 1600642253
3.9834 1600642253
5.6229 1600642253
4.523999999999999 1600642253
7.8125 1600642253
4.523899999999999 1600642253
5.6225 1600642253
7.8264000000000005 1600642253
8.2917 1600642253
4.5237 1600642253
4.4192 1600642253
6.6366 1600642253
7.811999999999999 1600642253
4.9322 1600642253
6.6006 1600642253
4.4189 1600642253
6.5996999999999995 1600642253
4.8399 1600642253
8.4588 1600642253
4.9634 1600642253
7.819500000000001 1600642253
4.9632 1600642253
8.503300000000001 1600642253
4.9636 1600642253
7.6850000000000005 1600642253
5.0265 1600642253
6.599600000000001 1600642253
7.8209 1600642253
6.5831 1600642253
7.648 1600642253
6.8464 1600642253
5.0266 1600642253
7.4716 1600642253
6.846299999999999 1600642253
6.3012999999999995 1600642253
7.279999999999999 1600642253
6.6014 1600642253
7.257899999999999 1600642253
4.963299999999999 1600642253
6.5847 1600642253
6.5997 1600642253
2.8831 1600642253
6.847099999999999 1600642253
4.0064 1600642253
4.9795 1600642253
7.1881 1600642253
7.1928 1600642253
4.943099999999999 1600642253
4.0001 1600642253
6.3969 1600642253
7.2115 1600642253
6.397 1600642253
7.1333 1600642253
4.0082 1600642253
4.6845 1600642253
6.963299999999999 1600642253
5.0533 1600642253
7.2177 1600642253
8.812100000000001 1600642253
5.0545 1600642253
4.007999999999999 1600642253
7.1929 1600642253
4.0081 1600642253
7.3467 1600642253
4.6842999999999995 1600642253
4.996499999999999 1600642253
7.3222000000000005 1600642253
4.9918 1600642253
6.706099999999999 1600642253
8.7119 1600642253
8.8099 1600642253
5.362699999999999 1600642253
7.1861999999999995 1600642253
8.81 1600642253
4.6843 1600642253
6.7923 1600642253
7.2789 1600642253
8.8117 1600642253
6.6723 1600642253
7.2546 1600642253
7.212 1600642253
7.622199999999999 1600642253
7.615600000000001 1600642253
6.6937 1600642253
8.712200000000001 1600642253
6.397 1600642253
7.5241 1600642253
6.6281 1600642253
7.812900000000001 1600642253
6.6279 1600642253
4.992000000000001 1600642253
7.6267 1600642253
9.495199999999999 1600642253
6.397 1600642253
7.321999999999999 1600642253
9.495800000000001 1600642253
9.487900000000002 1600642253
7.322100000000001 1600642253
7.6373999999999995 1600642253
6.396800000000001 1600642253
9.051200000000001 1600642253
7.1925 1600642253
2.9104 1600642253
4.1395 1600642253
8.3803 1600642253
4.1395 1600642253
4.6842999999999995 1600642253
7.5303 1600642253
8.8118 1600642253
4.6844 1600642253
7.486 1600642253
4.6844 1600642253
6.6598 1600642253
7.448499999999999 1600642253
7.4483999999999995 1600642253
2.9105 1600642253
4.7608999999999995 1600642253
3.3268000000000004 1600642253
8.822700000000001 1600642253
4.139 1600642253
4.138999999999999 1600642253
4.1903 1600642253
6.6373999999999995 1600642253
4.9852 1600642253
5.1373 1600642253
4.507300000000001 1600642253
5.1346 1600642253
5.2024 1600642253
4.138999999999999 1600642253
7.2120999999999995 1600642253
7.6494 1600642253
3.3268 1600642253
3.3268 1600642253
4.4021 1600642253
8.2493 1600642253
4.402 1600642253
4.508 1600642253
4.4016 1600642253
8.2044 1600642253
4.4014 1600642253
9.005700000000001 1600642253
4.401400000000001 1600642253
9.112400000000001 1600642253
4.4013 1600642253
5.2625 1600642253
4.401400000000001 1600642253
8.5069 1600642253
5.0663 1600642253
5.0664 1600642253
5.2668 1600642253
4.4176 1600642253
8.1332 1600642253
9.0547 1600642253
4.417300000000001 1600642253
5.1152 1600642253
8.5394 1600642253
4.417300000000001 1600642253
5.1181 1600642253
5.1151 1600642253
6.662800000000001 1600642253
5.1152 1600642253
5.1855 1600642253
6.9637 1600642253
5.1151 1600642253
3.3669000000000002 1600642253
5.115399999999999 1600642253
5.115 1600642253
5.359500000000001 1600642253
5.1153 1600642253
5.3568999999999996 1600642253
3.3285 1600642253
4.3812 1600642253
4.3565 1600642253
4.9573 1600642253
4.417300000000001 1600642253
4.5228 1600642253
5.1795 1600642253
4.3565000000000005 1600642253
5.1827 1600642253
4.417300000000001 1600642253
5.1665 1600642253
4.356400000000001 1600642253
4.4171 1600642253
5.0466999999999995 1600642253
4.983499999999999 1600642253
5.142799999999999 1600642253
5.1152999999999995 1600642253
4.417300000000001 1600642253
4.356599999999999 1600642253
5.2372 1600642253
3.3285 1600642253
4.5225 1600642253
5.182600000000001 1600642253
4.205299999999999 1600642253
3.6938 1600642253
5.115600000000001 1600642253
5.1151 1600642253
6.9807 1600642253
5.1154 1600642253
5.187099999999999 1600642253
5.1152 1600642253
3.6936 1600642253
4.5657 1600642253
6.959199999999999 1600642253
4.565200000000001 1600642253
5.0329999999999995 1600642253
3.6938 1600642253
3.8388 1600642253
3.6937 1600642253
4.8346 1600642253
3.9079 1600642253
5.0268 1600642253
6.662999999999999 1600642253
3.8120999999999996 1600642253
3.6938 1600642253
4.9839 1600642253
6.5412 1600642253
4.983599999999999 1600642253
3.7958999999999996 1600642253
4.2064 1600642253
5.1156 1600642253
4.3327 1600642253
4.5313 1600642253
4.332800000000001 1600642253
4.5222 1600642253
7.3689 1600642253
4.5222999999999995 1600642253
4.841900000000001 1600642253
5.026999999999999 1600642253
4.522 1600642253
5.0657 1600642253
4.5738 1600642253
7.013400000000001 1600642253
4.6030999999999995 1600642253
4.5227 1600642253
4.6754 1600642253
4.8071 1600642253
4.8413 1600642253
7.0074000000000005 1600642253
4.8077000000000005 1600642253
7.5362 1600642253
4.675 1600642253
4.8076 1600642253
4.1995000000000005 1600642253
5.356999999999999 1600642253
4.7109000000000005 1600642253
7.5635 1600642253
4.705299999999999 1600642253
4.7051 1600642253
4.8414 1600642253
7.564299999999999 1600642253
4.7054 1600642253
4.705 1600642253
7.577999999999999 1600642253
7.6232999999999995 1600642253
4.770099999999999 1600642253
4.7075 1600642253
7.6234 1600642253
4.770200000000001 1600642253
5.2946 1600642253
4.7703 1600642253
5.0181 1600642253
7.6232 1600642253
5.0181 1600642253
5.2597 1600642253
4.093299999999999 1600642253
7.6236 1600642253
4.9153 1600642253
5.0015 1600642253
7.6235 1600642253
4.9153 1600642253
7.6235 1600642253
4.9153 1600642253
5.2642 1600642253
4.9153 1600642253
7.6234 1600642253
4.9154 1600642253
6.6415 1600642253
4.9152 1600642253
5.021199999999999 1600642253
5.0182 1600642253
7.6234 1600642253
7.6234 1600642253
4.9155 1600642253
7.6323 1600642253
5.2875 1600642253
4.9152000000000005 1600642253
6.6091999999999995 1600642253
4.9152000000000005 1600642253
5.2074 1600642253
5.207199999999999 1600642253
7.6236 1600642253
5.2072 1600642253
5.287599999999999 1600642253
5.2879 1600642253
2.9756 1600642253
5.3094 1600642253
5.207199999999999 1600642253
5.208 1600642253
3.8 1600642253
4.177099999999999 1600642253
5.0221 1600642253
7.6275 1600642253
5.0016 1600642253
3.7999 1600642253
3.9284999999999997 1600642253
3.9266 1600642253
4.989699999999999 1600642253
5.3029 1600642253
3.9267 1600642253
6.788399999999999 1600642253
4.6133999999999995 1600642253
4.4049 1600642253
7.6235 1600642253
7.6235 1600642253
4.5484 1600642253
7.6234 1600642253
4.770300000000001 1600642253
4.3619 1600642253
7.6235 1600642253
4.3790000000000004 1600642253
5.2302 1600642253
7.6235 1600642253
4.8268 1600642253
4.372199999999999 1600642253
5.214 1600642253
7.6235 1600642253
5.0888 1600642253
5.089 1600642253
7.4323 1600642253
6.6418 1600642253
4.6505 1600642253
7.6232999999999995 1600642253
7.6532 1600642253
10.116800000000001 1600642253
4.8316 1600642253
4.6502 1600642253
5.2139 1600642253
7.6236 1600642253
4.632300000000001 1600642253
9.938899999999999 1600642253
4.372199999999999 1600642253
7.6235 1600642253
4.372 1600642253
4.684100000000001 1600642253
7.2676 1600642253
4.6671 1600642253
6.4341 1600642253
4.372199999999999 1600642253
4.7704 1600642253
6.607799999999999 1600642253
4.6502 1600642253
4.6835 1600642253
5.0112 1600642253
7.4416 1600642253
4.6837 1600642253
7.4943 1600642253
4.6549 1600642253
7.495900000000001 1600642253
4.6548 1600642253
4.374 1600642253
4.9909 1600642253
4.9556000000000004 1600642253
7.4786 1600642253
7.497400000000001 1600642253
4.6709000000000005 1600642253
7.4942 1600642253
4.6709 1600642253
5.203900000000001 1600642253
5.511100000000001 1600642253
7.0390999999999995 1600642253
4.3742 1600642253
7.0328 1600642253
5.3231 1600642253
7.0059 1600642253
7.0411 1600642253
5.2038 1600642253
7.0324 1600642253
7.5009 1600642253
3.078 1600642253
7.494199999999999 1600642253
4.737500000000001 1600642253
4.5255 1600642253
7.4941 1600642253
4.5265 1600642253
4.7837 1600642253
7.4779 1600642253
6.2622 1600642253
7.494 1600642253
7.007999999999999 1600642253
4.783399999999999 1600642253
6.5758 1600642253
7.0328 1600642253
3.0782 1600642253
4.6673 1600642253
9.6492 1600642253
4.667400000000001 1600642253
7.4847 1600642253
9.9564 1600642253
7.4658999999999995 1600642253
4.6672 1600642253
5.242999999999999 1600642253
9.949800000000002 1600642253
6.5767 1600642253
7.0322 1600642253
5.2036 1600642253
7.5183 1600642253
7.4754000000000005 1600642253
9.9493 1600642253
5.204000000000001 1600642253
9.9496 1600642253
5.4343 1600642253
7.006 1600642253
7.039300000000001 1600642253
9.9495 1600642253
7.4752 1600642253
7.5177 1600642253
5.325900000000001 1600642253
5.3022 1600642253
7.4940999999999995 1600642253
5.2036999999999995 1600642253
5.3052 1600642253
5.299799999999999 1600642253
7.0085999999999995 1600642253
7.475199999999999 1600642253
7.5199 1600642253
7.0059000000000005 1600642253
5.2269000000000005 1600642253
5.2269 1600642253
7.4944999999999995 1600642253
8.072500000000002 1600642253
7.4761999999999995 1600642253
8.6194 1600642253
7.4773 1600642253
9.3953 1600642253
5.6585 1600642253
7.7013 1600642253
3.078 1600642253
7.4942 1600642253
5.325699999999999 1600642253
8.6197 1600642253
7.0069 1600642253
3.0781 1600642253
4.068899999999999 1600642253
7.7954 1600642253
7.665800000000001 1600642253
7.7954 1600642253
4.060600000000001 1600642253
9.185400000000001 1600642253
4.937099999999999 1600642253
7.7957 1600642253
4.9369 1600642253
4.9371 1600642253
8.4259 1600642253
