44.723699999999994 1600529598
44.7234 1600529598
44.7232 1600529598
44.723499999999994 1600529598
44.723499999999994 1600529598
44.723299999999995 1600529598
44.7228 1600529598
44.722899999999996 1600529598
44.6474 1600529598
44.647099999999995 1600529598
44.647099999999995 1600529598
44.6468 1600529598
44.6472 1600529598
44.6474 1600529598
44.6464 1600529598
44.6466 1600529598
44.1761 1600529598
44.175999999999995 1600529598
44.175999999999995 1600529598
44.175599999999996 1600529598
44.1755 1600529598
44.175799999999995 1600529598
44.1761 1600529598
44.1752 1600529598
43.6303 1600529598
43.6302 1600529598
43.63 1600529598
43.6305 1600529598
43.630900000000004 1600529598
43.6307 1600529598
43.631 1600529598
43.6309 1600529598
45.259 1600529598
45.2591 1600529598
45.2596 1600529598
45.2593 1600529598
45.259499999999996 1600529598
45.2595 1600529598
45.2598 1600529598
45.2598 1600529598
43.274899999999995 1600529598
43.2748 1600529598
43.2741 1600529598
43.274699999999996 1600529598
43.275 1600529598
43.2744 1600529598
43.2751 1600529598
43.2746 1600529598
39.7606 1600529598
39.7597 1600529598
39.760600000000004 1600529598
39.760099999999994 1600529598
39.760799999999996 1600529598
39.760799999999996 1600529598
39.7602 1600529598
39.760400000000004 1600529598
42.9949 1600529598
42.9944 1600529598
42.9947 1600529598
42.9947 1600529598
42.995400000000004 1600529598
42.995400000000004 1600529598
42.9953 1600529598
42.995200000000004 1600529598
43.866 1600529598
43.8651 1600529598
43.8661 1600529598
43.865700000000004 1600529598
43.8658 1600529598
43.8658 1600529598
43.865300000000005 1600529598
43.866 1600529598
43.7929 1600529598
43.793800000000005 1600529598
43.7938 1600529598
43.7934 1600529598
43.793800000000005 1600529598
43.793200000000006 1600529598
43.7938 1600529598
43.7936 1600529598
42.745400000000004 1600529598
42.745599999999996 1600529598
42.7455 1600529598
42.745599999999996 1600529598
42.7446 1600529598
42.7448 1600529598
42.7449 1600529598
42.7451 1600529598
45.2203 1600529598
45.2199 1600529598
45.220200000000006 1600529598
45.2196 1600529598
45.2201 1600529598
45.2204 1600529598
45.2194 1600529598
45.2202 1600529598
42.8759 1600529598
42.875600000000006 1600529598
42.8755 1600529598
42.875800000000005 1600529598
42.876000000000005 1600529598
42.876000000000005 1600529598
42.8752 1600529598
42.8751 1600529598
44.0264 1600529598
44.0263 1600529598
44.025999999999996 1600529598
44.0262 1600529598
44.0262 1600529598
44.0253 1600529598
44.0257 1600529598
44.025800000000004 1600529598
44.3397 1600529598
44.3401 1600529598
44.340199999999996 1600529598
44.3393 1600529598
44.3401 1600529598
44.339200000000005 1600529598
44.3399 1600529598
44.3401 1600529598
43.8527 1600529598
43.8528 1600529598
43.8531 1600529598
43.8531 1600529598
43.8532 1600529598
43.8533 1600529598
43.853300000000004 1600529598
43.852399999999996 1600529598
44.6704 1600529598
44.6704 1600529598
44.6706 1600529598
44.6698 1600529598
44.6697 1600529598
44.670100000000005 1600529598
44.670100000000005 1600529598
44.6696 1600529598
37.0287 1600529598
37.0287 1600529598
37.0278 1600529598
37.0283 1600529598
37.0289 1600529598
37.0291 1600529598
37.0291 1600529598
37.0292 1600529598
40.791700000000006 1600529598
40.7922 1600529598
40.7911 1600529598
40.792 1600529598
40.7922 1600529598
40.792100000000005 1600529598
40.792100000000005 1600529598
40.791700000000006 1600529598
43.7987 1600529598
43.7986 1600529598
43.797599999999996 1600529598
43.7978 1600529598
43.7987 1600529598
43.7984 1600529598
43.798 1600529598
43.7983 1600529598
42.8814 1600529598
42.8816 1600529598
42.8806 1600529598
42.8815 1600529598
42.8815 1600529598
42.881 1600529598
42.881600000000006 1600529598
42.8812 1600529598
43.7488 1600529598
43.749 1600529598
43.7481 1600529598
43.7481 1600529598
43.7486 1600529598
43.7487 1600529598
43.7485 1600529598
43.749 1600529598
43.882400000000004 1600529598
43.883300000000006 1600529598
43.882799999999996 1600529598
43.8827 1600529598
43.8828 1600529598
43.883300000000006 1600529598
43.883300000000006 1600529598
43.8832 1600529598
44.7677 1600529598
44.7682 1600529598
44.7684 1600529598
44.7675 1600529598
44.7678 1600529598
44.7684 1600529598
44.7681 1600529598
44.768299999999996 1600529598
44.746700000000004 1600529598
44.746500000000005 1600529598
44.7456 1600529598
44.7459 1600529598
44.7461 1600529598
44.74720000000001 1600529598
44.7462 1600529598
44.746500000000005 1600529598
45.0323 1600529598
45.0318 1600529598
45.032 1600529598
45.032199999999996 1600529598
45.032300000000006 1600529598
45.0321 1600529598
45.0315 1600529598
45.0313 1600529598
43.7387 1600529598
43.739200000000004 1600529598
43.739399999999996 1600529598
43.7391 1600529598
43.739200000000004 1600529598
43.739 1600529598
43.7384 1600529598
43.7388 1600529598
43.893 1600529598
43.8931 1600529598
43.8928 1600529598
43.8934 1600529598
43.8935 1600529598
43.8934 1600529598
43.8932 1600529598
43.8926 1600529598
43.7913 1600529598
43.7916 1600529598
43.7916 1600529598
43.790400000000005 1600529598
43.7911 1600529598
43.7915 1600529598
43.7907 1600529598
43.791399999999996 1600529598
42.514700000000005 1600529598
42.5149 1600529598
42.514300000000006 1600529598
42.5152 1600529598
42.5153 1600529598
42.514500000000005 1600529598
42.5149 1600529598
42.515100000000004 1600529598
44.1788 1600529598
44.178200000000004 1600529598
44.178 1600529598
44.1788 1600529598
44.178399999999996 1600529598
44.1789 1600529598
44.1787 1600529598
44.178599999999996 1600529598
45.2077 1600529598
45.2082 1600529598
45.2082 1600529598
45.2078 1600529598
45.2075 1600529598
45.207300000000004 1600529598
45.2079 1600529598
45.208 1600529598
44.414 1600529598
44.4138 1600529598
44.4142 1600529598
44.4136 1600529598
44.4142 1600529598
44.4141 1600529598
44.4133 1600529598
44.4139 1600529598
45.162200000000006 1600529598
45.1625 1600529598
45.1622 1600529598
45.1624 1600529598
45.162 1600529598
45.162 1600529598
45.1616 1600529598
45.16180000000001 1600529598
44.7258 1600529598
44.7258 1600529598
44.7265 1600529598
44.7265 1600529598
44.7256 1600529598
44.7261 1600529598
44.7262 1600529598
44.7262 1600529598
43.7017 1600529598
43.701600000000006 1600529598
43.7024 1600529598
43.7026 1600529598
43.702200000000005 1600529598
43.7025 1600529598
43.7025 1600529598
43.702000000000005 1600529598
43.7117 1600529598
43.7111 1600529598
43.711000000000006 1600529598
43.710800000000006 1600529598
43.711800000000004 1600529598
43.711600000000004 1600529598
43.7112 1600529598
43.7113 1600529598
43.8067 1600529598
43.806599999999996 1600529598
43.8072 1600529598
43.8073 1600529598
43.8063 1600529598
43.8072 1600529598
43.807 1600529598
43.8068 1600529598
39.165400000000005 1600529598
39.1659 1600529598
39.1661 1600529598
39.1656 1600529598
39.166 1600529598
39.1651 1600529598
39.165800000000004 1600529598
39.166000000000004 1600529598
44.1111 1600529598
44.1112 1600529598
44.1117 1600529598
44.1116 1600529598
44.1117 1600529598
44.1112 1600529598
44.1108 1600529598
44.1113 1600529598
36.5444 1600529598
36.545100000000005 1600529598
36.5454 1600529598
36.545300000000005 1600529598
36.5455 1600529598
36.5448 1600529598
36.545100000000005 1600529598
36.544500000000006 1600529598
44.9699 1600529598
44.9699 1600529598
44.970800000000004 1600529598
44.9709 1600529598
44.9705 1600529598
44.970400000000005 1600529598
44.9709 1600529598
44.9707 1600529598
43.1329 1600529598
43.1334 1600529598
43.1335 1600529598
43.1326 1600529598
43.1331 1600529598
43.1333 1600529598
43.1332 1600529598
43.1336 1600529598
43.753299999999996 1600529598
43.7531 1600529598
43.753 1600529598
43.7537 1600529598
43.7527 1600529598
43.753099999999996 1600529598
43.7535 1600529598
43.753600000000006 1600529598
45.2139 1600529598
45.2137 1600529598
45.2145 1600529598
45.2143 1600529598
45.2147 1600529598
45.2145 1600529598
45.2145 1600529598
45.214000000000006 1600529598
44.4212 1600529598
44.4203 1600529598
44.4213 1600529598
44.420899999999996 1600529598
44.421 1600529598
44.4211 1600529598
44.4213 1600529598
44.4207 1600529598
43.7046 1600529598
43.704299999999996 1600529598
43.7049 1600529598
43.704100000000004 1600529598
43.705 1600529598
43.7048 1600529598
43.7048 1600529598
43.704499999999996 1600529598
44.201 1600529598
44.200799999999994 1600529598
44.2006 1600529598
44.2009 1600529598
44.2003 1600529598
44.200799999999994 1600529598
44.199999999999996 1600529598
44.2005 1600529598
43.2369 1600529598
43.2362 1600529598
43.2368 1600529598
43.2368 1600529598
43.237 1600529598
43.236399999999996 1600529598
43.236 1600529598
43.2365 1600529598
44.886500000000005 1600529598
44.887 1600529598
44.8868 1600529598
44.887 1600529598
44.8872 1600529598
44.8872 1600529598
44.8875 1600529598
44.8875 1600529598
36.9507 1600529598
36.9505 1600529598
36.9508 1600529598
36.9508 1600529598
36.9502 1600529598
36.9505 1600529598
36.9499 1600529598
36.95 1600529598
45.0005 1600529598
45.0006 1600529598
45.0009 1600529598
45.001 1600529598
45.0 1600529598
45.0008 1600529598
45.0008 1600529598
45.0003 1600529598
43.7304 1600529598
43.73 1600529598
43.73 1600529598
43.729400000000005 1600529598
43.729 1600529598
43.7301 1600529598
43.7298 1600529598
43.7302 1600529598
42.266600000000004 1600529598
42.2659 1600529598
42.265800000000006 1600529598
42.2666 1600529598
42.2666 1600529598
42.266400000000004 1600529598
42.266200000000005 1600529598
42.2668 1600529598
44.775 1600529598
44.7744 1600529598
44.7752 1600529598
44.7752 1600529598
44.7749 1600529598
44.7751 1600529598
44.7747 1600529598
44.7754 1600529598
44.5889 1600529598
44.5885 1600529598
44.5881 1600529598
44.5883 1600529598
44.5887 1600529598
44.5879 1600529598
44.5887 1600529598
44.5888 1600529598
44.7179 1600529598
44.7182 1600529598
44.7181 1600529598
44.7175 1600529598
44.7182 1600529598
44.718 1600529598
44.7176 1600529598
44.7172 1600529598
44.136799999999994 1600529598
44.137699999999995 1600529598
44.1378 1600529598
44.1378 1600529598
44.1376 1600529598
44.1373 1600529598
44.1379 1600529598
44.1375 1600529598
38.8218 1600529598
38.820699999999995 1600529598
38.821600000000004 1600529598
38.8212 1600529598
38.821600000000004 1600529598
38.8214 1600529598
38.8215 1600529598
38.821 1600529598
43.4226 1600529598
43.4231 1600529598
43.4235 1600529598
43.4235 1600529598
43.423399999999994 1600529598
43.4233 1600529598
43.422799999999995 1600529598
43.423 1600529598
41.7759 1600529598
41.7761 1600529598
41.7761 1600529598
41.775600000000004 1600529598
41.7751 1600529598
41.7761 1600529598
41.7754 1600529598
41.7757 1600529598
37.4194 1600529598
37.4183 1600529598
37.4194 1600529598
37.4193 1600529598
37.4189 1600529598
37.4194 1600529598
37.4186 1600529598
37.4191 1600529598
42.682500000000005 1600529598
42.6813 1600529598
42.681900000000006 1600529598
42.6818 1600529598
42.682500000000005 1600529598
42.682100000000005 1600529598
42.682300000000005 1600529598
42.682100000000005 1600529598
44.1638 1600529598
44.164 1600529598
44.1634 1600529598
44.1636 1600529598
44.1636 1600529598
44.163900000000005 1600529598
44.1638 1600529598
44.163199999999996 1600529598
45.323800000000006 1600529598
45.324000000000005 1600529598
45.324000000000005 1600529598
45.323600000000006 1600529598
45.3241 1600529598
45.3232 1600529598
45.3233 1600529598
45.32340000000001 1600529598
44.106899999999996 1600529598
44.1061 1600529598
44.107200000000006 1600529598
44.1069 1600529598
44.106500000000004 1600529598
44.1068 1600529598
44.1069 1600529598
44.106700000000004 1600529598
45.216 1600529598
45.2164 1600529598
45.2166 1600529598
45.216699999999996 1600529598
45.2164 1600529598
45.2162 1600529598
45.2161 1600529598
45.2157 1600529598
43.7194 1600529598
43.718900000000005 1600529598
43.7184 1600529598
43.7192 1600529598
43.719 1600529598
43.7188 1600529598
43.719300000000004 1600529598
43.7192 1600529598
44.3335 1600529598
44.3338 1600529598
44.333000000000006 1600529598
44.3335 1600529598
44.3331 1600529598
44.3331 1600529598
44.3337 1600529598
44.3339 1600529598
44.281800000000004 1600529598
44.2821 1600529598
44.2827 1600529598
44.2828 1600529598
44.282500000000006 1600529598
44.2826 1600529598
44.2822 1600529598
44.282900000000005 1600529598
44.6498 1600529598
44.6501 1600529598
44.6501 1600529598
44.6501 1600529598
44.649100000000004 1600529598
44.649300000000004 1600529598
44.6501 1600529598
44.6496 1600529598
44.642599999999995 1600529598
44.6424 1600529598
44.641999999999996 1600529598
44.642399999999995 1600529598
44.6426 1600529598
44.641600000000004 1600529598
44.6427 1600529598
44.642199999999995 1600529598
43.741400000000006 1600529598
43.7411 1600529598
43.7412 1600529598
43.7409 1600529598
43.741 1600529598
43.741400000000006 1600529598
43.7404 1600529598
43.7405 1600529598
45.0786 1600529598
45.0785 1600529598
45.0784 1600529598
45.0782 1600529598
45.0776 1600529598
45.077799999999996 1600529598
45.0784 1600529598
45.077999999999996 1600529598
44.9805 1600529598
44.9804 1600529598
44.9801 1600529598
44.9803 1600529598
44.980900000000005 1600529598
44.980900000000005 1600529598
44.9808 1600529598
44.981 1600529598
44.1442 1600529598
44.1444 1600529598
44.144 1600529598
44.1444 1600529598
44.1444 1600529598
44.1438 1600529598
44.1442 1600529598
44.143499999999996 1600529598
41.7731 1600529598
41.7729 1600529598
41.773599999999995 1600529598
41.773599999999995 1600529598
41.7735 1600529598
41.773399999999995 1600529598
41.7726 1600529598
41.773199999999996 1600529598
45.3411 1600529598
45.3421 1600529598
45.341699999999996 1600529598
45.3414 1600529598
45.3416 1600529598
45.3421 1600529598
45.3421 1600529598
45.342 1600529598
44.891400000000004 1600529598
44.8917 1600529598
44.8909 1600529598
44.8908 1600529598
44.8911 1600529598
44.8915 1600529598
44.8917 1600529598
44.8917 1600529598
44.1673 1600529598
44.167899999999996 1600529598
44.1682 1600529598
44.168000000000006 1600529598
44.1682 1600529598
44.1678 1600529598
44.1683 1600529598
44.167500000000004 1600529598
44.3662 1600529598
44.365899999999996 1600529598
44.3667 1600529598
44.3668 1600529598
44.3665 1600529598
44.3667 1600529598
44.366 1600529598
44.3669 1600529598
44.823 1600529598
44.8236 1600529598
44.8237 1600529598
44.8234 1600529598
44.8229 1600529598
44.8227 1600529598
44.8231 1600529598
44.8235 1600529598
42.6132 1600529598
42.6132 1600529598
42.61300000000001 1600529598
42.6132 1600529598
42.6125 1600529598
42.6133 1600529598
42.612100000000005 1600529598
42.612500000000004 1600529598
44.7338 1600529598
44.7336 1600529598
44.7336 1600529598
44.7336 1600529598
44.7333 1600529598
44.7328 1600529598
44.732800000000005 1600529598
44.733900000000006 1600529598
43.890499999999996 1600529598
43.8911 1600529598
43.8913 1600529598
43.8914 1600529598
43.8914 1600529598
43.891 1600529598
43.8914 1600529598
43.8908 1600529598
40.8528 1600529598
40.853 1600529598
40.8525 1600529598
40.852900000000005 1600529598
40.852700000000006 1600529598
40.852000000000004 1600529598
40.853 1600529598
40.8524 1600529598
43.8467 1600529598
43.8473 1600529598
43.8473 1600529598
43.8473 1600529598
43.847 1600529598
43.8469 1600529598
43.8473 1600529598
43.8464 1600529598
45.2065 1600529598
45.2056 1600529598
45.2058 1600529598
45.2064 1600529598
45.2064 1600529598
45.2062 1600529598
45.2062 1600529598
45.205999999999996 1600529598
44.973000000000006 1600529598
44.9731 1600529598
44.9726 1600529598
44.97280000000001 1600529598
44.9731 1600529598
44.9727 1600529598
44.972300000000004 1600529598
44.971900000000005 1600529598
44.3641 1600529598
44.364000000000004 1600529598
44.363800000000005 1600529598
44.364399999999996 1600529598
44.3633 1600529598
44.3639 1600529598
44.3642 1600529598
44.364399999999996 1600529598
33.7735 1600529598
33.7733 1600529598
33.7734 1600529598
33.7733 1600529598
33.7735 1600529598
33.7734 1600529598
33.7735 1600529598
33.7733 1600529598
43.863 1600529598
43.8636 1600529598
43.8629 1600529598
43.8639 1600529598
43.8639 1600529598
43.8633 1600529598
43.8636 1600529598
43.8637 1600529598
44.4947 1600529598
44.4949 1600529598
44.495200000000004 1600529598
44.4958 1600529598
44.495200000000004 1600529598
44.4956 1600529598
44.4956 1600529598
44.4957 1600529598
44.7357 1600529598
44.7353 1600529598
44.7352 1600529598
44.736 1600529598
44.736 1600529598
44.7358 1600529598
44.735600000000005 1600529598
44.7361 1600529598
38.5709 1600529598
38.571 1600529598
38.5711 1600529598
38.570100000000004 1600529598
38.57 1600529598
38.5704 1600529598
38.5705 1600529598
38.5709 1600529598
44.3215 1600529598
44.3217 1600529598
44.322 1600529598
44.3211 1600529598
44.322 1600529598
44.322 1600529598
44.3214 1600529598
44.3219 1600529598
43.8022 1600529598
43.8021 1600529598
43.8027 1600529598
43.803000000000004 1600529598
43.803000000000004 1600529598
43.802800000000005 1600529598
43.8025 1600529598
43.8025 1600529598
45.164 1600529598
45.1646 1600529598
45.1637 1600529598
45.163900000000005 1600529598
45.1646 1600529598
45.1644 1600529598
45.164500000000004 1600529598
45.1648 1600529598
44.1652 1600529598
44.1653 1600529598
44.164899999999996 1600529598
44.16589999999999 1600529598
44.16589999999999 1600529598
44.1657 1600529598
44.16589999999999 1600529598
44.1656 1600529598
44.785000000000004 1600529598
44.7851 1600529598
44.784800000000004 1600529598
44.785700000000006 1600529598
44.7857 1600529598
44.7857 1600529598
44.7856 1600529598
44.7851 1600529598
43.9534 1600529598
43.9525 1600529598
43.9527 1600529598
43.9534 1600529598
43.952999999999996 1600529598
43.9529 1600529598
43.953199999999995 1600529598
43.9533 1600529598
40.2041 1600529598
40.2042 1600529598
40.205 1600529598
40.205 1600529598
40.2041 1600529598
40.2048 1600529598
40.2043 1600529598
40.204499999999996 1600529598
42.6933 1600529598
42.6933 1600529598
42.6933 1600529598
42.6925 1600529598
42.692600000000006 1600529598
42.692800000000005 1600529598
42.6933 1600529598
42.6931 1600529598
42.4504 1600529598
42.451 1600529598
42.451 1600529598
42.4508 1600529598
42.4512 1600529598
42.4514 1600529598
42.4513 1600529598
42.4516 1600529598
44.6457 1600529598
44.6455 1600529598
44.6452 1600529598
44.6455 1600529598
44.645700000000005 1600529598
44.6448 1600529598
44.6447 1600529598
44.644999999999996 1600529598
43.8494 1600529598
43.8497 1600529598
43.8491 1600529598
43.8497 1600529598
43.8495 1600529598
43.8488 1600529598
43.849199999999996 1600529598
43.8497 1600529598
41.0577 1600529598
41.0575 1600529598
41.0579 1600529598
41.0586 1600529598
41.0583 1600529598
41.0583 1600529598
41.058099999999996 1600529598
41.0585 1600529598
38.9998 1600529598
38.9994 1600529598
39.0003 1600529598
39.0002 1600529598
39.0 1600529598
39.0002 1600529598
38.9993 1600529598
38.9995 1600529598
40.835300000000004 1600529598
40.8358 1600529598
40.83560000000001 1600529598
40.8356 1600529598
40.8358 1600529598
40.835 1600529598
40.8346 1600529598
40.8348 1600529598
43.7212 1600529598
43.7214 1600529598
43.7205 1600529598
43.721500000000006 1600529598
43.721700000000006 1600529598
43.721000000000004 1600529598
43.7214 1600529598
43.7216 1600529598
44.423 1600529598
44.4233 1600529598
44.4228 1600529598
44.4231 1600529598
44.4234 1600529598
44.4234 1600529598
44.4225 1600529598
44.4232 1600529598
44.777300000000004 1600529598
44.7776 1600529598
44.7774 1600529598
44.7776 1600529598
44.7776 1600529598
44.777 1600529598
44.7775 1600529598
44.7768 1600529598
43.3273 1600529598
43.3272 1600529598
43.327 1600529598
43.3263 1600529598
43.326499999999996 1600529598
43.327000000000005 1600529598
43.3273 1600529598
43.3266 1600529598
43.7998 1600529598
43.800399999999996 1600529598
43.8001 1600529598
43.7999 1600529598
43.8006 1600529598
43.800599999999996 1600529598
43.800399999999996 1600529598
43.8006 1600529598
36.5383 1600529598
36.5382 1600529598
36.5377 1600529598
36.5376 1600529598
36.5383 1600529598
36.5373 1600529598
36.5379 1600529598
36.5381 1600529598
44.7283 1600529598
44.7281 1600529598
44.7286 1600529598
44.7286 1600529598
44.7282 1600529598
44.7278 1600529598
44.7276 1600529598
44.7285 1600529598
43.5931 1600529598
43.5937 1600529598
43.594 1600529598
43.594 1600529598
43.5935 1600529598
43.5934 1600529598
43.5939 1600529598
43.5937 1600529598
44.7705 1600529598
44.7696 1600529598
44.7706 1600529598
44.7703 1600529598
44.7702 1600529598
44.770500000000006 1600529598
44.769999999999996 1600529598
44.7699 1600529598
38.728699999999996 1600529598
38.728699999999996 1600529598
38.7296 1600529598
38.7297 1600529598
38.7294 1600529598
38.7297 1600529598
38.7295 1600529598
38.7291 1600529598
45.228 1600529598
45.2284 1600529598
45.2284 1600529598
45.2278 1600529598
45.2287 1600529598
45.2287 1600529598
45.2283 1600529598
45.2286 1600529598
44.3419 1600529598
44.3415 1600529598
44.3425 1600529598
44.3421 1600529598
44.342200000000005 1600529598
44.342 1600529598
44.342400000000005 1600529598
44.3418 1600529598
43.3164 1600529598
43.3157 1600529598
43.3167 1600529598
43.3166 1600529598
43.3166 1600529598
43.316 1600529598
43.3166 1600529598
43.3163 1600529598
42.5262 1600529598
42.5262 1600529598
42.5251 1600529598
42.5258 1600529598
42.5258 1600529598
42.5255 1600529598
42.5257 1600529598
42.5258 1600529598
45.2044 1600529598
45.204 1600529598
45.2042 1600529598
45.2036 1600529598
45.2044 1600529598
45.2042 1600529598
45.2037 1600529598
45.204299999999996 1600529598
43.5023 1600529598
43.502 1600529598
43.5021 1600529598
43.5021 1600529598
43.5017 1600529598
43.5014 1600529598
43.5011 1600529598
43.501599999999996 1600529598
43.7269 1600529598
43.7276 1600529598
43.7275 1600529598
43.7276 1600529598
43.7276 1600529598
43.7268 1600529598
43.7268 1600529598
43.727399999999996 1600529598
44.995999999999995 1600529598
44.9966 1600529598
44.996 1600529598
44.9961 1600529598
44.9958 1600529598
44.9967 1600529598
44.9968 1600529598
44.9966 1600529598
44.7833 1600529598
44.783300000000004 1600529598
44.783 1600529598
44.782700000000006 1600529598
44.783500000000004 1600529598
44.7832 1600529598
44.7828 1600529598
44.7835 1600529598
43.805 1600529598
43.804500000000004 1600529598
43.8048 1600529598
43.804700000000004 1600529598
43.804899999999996 1600529598
43.804899999999996 1600529598
43.8042 1600529598
43.8052 1600529598
38.1438 1600529598
38.1439 1600529598
38.143499999999996 1600529598
38.1438 1600529598
38.1439 1600529598
38.143299999999996 1600529598
38.1437 1600529598
38.143100000000004 1600529598
44.7891 1600529598
44.7901 1600529598
44.7898 1600529598
44.7894 1600529598
44.79 1600529598
44.79 1600529598
44.7894 1600529598
44.789699999999996 1600529598
44.030300000000004 1600529598
44.030699999999996 1600529598
44.0306 1600529598
44.03 1600529598
44.0298 1600529598
44.030699999999996 1600529598
44.0306 1600529598
44.0302 1600529598
43.7316 1600529598
43.7325 1600529598
43.7325 1600529598
43.732400000000005 1600529598
43.732200000000006 1600529598
43.7316 1600529598
43.732 1600529598
43.7322 1600529598
45.2021 1600529598
45.2015 1600529598
45.2021 1600529598
45.2019 1600529598
45.202200000000005 1600529598
45.2017 1600529598
45.202400000000004 1600529598
45.202400000000004 1600529598
44.6931 1600529598
44.6937 1600529598
44.6929 1600529598
44.6927 1600529598
44.6936 1600529598
44.6936 1600529598
44.693599999999996 1600529598
44.693400000000004 1600529598
38.7378 1600529598
38.737300000000005 1600529598
38.7378 1600529598
38.7374 1600529598
38.738 1600529598
38.7367 1600529598
38.737700000000004 1600529598
38.738 1600529598
43.8678 1600529598
43.8677 1600529598
43.868 1600529598
43.8682 1600529598
43.8682 1600529598
43.867399999999996 1600529598
43.86709999999999 1600529598
43.8678 1600529598
42.306700000000006 1600529598
42.307700000000004 1600529598
42.307700000000004 1600529598
42.307900000000004 1600529598
42.307500000000005 1600529598
42.307900000000004 1600529598
42.307900000000004 1600529598
42.307 1600529598
42.5124 1600529598
42.5119 1600529598
42.5121 1600529598
42.5122 1600529598
42.5122 1600529598
42.5114 1600529598
42.5124 1600529598
42.5117 1600529598
42.2939 1600529598
42.2937 1600529598
42.294200000000004 1600529598
42.2943 1600529598
42.2937 1600529598
42.294200000000004 1600529598
42.293400000000005 1600529598
42.2943 1600529598
44.4097 1600529598
44.4101 1600529598
44.4103 1600529598
44.4094 1600529598
44.41 1600529598
44.4103 1600529598
44.4097 1600529598
44.4101 1600529598
43.8091 1600529598
43.8094 1600529598
43.8085 1600529598
43.8091 1600529598
43.809000000000005 1600529598
43.808600000000006 1600529598
43.8094 1600529598
43.8094 1600529598
42.3279 1600529598
42.3277 1600529598
42.3288 1600529598
42.3282 1600529598
42.3287 1600529598
42.3287 1600529598
42.3285 1600529598
42.3285 1600529598
44.2806 1600529598
44.2803 1600529598
44.28 1600529598
44.2796 1600529598
44.280300000000004 1600529598
44.2804 1600529598
44.2799 1600529598
44.28 1600529598
44.3707 1600529598
44.3709 1600529598
44.3709 1600529598
44.3705 1600529598
44.3714 1600529598
44.3714 1600529598
44.3712 1600529598
44.3714 1600529598
43.795 1600529598
43.795899999999996 1600529598
43.7954 1600529598
43.795899999999996 1600529598
43.7953 1600529598
43.7958 1600529598
43.795899999999996 1600529598
43.795700000000004 1600529598
44.0199 1600529598
44.0195 1600529598
44.0196 1600529598
44.0195 1600529598
44.0198 1600529598
44.0198 1600529598
44.0191 1600529598
44.019 1600529598
44.0835 1600529598
44.083000000000006 1600529598
44.083400000000005 1600529598
44.083200000000005 1600529598
44.0834 1600529598
44.0835 1600529598
44.082800000000006 1600529598
44.0825 1600529598
44.1399 1600529598
44.1406 1600529598
44.139500000000005 1600529598
44.140499999999996 1600529598
44.140499999999996 1600529598
44.1404 1600529598
44.140100000000004 1600529598
44.1401 1600529598
43.7231 1600529598
43.7229 1600529598
43.7234 1600529598
43.723400000000005 1600529598
43.7238 1600529598
43.7235 1600529598
43.723600000000005 1600529598
43.7234 1600529598
45.2237 1600529598
45.2246 1600529598
45.2244 1600529598
45.2241 1600529598
45.2244 1600529598
45.2239 1600529598
45.224500000000006 1600529598
45.22430000000001 1600529598
44.2915 1600529598
44.2909 1600529598
44.2905 1600529598
44.2907 1600529598
44.2915 1600529598
44.291 1600529598
44.2915 1600529598
44.291399999999996 1600529598
44.8893 1600529598
44.8889 1600529598
44.888999999999996 1600529598
44.8893 1600529598
44.88890000000001 1600529598
44.8886 1600529598
44.8894 1600529598
44.889700000000005 1600529598
43.5222 1600529598
43.5223 1600529598
43.522 1600529598
43.5223 1600529598
43.5216 1600529598
43.521800000000006 1600529598
43.5218 1600529598
43.5214 1600529598
44.772800000000004 1600529598
44.772400000000005 1600529598
44.7718 1600529598
44.7722 1600529598
44.772400000000005 1600529598
44.772200000000005 1600529598
44.7728 1600529598
44.7726 1600529598
41.0754 1600529598
41.0761 1600529598
41.076299999999996 1600529598
41.0758 1600529598
41.0757 1600529598
41.0764 1600529598
41.0762 1600529598
41.0761 1600529598
44.5717 1600529598
44.5709 1600529598
44.5714 1600529598
44.5715 1600529598
44.5717 1600529598
44.5715 1600529598
44.570899999999995 1600529598
44.5717 1600529598
43.7087 1600529598
43.7083 1600529598
43.7091 1600529598
43.7091 1600529598
43.7089 1600529598
43.7093 1600529598
43.709300000000006 1600529598
43.709500000000006 1600529598
42.2736 1600529598
42.2734 1600529598
42.2733 1600529598
42.2738 1600529598
42.2738 1600529598
42.2738 1600529598
42.273300000000006 1600529598
42.2729 1600529598
44.7879 1600529598
44.7873 1600529598
44.7875 1600529598
44.787000000000006 1600529598
44.7878 1600529598
44.787800000000004 1600529598
44.787800000000004 1600529598
44.7875 1600529598
43.737 1600529598
43.7361 1600529598
43.7361 1600529598
43.7363 1600529598
43.736900000000006 1600529598
43.737 1600529598
43.7367 1600529598
43.7364 1600529598
43.7161 1600529598
43.7173 1600529598
43.717200000000005 1600529598
43.716800000000006 1600529598
43.7168 1600529598
43.7172 1600529598
43.7166 1600529598
43.7171 1600529598
44.275099999999995 1600529598
44.2748 1600529598
44.2746 1600529598
44.2755 1600529598
44.275 1600529598
44.2755 1600529598
44.2755 1600529598
44.275299999999994 1600529598
43.5145 1600529598
43.514 1600529598
43.5138 1600529598
43.5144 1600529598
43.5148 1600529598
43.5143 1600529598
43.5148 1600529598
43.5148 1600529598
44.1739 1600529598
44.173500000000004 1600529598
44.1731 1600529598
44.1734 1600529598
44.1733 1600529598
44.1736 1600529598
44.174099999999996 1600529598
44.173899999999996 1600529598
44.993900000000004 1600529598
44.9929 1600529598
44.9938 1600529598
44.9938 1600529598
44.9936 1600529598
44.9935 1600529598
44.9932 1600529598
44.9933 1600529598
44.575599999999994 1600529598
44.575399999999995 1600529598
44.5749 1600529598
44.5751 1600529598
44.575199999999995 1600529598
44.5755 1600529598
44.5755 1600529598
44.5747 1600529598
44.5965 1600529598
44.595800000000004 1600529598
44.596399999999996 1600529598
44.5964 1600529598
44.5967 1600529598
44.5967 1600529598
44.5967 1600529598
44.596 1600529598
44.9971 1600529598
44.998000000000005 1600529598
44.998000000000005 1600529598
44.9976 1600529598
44.9979 1600529598
44.9974 1600529598
44.997899999999994 1600529598
44.997899999999994 1600529598
44.5863 1600529598
44.585300000000004 1600529598
44.5863 1600529598
44.5862 1600529598
44.5858 1600529598
44.5856 1600529598
44.5863 1600529598
44.586 1600529598
40.186899999999994 1600529598
40.1859 1600529598
40.1868 1600529598
40.1868 1600529598
40.1865 1600529598
40.186499999999995 1600529598
40.1862 1600529598
40.1866 1600529598
37.341899999999995 1600529598
37.3418 1600529598
37.3412 1600529598
37.341300000000004 1600529598
37.3409 1600529598
37.3414 1600529598
37.3415 1600529598
37.3417 1600529598
44.6519 1600529598
44.6526 1600529598
44.6521 1600529598
44.6526 1600529598
44.6525 1600529598
44.65219999999999 1600529598
44.651399999999995 1600529598
44.6524 1600529598
45.002399999999994 1600529598
45.002399999999994 1600529598
45.001599999999996 1600529598
45.001999999999995 1600529598
45.0021 1600529598
45.002199999999995 1600529598
45.0025 1600529598
45.001799999999996 1600529598
43.7065 1600529598
43.7063 1600529598
43.7067 1600529598
43.7067 1600529598
43.7067 1600529598
43.705999999999996 1600529598
43.706 1600529598
43.705600000000004 1600529598
43.6997 1600529598
43.6997 1600529598
43.6994 1600529598
43.6997 1600529598
43.6992 1600529598
43.699600000000004 1600529598
43.6988 1600529598
43.6999 1600529598
44.4292 1600529598
44.4296 1600529598
44.4296 1600529598
44.4295 1600529598
44.4298 1600529598
44.4299 1600529598
44.43 1600529598
44.4301 1600529598
44.5661 1600529598
44.5655 1600529598
44.5659 1600529598
44.5661 1600529598
44.5657 1600529598
44.565999999999995 1600529598
44.565799999999996 1600529598
44.5652 1600529598
45.1011 1600529598
45.101299999999995 1600529598
45.1014 1600529598
45.1005 1600529598
45.1012 1600529598
45.101499999999994 1600529598
45.1008 1600529598
45.1015 1600529598
45.1597 1600529598
45.1596 1600529598
45.1592 1600529598
45.159 1600529598
45.1588 1600529598
45.159099999999995 1600529598
45.1593 1600529598
45.1595 1600529598
44.1821 1600529598
44.1812 1600529598
44.1821 1600529598
44.181400000000004 1600529598
44.181999999999995 1600529598
44.181799999999996 1600529598
44.182199999999995 1600529598
44.181999999999995 1600529598
44.637699999999995 1600529598
44.6376 1600529598
44.6374 1600529598
44.637299999999996 1600529598
44.638 1600529598
44.638 1600529598
44.637 1600529598
44.637899999999995 1600529598
44.5608 1600529598
44.5601 1600529598
44.5605 1600529598
44.561 1600529598
44.560399999999994 1600529598
44.5606 1600529598
44.5609 1600529598
44.5611 1600529598
45.2639 1600529598
45.2638 1600529598
45.2637 1600529598
45.263 1600529598
45.264 1600529598
45.2634 1600529598
45.2633 1600529598
45.2635 1600529598
45.041199999999996 1600529598
45.0411 1600529598
45.041599999999995 1600529598
45.041799999999995 1600529598
45.0415 1600529598
45.041999999999994 1600529598
45.041999999999994 1600529598
45.041799999999995 1600529598
37.5223 1600529598
37.522 1600529598
37.5218 1600529598
37.5219 1600529598
37.521300000000004 1600529598
37.5221 1600529598
37.5216 1600529598
37.5221 1600529598
44.172 1600529598
44.171499999999995 1600529598
44.171899999999994 1600529598
44.171899999999994 1600529598
44.1718 1600529598
44.1716 1600529598
44.171299999999995 1600529598
44.1711 1600529598
45.0757 1600529598
45.0759 1600529598
45.0759 1600529598
45.075399999999995 1600529598
45.075599999999994 1600529598
45.0757 1600529598
45.074999999999996 1600529598
45.0752 1600529598
43.1282 1600529598
43.1282 1600529598
43.127599999999994 1600529598
43.128299999999996 1600529598
43.1278 1600529598
43.1282 1600529598
43.128 1600529598
43.127199999999995 1600529598
44.1575 1600529598
44.156800000000004 1600529598
44.1571 1600529598
44.1566 1600529598
44.1573 1600529598
44.157399999999996 1600529598
44.157399999999996 1600529598
44.157 1600529598
44.7135 1600529598
44.7132 1600529598
44.7127 1600529598
44.713100000000004 1600529598
44.7133 1600529598
44.7129 1600529598
44.713499999999996 1600529598
44.713699999999996 1600529598
44.5624 1600529598
44.5631 1600529598
44.562599999999996 1600529598
44.5633 1600529598
44.5633 1600529598
44.5631 1600529598
44.5633 1600529598
44.5629 1600529598
43.626 1600529598
43.6258 1600529598
43.6263 1600529598
43.6264 1600529598
43.626400000000004 1600529598
43.6255 1600529598
43.6265 1600529598
43.6262 1600529598
44.2885 1600529598
44.2882 1600529598
44.287600000000005 1600529598
44.2882 1600529598
44.2879 1600529598
44.2883 1600529598
44.2881 1600529598
44.2884 1600529598
45.1575 1600529598
45.1571 1600529598
45.1574 1600529598
45.1575 1600529598
45.1568 1600529598
45.1575 1600529598
45.156499999999994 1600529598
45.1572 1600529598
44.1699 1600529598
44.1696 1600529598
44.169799999999995 1600529598
44.169399999999996 1600529598
44.169 1600529598
44.1695 1600529598
44.1697 1600529598
44.1693 1600529598
43.5171 1600529598
43.517199999999995 1600529598
43.5174 1600529598
43.5169 1600529598
43.517399999999995 1600529598
43.5175 1600529598
43.5167 1600529598
43.5165 1600529598
43.8885 1600529598
43.8885 1600529598
43.8874 1600529598
43.888 1600529598
43.887699999999995 1600529598
43.8881 1600529598
43.888 1600529598
43.888099999999994 1600529598
44.4651 1600529598
44.465599999999995 1600529598
44.4661 1600529598
44.4659 1600529598
44.466 1600529598
44.4657 1600529598
44.4658 1600529598
44.4654 1600529598
37.166999999999994 1600529598
37.1676 1600529598
37.1672 1600529598
37.1676 1600529598
37.1675 1600529598
37.1676 1600529598
37.1676 1600529598
37.1667 1600529598
44.6545 1600529598
44.6547 1600529598
44.6539 1600529598
44.653999999999996 1600529598
44.6543 1600529598
44.6547 1600529598
44.6547 1600529598
44.654199999999996 1600529598
45.0817 1600529598
45.0822 1600529598
45.082300000000004 1600529598
45.0814 1600529598
45.081599999999995 1600529598
45.082100000000004 1600529598
45.082 1600529598
45.0823 1600529598
44.5911 1600529598
44.591 1600529598
44.5909 1600529598
44.591300000000004 1600529598
44.591300000000004 1600529598
44.5906 1600529598
44.5912 1600529598
44.5903 1600529598
44.860099999999996 1600529598
44.8606 1600529598
44.8606 1600529598
44.860499999999995 1600529598
44.859899999999996 1600529598
44.8608 1600529598
44.8608 1600529598
44.8604 1600529598
45.0375 1600529598
45.0378 1600529598
45.037800000000004 1600529598
45.0372 1600529598
45.0374 1600529598
45.0369 1600529598
45.0373 1600529598
45.0377 1600529598
43.6275 1600529598
43.628 1600529598
43.628499999999995 1600529598
43.628499999999995 1600529598
43.628099999999996 1600529598
43.6278 1600529598
43.628499999999995 1600529598
43.628299999999996 1600529598
44.7157 1600529598
44.715 1600529598
44.7152 1600529598
44.716 1600529598
44.716 1600529598
44.7158 1600529598
44.7156 1600529598
44.7154 1600529598
38.54600000000001 1600529598
38.5461 1600529598
38.5458 1600529598
38.5454 1600529598
38.5455 1600529598
38.5451 1600529598
38.545899999999996 1600529598
38.5457 1600529598
43.8869 1600529598
43.8864 1600529598
43.8868 1600529598
43.8866 1600529598
43.8868 1600529598
43.8868 1600529598
43.886100000000006 1600529598
43.886 1600529598
44.8941 1600529598
44.8941 1600529598
44.893100000000004 1600529598
44.8937 1600529598
44.8936 1600529598
44.894 1600529598
44.893299999999996 1600529598
44.893600000000006 1600529598
44.1422 1600529598
44.1426 1600529598
44.1427 1600529598
44.141999999999996 1600529598
44.1425 1600529598
44.1427 1600529598
44.1424 1600529598
44.141600000000004 1600529598
43.4255 1600529598
43.4256 1600529598
43.426 1600529598
43.426300000000005 1600529598
43.4262 1600529598
43.4259 1600529598
43.426300000000005 1600529598
43.4264 1600529598
42.341 1600529598
42.3405 1600529598
42.340900000000005 1600529598
42.3408 1600529598
42.341 1600529598
42.3406 1600529598
42.340199999999996 1600529598
42.3401 1600529598
43.926 1600529598
43.9255 1600529598
43.9258 1600529598
43.925399999999996 1600529598
43.926 1600529598
43.9252 1600529598
43.9251 1600529598
43.925700000000006 1600529598
44.0814 1600529598
44.0812 1600529598
44.0813 1600529598
44.0805 1600529598
44.0813 1600529598
44.080999999999996 1600529598
44.0812 1600529598
44.0807 1600529598
43.7557 1600529598
43.755100000000006 1600529598
43.7556 1600529598
43.7547 1600529598
43.7557 1600529598
43.7558 1600529598
43.7554 1600529598
43.7552 1600529598
44.2871 1600529598
44.2869 1600529598
44.2861 1600529598
44.2863 1600529598
44.2865 1600529598
44.2866 1600529598
44.286699999999996 1600529598
44.287 1600529598
44.7618 1600529598
44.7622 1600529598
44.7619 1600529598
44.762 1600529598
44.7624 1600529598
44.7616 1600529598
44.7624 1600529598
44.7626 1600529598
44.43470000000001 1600529598
44.435100000000006 1600529598
44.4351 1600529598
44.435100000000006 1600529598
44.4345 1600529598
44.434900000000006 1600529598
44.434900000000006 1600529598
44.4341 1600529598
42.7046 1600529598
42.7046 1600529598
42.7048 1600529598
42.7051 1600529598
42.705000000000005 1600529598
42.7043 1600529598
42.7052 1600529598
42.705200000000005 1600529598
44.3686 1600529598
44.3688 1600529598
44.368900000000004 1600529598
44.368300000000005 1600529598
44.368 1600529598
44.3682 1600529598
44.368700000000004 1600529598
44.369 1600529598
44.4186 1600529598
44.4179 1600529598
44.4177 1600529598
44.4182 1600529598
44.4182 1600529598
44.4184 1600529598
44.4185 1600529598
44.4186 1600529598
44.4051 1600529598
44.4056 1600529598
44.405699999999996 1600529598
44.4058 1600529598
44.4048 1600529598
44.4056 1600529598
44.4053 1600529598
44.4055 1600529598
45.2215 1600529598
45.2211 1600529598
45.221999999999994 1600529598
45.221999999999994 1600529598
45.2218 1600529598
45.2219 1600529598
45.2215 1600529598
45.2219 1600529598
45.2618 1600529598
45.2615 1600529598
45.261900000000004 1600529598
45.261199999999995 1600529598
45.2618 1600529598
45.2613 1600529598
45.261 1600529598
45.261599999999994 1600529598
44.4322 1600529598
44.4324 1600529598
44.4325 1600529598
44.432 1600529598
44.432199999999995 1600529598
44.431799999999996 1600529598
44.4315 1600529598
44.4317 1600529598
44.9856 1600529598
44.9853 1600529598
44.9846 1600529598
44.985 1600529598
44.9851 1600529598
44.9853 1600529598
44.9849 1600529598
44.9854 1600529598
45.0792 1600529598
45.0802 1600529598
45.08 1600529598
45.0801 1600529598
45.0798 1600529598
45.0797 1600529598
45.0802 1600529598
45.0795 1600529598
43.5072 1600529598
43.5073 1600529598
43.5066 1600529598
43.507 1600529598
43.5067 1600529598
43.5063 1600529598
43.5073 1600529598
43.506899999999995 1600529598
45.1192 1600529598
45.1196 1600529598
45.1188 1600529598
45.1193 1600529598
45.119 1600529598
45.1198 1600529598
45.1195 1600529598
45.1197 1600529598
44.3925 1600529598
44.3926 1600529598
44.3927 1600529598
44.3929 1600529598
44.3922 1600529598
44.392 1600529598
44.3929 1600529598
44.392999999999994 1600529598
45.2109 1600529598
45.2111 1600529598
45.211800000000004 1600529598
45.2115 1600529598
45.2119 1600529598
45.211800000000004 1600529598
45.2117 1600529598
45.2113 1600529598
42.8067 1600529598
42.8063 1600529598
42.8063 1600529598
42.8058 1600529598
42.8067 1600529598
42.8061 1600529598
42.8065 1600529598
42.806799999999996 1600529598
44.497499999999995 1600529598
44.4974 1600529598
44.4972 1600529598
44.497499999999995 1600529598
44.497 1600529598
44.4974 1600529598
44.4967 1600529598
44.497299999999996 1600529598
44.8285 1600529598
44.828599999999994 1600529598
44.8279 1600529598
44.8283 1600529598
44.8277 1600529598
44.8285 1600529598
44.8283 1600529598
44.8281 1600529598
44.415800000000004 1600529598
44.416399999999996 1600529598
44.41630000000001 1600529598
44.4163 1600529598
44.416399999999996 1600529598
44.4155 1600529598
44.416 1600529598
44.4159 1600529598
44.4113 1600529598
44.4117 1600529598
44.4119 1600529598
44.411500000000004 1600529598
44.4116 1600529598
44.4119 1600529598
44.4119 1600529598
44.411 1600529598
44.518 1600529598
44.5179 1600529598
44.5182 1600529598
44.5179 1600529598
44.5173 1600529598
44.517199999999995 1600529598
44.5182 1600529598
44.517599999999995 1600529598
43.2702 1600529598
43.270799999999994 1600529598
43.2709 1600529598
43.27 1600529598
43.2707 1600529598
43.2705 1600529598
43.270399999999995 1600529598
43.2707 1600529598
44.1547 1600529598
44.1546 1600529598
44.1541 1600529598
44.1546 1600529598
44.1539 1600529598
44.1538 1600529598
44.1543 1600529598
44.1544 1600529598
45.039699999999996 1600529598
45.0398 1600529598
45.0393 1600529598
45.03939999999999 1600529598
45.0395 1600529598
45.0395 1600529598
45.038999999999994 1600529598
45.039899999999996 1600529598
44.427899999999994 1600529598
44.427699999999994 1600529598
44.4274 1600529598
44.4274 1600529598
44.427099999999996 1600529598
44.427 1600529598
44.4276 1600529598
44.4278 1600529598
44.640299999999996 1600529598
44.639599999999994 1600529598
44.639799999999994 1600529598
44.6404 1600529598
44.6402 1600529598
44.6402 1600529598
44.6399 1600529598
44.639399999999995 1600529598
44.5021 1600529598
44.5018 1600529598
44.501400000000004 1600529598
44.5013 1600529598
44.502300000000005 1600529598
44.5022 1600529598
44.5017 1600529598
44.502 1600529598
45.0337 1600529598
45.0334 1600529598
45.0337 1600529598
45.0336 1600529598
45.0332 1600529598
45.0339 1600529598
45.034 1600529598
45.034 1600529598
44.987700000000004 1600529598
44.9879 1600529598
44.987500000000004 1600529598
44.9879 1600529598
44.9872 1600529598
44.9871 1600529598
44.988 1600529598
44.9879 1600529598
44.974799999999995 1600529598
44.9738 1600529598
44.9747 1600529598
44.974599999999995 1600529598
44.9741 1600529598
44.974599999999995 1600529598
44.9743 1600529598
44.9744 1600529598
43.5237 1600529598
43.5233 1600529598
43.523 1600529598
43.5229 1600529598
43.5239 1600529598
43.523599999999995 1600529598
43.5235 1600529598
43.5238 1600529598
45.2252 1600529598
45.2261 1600529598
45.225899999999996 1600529598
45.2257 1600529598
45.2261 1600529598
45.2262 1600529598
45.226 1600529598
45.225500000000004 1600529598
44.572799999999994 1600529598
44.573 1600529598
44.5734 1600529598
44.5734 1600529598
44.573100000000004 1600529598
44.5726 1600529598
44.5734 1600529598
44.5733 1600529598
44.2777 1600529598
44.2777 1600529598
44.2769 1600529598
44.276999999999994 1600529598
44.2777 1600529598
44.27719999999999 1600529598
44.277499999999996 1600529598
44.277499999999996 1600529598
42.7429 1600529598
42.7419 1600529598
42.7428 1600529598
42.7427 1600529598
42.7426 1600529598
42.7428 1600529598
42.742200000000004 1600529598
42.7424 1600529598
44.1848 1600529598
44.1847 1600529598
44.1843 1600529598
44.1845 1600529598
44.1845 1600529598
44.1838 1600529598
44.1845 1600529598
44.184099999999994 1600529598
45.1219 1600529598
45.1215 1600529598
45.120999999999995 1600529598
45.121199999999995 1600529598
45.1218 1600529598
45.122 1600529598
45.121399999999994 1600529598
45.1217 1600529598
44.185900000000004 1600529598
44.1869 1600529598
44.1868 1600529598
44.1867 1600529598
44.1867 1600529598
44.1863 1600529598
44.1862 1600529598
44.1865 1600529598
45.426 1600529598
45.4258 1600529598
45.426 1600529598
45.425399999999996 1600529598
45.426 1600529598
45.4256 1600529598
45.425200000000004 1600529598
45.4238 1600529598
43.518499999999996 1600529598
43.5177 1600529598
43.518699999999995 1600529598
43.518699999999995 1600529598
43.518 1600529598
43.518699999999995 1600529598
43.5184 1600529598
43.518299999999996 1600529598
44.6943 1600529598
44.6952 1600529598
44.6948 1600529598
44.6951 1600529598
44.6952 1600529598
44.6952 1600529598
44.6949 1600529598
44.6946 1600529598
42.512299999999996 1600529598
42.512499999999996 1600529598
42.5126 1600529598
42.513 1600529598
42.5128 1600529598
42.513 1600529598
42.5132 1600529598
42.5132 1600529598
44.5486 1600529598
44.5486 1600529598
44.5483 1600529598
44.549 1600529598
44.549 1600529598
44.547999999999995 1600529598
44.548899999999996 1600529598
44.5488 1600529598
44.894 1600529598
44.8931 1600529598
44.893899999999995 1600529598
44.8936 1600529598
44.8938 1600529598
44.893299999999996 1600529598
44.893699999999995 1600529598
44.8938 1600529598
44.5602 1600529598
44.5597 1600529598
44.560199999999995 1600529598
44.5598 1600529598
44.56 1600529598
44.5602 1600529598
44.559400000000004 1600529598
44.5599 1600529598
36.6093 1600529598
36.61 1600529598
36.610200000000006 1600529598
36.610200000000006 1600529598
36.6098 1600529598
36.6103 1600529598
36.609700000000004 1600529598
36.609500000000004 1600529598
44.6966 1600529598
44.6965 1600529598
44.696299999999994 1600529598
44.696999999999996 1600529598
44.696999999999996 1600529598
44.696600000000004 1600529598
44.6959 1600529598
44.6968 1600529598
44.5558 1600529598
44.5558 1600529598
44.5556 1600529598
44.5555 1600529598
44.554899999999996 1600529598
44.5551 1600529598
44.555299999999995 1600529598
44.5552 1600529598
44.1596 1600529598
44.1602 1600529598
44.1602 1600529598
44.160000000000004 1600529598
44.1603 1600529598
44.1599 1600529598
44.1601 1600529598
44.1593 1600529598
41.9478 1600529598
41.948499999999996 1600529598
41.948299999999996 1600529598
41.948499999999996 1600529598
41.9476 1600529598
41.9482 1600529598
41.9482 1600529598
41.9486 1600529598
44.632 1600529598
44.631899999999995 1600529598
44.631499999999996 1600529598
44.632099999999994 1600529598
44.6324 1600529598
44.6324 1600529598
44.631699999999995 1600529598
44.6322 1600529598
44.58 1600529598
44.5804 1600529598
44.5809 1600529598
44.5809 1600529598
44.5808 1600529598
44.5809 1600529598
44.5805 1600529598
44.5803 1600529598
44.6348 1600529598
44.6347 1600529598
44.6343 1600529598
44.6338 1600529598
44.6342 1600529598
44.6345 1600529598
44.6345 1600529598
44.634100000000004 1600529598
45.0788 1600529598
45.0789 1600529598
45.0785 1600529598
45.0786 1600529598
45.078 1600529598
45.0789 1600529598
45.0783 1600529598
45.0786 1600529598
45.0763 1600529598
45.0768 1600529598
45.0768 1600529598
45.0758 1600529598
45.0765 1600529598
45.0766 1600529598
45.0766 1600529598
45.076100000000004 1600529598
44.4179 1600529598
44.4171 1600529598
44.417 1600529598
44.4177 1600529598
44.4176 1600529598
44.4178 1600529598
44.4177 1600529598
44.4174 1600529598
45.259 1600529598
45.2585 1600529598
45.2589 1600529598
45.2588 1600529598
45.258199999999995 1600529598
45.2587 1600529598
45.2588 1600529598
45.2592 1600529598
44.4938 1600529598
44.4941 1600529598
44.4946 1600529598
44.4944 1600529598
44.4935 1600529598
44.4939 1600529598
44.4943 1600529598
44.4944 1600529598
43.7003 1600529598
43.701 1600529598
43.7007 1600529598
43.7009 1600529598
43.700799999999994 1600529598
43.700399999999995 1600529598
43.7001 1600529598
43.701 1600529598
45.0445 1600529598
45.0448 1600529598
45.0448 1600529598
45.0443 1600529598
45.0448 1600529598
45.0447 1600529598
45.0441 1600529598
45.045 1600529598
44.6898 1600529598
44.6892 1600529598
44.6898 1600529598
44.6895 1600529598
44.6897 1600529598
44.688900000000004 1600529598
44.6893 1600529598
44.6897 1600529598
45.0317 1600529598
45.0326 1600529598
45.0324 1600529598
45.0323 1600529598
45.0322 1600529598
45.0323 1600529598
45.032 1600529598
45.032599999999995 1600529598
44.237500000000004 1600529598
44.2371 1600529598
44.2374 1600529598
44.2376 1600529598
44.2368 1600529598
44.2366 1600529598
44.2376 1600529598
44.2373 1600529598
44.691599999999994 1600529598
44.6919 1600529598
44.691399999999994 1600529598
44.6913 1600529598
44.6921 1600529598
44.6919 1600529598
44.6922 1600529598
44.6921 1600529598
43.5912 1600529598
43.5909 1600529598
43.591300000000004 1600529598
43.5902 1600529598
43.591300000000004 1600529598
43.591300000000004 1600529598
43.5905 1600529598
43.591 1600529598
45.1217 1600529598
45.122299999999996 1600529598
45.1226 1600529598
45.1224 1600529598
45.122099999999996 1600529598
45.122 1600529598
45.1223 1600529598
45.1226 1600529598
45.124700000000004 1600529598
45.1244 1600529598
45.1239 1600529598
45.124500000000005 1600529598
45.124900000000004 1600529598
45.1242 1600529598
45.1246 1600529598
45.124900000000004 1600529598
38.1883 1600529598
38.1874 1600529598
38.1881 1600529598
38.187799999999996 1600529598
38.1884 1600529598
38.1885 1600529598
38.1881 1600529598
38.187999999999995 1600529598
44.5013 1600529598
44.5008 1600529598
44.5005 1600529598
44.5006 1600529598
44.5009 1600529598
44.5012 1600529598
44.5014 1600529598
44.501099999999994 1600529598
44.400999999999996 1600529598
44.4013 1600529598
44.4007 1600529598
44.4007 1600529598
44.401300000000006 1600529598
44.4012 1600529598
44.4005 1600529598
44.40110000000001 1600529598
44.2727 1600529598
44.2725 1600529598
44.272600000000004 1600529598
44.2723 1600529598
44.273199999999996 1600529598
44.2728 1600529598
44.2732 1600529598
44.2731 1600529598
43.845400000000005 1600529598
43.8457 1600529598
43.8449 1600529598
43.845800000000004 1600529598
43.845800000000004 1600529598
43.845200000000006 1600529598
43.845600000000005 1600529598
43.845600000000005 1600529598
43.7628 1600529598
43.7634 1600529598
43.7634 1600529598
43.7625 1600529598
43.7633 1600529598
43.7631 1600529598
43.7631 1600529598
43.7637 1600529598
44.022999999999996 1600529598
44.023 1600529598
44.0232 1600529598
44.0227 1600529598
44.0232 1600529598
44.023300000000006 1600529598
44.023500000000006 1600529598
44.0236 1600529598
42.541700000000006 1600529598
42.5428 1600529598
42.542 1600529598
42.5429 1600529598
42.5424 1600529598
42.5429 1600529598
42.5427 1600529598
42.5428 1600529598
42.5018 1600529598
42.502100000000006 1600529598
42.501400000000004 1600529598
42.502500000000005 1600529598
42.502500000000005 1600529598
42.5026 1600529598
42.502300000000005 1600529598
42.502100000000006 1600529598
42.3386 1600529598
42.3389 1600529598
42.3389 1600529598
42.339000000000006 1600529598
42.339200000000005 1600529598
42.3393 1600529598
42.3393 1600529598
42.338300000000004 1600529598
44.3967 1600529598
44.3962 1600529598
44.3966 1600529598
44.396499999999996 1600529598
44.3964 1600529598
44.397 1600529598
44.397 1600529598
44.397000000000006 1600529598
44.3523 1600529598
44.351800000000004 1600529598
44.3523 1600529598
44.352000000000004 1600529598
44.3515 1600529598
44.352500000000006 1600529598
44.3524 1600529598
44.352199999999996 1600529598
44.9715 1600529598
44.9706 1600529598
44.9714 1600529598
44.9715 1600529598
44.971199999999996 1600529598
44.9711 1600529598
44.9715 1600529598
44.9708 1600529598
44.919000000000004 1600529598
44.9195 1600529598
44.9198 1600529598
44.918600000000005 1600529598
44.9195 1600529598
44.9195 1600529598
44.9193 1600529598
44.9195 1600529598
44.146100000000004 1600529598
44.1452 1600529598
44.146100000000004 1600529598
44.146 1600529598
44.1456 1600529598
44.145500000000006 1600529598
44.1462 1600529598
44.145900000000005 1600529598
44.3256 1600529598
44.3258 1600529598
44.326 1600529598
44.326 1600529598
44.3254 1600529598
44.326 1600529598
44.3257 1600529598
44.324799999999996 1600529598
44.4242 1600529598
44.4242 1600529598
44.4238 1600529598
44.4246 1600529598
44.424600000000005 1600529598
44.424 1600529598
44.423500000000004 1600529598
44.4244 1600529598
41.1428 1600529598
41.1431 1600529598
41.143 1600529598
41.143499999999996 1600529598
41.1423 1600529598
41.143499999999996 1600529598
41.143499999999996 1600529598
41.143299999999996 1600529598
44.4358 1600529598
44.4359 1600529598
44.435300000000005 1600529598
44.4359 1600529598
44.4349 1600529598
44.4354 1600529598
44.4359 1600529598
44.4356 1600529598
41.0323 1600529598
41.0321 1600529598
41.0315 1600529598
41.032 1600529598
41.032 1600529598
41.0319 1600529598
41.0317 1600529598
41.0313 1600529598
43.8817 1600529598
43.8817 1600529598
43.8815 1600529598
43.8809 1600529598
43.881299999999996 1600529598
43.881299999999996 1600529598
43.8812 1600529598
43.8819 1600529598
42.1902 1600529598
42.190999999999995 1600529598
42.190799999999996 1600529598
42.190799999999996 1600529598
42.1905 1600529598
42.1901 1600529598
42.1909 1600529598
42.1911 1600529598
42.1841 1600529598
42.184400000000004 1600529598
42.1835 1600529598
42.184200000000004 1600529598
42.1836 1600529598
42.183800000000005 1600529598
42.184200000000004 1600529598
42.1842 1600529598
36.8574 1600529598
36.857000000000006 1600529598
36.8573 1600529598
36.8577 1600529598
36.857400000000005 1600529598
36.8578 1600529598
36.8581 1600529598
36.858 1600529598
43.8797 1600529598
43.8793 1600529598
43.8798 1600529598
43.878800000000005 1600529598
43.8797 1600529598
43.8791 1600529598
43.8795 1600529598
43.8798 1600529598
44.8277 1600529598
44.8277 1600529598
44.827 1600529598
44.826499999999996 1600529598
44.827799999999996 1600529598
44.8272 1600529598
44.8268 1600529598
44.8269 1600529598
42.2644 1600529598
42.264900000000004 1600529598
42.2641 1600529598
42.2642 1600529598
42.2648 1600529598
42.265 1600529598
42.264700000000005 1600529598
42.2651 1600529598
42.6832 1600529598
42.6829 1600529598
42.6826 1600529598
42.6822 1600529598
42.6824 1600529598
42.683099999999996 1600529598
42.683099999999996 1600529598
42.6828 1600529598
44.3392 1600529598
44.3393 1600529598
44.3394 1600529598
44.338699999999996 1600529598
44.3388 1600529598
44.339 1600529598
44.3393 1600529598
44.338499999999996 1600529598
43.883700000000005 1600529598
43.8834 1600529598
43.883500000000005 1600529598
43.884 1600529598
43.884 1600529598
43.884 1600529598
43.8832 1600529598
43.883 1600529598
45.3391 1600529598
45.338800000000006 1600529598
45.3396 1600529598
45.3395 1600529598
45.339000000000006 1600529598
45.3385 1600529598
45.3391 1600529598
45.3394 1600529598
44.736200000000004 1600529598
44.736700000000006 1600529598
44.7367 1600529598
44.7366 1600529598
44.7357 1600529598
44.7363 1600529598
44.7366 1600529598
44.7367 1600529598
44.154 1600529598
44.1541 1600529598
44.153400000000005 1600529598
44.1544 1600529598
44.1542 1600529598
44.153600000000004 1600529598
44.153800000000004 1600529598
44.154199999999996 1600529598
43.7334 1600529598
43.7335 1600529598
43.7326 1600529598
43.7331 1600529598
43.7334 1600529598
43.7325 1600529598
43.7325 1600529598
43.733200000000004 1600529598
44.7402 1600529598
44.7409 1600529598
44.7411 1600529598
44.7413 1600529598
44.7408 1600529598
44.7411 1600529598
44.7403 1600529598
44.7413 1600529598
42.2592 1600529598
42.259100000000004 1600529598
42.258700000000005 1600529598
42.2584 1600529598
42.2596 1600529598
42.259299999999996 1600529598
42.2587 1600529598
42.2593 1600529598
44.788500000000006 1600529598
44.7886 1600529598
44.7876 1600529598
44.7885 1600529598
44.788 1600529598
44.788000000000004 1600529598
44.7886 1600529598
44.7883 1600529598
44.984500000000004 1600529598
44.9846 1600529598
44.9843 1600529598
44.9841 1600529598
44.9837 1600529598
44.9841 1600529598
44.983900000000006 1600529598
44.9847 1600529598
44.7457 1600529598
44.7455 1600529598
44.7453 1600529598
44.7455 1600529598
44.745200000000004 1600529598
44.7447 1600529598
44.7449 1600529598
44.7458 1600529598
44.151700000000005 1600529598
44.151 1600529598
44.1515 1600529598
44.15110000000001 1600529598
44.1519 1600529598
44.1519 1600529598
44.151900000000005 1600529598
44.1515 1600529598
42.4529 1600529598
42.4536 1600529598
42.4531 1600529598
42.4536 1600529598
42.453500000000005 1600529598
42.4531 1600529598
42.4531 1600529598
42.452600000000004 1600529598
45.159200000000006 1600529598
45.1595 1600529598
45.1593 1600529598
45.158699999999996 1600529598
45.1597 1600529598
45.1597 1600529598
45.1593 1600529598
45.1588 1600529598
36.8369 1600529598
36.836600000000004 1600529598
36.8359 1600529598
36.8369 1600529598
36.836400000000005 1600529598
36.836200000000005 1600529598
36.836800000000004 1600529598
36.836400000000005 1600529598
44.347300000000004 1600529598
44.3477 1600529598
44.348 1600529598
44.3481 1600529598
44.348 1600529598
44.3476 1600529598
44.3476 1600529598
44.348200000000006 1600529598
44.743500000000004 1600529598
44.743 1600529598
44.742599999999996 1600529598
44.743300000000005 1600529598
44.7433 1600529598
44.7436 1600529598
44.7429 1600529598
44.7434 1600529598
43.885400000000004 1600529598
43.885200000000005 1600529598
43.886 1600529598
43.886 1600529598
43.885600000000004 1600529598
43.8862 1600529598
43.8862 1600529598
43.8858 1600529598
43.6615 1600529598
43.6611 1600529598
43.6612 1600529598
43.6614 1600529598
43.6605 1600529598
43.6609 1600529598
43.6608 1600529598
43.6614 1600529598
44.8226 1600529598
44.8226 1600529598
44.8223 1600529598
44.822700000000005 1600529598
44.822500000000005 1600529598
44.822 1600529598
44.8228 1600529598
44.822900000000004 1600529598
42.1816 1600529598
42.182 1600529598
42.182100000000005 1600529598
42.182100000000005 1600529598
42.1813 1600529598
42.1811 1600529598
42.1822 1600529598
42.1818 1600529598
44.830000000000005 1600529598
44.8296 1600529598
44.829100000000004 1600529598
44.8295 1600529598
44.8294 1600529598
44.8298 1600529598
44.8301 1600529598
44.829800000000006 1600529598
44.1375 1600529598
44.137 1600529598
44.137299999999996 1600529598
44.137299999999996 1600529598
44.1365 1600529598
44.1371 1600529598
44.1375 1600529598
44.136700000000005 1600529598
44.356 1600529598
44.357 1600529598
44.3566 1600529598
44.356899999999996 1600529598
44.3567 1600529598
44.3564 1600529598
44.357 1600529598
44.356899999999996 1600529598
43.7243 1600529598
43.7246 1600529598
43.7247 1600529598
43.7246 1600529598
43.724700000000006 1600529598
43.724000000000004 1600529598
43.7245 1600529598
43.723600000000005 1600529598
42.455600000000004 1600529598
42.4551 1600529598
42.4549 1600529598
42.4553 1600529598
42.4558 1600529598
42.4559 1600529598
42.4559 1600529598
42.4555 1600529598
44.0472 1600529598
44.0476 1600529598
44.0478 1600529598
44.0469 1600529598
44.0475 1600529598
44.0478 1600529598
44.0478 1600529598
44.0472 1600529598
43.7309 1600529598
43.7303 1600529598
43.7301 1600529598
43.7306 1600529598
43.7306 1600529598
43.7311 1600529598
43.731 1600529598
43.7307 1600529598
43.747800000000005 1600529598
43.7477 1600529598
43.7483 1600529598
43.7483 1600529598
43.748000000000005 1600529598
43.748200000000004 1600529598
43.7483 1600529598
43.7474 1600529598
43.5065 1600529598
43.5069 1600529598
43.5066 1600529598
43.506299999999996 1600529598
43.507000000000005 1600529598
43.506800000000005 1600529598
43.506 1600529598
43.5069 1600529598
42.9939 1600529598
42.9943 1600529598
42.9945 1600529598
42.9945 1600529598
42.9936 1600529598
42.9943 1600529598
42.9942 1600529598
42.9946 1600529598
8.4894 1600529598
8.5823 1600529598
8.4894 1600529598
8.5832 1600529598
8.4896 1600529598
8.5829 1600529598
8.5822 1600529598
8.4895 1600529598
44.019 1600529598
44.0188 1600529598
44.018299999999996 1600529598
44.0187 1600529598
44.0191 1600529598
44.0191 1600529598
44.0184 1600529598
44.0192 1600529598
42.493700000000004 1600529598
42.4935 1600529598
42.4935 1600529598
42.4935 1600529598
42.4928 1600529598
42.492900000000006 1600529598
42.4935 1600529598
42.4933 1600529598
44.7864 1600529598
44.785900000000005 1600529598
44.7858 1600529598
44.7861 1600529598
44.786300000000004 1600529598
44.7862 1600529598
44.785500000000006 1600529598
44.786 1600529598
37.124 1600529598
37.1234 1600529598
37.124100000000006 1600529598
37.1231 1600529598
37.1235 1600529598
37.1236 1600529598
37.1237 1600529598
37.1239 1600529598
44.0821 1600529598
44.0816 1600529598
44.081700000000005 1600529598
44.0812 1600529598
44.0814 1600529598
44.082 1600529598
44.081900000000005 1600529598
44.0818 1600529598
44.791 1600529598
44.791199999999996 1600529598
44.7908 1600529598
44.791199999999996 1600529598
44.7903 1600529598
44.791199999999996 1600529598
44.7906 1600529598
44.7911 1600529598
44.9365 1600529598
44.9364 1600529598
44.9363 1600529598
44.9366 1600529598
44.936099999999996 1600529598
44.9363 1600529598
44.9356 1600529598
44.9358 1600529598
44.4268 1600529598
44.426 1600529598
44.4256 1600529598
44.4266 1600529598
44.4266 1600529598
44.426300000000005 1600529598
44.4264 1600529598
44.4264 1600529598
43.0081 1600529598
43.0088 1600529598
43.0085 1600529598
43.0083 1600529598
43.0086 1600529598
43.0086 1600529598
43.0077 1600529598
43.0087 1600529598
44.6303 1600529598
44.6308 1600529598
44.630500000000005 1600529598
44.629900000000006 1600529598
44.63 1600529598
44.6308 1600529598
44.630700000000004 1600529598
44.6308 1600529598
44.9912 1600529598
44.9916 1600529598
44.9916 1600529598
44.9914 1600529598
44.990899999999996 1600529598
44.9913 1600529598
44.9916 1600529598
44.9907 1600529598
44.1322 1600529598
44.1323 1600529598
44.132 1600529598
44.1318 1600529598
44.132 1600529598
44.1316 1600529598
44.1323 1600529598
44.131299999999996 1600529598
44.3628 1600529598
44.3632 1600529598
44.3635 1600529598
44.3633 1600529598
44.3631 1600529598
44.3635 1600529598
44.3635 1600529598
44.3626 1600529598
44.738400000000006 1600529598
44.7387 1600529598
44.7391 1600529598
44.739000000000004 1600529598
44.738600000000005 1600529598
44.7386 1600529598
44.7387 1600529598
44.7381 1600529598
44.8968 1600529598
44.8964 1600529598
44.8963 1600529598
44.896499999999996 1600529598
44.8969 1600529598
44.8969 1600529598
44.896 1600529598
44.8966 1600529598
38.8593 1600529598
38.8598 1600529598
38.8598 1600529598
38.8598 1600529598
38.8589 1600529598
38.8595 1600529598
38.86 1600529598
38.8601 1600529598
42.44 1600529598
42.4398 1600529598
42.439299999999996 1600529598
42.4399 1600529598
42.4397 1600529598
42.4399 1600529598
42.4395 1600529598
42.4391 1600529598
42.2992 1600529598
42.2987 1600529598
42.2997 1600529598
42.2997 1600529598
42.2995 1600529598
42.2996 1600529598
42.2991 1600529598
42.299600000000005 1600529598
45.1995 1600529598
45.1993 1600529598
45.198800000000006 1600529598
45.1995 1600529598
45.1993 1600529598
45.1997 1600529598
45.1991 1600529598
45.199600000000004 1600529598
43.760799999999996 1600529598
43.760999999999996 1600529598
43.7611 1600529598
43.761 1600529598
43.7612 1600529598
43.7603 1600529598
43.7605 1600529598
43.7606 1600529598
40.641600000000004 1600529598
40.6415 1600529598
40.6416 1600529598
40.6406 1600529598
40.6417 1600529598
40.6413 1600529598
40.6417 1600529598
40.641000000000005 1600529598
44.5542 1600529598
44.553399999999996 1600529598
44.5532 1600529598
44.5536 1600529598
44.554 1600529598
44.554 1600529598
44.5535 1600529598
44.5538 1600529598
43.8485 1600529598
43.847699999999996 1600529598
43.8485 1600529598
43.8481 1600529598
43.848200000000006 1600529598
43.848600000000005 1600529598
43.8485 1600529598
43.8484 1600529598
45.1155 1600529598
45.1165 1600529598
45.1164 1600529598
45.1159 1600529598
45.1165 1600529598
45.1158 1600529598
45.116400000000006 1600529598
45.1163 1600529598
44.0247 1600529598
44.0256 1600529598
44.025400000000005 1600529598
44.0249 1600529598
44.025600000000004 1600529598
44.0255 1600529598
44.0251 1600529598
44.0251 1600529598
42.228 1600529598
42.2286 1600529598
42.2285 1600529598
42.2282 1600529598
42.2286 1600529598
42.2285 1600529598
42.2277 1600529598
42.2287 1600529598
45.3438 1600529598
45.343199999999996 1600529598
45.3438 1600529598
45.3434 1600529598
45.3434 1600529598
45.343700000000005 1600529598
45.3428 1600529598
45.3435 1600529598
44.4974 1600529598
44.4971 1600529598
44.497400000000006 1600529598
44.4972 1600529598
44.4967 1600529598
44.4974 1600529598
44.4964 1600529598
44.4973 1600529598
44.0115 1600529598
44.0125 1600529598
44.0115 1600529598
44.0125 1600529598
44.0125 1600529598
44.012 1600529598
44.0122 1600529598
44.0124 1600529598
44.6852 1600529598
44.6859 1600529598
44.6858 1600529598
44.6853 1600529598
44.6849 1600529598
44.685900000000004 1600529598
44.6856 1600529598
44.6857 1600529598
37.1264 1600529598
37.1264 1600529598
37.1255 1600529598
37.1259 1600529598
37.126 1600529598
37.1262 1600529598
37.1262 1600529598
37.1258 1600529598
43.8717 1600529598
43.872 1600529598
43.8713 1600529598
43.8711 1600529598
43.8715 1600529598
43.872 1600529598
43.872 1600529598
43.8719 1600529598
43.7697 1600529598
43.7694 1600529598
43.7701 1600529598
43.7699 1600529598
43.7691 1600529598
43.769999999999996 1600529598
43.7699 1600529598
43.769600000000004 1600529598
42.3304 1600529598
42.3306 1600529598
42.3301 1600529598
42.3306 1600529598
42.3309 1600529598
42.330799999999996 1600529598
42.3299 1600529598
42.3307 1600529598
45.3418 1600529598
45.3418 1600529598
45.3415 1600529598
45.340700000000005 1600529598
45.3414 1600529598
45.3408 1600529598
45.341300000000004 1600529598
45.341300000000004 1600529598
43.327799999999996 1600529598
43.3275 1600529598
43.3281 1600529598
43.3283 1600529598
43.3283 1600529598
43.3279 1600529598
43.3274 1600529598
43.3282 1600529598
45.20910000000001 1600529598
45.2091 1600529598
45.209500000000006 1600529598
45.2096 1600529598
45.2096 1600529598
45.208600000000004 1600529598
45.2091 1600529598
45.2088 1600529598
42.261500000000005 1600529598
42.26240000000001 1600529598
42.262800000000006 1600529598
42.2625 1600529598
42.262 1600529598
42.262 1600529598
42.2624 1600529598
42.262800000000006 1600529598
44.353899999999996 1600529598
44.354600000000005 1600529598
44.3541 1600529598
44.3543 1600529598
44.3547 1600529598
44.3548 1600529598
44.3546 1600529598
44.3544 1600529598
42.679300000000005 1600529598
42.679700000000004 1600529598
42.6788 1600529598
42.6797 1600529598
42.679500000000004 1600529598
42.679500000000004 1600529598
42.6795 1600529598
42.679 1600529598
44.9756 1600529598
44.9757 1600529598
44.9759 1600529598
44.9759 1600529598
44.975699999999996 1600529598
44.9754 1600529598
44.975 1600529598
44.9752 1600529598
42.495 1600529598
42.496 1600529598
42.4958 1600529598
42.496 1600529598
42.4953 1600529598
42.4959 1600529598
42.495900000000006 1600529598
42.4955 1600529598
44.7779 1600529598
44.7778 1600529598
44.777800000000006 1600529598
44.778400000000005 1600529598
44.778200000000005 1600529598
44.778400000000005 1600529598
44.778400000000005 1600529598
44.7775 1600529598
44.3946 1600529598
44.3948 1600529598
44.394600000000004 1600529598
44.3944 1600529598
44.3948 1600529598
44.3942 1600529598
44.3938 1600529598
44.394 1600529598
43.7111 1600529598
43.71 1600529598
43.711 1600529598
43.7104 1600529598
43.7111 1600529598
43.7107 1600529598
43.711 1600529598
43.711 1600529598
44.3448 1600529598
44.3455 1600529598
44.345600000000005 1600529598
44.345200000000006 1600529598
44.3451 1600529598
44.3451 1600529598
44.3455 1600529598
44.3457 1600529598
44.9781 1600529598
44.9778 1600529598
44.977199999999996 1600529598
44.9781 1600529598
44.9779 1600529598
44.9776 1600529598
44.9778 1600529598
44.9775 1600529598
43.873400000000004 1600529598
43.874300000000005 1600529598
43.8742 1600529598
43.874 1600529598
43.8744 1600529598
43.8742 1600529598
43.8735 1600529598
43.8738 1600529598
43.7671 1600529598
43.7672 1600529598
43.766799999999996 1600529598
43.7677 1600529598
43.7676 1600529598
43.7677 1600529598
43.7674 1600529598
43.7677 1600529598
42.4422 1600529598
42.4431 1600529598
42.4429 1600529598
42.443000000000005 1600529598
42.4431 1600529598
42.4431 1600529598
42.442600000000006 1600529598
42.4425 1600529598
44.3882 1600529598
44.3878 1600529598
44.3877 1600529598
44.388 1600529598
44.3875 1600529598
44.3878 1600529598
44.3879 1600529598
44.3872 1600529598
44.7807 1600529598
44.7802 1600529598
44.7803 1600529598
44.7799 1600529598
44.7797 1600529598
44.7806 1600529598
44.780499999999996 1600529598
44.7804 1600529598
44.7666 1600529598
44.766799999999996 1600529598
44.767500000000005 1600529598
44.7671 1600529598
44.7669 1600529598
44.7674 1600529598
44.7674 1600529598
44.7676 1600529598
40.4563 1600529598
40.4563 1600529598
40.4564 1600529598
40.456700000000005 1600529598
40.455799999999996 1600529598
40.455299999999994 1600529598
40.4566 1600529598
40.4561 1600529598
43.7351 1600529598
43.735 1600529598
43.7353 1600529598
43.7347 1600529598
43.734899999999996 1600529598
43.7355 1600529598
43.7355 1600529598
43.735600000000005 1600529598
44.7331 1600529598
44.7327 1600529598
44.7329 1600529598
44.7329 1600529598
44.732200000000006 1600529598
44.7323 1600529598
44.7328 1600529598
44.7333 1600529598
42.9176 1600529598
42.9172 1600529598
42.9178 1600529598
42.9168 1600529598
42.9169 1600529598
42.9172 1600529598
42.9176 1600529598
42.917899999999996 1600529598
43.714999999999996 1600529598
43.7154 1600529598
43.715700000000005 1600529598
43.715500000000006 1600529598
43.715199999999996 1600529598
43.7155 1600529598
43.714800000000004 1600529598
43.7158 1600529598
44.898300000000006 1600529598
44.898700000000005 1600529598
44.898700000000005 1600529598
44.898599999999995 1600529598
44.8985 1600529598
44.8989 1600529598
44.8989 1600529598
44.8981 1600529598
45.195499999999996 1600529598
45.1954 1600529598
45.1955 1600529598
45.1946 1600529598
45.195 1600529598
45.1952 1600529598
45.194900000000004 1600529598
45.1948 1600529598
42.2746 1600529598
42.2749 1600529598
42.275600000000004 1600529598
42.2751 1600529598
42.2755 1600529598
42.2754 1600529598
42.2753 1600529598
42.2749 1600529598
40.838 1600529598
40.8376 1600529598
40.8379 1600529598
40.8387 1600529598
40.8383 1600529598
40.8384 1600529598
40.8387 1600529598
40.8387 1600529598
43.218999999999994 1600529598
43.21810000000001 1600529598
43.2183 1600529598
43.2189 1600529598
43.2191 1600529598
43.2188 1600529598
43.2188 1600529598
43.2185 1600529598
44.825300000000006 1600529598
44.8252 1600529598
44.8254 1600529598
44.824400000000004 1600529598
44.824600000000004 1600529598
44.8248 1600529598
44.825300000000006 1600529598
44.825 1600529598
44.3414 1600529598
44.3412 1600529598
44.3407 1600529598
44.3404 1600529598
44.3414 1600529598
44.341 1600529598
44.340900000000005 1600529598
44.341300000000004 1600529598
43.7559 1600529598
43.7565 1600529598
43.7556 1600529598
43.7564 1600529598
43.756 1600529598
43.756 1600529598
43.7563 1600529598
43.7567 1600529598
40.2356 1600529598
40.235200000000006 1600529598
40.235400000000006 1600529598
40.2355 1600529598
40.2353 1600529598
40.2349 1600529598
40.235600000000005 1600529598
40.234399999999994 1600529598
44.2031 1600529598
44.2038 1600529598
44.204 1600529598
44.2036 1600529598
44.204 1600529598
44.2036 1600529598
44.204 1600529598
44.2034 1600529598
44.729800000000004 1600529598
44.730900000000005 1600529598
44.7303 1600529598
44.7305 1600529598
44.7305 1600529598
44.731 1600529598
44.730700000000006 1600529598
44.7306 1600529598
44.5781 1600529598
44.579299999999996 1600529598
44.579 1600529598
44.5788 1600529598
44.579299999999996 1600529598
44.579299999999996 1600529598
44.5794 1600529598
44.5786 1600529598
37.2869 1600529598
37.2873 1600529598
37.286699999999996 1600529598
37.2873 1600529598
37.2872 1600529598
37.2871 1600529598
37.2864 1600529598
37.2871 1600529598
44.3898 1600529598
44.39 1600529598
44.39 1600529598
44.3894 1600529598
44.39 1600529598
44.389700000000005 1600529598
44.3892 1600529598
44.3894 1600529598
44.360699999999994 1600529598
44.3612 1600529598
44.3609 1600529598
44.361000000000004 1600529598
44.361000000000004 1600529598
44.3604 1600529598
44.360200000000006 1600529598
44.3612 1600529598
42.5598 1600529598
42.559599999999996 1600529598
42.5597 1600529598
42.5599 1600529598
42.5593 1600529598
42.5589 1600529598
42.5598 1600529598
42.5591 1600529598
44.980199999999996 1600529598
44.9798 1600529598
44.9801 1600529598
44.9796 1600529598
44.98 1600529598
44.9793 1600529598
44.9796 1600529598
44.9803 1600529598
43.8689 1600529598
43.8698 1600529598
43.8692 1600529598
43.8698 1600529598
43.8696 1600529598
43.8694 1600529598
43.8694 1600529598
43.8698 1600529598
44.0203 1600529598
44.0213 1600529598
44.0211 1600529598
44.0213 1600529598
44.0206 1600529598
44.0209 1600529598
44.0213 1600529598
44.0209 1600529598
44.342800000000004 1600529598
44.3435 1600529598
44.3433 1600529598
44.343500000000006 1600529598
44.3435 1600529598
44.343500000000006 1600529598
44.3429 1600529598
44.343700000000005 1600529598
42.3356 1600529598
42.3358 1600529598
42.3352 1600529598
42.3362 1600529598
42.3359 1600529598
42.3362 1600529598
42.3361 1600529598
42.3361 1600529598
44.0497 1600529598
44.05 1600529598
44.0493 1600529598
44.0499 1600529598
44.0499 1600529598
44.0491 1600529598
44.049800000000005 1600529598
44.0495 1600529598
44.7817 1600529598
44.7821 1600529598
44.7828 1600529598
44.7823 1600529598
44.782500000000006 1600529598
44.782199999999996 1600529598
44.7818 1600529598
44.782700000000006 1600529598
41.3598 1600529598
41.3596 1600529598
41.3598 1600529598
41.359300000000005 1600529598
41.3594 1600529598
41.3592 1600529598
41.3598 1600529598
41.3588 1600529598
45.2115 1600529598
45.2112 1600529598
45.2117 1600529598
45.2114 1600529598
45.2117 1600529598
45.210899999999995 1600529598
45.2108 1600529598
45.2117 1600529598
40.489 1600529598
40.4889 1600529598
40.489200000000004 1600529598
40.4887 1600529598
40.489000000000004 1600529598
40.4891 1600529598
40.489200000000004 1600529598
40.4883 1600529598
44.1942 1600529598
44.194100000000006 1600529598
44.193599999999996 1600529598
44.1933 1600529598
44.1937 1600529598
44.194100000000006 1600529598
44.194 1600529598
44.1944 1600529598
44.9951 1600529598
44.995 1600529598
44.9945 1600529598
44.9949 1600529598
44.995400000000004 1600529598
44.9954 1600529598
44.995200000000004 1600529598
44.9948 1600529598
43.726400000000005 1600529598
43.726600000000005 1600529598
43.7267 1600529598
43.7267 1600529598
43.7262 1600529598
43.7261 1600529598
43.7269 1600529598
43.726800000000004 1600529598
43.895199999999996 1600529598
43.894999999999996 1600529598
43.8947 1600529598
43.8946 1600529598
43.8948 1600529598
43.8944 1600529598
43.8942 1600529598
43.8949 1600529598
43.799600000000005 1600529598
43.7999 1600529598
43.800000000000004 1600529598
43.7999 1600529598
43.799 1600529598
43.799 1600529598
43.799299999999995 1600529598
43.7996 1600529598
44.3282 1600529598
44.3282 1600529598
44.3276 1600529598
44.3278 1600529598
44.3282 1600529598
44.328 1600529598
44.327400000000004 1600529598
44.3284 1600529598
44.321000000000005 1600529598
44.3209 1600529598
44.321000000000005 1600529598
44.3202 1600529598
44.321200000000005 1600529598
44.320499999999996 1600529598
44.3204 1600529598
44.321200000000005 1600529598
43.797399999999996 1600529598
43.7967 1600529598
43.7976 1600529598
43.7976 1600529598
43.7974 1600529598
43.7967 1600529598
43.7974 1600529598
43.797200000000004 1600529598
42.387100000000004 1600529598
42.3862 1600529598
42.3871 1600529598
42.386500000000005 1600529598
42.3868 1600529598
42.386700000000005 1600529598
42.387100000000004 1600529598
42.387 1600529598
44.358599999999996 1600529598
44.3591 1600529598
44.3591 1600529598
44.3589 1600529598
44.3593 1600529598
44.3592 1600529598
44.3585 1600529598
44.3583 1600529598
41.5326 1600529598
41.5322 1600529598
41.533100000000005 1600529598
41.533100000000005 1600529598
41.5332 1600529598
41.5329 1600529598
41.5332 1600529598
41.5326 1600529598
44.0157 1600529598
44.0161 1600529598
44.016 1600529598
44.0163 1600529598
44.0163 1600529598
44.0162 1600529598
44.0153 1600529598
44.0158 1600529598
45.3069 1600529598
45.3075 1600529598
45.3075 1600529598
45.307599999999994 1600529598
45.307700000000004 1600529598
45.3067 1600529598
45.3075 1600529598
45.3072 1600529598
44.1957 1600529598
44.195899999999995 1600529598
44.195899999999995 1600529598
44.1951 1600529598
44.1954 1600529598
44.195899999999995 1600529598
44.1953 1600529598
44.195800000000006 1600529598
44.6369 1600529598
44.6365 1600529598
44.636300000000006 1600529598
44.6365 1600529598
44.6364 1600529598
44.635999999999996 1600529598
44.6369 1600529598
44.636700000000005 1600529598
44.4034 1600529598
44.4032 1600529598
44.4028 1600529598
44.403 1600529598
44.4033 1600529598
44.4035 1600529598
44.4031 1600529598
44.4025 1600529598
45.224700000000006 1600529598
45.2244 1600529598
45.2248 1600529598
45.224900000000005 1600529598
45.2246 1600529598
45.2239 1600529598
45.2249 1600529598
45.224199999999996 1600529598
43.5211 1600529598
43.520799999999994 1600529598
43.520799999999994 1600529598
43.5199 1600529598
43.520399999999995 1600529598
43.520999999999994 1600529598
43.520199999999996 1600529598
43.5205 1600529598
45.3046 1600529598
45.3048 1600529598
45.304899999999996 1600529598
45.304700000000004 1600529598
45.3043 1600529598
45.3053 1600529598
45.305099999999996 1600529598
45.3053 1600529598
35.6118 1600529598
35.6117 1600529598
35.6117 1600529598
35.6114 1600529598
35.6112 1600529598
35.6122 1600529598
35.6122 1600529598
35.6121 1600529598
44.9819 1600529598
44.9816 1600529598
44.9818 1600529598
44.9818 1600529598
44.981 1600529598
44.9811 1600529598
44.982 1600529598
44.9814 1600529598
38.309000000000005 1600529598
38.309400000000004 1600529598
38.3096 1600529598
38.3095 1600529598
38.3093 1600529598
38.3097 1600529598
38.31 1600529598
38.3099 1600529598
44.5685 1600529598
44.5683 1600529598
44.5688 1600529598
44.5688 1600529598
44.5686 1600529598
44.5679 1600529598
44.568 1600529598
44.5684 1600529598
43.36750000000001 1600529598
43.367900000000006 1600529598
43.367900000000006 1600529598
43.367599999999996 1600529598
43.366699999999994 1600529598
43.3678 1600529598
43.3672 1600529598
43.3677 1600529598
43.4226 1600529598
43.4223 1600529598
43.422200000000004 1600529598
43.421899999999994 1600529598
43.421400000000006 1600529598
43.4216 1600529598
43.4221 1600529598
43.4225 1600529598
44.5574 1600529598
44.5581 1600529598
44.558 1600529598
44.557900000000004 1600529598
44.5581 1600529598
44.557100000000005 1600529598
44.55820000000001 1600529598
44.557700000000004 1600529598
45.11709999999999 1600529598
45.1173 1600529598
45.1178 1600529598
45.1178 1600529598
45.1175 1600529598
45.1177 1600529598
45.1179 1600529598
45.1181 1600529598
44.5919 1600529598
44.5917 1600529598
44.591300000000004 1600529598
44.5918 1600529598
44.5916 1600529598
44.5918 1600529598
44.5911 1600529598
44.592 1600529598
44.5847 1600529598
44.5848 1600529598
44.5854 1600529598
44.5852 1600529598
44.5845 1600529598
44.585300000000004 1600529598
44.5852 1600529598
44.585 1600529598
44.2833 1600529598
44.283 1600529598
44.282300000000006 1600529598
44.2831 1600529598
44.2833 1600529598
44.2826 1600529598
44.2829 1600529598
44.2828 1600529598
44.5831 1600529598
44.5827 1600529598
44.582800000000006 1600529598
44.583 1600529598
44.5832 1600529598
44.58240000000001 1600529598
44.582499999999996 1600529598
44.5822 1600529598
43.5036 1600529598
43.5031 1600529598
43.5035 1600529598
43.5038 1600529598
43.504099999999994 1600529598
43.5034 1600529598
43.5039 1600529598
43.5041 1600529598
45.155800000000006 1600529598
45.156600000000005 1600529598
45.1566 1600529598
45.156400000000005 1600529598
45.1564 1600529598
45.1567 1600529598
45.1561 1600529598
45.1568 1600529598
44.1786 1600529598
44.1792 1600529598
44.1787 1600529598
44.1792 1600529598
44.1783 1600529598
44.1789 1600529598
44.1792 1600529598
44.1791 1600529598
40.025 1600529598
40.025499999999994 1600529598
40.0257 1600529598
40.0261 1600529598
40.026 1600529598
40.025999999999996 1600529598
40.0257 1600529598
40.025400000000005 1600529598
44.162099999999995 1600529598
44.1624 1600529598
44.162600000000005 1600529598
44.1625 1600529598
44.1619 1600529598
44.1623 1600529598
44.1622 1600529598
44.1616 1600529598
44.9015 1600529598
44.9004 1600529598
44.9013 1600529598
44.9013 1600529598
44.9009 1600529598
44.9011 1600529598
44.9011 1600529598
44.9007 1600529598
45.196999999999996 1600529598
45.197 1600529598
45.1976 1600529598
45.1974 1600529598
45.1969 1600529598
45.1967 1600529598
45.1974 1600529598
45.1977 1600529598
43.8759 1600529598
43.8763 1600529598
43.8765 1600529598
43.876 1600529598
43.8761 1600529598
43.8756 1600529598
43.8764 1600529598
43.8765 1600529598
44.5516 1600529598
44.551500000000004 1600529598
44.551100000000005 1600529598
44.5518 1600529598
44.5518 1600529598
44.551300000000005 1600529598
44.5514 1600529598
44.5508 1600529598
44.336400000000005 1600529598
44.3363 1600529598
44.3369 1600529598
44.3373 1600529598
44.336999999999996 1600529598
44.336800000000004 1600529598
44.3374 1600529598
44.3373 1600529598
44.7631 1600529598
44.7622 1600529598
44.7631 1600529598
44.762499999999996 1600529598
44.7632 1600529598
44.7628 1600529598
44.7627 1600529598
44.762800000000006 1600529598
39.5953 1600529598
39.594899999999996 1600529598
39.595400000000005 1600529598
39.5946 1600529598
39.595400000000005 1600529598
39.595600000000005 1600529598
39.595600000000005 1600529598
39.595200000000006 1600529598
42.2976 1600529598
42.2971 1600529598
42.296600000000005 1600529598
42.296800000000005 1600529598
42.297 1600529598
42.2974 1600529598
42.2976 1600529598
42.2973 1600529598
44.9028 1600529598
44.9026 1600529598
44.9032 1600529598
44.9031 1600529598
44.903 1600529598
44.903600000000004 1600529598
44.9035 1600529598
44.9035 1600529598
44.4993 1600529598
44.4998 1600529598
44.4994 1600529598
44.498999999999995 1600529598
44.4989 1600529598
44.4998 1600529598
44.4998 1600529598
44.4994 1600529598
44.323499999999996 1600529598
44.322900000000004 1600529598
44.3228 1600529598
44.323100000000004 1600529598
44.323699999999995 1600529598
44.323800000000006 1600529598
44.3236 1600529598
44.3233 1600529598
44.013999999999996 1600529598
44.0144 1600529598
44.0142 1600529598
44.0135 1600529598
44.0146 1600529598
44.0144 1600529598
44.014500000000005 1600529598
44.014700000000005 1600529598
45.2196 1600529598
45.219500000000004 1600529598
45.2186 1600529598
45.2197 1600529598
45.219 1600529598
45.2191 1600529598
45.219300000000004 1600529598
45.2194 1600529598
42.2949 1600529598
42.2941 1600529598
42.2946 1600529598
42.2951 1600529598
42.2943 1600529598
42.295100000000005 1600529598
42.2947 1600529598
42.295100000000005 1600529598
44.332699999999996 1600529598
44.3329 1600529598
44.3328 1600529598
44.3322 1600529598
44.3319 1600529598
44.3324 1600529598
44.3324 1600529598
44.333 1600529598
44.027899999999995 1600529598
44.0273 1600529598
44.0274 1600529598
44.0269 1600529598
44.0274 1600529598
44.0278 1600529598
44.0276 1600529598
44.0277 1600529598
43.7586 1600529598
43.7585 1600529598
43.7587 1600529598
43.758900000000004 1600529598
43.7587 1600529598
43.75790000000001 1600529598
43.758500000000005 1600529598
43.758 1600529598
44.392 1600529598
44.3922 1600529598
44.3926 1600529598
44.3926 1600529598
44.3917 1600529598
44.3925 1600529598
44.392700000000005 1600529598
44.392199999999995 1600529598
43.7649 1600529598
43.765499999999996 1600529598
43.7647 1600529598
43.7649 1600529598
43.7654 1600529598
43.7654 1600529598
43.765499999999996 1600529598
43.765699999999995 1600529598
44.6873 1600529598
44.688 1600529598
44.687900000000006 1600529598
44.6878 1600529598
44.688 1600529598
44.6876 1600529598
44.6882 1600529598
44.688300000000005 1600529598
44.2862 1600529598
44.285399999999996 1600529598
44.2861 1600529598
44.2863 1600529598
44.286 1600529598
44.2858 1600529598
44.2857 1600529598
44.2863 1600529598
44.2005 1600529598
44.2003 1600529598
44.2009 1600529598
44.201 1600529598
44.2007 1600529598
44.2008 1600529598
44.1999 1600529598
44.200399999999995 1600529598
43.8624 1600529598
43.8629 1600529598
43.863 1600529598
43.8631 1600529598
43.863 1600529598
43.8622 1600529598
43.863299999999995 1600529598
43.8624 1600529598
42.4036 1600529598
42.4034 1600529598
42.4033 1600529598
42.4031 1600529598
42.402899999999995 1600529598
42.4032 1600529598
42.403800000000004 1600529598
42.4039 1600529598
44.1344 1600529598
44.134 1600529598
44.133900000000004 1600529598
44.1345 1600529598
44.1337 1600529598
44.1342 1600529598
44.134499999999996 1600529598
44.1345 1600529598
44.2744 1600529598
44.2748 1600529598
44.2753 1600529598
44.2753 1600529598
44.2752 1600529598
44.275400000000005 1600529598
44.2749 1600529598
44.2746 1600529598
45.0428 1600529598
45.043 1600529598
45.0434 1600529598
45.0434 1600529598
45.043099999999995 1600529598
45.0433 1600529598
45.0433 1600529598
45.042500000000004 1600529598
44.1817 1600529598
44.1816 1600529598
44.181799999999996 1600529598
44.181400000000004 1600529598
44.181000000000004 1600529598
44.1819 1600529598
44.1819 1600529598
44.181200000000004 1600529598
44.9893 1600529598
44.9888 1600529598
44.988299999999995 1600529598
44.989 1600529598
44.9889 1600529598
44.9891 1600529598
44.9893 1600529598
44.9886 1600529598
44.2699 1600529598
44.2708 1600529598
44.270500000000006 1600529598
44.2704 1600529598
44.2708 1600529598
44.2702 1600529598
44.2708 1600529598
44.2706 1600529598
44.1982 1600529598
44.198499999999996 1600529598
44.198499999999996 1600529598
44.198299999999996 1600529598
44.1979 1600529598
44.1976 1600529598
44.1988 1600529598
44.1987 1600529598
43.216499999999996 1600529598
43.215900000000005 1600529598
43.2163 1600529598
43.216300000000004 1600529598
43.217 1600529598
43.217 1600529598
43.216699999999996 1600529598
43.2167 1600529598
45.2173 1600529598
45.2175 1600529598
45.2175 1600529598
45.2166 1600529598
45.2168 1600529598
45.2168 1600529598
45.2175 1600529598
45.2171 1600529598
44.029700000000005 1600529598
44.029900000000005 1600529598
44.0298 1600529598
44.0292 1600529598
44.029900000000005 1600529598
44.0295 1600529598
44.030100000000004 1600529598
44.0299 1600529598
44.399 1600529598
44.399300000000004 1600529598
44.399300000000004 1600529598
44.3988 1600529598
44.3992 1600529598
44.399 1600529598
44.398500000000006 1600529598
44.3984 1600529598
44.7734 1600529598
44.7736 1600529598
44.7735 1600529598
44.7729 1600529598
44.7729 1600529598
44.7735 1600529598
44.773199999999996 1600529598
44.772600000000004 1600529598
41.0565 1600529598
41.0576 1600529598
41.0568 1600529598
41.0571 1600529598
41.0571 1600529598
41.0576 1600529598
41.057700000000004 1600529598
41.0574 1600529598
44.7652 1600529598
44.765100000000004 1600529598
44.7645 1600529598
44.7646 1600529598
44.765 1600529598
44.7655 1600529598
44.7654 1600529598
44.7649 1600529598
44.3504 1600529598
44.35 1600529598
44.3496 1600529598
44.3502 1600529598
44.3498 1600529598
44.350100000000005 1600529598
44.3502 1600529598
44.3505 1600529598
45.2016 1600529598
45.2017 1600529598
45.201299999999996 1600529598
45.2009 1600529598
45.2014 1600529598
45.2012 1600529598
45.2014 1600529598
45.2007 1600529598
44.3306 1600529598
44.3306 1600529598
44.3301 1600529598
44.3301 1600529598
44.3307 1600529598
44.330799999999996 1600529598
44.3303 1600529598
44.3298 1600529598
44.334199999999996 1600529598
44.335100000000004 1600529598
44.335 1600529598
44.334500000000006 1600529598
44.334900000000005 1600529598
44.334900000000005 1600529598
44.334900000000005 1600529598
44.3347 1600529598
43.7715 1600529598
43.7716 1600529598
43.7717 1600529598
43.7719 1600529598
43.7721 1600529598
43.772200000000005 1600529598
43.7719 1600529598
43.771300000000004 1600529598
37.1666 1600529598
37.167100000000005 1600529598
37.1668 1600529598
37.1661 1600529598
37.1669 1600529598
37.167 1600529598
37.167100000000005 1600529598
37.1662 1600529598
43.7132 1600529598
43.7134 1600529598
43.7135 1600529598
43.713499999999996 1600529598
43.7124 1600529598
43.7136 1600529598
43.713 1600529598
43.7128 1600529598
42.2832 1600529598
42.283 1600529598
42.2829 1600529598
42.282900000000005 1600529598
42.2825 1600529598
42.2827 1600529598
42.2822 1600529598
42.2833 1600529598
43.8883 1600529598
43.8884 1600529598
43.887600000000006 1600529598
43.888400000000004 1600529598
43.8877 1600529598
43.88740000000001 1600529598
43.8884 1600529598
43.888 1600529598
45.4295 1600529598
45.4294 1600529598
45.4291 1600529598
45.4292 1600529598
45.4296 1600529598
45.4287 1600529598
45.445 1600529598
45.4449 1600529598
