26.6888 1600340316
16.5457 1600340316
28.4908 1600340316
30.232799999999997 1600340316
34.5285 1600340316
30.252399999999998 1600340316
38.7809 1600340316
5.7551 1600340316
34.5255 1600340316
38.946 1600340316
39.3862 1600340316
16.5455 1600340316
25.1819 1600340316
20.793799999999997 1600340316
30.2556 1600340316
25.2606 1600340316
32.465700000000005 1600340316
17.8046 1600340316
20.8326 1600340316
34.6188 1600340316
35.436 1600340316
25.6147 1600340316
37.6993 1600340316
20.8323 1600340316
38.6189 1600340316
22.9236 1600340316
38.9472 1600340316
11.729 1600340316
14.777299999999999 1600340316
11.9203 1600340316
22.8693 1600340316
36.7345 1600340316
29.288899999999998 1600340316
23.435299999999998 1600340316
13.220699999999999 1600340316
43.041199999999996 1600340316
30.252399999999998 1600340316
38.8158 1600340316
39.284000000000006 1600340316
20.885199999999998 1600340316
22.3704 1600340316
28.7622 1600340316
28.8039 1600340316
38.7592 1600340316
13.3215 1600340316
14.995199999999999 1600340316
24.3839 1600340316
22.2461 1600340316
30.2323 1600340316
43.027499999999996 1600340316
31.3785 1600340316
32.44 1600340316
14.7188 1600340316
35.201499999999996 1600340316
32.425 1600340316
38.945100000000004 1600340316
31.6115 1600340316
43.0284 1600340316
26.4436 1600340316
38.9459 1600340316
42.0523 1600340316
17.8054 1600340316
22.7528 1600340316
20.319599999999998 1600340316
22.761 1600340316
42.079600000000006 1600340316
23.290599999999998 1600340316
43.0421 1600340316
22.7605 1600340316
26.3014 1600340316
33.5461 1600340316
40.7821 1600340316
29.0727 1600340316
23.435599999999997 1600340316
29.2883 1600340316
33.5642 1600340316
20.319599999999998 1600340316
34.629900000000006 1600340316
20.8267 1600340316
14.7188 1600340316
23.4021 1600340316
31.0803 1600340316
32.1903 1600340316
12.5483 1600340316
38.0338 1600340316
15.3378 1600340316
20.885099999999998 1600340316
38.5823 1600340316
38.5818 1600340316
40.6342 1600340316
41.7353 1600340316
20.8327 1600340316
29.2888 1600340316
24.9762 1600340316
16.978199999999998 1600340316
31.8994 1600340316
43.0422 1600340316
32.463800000000006 1600340316
32.507600000000004 1600340316
41.7363 1600340316
20.884999999999998 1600340316
24.9032 1600340316
32.1895 1600340316
27.348499999999998 1600340316
28.3907 1600340316
38.9478 1600340316
20.9102 1600340316
40.3352 1600340316
31.4777 1600340316
27.7193 1600340316
15.9379 1600340316
40.635400000000004 1600340316
42.773199999999996 1600340316
31.5503 1600340316
42.6129 1600340316
38.9435 1600340316
20.9101 1600340316
43.0422 1600340316
22.7614 1600340316
32.037400000000005 1600340316
40.634 1600340316
32.191 1600340316
16.011599999999998 1600340316
43.042 1600340316
16.0689 1600340316
18.2697 1600340316
18.2764 1600340316
23.520699999999998 1600340316
25.6143 1600340316
28.2032 1600340316
41.901700000000005 1600340316
32.4656 1600340316
18.2764 1600340316
28.7466 1600340316
41.9018 1600340316
28.2489 1600340316
21.2359 1600340316
32.957499999999996 1600340316
20.491899999999998 1600340316
37.713100000000004 1600340316
20.4791 1600340316
42.0858 1600340316
39.6702 1600340316
32.6458 1600340316
20.9273 1600340316
43.0287 1600340316
22.761599999999998 1600340316
38.7114 1600340316
20.8513 1600340316
39.285 1600340316
25.3351 1600340316
23.363 1600340316
32.5428 1600340316
43.0411 1600340316
43.041 1600340316
35.0473 1600340316
25.2641 1600340316
31.2943 1600340316
31.3162 1600340316
42.0869 1600340316
32.1904 1600340316
23.5104 1600340316
34.0535 1600340316
32.9583 1600340316
34.583 1600340316
35.0499 1600340316
35.7357 1600340316
16.7758 1600340316
22.7826 1600340316
29.0731 1600340316
38.7109 1600340316
13.360299999999999 1600340316
41.901900000000005 1600340316
29.2867 1600340316
31.610799999999998 1600340316
32.7042 1600340316
36.272800000000004 1600340316
16.0689 1600340316
41.9005 1600340316
36.493 1600340316
32.1893 1600340316
31.6113 1600340316
15.937899999999999 1600340316
32.374500000000005 1600340316
41.900600000000004 1600340316
30.525499999999997 1600340316
30.2558 1600340316
25.6146 1600340316
41.5971 1600340316
30.299699999999998 1600340316
43.041 1600340316
13.399999999999999 1600340316
13.8344 1600340316
25.1849 1600340316
16.592 1600340316
15.9844 1600340316
20.7808 1600340316
38.6243 1600340316
23.322699999999998 1600340316
17.9897 1600340316
38.7106 1600340316
23.5125 1600340316
25.1569 1600340316
28.6094 1600340316
28.8783 1600340316
5.3522 1600340316
41.523199999999996 1600340316
29.287399999999998 1600340316
43.041199999999996 1600340316
30.2323 1600340316
32.0376 1600340316
20.885099999999998 1600340316
32.9594 1600340316
38.9462 1600340316
5.7542 1600340316
40.115899999999996 1600340316
22.7825 1600340316
40.3339 1600340316
43.0422 1600340316
28.5593 1600340316
17.095 1600340316
30.8922 1600340316
13.418 1600340316
23.510099999999998 1600340316
41.523300000000006 1600340316
30.9611 1600340316
23.7718 1600340316
40.5226 1600340316
41.708400000000005 1600340316
13.8339 1600340316
23.6318 1600340316
12.6091 1600340316
14.8271 1600340316
17.0851 1600340316
38.561 1600340316
19.7137 1600340316
28.7359 1600340316
20.804199999999998 1600340316
34.6182 1600340316
22.943199999999997 1600340316
20.885099999999998 1600340316
35.05820000000001 1600340316
14.852599999999999 1600340316
23.0125 1600340316
22.991699999999998 1600340316
24.6612 1600340316
24.8704 1600340316
32.9435 1600340316
40.5227 1600340316
30.3799 1600340316
25.6145 1600340316
43.0421 1600340316
31.2096 1600340316
26.6889 1600340316
31.205 1600340316
34.618500000000004 1600340316
24.8709 1600340316
34.7967 1600340316
12.357399999999998 1600340316
35.049099999999996 1600340316
11.4643 1600340316
38.833200000000005 1600340316
34.739900000000006 1600340316
11.0715 1600340316
12.831 1600340316
17.095399999999998 1600340316
22.782999999999998 1600340316
23.5126 1600340316
26.3003 1600340316
41.8998 1600340316
12.9445 1600340316
23.9785 1600340316
28.298299999999998 1600340316
25.613599999999998 1600340316
29.6787 1600340316
41.8983 1600340316
31.2513 1600340316
28.356099999999998 1600340316
31.2943 1600340316
33.5246 1600340316
33.509600000000006 1600340316
34.1959 1600340316
38.7741 1600340316
34.583999999999996 1600340316
25.613699999999998 1600340316
38.870200000000004 1600340316
35.4696 1600340316
34.5831 1600340316
34.7973 1600340316
14.852799999999998 1600340316
39.1526 1600340316
35.048500000000004 1600340316
41.9005 1600340316
16.488 1600340316
33.5097 1600340316
42.836400000000005 1600340316
14.9934 1600340316
22.0718 1600340316
17.4968 1600340316
31.3798 1600340316
34.617900000000006 1600340316
33.5473 1600340316
34.618 1600340316
35.4594 1600340316
35.435 1600340316
41.899300000000004 1600340316
42.8364 1600340316
17.8054 1600340316
12.9446 1600340316
20.3203 1600340316
38.7109 1600340316
25.6144 1600340316
13.1943 1600340316
41.9006 1600340316
23.7801 1600340316
20.3198 1600340316
23.747799999999998 1600340316
29.8435 1600340316
20.885199999999998 1600340316
25.6147 1600340316
13.1114 1600340316
26.6902 1600340316
31.898500000000002 1600340316
34.5253 1600340316
13.8157 1600340316
39.285 1600340316
23.1007 1600340316
13.8563 1600340316
41.7984 1600340316
32.507999999999996 1600340316
14.8644 1600340316
23.362199999999998 1600340316
24.1218 1600340316
23.3685 1600340316
18.1042 1600340316
35.0982 1600340316
28.8781 1600340316
41.9006 1600340316
36.285500000000006 1600340316
28.985 1600340316
34.6252 1600340316
24.1218 1600340316
34.7962 1600340316
42.8378 1600340316
41.8757 1600340316
34.7963 1600340316
18.5447 1600340316
23.4966 1600340316
43.0422 1600340316
26.6887 1600340316
43.0659 1600340316
29.816 1600340316
13.8339 1600340316
23.5102 1600340316
28.4907 1600340316
28.8794 1600340316
38.9448 1600340316
28.9725 1600340316
14.665799999999999 1600340316
41.898500000000006 1600340316
16.5461 1600340316
29.0728 1600340316
34.7952 1600340316
43.0285 1600340316
38.712 1600340316
18.8664 1600340316
18.679199999999998 1600340316
26.1124 1600340316
6.0484 1600340316
32.190599999999996 1600340316
32.4789 1600340316
18.9517 1600340316
31.610699999999998 1600340316
32.376200000000004 1600340316
33.530699999999996 1600340316
32.0381 1600340316
33.546200000000006 1600340316
41.899699999999996 1600340316
42.053900000000006 1600340316
18.9518 1600340316
20.8327 1600340316
30.7169 1600340316
31.8981 1600340316
32.037200000000006 1600340316
32.0374 1600340316
43.0411 1600340316
23.6299 1600340316
17.1621 1600340316
38.832300000000004 1600340316
42.7864 1600340316
30.0388 1600340316
23.520599999999998 1600340316
31.9491 1600340316
30.2322 1600340316
42.837900000000005 1600340316
41.4595 1600340316
16.546599999999998 1600340316
32.189600000000006 1600340316
38.7119 1600340316
13.110999999999999 1600340316
20.478199999999998 1600340316
43.0411 1600340316
33.602199999999996 1600340316
17.1622 1600340316
14.6662 1600340316
22.7841 1600340316
22.8243 1600340316
24.3891 1600340316
38.7114 1600340316
39.8058 1600340316
24.3049 1600340316
26.6552 1600340316
39.5602 1600340316
38.944700000000005 1600340316
42.0529 1600340316
39.6693 1600340316
26.6903 1600340316
41.9017 1600340316
36.2676 1600340316
23.4956 1600340316
40.3906 1600340316
14.665899999999999 1600340316
15.8233 1600340316
26.6902 1600340316
33.367000000000004 1600340316
31.7232 1600340316
33.5306 1600340316
15.790799999999999 1600340316
17.1165 1600340316
39.490100000000005 1600340316
38.946000000000005 1600340316
33.5569 1600340316
40.094800000000006 1600340316
19.644 1600340316
24.339299999999998 1600340316
14.7298 1600340316
20.4241 1600340316
41.9186 1600340316
20.424 1600340316
20.8328 1600340316
32.4388 1600340316
23.4955 1600340316
33.7948 1600340316
17.1618 1600340316
33.9029 1600340316
40.0323 1600340316
34.5826 1600340316
38.7119 1600340316
25.377299999999998 1600340316
39.1544 1600340316
20.8267 1600340316
39.3862 1600340316
17.8046 1600340316
22.6266 1600340316
23.3629 1600340316
25.6156 1600340316
35.0475 1600340316
35.6837 1600340316
23.511 1600340316
13.503699999999998 1600340316
35.5946 1600340316
39.8315 1600340316
28.296699999999998 1600340316
39.1529 1600340316
41.4193 1600340316
43.041000000000004 1600340316
35.7308 1600340316
28.4915 1600340316
39.153 1600340316
20.3663 1600340316
14.936200000000001 1600340316
23.5108 1600340316
38.9461 1600340316
22.288899999999998 1600340316
41.7343 1600340316
16.067899999999998 1600340316
35.1996 1600340316
23.510299999999997 1600340316
43.0412 1600340316
36.8329 1600340316
22.575599999999998 1600340316
36.8329 1600340316
25.6129 1600340316
41.4602 1600340316
28.7399 1600340316
28.5015 1600340316
38.8309 1600340316
37.6935 1600340316
13.1111 1600340316
38.762 1600340316
38.9449 1600340316
28.7395 1600340316
20.321299999999997 1600340316
39.3872 1600340316
23.435299999999998 1600340316
20.5914 1600340316
20.851699999999997 1600340316
38.945800000000006 1600340316
16.2577 1600340316
20.9025 1600340316
20.851699999999997 1600340316
23.3619 1600340316
16.0678 1600340316
23.3522 1600340316
41.6591 1600340316
23.4119 1600340316
23.5213 1600340316
0.013000000000000012 1600340316
19.709 1600340316
26.4013 1600340316
26.4942 1600340316
34.7288 1600340316
