7.053599999999999 1600521390
7.053599999999999 1600521390
7.053599999999999 1600521390
7.2014 1600521390
7.2014 1600521390
7.2011 1600521390
7.050800000000002 1600521390
7.050900000000002 1600521390
7.050900000000002 1600521390
7.496500000000001 1600521390
7.496500000000001 1600521390
7.496500000000001 1600521390
5.5733 1600521390
5.568199999999997 1600521390
5.568200000000001 1600521390
6.9693000000000005 1600521390
6.9693000000000005 1600521390
6.9693000000000005 1600521390
7.310299999999998 1600521390
7.309899999999999 1600521390
7.310299999999998 1600521390
6.894299999999998 1600521390
6.893999999999998 1600521390
6.893999999999998 1600521390
6.888200000000001 1600521390
6.886599999999998 1600521390
6.888200000000001 1600521390
6.037599999999998 1600521390
6.037599999999998 1600521390
6.037699999999997 1600521390
8.3889 1600521390
8.3889 1600521390
8.3889 1600521390
7.6705000000000005 1600521390
7.6705000000000005 1600521390
7.6706 1600521390
7.9923 1600521390
7.9923 1600521390
7.9923 1600521390
5.074299999999997 1600521390
5.074399999999997 1600521390
5.0745000000000005 1600521390
9.099499999999999 1600521390
9.099499999999999 1600521390
9.099499999999999 1600521390
6.189599999999999 1600521390
6.189599999999999 1600521390
6.189699999999998 1600521390
6.9510000000000005 1600521390
6.9510000000000005 1600521390
6.9511 1600521390
6.150199999999998 1600521390
6.150299999999998 1600521390
6.150099999999998 1600521390
8.4727 1600521390
8.4725 1600521390
8.4727 1600521390
8.110600000000002 1600521390
8.110600000000002 1600521390
8.110600000000002 1600521390
8.952399999999997 1600521390
8.9524 1600521390
8.952299999999997 1600521390
8.4333 1600521390
8.4333 1600521390
8.4333 1600521390
7.8278 1600521390
7.8278 1600521390
7.827999999999999 1600521390
8.2226 1600521390
8.223099999999999 1600521390
8.223199999999999 1600521390
7.060700000000001 1600521390
7.060700000000001 1600521390
7.060700000000001 1600521390
7.766100000000002 1600521390
7.765999999999998 1600521390
7.765999999999998 1600521390
7.6172 1600521390
7.6172 1600521390
7.6173 1600521390
7.6614 1600521390
7.6614 1600521390
7.661399999999997 1600521390
6.644500000000001 1600521390
6.644300000000001 1600521390
6.644300000000001 1600521390
7.2330000000000005 1600521390
7.2330000000000005 1600521390
7.2330000000000005 1600521390
7.628399999999999 1600521390
7.628299999999999 1600521390
7.628299999999999 1600521390
8.802399999999999 1600521390
8.807399999999998 1600521390
8.802399999999999 1600521390
6.797699999999999 1600521390
6.797799999999999 1600521390
6.797799999999999 1600521390
6.606299999999997 1600521390
6.606199999999998 1600521390
6.606199999999998 1600521390
7.9084 1600521390
7.9084 1600521390
7.893899999999999 1600521390
8.3551 1600521390
8.3551 1600521390
8.3552 1600521390
7.127399999999998 1600521390
7.127200000000002 1600521390
7.127299999999998 1600521390
5.572499999999998 1600521390
5.572599999999998 1600521390
5.572599999999998 1600521390
7.0641 1600521390
7.064 1600521390
7.064 1600521390
6.9086 1600521390
6.9087 1600521390
6.9086 1600521390
7.4452 1600521390
7.445200000000003 1600521390
7.4400999999999975 1600521390
6.6967 1600521390
6.6967 1600521390
6.6967 1600521390
9.551300000000001 1600521390
9.551400000000001 1600521390
9.551400000000001 1600521390
9.674599999999998 1600521390
9.676300000000001 1600521390
9.676200000000001 1600521390
8.676099999999998 1600521390
8.676099999999998 1600521390
8.676100000000002 1600521390
7.9038 1600521390
7.903700000000001 1600521390
7.9039 1600521390
9.272599999999997 1600521390
9.2726 1600521390
9.2726 1600521390
9.6324 1600521390
9.6325 1600521390
9.6324 1600521390
7.534500000000001 1600521390
7.5344000000000015 1600521390
7.534500000000001 1600521390
8.048499999999997 1600521390
8.0485 1600521390
8.048399999999997 1600521390
6.472100000000001 1600521390
6.472000000000001 1600521390
6.472000000000001 1600521390
6.652799999999999 1600521390
6.652800000000003 1600521390
6.652699999999999 1600521390
7.091100000000001 1600521390
7.091100000000001 1600521390
7.091200000000001 1600521390
6.566700000000001 1600521390
6.561699999999998 1600521390
6.566799999999997 1600521390
5.090100000000003 1600521390
5.090700000000002 1600521390
5.090699999999998 1600521390
7.082800000000002 1600521390
7.082799999999999 1600521390
7.082700000000003 1600521390
3.9243999999999986 1600521390
3.9244999999999983 1600521390
3.9244999999999983 1600521390
8.270800000000001 1600521390
8.270800000000001 1600521390
8.270700000000001 1600521390
7.360300000000002 1600521390
7.360499999999998 1600521390
7.3603999999999985 1600521390
7.198999999999998 1600521390
7.199199999999998 1600521390
7.2010000000000005 1600521390
5.794700000000002 1600521390
5.794700000000002 1600521390
5.794700000000002 1600521390
6.508900000000001 1600521390
6.508800000000001 1600521390
6.508900000000001 1600521390
7.525400000000001 1600521390
7.525600000000001 1600521390
7.525600000000001 1600521390
6.6892 1600521390
6.6892 1600521390
6.689299999999999 1600521390
6.473299999999998 1600521390
6.473399999999998 1600521390
6.473400000000002 1600521390
7.422000000000001 1600521390
7.4221 1600521390
7.422000000000001 1600521390
8.154300000000003 1600521390
8.159399999999998 1600521390
8.1543 1600521390
6.451500000000003 1600521390
6.451600000000003 1600521390
6.451599999999999 1600521390
6.4792999999999985 1600521390
6.4792999999999985 1600521390
6.479400000000002 1600521390
8.2817 1600521390
8.2817 1600521390
8.280000000000001 1600521390
7.569300000000002 1600521390
7.569299999999998 1600521390
7.569300000000002 1600521390
8.2788 1600521390
8.2789 1600521390
8.2788 1600521390
7.877800000000001 1600521390
7.877800000000001 1600521390
7.877800000000001 1600521390
5.050899999999999 1600521390
5.050899999999999 1600521390
5.051000000000002 1600521390
8.803800000000003 1600521390
8.803800000000003 1600521390
8.803800000000003 1600521390
7.0219999999999985 1600521390
7.0219999999999985 1600521390
7.0219999999999985 1600521390
7.610199999999999 1600521390
7.610199999999999 1600521390
7.610299999999999 1600521390
5.614999999999998 1600521390
5.614999999999998 1600521390
5.614999999999998 1600521390
5.432600000000001 1600521390
5.427599999999998 1600521390
5.4327000000000005 1600521390
7.348399999999998 1600521390
7.348500000000001 1600521390
7.348499999999998 1600521390
6.844099999999997 1600521390
6.844099999999997 1600521390
6.844099999999997 1600521390
5.9597000000000016 1600521390
5.959699999999998 1600521390
5.959800000000001 1600521390
9.5396 1600521390
9.5397 1600521390
9.5397 1600521390
8.136400000000002 1600521390
8.136200000000002 1600521390
8.136500000000002 1600521390
6.5305 1600521390
6.5304 1600521390
6.5306 1600521390
7.284099999999999 1600521390
7.284099999999999 1600521390
7.284099999999999 1600521390
6.9472999999999985 1600521390
6.9472999999999985 1600521390
6.947199999999999 1600521390
7.1754 1600521390
7.1754 1600521390
7.1754999999999995 1600521390
8.098500000000001 1600521390
8.098500000000001 1600521390
8.098500000000001 1600521390
7.3907000000000025 1600521390
7.3907000000000025 1600521390
7.3907000000000025 1600521390
7.0151 1600521390
7.0152 1600521390
7.0151 1600521390
6.755299999999998 1600521390
6.755299999999998 1600521390
6.755299999999998 1600521390
7.8984999999999985 1600521390
7.898400000000002 1600521390
7.898399999999999 1600521390
9.063399999999998 1600521390
9.063199999999998 1600521390
9.063400000000001 1600521390
5.7927 1600521390
5.7927 1600521390
5.7927 1600521390
6.9190000000000005 1600521390
6.9190000000000005 1600521390
6.9190000000000005 1600521390
5.815100000000001 1600521390
5.815200000000001 1600521390
5.815199999999997 1600521390
5.787099999999999 1600521390
5.787299999999998 1600521390
5.787299999999998 1600521390
4.6295 1600521390
4.6295 1600521390
4.619500000000002 1600521390
7.1037 1600521390
7.1038 1600521390
7.1038 1600521390
6.4712 1600521390
6.471299999999999 1600521390
6.471299999999999 1600521390
7.7332 1600521390
7.7332 1600521390
7.7332 1600521390
8.342500000000001 1600521390
8.342500000000001 1600521390
8.342500000000001 1600521390
7.3233999999999995 1600521390
7.3233999999999995 1600521390
7.323500000000003 1600521390
8.947799999999997 1600521390
8.947699999999998 1600521390
8.9478 1600521390
7.0151 1600521390
7.015000000000001 1600521390
7.015000000000001 1600521390
6.203099999999999 1600521390
6.203099999999999 1600521390
6.202999999999999 1600521390
9.2926 1600521390
9.2927 1600521390
9.2927 1600521390
6.514299999999999 1600521390
6.514399999999998 1600521390
6.514300000000002 1600521390
7.402799999999999 1600521390
7.402699999999999 1600521390
7.402699999999999 1600521390
6.851199999999999 1600521390
6.851299999999998 1600521390
6.851300000000002 1600521390
6.264899999999997 1600521390
6.264899999999997 1600521390
6.264900000000001 1600521390
7.830499999999997 1600521390
7.830499999999997 1600521390
7.8306000000000004 1600521390
5.6998 1600521390
5.6998 1600521390
5.6998 1600521390
8.135200000000001 1600521390
8.135200000000001 1600521390
8.135200000000001 1600521390
8.957999999999998 1600521390
8.957899999999999 1600521390
8.957999999999998 1600521390
7.136300000000002 1600521390
7.1362999999999985 1600521390
7.136400000000002 1600521390
6.372399999999999 1600521390
6.372499999999999 1600521390
6.372499999999999 1600521390
6.068899999999999 1600521390
6.068899999999999 1600521390
6.0639 1600521390
8.047800000000002 1600521390
8.0426 1600521390
8.0426 1600521390
6.966000000000001 1600521390
6.965899999999998 1600521390
6.965799999999998 1600521390
5.929100000000002 1600521390
5.929100000000002 1600521390
5.929100000000002 1600521390
7.0166 1600521390
7.0166 1600521390
7.0166 1600521390
6.539200000000001 1600521390
6.5391999999999975 1600521390
6.539300000000001 1600521390
9.403100000000002 1600521390
9.4085 1600521390
9.4085 1600521390
7.398500000000002 1600521390
7.3978 1600521390
7.3977 1600521390
5.468400000000003 1600521390
5.468499999999999 1600521390
5.468500000000002 1600521390
8.151600000000002 1600521390
8.159300000000002 1600521390
8.151700000000002 1600521390
7.580100000000002 1600521390
7.580099999999998 1600521390
7.580099999999998 1600521390
7.374700000000001 1600521390
7.3748000000000005 1600521390
7.374700000000001 1600521390
8.161900000000003 1600521390
8.161999999999999 1600521390
8.161999999999999 1600521390
8.747700000000002 1600521390
8.747600000000002 1600521390
8.747699999999998 1600521390
7.121500000000001 1600521390
7.121500000000001 1600521390
7.116400000000002 1600521390
8.339299999999998 1600521390
8.339199999999998 1600521390
8.3445 1600521390
8.732799999999997 1600521390
8.7329 1600521390
8.732899999999997 1600521390
7.6982 1600521390
7.6982 1600521390
7.6982 1600521390
8.1147 1600521390
8.1147 1600521390
8.1147 1600521390
8.8625 1600521390
8.862400000000001 1600521390
8.8626 1600521390
7.282600000000002 1600521390
7.282700000000002 1600521390
7.282700000000002 1600521390
9.162099999999999 1600521390
9.162099999999999 1600521390
9.162100000000002 1600521390
7.078299999999999 1600521390
7.0839 1600521390
7.078300000000002 1600521390
6.7635000000000005 1600521390
6.7635000000000005 1600521390
6.7635000000000005 1600521390
6.390499999999999 1600521390
6.390499999999999 1600521390
6.390600000000003 1600521390
9.2528 1600521390
9.2528 1600521390
9.2528 1600521390
5.6347999999999985 1600521390
5.6347999999999985 1600521390
5.641300000000001 1600521390
2.976800000000001 1600521390
2.976800000000001 1600521390
2.976899999999997 1600521390
8.0353 1600521390
8.0353 1600521390
8.0352 1600521390
6.7866 1600521390
6.785399999999999 1600521390
6.7866 1600521390
6.479500000000002 1600521390
6.479500000000002 1600521390
6.479499999999998 1600521390
1.2220000000000013 1600521390
1.2219000000000015 1600521390
1.2220000000000013 1600521390
6.1326 1600521390
6.1325 1600521390
6.1327 1600521390
8.7726 1600521390
8.7728 1600521390
8.7727 1600521390
7.040600000000001 1600521390
7.040700000000001 1600521390
7.040700000000001 1600521390
7.303799999999999 1600521390
7.303799999999999 1600521390
7.303799999999999 1600521390
6.854300000000002 1600521390
6.854500000000002 1600521390
6.854200000000002 1600521390
6.7806999999999995 1600521390
6.780799999999999 1600521390
6.7806999999999995 1600521390
5.847799999999999 1600521390
5.847799999999999 1600521390
5.847800000000003 1600521390
8.458300000000001 1600521390
8.458400000000001 1600521390
8.458299999999998 1600521390
8.253799999999998 1600521390
8.253700000000002 1600521390
8.253800000000002 1600521390
7.326799999999999 1600521390
7.326799999999999 1600521390
7.326599999999999 1600521390
7.68 1600521390
7.6800999999999995 1600521390
7.68 1600521390
4.6080000000000005 1600521390
4.6081 1600521390
4.6081 1600521390
6.711199999999998 1600521390
6.711199999999998 1600521390
6.711199999999998 1600521390
8.050999999999998 1600521390
8.051100000000002 1600521390
8.050999999999998 1600521390
5.727899999999998 1600521390
5.7280000000000015 1600521390
5.727999999999998 1600521390
7.370999999999999 1600521390
7.370999999999999 1600521390
7.370999999999999 1600521390
7.645500000000002 1600521390
7.645500000000002 1600521390
7.645600000000002 1600521390
7.569099999999999 1600521390
7.569099999999999 1600521390
7.569099999999999 1600521390
6.852899999999998 1600521390
6.852899999999998 1600521390
6.852899999999998 1600521390
6.572300000000002 1600521390
6.572199999999999 1600521390
6.572199999999999 1600521390
6.857499999999998 1600521390
6.857500000000002 1600521390
6.857700000000001 1600521390
7.106400000000001 1600521390
7.106399999999997 1600521390
7.1065000000000005 1600521390
7.681899999999999 1600521390
7.681999999999999 1600521390
7.681999999999999 1600521390
7.790199999999999 1600521390
7.790199999999999 1600521390
7.790199999999999 1600521390
7.343799999999998 1600521390
7.344000000000001 1600521390
7.343800000000002 1600521390
6.291899999999998 1600521390
6.292099999999998 1600521390
6.2917999999999985 1600521390
7.1831 1600521390
7.1831 1600521390
7.1831 1600521390
5.914200000000001 1600521390
5.9141999999999975 1600521390
5.914300000000001 1600521390
5.7829000000000015 1600521390
5.782800000000002 1600521390
5.783100000000001 1600521390
6.863500000000002 1600521390
6.863600000000002 1600521390
6.863600000000002 1600521390
6.109499999999997 1600521390
6.109500000000001 1600521390
6.1096 1600521390
6.462400000000002 1600521390
6.462299999999999 1600521390
6.462299999999999 1600521390
6.407 1600521390
6.407 1600521390
6.4069 1600521390
7.4772 1600521390
7.475700000000003 1600521390
7.4772 1600521390
7.067600000000002 1600521390
7.067599999999999 1600521390
7.067599999999999 1600521390
5.829500000000003 1600521390
5.8294999999999995 1600521390
5.8294999999999995 1600521390
7.460899999999999 1600521390
7.460799999999999 1600521390
7.460899999999999 1600521390
7.747299999999999 1600521390
7.747 1600521390
7.7471 1600521390
5.296100000000003 1600521390
5.296100000000003 1600521390
5.296100000000003 1600521390
8.014 1600521390
8.014 1600521390
8.0139 1600521390
7.5883 1600521390
7.5884 1600521390
7.5883 1600521390
5.305999999999997 1600521390
5.305999999999997 1600521390
5.306000000000001 1600521390
7.446999999999999 1600521390
7.447099999999999 1600521390
7.447200000000002 1600521390
7.761199999999999 1600521390
7.7612999999999985 1600521390
7.761300000000002 1600521390
8.0762 1600521390
8.0762 1600521390
8.0763 1600521390
6.724799999999998 1600521390
6.724799999999998 1600521390
6.724899999999998 1600521390
6.684600000000003 1600521390
6.684699999999999 1600521390
6.6845 1600521390
8.473600000000001 1600521390
8.473600000000001 1600521390
8.473599999999998 1600521390
9.2697 1600521390
9.2698 1600521390
9.2698 1600521390
7.184200000000001 1600521390
7.1844 1600521390
7.1843 1600521390
7.6590000000000025 1600521390
7.659100000000002 1600521390
7.659200000000002 1600521390
7.3428 1600521390
7.3428 1600521390
7.3429 1600521390
4.598299999999998 1600521390
4.5981999999999985 1600521390
4.598300000000002 1600521390
7.8222999999999985 1600521390
7.822499999999998 1600521390
7.822399999999998 1600521390
9.372399999999999 1600521390
9.3616 1600521390
9.372400000000003 1600521390
7.2803 1600521390
7.2804 1600521390
7.2804 1600521390
9.159299999999998 1600521390
9.159299999999998 1600521390
9.159399999999998 1600521390
6.958400000000001 1600521390
6.958400000000001 1600521390
6.958400000000001 1600521390
7.508700000000001 1600521390
7.508600000000001 1600521390
7.508700000000001 1600521390
8.540099999999999 1600521390
8.540199999999999 1600521390
8.540099999999999 1600521390
7.723700000000001 1600521390
7.723700000000001 1600521390
7.723800000000001 1600521390
7.9497 1600521390
7.9497 1600521390
7.9497 1600521390
5.6351999999999975 1600521390
5.6351999999999975 1600521390
5.635299999999997 1600521390
8.236699999999999 1600521390
8.236699999999999 1600521390
8.236699999999999 1600521390
7.9588 1600521390
7.9588 1600521390
7.9589 1600521390
6.974999999999998 1600521390
6.974899999999998 1600521390
6.974900000000002 1600521390
7.411199999999997 1600521390
7.411300000000001 1600521390
7.411200000000001 1600521390
8.536200000000001 1600521390
8.536199999999997 1600521390
8.536200000000001 1600521390
7.035400000000003 1600521390
7.040700000000001 1600521390
7.0406999999999975 1600521390
7.737399999999997 1600521390
7.737400000000001 1600521390
7.737399999999997 1600521390
7.532699999999998 1600521390
7.532599999999999 1600521390
7.532599999999999 1600521390
8.0748 1600521390
8.0748 1600521390
8.074800000000003 1600521390
7.4422999999999995 1600521390
7.4422999999999995 1600521390
7.442399999999999 1600521390
7.8094 1600521390
7.8094 1600521390
7.8095 1600521390
6.779499999999999 1600521390
6.779500000000002 1600521390
6.779499999999999 1600521390
6.382300000000001 1600521390
6.382300000000001 1600521390
6.382399999999997 1600521390
8.001100000000001 1600521390
8.001100000000001 1600521390
8.001000000000001 1600521390
8.779499999999999 1600521390
8.779399999999999 1600521390
8.779499999999999 1600521390
7.5776 1600521390
7.577500000000001 1600521390
7.577500000000001 1600521390
7.6843 1600521390
7.6843 1600521390
7.683900000000001 1600521390
6.325099999999999 1600521390
6.324999999999999 1600521390
6.325099999999999 1600521390
7.557500000000001 1600521390
7.557400000000001 1600521390
7.557500000000001 1600521390
7.272300000000001 1600521390
7.272400000000001 1600521390
7.272300000000001 1600521390
6.709900000000001 1600521390
6.709900000000001 1600521390
6.709900000000001 1600521390
6.8902 1600521390
6.8904 1600521390
6.890300000000003 1600521390
7.8794 1600521390
7.8794 1600521390
7.8794 1600521390
4.075099999999999 1600521390
4.075099999999999 1600521390
4.073900000000002 1600521390
8.3975 1600521390
8.397499999999997 1600521390
8.397499999999997 1600521390
4.647300000000001 1600521390
4.639800000000001 1600521390
4.647300000000001 1600521390
6.691100000000002 1600521390
6.690999999999999 1600521390
6.690899999999999 1600521390
9.217100000000002 1600521390
9.217200000000002 1600521390
9.217299999999998 1600521390
6.216800000000003 1600521390
6.216700000000003 1600521390
6.2166999999999994 1600521390
8.177300000000002 1600521390
8.177100000000003 1600521390
8.1772 1600521390
6.262800000000002 1600521390
6.262799999999999 1600521390
6.262799999999999 1600521390
6.009899999999998 1600521390
6.009999999999998 1600521390
6.009899999999998 1600521390
7.882899999999999 1600521390
7.882999999999999 1600521390
7.882899999999999 1600521390
7.654399999999999 1600521390
7.6544000000000025 1600521390
7.654500000000002 1600521390
6.071300000000001 1600521390
6.071299999999997 1600521390
6.071300000000001 1600521390
6.5519 1600521390
6.552 1600521390
6.552099999999999 1600521390
5.8629999999999995 1600521390
5.8629 1600521390
5.8629 1600521390
6.672600000000003 1600521390
6.664100000000001 1600521390
6.664099999999998 1600521390
7.272499999999997 1600521390
7.272499999999997 1600521390
7.272500000000001 1600521390
8.270999999999997 1600521390
8.271 1600521390
8.271 1600521390
5.710600000000003 1600521390
5.710699999999999 1600521390
5.7105999999999995 1600521390
7.952199999999998 1600521390
7.948 1600521390
7.9481 1600521390
6.673400000000001 1600521390
6.673400000000001 1600521390
6.673499999999997 1600521390
6.808900000000001 1600521390
6.808900000000001 1600521390
6.809000000000001 1600521390
4.529299999999999 1600521390
4.529299999999999 1600521390
4.529399999999999 1600521390
6.282899999999998 1600521390
6.282999999999998 1600521390
6.282999999999998 1600521390
8.964199999999998 1600521390
8.964199999999998 1600521390
8.964300000000001 1600521390
8.2701 1600521390
8.27 1600521390
8.2701 1600521390
7.174299999999999 1600521390
7.174400000000002 1600521390
7.174400000000002 1600521390
8.273300000000003 1600521390
8.273400000000002 1600521390
8.273399999999999 1600521390
7.2973 1600521390
7.2973 1600521390
7.2973 1600521390
7.7561 1600521390
7.7562 1600521390
7.7562 1600521390
7.5093 1600521390
7.5093 1600521390
7.508399999999998 1600521390
8.2406 1600521390
8.240599999999997 1600521390
8.2406 1600521390
6.4299 1600521390
6.4299 1600521390
6.4298 1600521390
8.1709 1600521390
8.170900000000003 1600521390
8.170900000000003 1600521390
7.6387 1600521390
7.6358999999999995 1600521390
7.6387 1600521390
5.239899999999999 1600521390
5.240099999999998 1600521390
5.239899999999999 1600521390
5.806899999999999 1600521390
5.806899999999999 1600521390
5.806899999999999 1600521390
7.114999999999998 1600521390
7.114999999999998 1600521390
7.115099999999998 1600521390
8.382299999999997 1600521390
8.382299999999997 1600521390
8.3823 1600521390
4.967499999999998 1600521390
4.967500000000001 1600521390
4.967599999999997 1600521390
7.0059000000000005 1600521390
7.005799999999997 1600521390
7.001099999999997 1600521390
7.834999999999997 1600521390
7.835099999999997 1600521390
7.835000000000001 1600521390
7.900500000000001 1600521390
7.900400000000001 1600521390
7.900499999999997 1600521390
6.118499999999997 1600521390
6.118499999999997 1600521390
6.118499999999997 1600521390
7.897499999999997 1600521390
7.897600000000001 1600521390
7.890000000000001 1600521390
8.122800000000002 1600521390
8.122699999999998 1600521390
8.122700000000002 1600521390
7.7575 1600521390
7.7575 1600521390
7.7593 1600521390
7.025600000000001 1600521390
7.025499999999997 1600521390
7.025599999999997 1600521390
7.471399999999999 1600521390
7.471499999999999 1600521390
7.471499999999999 1600521390
8.099 1600521390
8.108799999999999 1600521390
8.108900000000002 1600521390
8.1357 1600521390
8.1356 1600521390
8.1357 1600521390
6.471399999999999 1600521390
6.471399999999999 1600521390
6.4666999999999994 1600521390
5.805299999999999 1600521390
5.805299999999999 1600521390
5.805400000000002 1600521390
5.945800000000002 1600521390
5.945800000000002 1600521390
5.945699999999999 1600521390
9.717500000000001 1600521390
9.717600000000001 1600521390
9.717500000000001 1600521390
7.610299999999999 1600521390
7.610299999999999 1600521390
7.610299999999999 1600521390
7.5554999999999986 1600521390
7.555599999999998 1600521390
7.5554999999999986 1600521390
9.265799999999999 1600521390
9.265899999999998 1600521390
9.265899999999998 1600521390
8.015600000000003 1600521390
8.015600000000003 1600521390
8.0156 1600521390
6.711099999999998 1600521390
6.711300000000001 1600521390
6.711200000000002 1600521390
6.544099999999997 1600521390
6.5442 1600521390
6.5442 1600521390
7.520999999999997 1600521390
7.520999999999997 1600521390
7.521000000000001 1600521390
7.950299999999999 1600521390
7.950299999999999 1600521390
7.950299999999999 1600521390
3.7941000000000003 1600521390
3.7941000000000003 1600521390
3.793800000000001 1600521390
7.813899999999997 1600521390
7.8139 1600521390
7.813799999999997 1600521390
7.037599999999998 1600521390
7.037600000000001 1600521390
7.037599999999998 1600521390
7.943100000000001 1600521390
7.943000000000001 1600521390
7.943100000000001 1600521390
6.845299999999998 1600521390
6.845200000000002 1600521390
6.845399999999998 1600521390
7.502700000000001 1600521390
7.5024000000000015 1600521390
7.5025999999999975 1600521390
8.0979 1600521390
8.0978 1600521390
8.097800000000003 1600521390
8.993099999999998 1600521390
8.993400000000001 1600521390
8.993399999999998 1600521390
6.456099999999999 1600521390
6.456199999999999 1600521390
6.456199999999999 1600521390
4.920499999999997 1600521390
4.915400000000002 1600521390
4.9205000000000005 1600521390
8.281100000000002 1600521390
8.281200000000002 1600521390
8.281100000000002 1600521390
7.7027 1600521390
7.7029 1600521390
7.7028 1600521390
6.0122 1600521390
6.0123 1600521390
6.0123 1600521390
7.7773 1600521390
7.7773 1600521390
7.7773 1600521390
7.128899999999998 1600521390
7.128899999999998 1600521390
7.129000000000001 1600521390
8.106099999999998 1600521390
8.106099999999998 1600521390
8.106100000000001 1600521390
8.593 1600521390
8.5929 1600521390
8.593 1600521390
6.538599999999999 1600521390
6.538499999999999 1600521390
6.538499999999999 1600521390
7.6031999999999975 1600521390
7.603100000000001 1600521390
7.603100000000001 1600521390
9.9816 1600521390
9.9815 1600521390
9.9815 1600521390
7.0962 1600521390
7.0962 1600521390
7.0962 1600521390
9.139499999999998 1600521390
9.133799999999997 1600521390
9.139499999999998 1600521390
7.756200000000003 1600521390
7.7562999999999995 1600521390
7.7562 1600521390
8.3704 1600521390
8.3703 1600521390
8.3704 1600521390
7.514699999999998 1600521390
7.5139 1600521390
7.514700000000001 1600521390
5.919500000000003 1600521390
5.919499999999999 1600521390
5.919499999999999 1600521390
7.1968 1600521390
7.1967 1600521390
7.1968 1600521390
6.510300000000001 1600521390
6.510100000000001 1600521390
6.510200000000001 1600521390
6.964199999999998 1600521390
6.964199999999998 1600521390
6.959400000000002 1600521390
9.0245 1600521390
9.0307 1600521390
9.0245 1600521390
9.8568 1600521390
9.8568 1600521390
9.8568 1600521390
7.405000000000001 1600521390
7.405000000000001 1600521390
7.405100000000001 1600521390
8.135100000000001 1600521390
8.1354 1600521390
8.1354 1600521390
8.8601 1600521390
8.860199999999999 1600521390
8.8599 1600521390
7.323 1600521390
7.3233 1600521390
7.3232 1600521390
7.449200000000001 1600521390
7.449100000000001 1600521390
7.449100000000001 1600521390
7.459599999999998 1600521390
7.459699999999998 1600521390
7.459699999999998 1600521390
7.4054 1600521390
7.4053 1600521390
7.4054 1600521390
7.204599999999999 1600521390
7.204599999999999 1600521390
7.199300000000001 1600521390
9.913600000000002 1600521390
9.913800000000002 1600521390
9.913700000000002 1600521390
8.491600000000002 1600521390
8.491600000000002 1600521390
8.494299999999999 1600521390
7.934200000000001 1600521390
7.9343 1600521390
7.934200000000001 1600521390
6.736599999999999 1600521390
6.736599999999999 1600521390
6.736599999999999 1600521390
5.524699999999999 1600521390
5.524699999999999 1600521390
5.524699999999999 1600521390
8.1951 1600521390
8.195 1600521390
8.203300000000002 1600521390
7.280100000000001 1600521390
7.280099999999997 1600521390
7.280099999999997 1600521390
5.6922 1600521390
5.6922 1600521390
5.692499999999999 1600521390
5.933 1600521390
5.933 1600521390
5.9331 1600521390
7.256499999999999 1600521390
7.256499999999999 1600521390
7.255500000000001 1600521390
7.6204 1600521390
7.6203 1600521390
7.619599999999998 1600521390
6.359200000000001 1600521390
6.3591000000000015 1600521390
6.359099999999998 1600521390
8.2608 1600521390
8.2607 1600521390
8.2609 1600521390
6.665300000000002 1600521390
6.665300000000002 1600521390
6.665400000000002 1600521390
7.399799999999999 1600521390
7.399799999999999 1600521390
7.399699999999999 1600521390
7.464500000000001 1600521390
7.4666999999999994 1600521390
7.4666 1600521390
6.617799999999999 1600521390
6.6173 1600521390
6.617799999999999 1600521390
7.5943000000000005 1600521390
7.594299999999997 1600521390
7.5944 1600521390
5.150200000000002 1600521390
5.150200000000002 1600521390
5.150200000000002 1600521390
6.7822 1600521390
6.7821 1600521390
6.7821 1600521390
7.7562999999999995 1600521390
7.756399999999999 1600521390
7.756399999999999 1600521390
8.685499999999998 1600521390
8.685400000000001 1600521390
8.685400000000001 1600521390
7.351799999999997 1600521390
7.351800000000001 1600521390
7.351800000000001 1600521390
6.858800000000002 1600521390
6.858800000000002 1600521390
6.858799999999999 1600521390
9.593999999999998 1600521390
9.594099999999997 1600521390
9.5942 1600521390
7.588799999999999 1600521390
7.5946 1600521390
7.588800000000003 1600521390
7.025500000000001 1600521390
7.025500000000001 1600521390
7.025500000000001 1600521390
6.569099999999999 1600521390
6.569199999999999 1600521390
6.569299999999998 1600521390
6.5665999999999976 1600521390
6.5665999999999976 1600521390
6.566600000000001 1600521390
8.6539 1600521390
8.6539 1600521390
8.649000000000001 1600521390
6.9694 1600521390
6.9694 1600521390
6.9694 1600521390
6.8508 1600521390
6.8507 1600521390
6.8508 1600521390
7.720099999999999 1600521390
7.720099999999999 1600521390
7.720199999999998 1600521390
5.573900000000002 1600521390
5.573900000000002 1600521390
5.569200000000002 1600521390
7.5519 1600521390
7.5519 1600521390
7.5518 1600521390
6.626800000000003 1600521390
6.626900000000003 1600521390
6.626899999999999 1600521390
9.116299999999999 1600521390
9.116399999999999 1600521390
9.121299999999998 1600521390
6.457699999999999 1600521390
6.457700000000003 1600521390
6.457800000000002 1600521390
6.718900000000001 1600521390
6.718799999999998 1600521390
6.718900000000001 1600521390
8.393899999999999 1600521390
8.393899999999999 1600521390
8.393699999999999 1600521390
5.727700000000002 1600521390
5.732800000000001 1600521390
5.727700000000002 1600521390
7.805600000000002 1600521390
7.805599999999998 1600521390
7.805599999999998 1600521390
8.4402 1600521390
8.440100000000001 1600521390
8.4345 1600521390
8.8993 1600521390
8.8993 1600521390
8.8992 1600521390
7.2835 1600521390
7.2835 1600521390
7.2835 1600521390
3.4162999999999997 1600521390
3.4160000000000004 1600521390
3.4162999999999997 1600521390
7.061499999999999 1600521390
7.061399999999999 1600521390
7.061500000000002 1600521390
6.428799999999999 1600521390
6.428799999999999 1600521390
6.428799999999999 1600521390
5.940800000000003 1600521390
5.9407 1600521390
5.940799999999999 1600521390
7.2301 1600521390
7.230099999999997 1600521390
7.2302 1600521390
7.491999999999997 1600521390
7.492099999999997 1600521390
7.4922 1600521390
9.4022 1600521390
9.402199999999997 1600521390
9.4023 1600521390
6.676400000000001 1600521390
6.676299999999998 1600521390
6.676299999999998 1600521390
6.828299999999999 1600521390
6.8282000000000025 1600521390
6.828299999999999 1600521390
9.3768 1600521390
9.3768 1600521390
9.3769 1600521390
8.609299999999998 1600521390
8.609299999999998 1600521390
8.609300000000001 1600521390
9.4284 1600521390
9.4283 1600521390
9.428 1600521390
5.8827 1600521390
5.8826 1600521390
5.8826 1600521390
8.141900000000003 1600521390
8.1419 1600521390
8.142 1600521390
5.411899999999999 1600521390
5.411900000000003 1600521390
5.411999999999999 1600521390
7.133800000000001 1600521390
7.133700000000001 1600521390
7.133800000000001 1600521390
6.934100000000001 1600521390
6.9391 1600521390
6.9391 1600521390
6.679200000000002 1600521390
6.679099999999998 1600521390
6.679099999999998 1600521390
8.237199999999998 1600521390
8.244599999999998 1600521390
8.244699999999998 1600521390
7.209800000000001 1600521390
7.209800000000001 1600521390
7.2098999999999975 1600521390
6.808899999999998 1600521390
6.809000000000001 1600521390
6.809100000000001 1600521390
8.1038 1600521390
8.1038 1600521390
8.098200000000002 1600521390
7.203599999999998 1600521390
7.203499999999998 1600521390
7.200700000000001 1600521390
7.7788 1600521390
7.778799999999997 1600521390
7.7789 1600521390
7.212500000000002 1600521390
7.212500000000002 1600521390
7.212600000000002 1600521390
6.093600000000002 1600521390
6.0885 1600521390
6.093600000000002 1600521390
7.2515 1600521390
7.2516 1600521390
7.2515 1600521390
6.168200000000002 1600521390
6.168300000000002 1600521390
6.168199999999999 1600521390
7.370699999999999 1600521390
7.3704 1600521390
7.370699999999999 1600521390
5.583400000000001 1600521390
5.583400000000001 1600521390
5.583400000000001 1600521390
7.951899999999998 1600521390
7.951999999999998 1600521390
7.951900000000002 1600521390
6.409300000000002 1600521390
6.4094000000000015 1600521390
6.4094000000000015 1600521390
8.825300000000002 1600521390
8.825299999999999 1600521390
8.825300000000002 1600521390
8.9969 1600521390
8.9969 1600521390
8.9967 1600521390
8.139600000000002 1600521390
8.139600000000002 1600521390
8.139700000000001 1600521390
8.9315 1600521390
8.926400000000001 1600521390
8.926399999999997 1600521390
6.7830999999999975 1600521390
6.783200000000001 1600521390
6.783200000000001 1600521390
7.709999999999997 1600521390
7.709999999999997 1600521390
7.710000000000001 1600521390
6.404699999999998 1600521390
6.404699999999998 1600521390
6.404699999999998 1600521390
7.507899999999999 1600521390
7.5077 1600521390
7.5078 1600521390
9.327200000000001 1600521390
9.327299999999997 1600521390
9.327299999999997 1600521390
6.922699999999999 1600521390
6.922599999999999 1600521390
6.922699999999999 1600521390
7.5075 1600521390
7.5076 1600521390
7.5076 1600521390
6.3897999999999975 1600521390
6.389800000000001 1600521390
6.389800000000001 1600521390
7.180400000000002 1600521390
7.180400000000002 1600521390
7.180400000000002 1600521390
5.812299999999997 1600521390
5.812200000000001 1600521390
5.8123000000000005 1600521390
5.295300000000001 1600521390
5.295300000000001 1600521390
5.295300000000001 1600521390
7.350899999999999 1600521390
7.350900000000003 1600521390
7.350900000000003 1600521390
7.239599999999999 1600521390
7.239799999999999 1600521390
7.2398000000000025 1600521390
8.6662 1600521390
8.672999999999998 1600521390
8.673000000000002 1600521390
6.217499999999998 1600521390
6.217500000000001 1600521390
6.217500000000001 1600521390
9.211099999999998 1600521390
9.211099999999998 1600521390
9.211100000000002 1600521390
6.690999999999999 1600521390
6.690999999999999 1600521390
6.695700000000002 1600521390
7.985800000000001 1600521390
7.985900000000001 1600521390
7.985900000000001 1600521390
6.927600000000002 1600521390
6.927800000000001 1600521390
6.927799999999998 1600521390
8.361 1600521390
8.361 1600521390
8.3609 1600521390
9.2624 1600521390
9.2623 1600521390
9.2624 1600521390
8.2681 1600521390
8.2682 1600521390
8.268099999999997 1600521390
6.6937999999999995 1600521390
6.693899999999999 1600521390
6.693899999999999 1600521390
8.4417 1600521390
8.441599999999998 1600521390
8.4417 1600521390
7.261399999999998 1600521390
7.253999999999998 1600521390
7.2612999999999985 1600521390
6.882299999999997 1600521390
6.882199999999997 1600521390
6.882199999999997 1600521390
5.607499999999998 1600521390
5.602500000000003 1600521390
5.602499999999999 1600521390
8.430999999999997 1600521390
8.430999999999997 1600521390
8.4348 1600521390
9.6857 1600521390
9.686900000000001 1600521390
9.686900000000001 1600521390
8.480500000000003 1600521390
8.4804 1600521390
8.480500000000003 1600521390
6.3628 1600521390
6.3628 1600521390
6.3628 1600521390
4.468900000000001 1600521390
4.468800000000002 1600521390
4.468900000000001 1600521390
7.32 1600521390
7.32 1600521390
7.3199000000000005 1600521390
8.905100000000001 1600521390
8.905100000000001 1600521390
8.9052 1600521390
7.3812999999999995 1600521390
7.3812 1600521390
7.381300000000003 1600521390
6.6968 1600521390
6.6968 1600521390
6.6968 1600521390
7.2524000000000015 1600521390
7.2524000000000015 1600521390
7.2517 1600521390
6.199300000000001 1600521390
6.199400000000001 1600521390
6.199400000000001 1600521390
5.865199999999998 1600521390
5.865099999999998 1600521390
5.865099999999998 1600521390
6.744599999999998 1600521390
6.744599999999998 1600521390
6.744700000000002 1600521390
7.382100000000001 1600521390
7.382100000000001 1600521390
7.382100000000001 1600521390
7.859000000000002 1600521390
7.859000000000002 1600521390
7.859000000000002 1600521390
7.3916 1600521390
7.3917 1600521390
7.3917 1600521390
5.772600000000001 1600521390
5.772599999999997 1600521390
5.772500000000001 1600521390
7.570499999999999 1600521390
7.5703 1600521390
7.570399999999999 1600521390
7.598300000000002 1600521390
7.598399999999998 1600521390
7.598500000000001 1600521390
6.9041999999999994 1600521390
6.9041999999999994 1600521390
6.9041999999999994 1600521390
7.460100000000001 1600521390
7.460100000000001 1600521390
7.460100000000001 1600521390
4.439299999999999 1600521390
4.439299999999999 1600521390
4.439299999999999 1600521390
7.205200000000001 1600521390
7.205200000000001 1600521390
7.205200000000001 1600521390
7.051199999999998 1600521390
7.051300000000001 1600521390
7.0512000000000015 1600521390
7.2165 1600521390
7.2165 1600521390
7.2165000000000035 1600521390
6.9716999999999985 1600521390
6.971599999999999 1600521390
6.9716999999999985 1600521390
6.135000000000002 1600521390
6.135099999999998 1600521390
6.135099999999998 1600521390
8.407899999999998 1600521390
8.409400000000002 1600521390
8.409299999999998 1600521390
8.4298 1600521390
8.4298 1600521390
8.4298 1600521390
7.9223 1600521390
7.9222 1600521390
7.9222 1600521390
7.525299999999998 1600521390
7.520199999999999 1600521390
7.525199999999998 1600521390
7.412699999999997 1600521390
7.412800000000001 1600521390
7.412700000000001 1600521390
7.045999999999999 1600521390
7.0459 1600521390
7.045900000000003 1600521390
6.565899999999999 1600521390
6.565899999999999 1600521390
6.565200000000001 1600521390
7.384499999999999 1600521390
7.384400000000003 1600521390
7.384500000000003 1600521390
8.524999999999999 1600521390
8.524999999999999 1600521390
8.525000000000002 1600521390
0.1637999999999984 1600521390
0.17079999999999984 1600521390
0.17079999999999984 1600521390
7.659800000000001 1600521390
7.6599 1600521390
7.6599 1600521390
6.785400000000003 1600521390
6.785399999999999 1600521390
6.785399999999999 1600521390
8.450299999999999 1600521390
8.450299999999999 1600521390
8.450299999999999 1600521390
7.4144000000000005 1600521390
7.414300000000001 1600521390
7.4144000000000005 1600521390
4.862500000000001 1600521390
4.862299999999998 1600521390
4.862400000000001 1600521390
7.197200000000002 1600521390
7.197199999999999 1600521390
7.197199999999999 1600521390
7.039300000000001 1600521390
7.0394000000000005 1600521390
7.039300000000001 1600521390
6.819600000000001 1600521390
6.8195000000000014 1600521390
6.819499999999998 1600521390
9.8185 1600521390
9.8185 1600521390
9.8185 1600521390
7.266400000000001 1600521390
7.2666 1600521390
7.266599999999997 1600521390
9.1984 1600521390
9.198400000000003 1600521390
9.198400000000003 1600521390
8.682500000000001 1600521390
8.682499999999997 1600521390
8.6833 1600521390
7.7682 1600521390
7.7682 1600521390
7.770900000000001 1600521390
8.0289 1600521390
8.0289 1600521390
8.0288 1600521390
6.872300000000003 1600521390
6.872299999999999 1600521390
6.872299999999999 1600521390
8.6384 1600521390
8.638300000000001 1600521390
8.638399999999997 1600521390
6.8354 1600521390
6.840399999999999 1600521390
6.840500000000002 1600521390
6.554300000000001 1600521390
6.554300000000001 1600521390
6.554300000000001 1600521390
7.787499999999998 1600521390
7.787499999999998 1600521390
7.787499999999998 1600521390
6.0181000000000004 1600521390
6.0181000000000004 1600521390
6.0182 1600521390
5.3033 1600521390
5.3033 1600521390
5.3034 1600521390
6.630600000000001 1600521390
6.630600000000001 1600521390
6.630699999999997 1600521390
7.501600000000003 1600521390
7.501600000000003 1600521390
7.5015 1600521390
6.073699999999999 1600521390
6.0737999999999985 1600521390
6.073900000000002 1600521390
7.2342999999999975 1600521390
7.236799999999999 1600521390
7.2342999999999975 1600521390
7.045300000000001 1600521390
7.045300000000001 1600521390
7.045200000000001 1600521390
7.2743 1600521390
7.269300000000001 1600521390
7.269200000000001 1600521390
7.950999999999997 1600521390
7.950999999999997 1600521390
7.950499999999998 1600521390
7.215699999999998 1600521390
7.215699999999998 1600521390
7.2163 1600521390
6.4282 1600521390
6.428099999999997 1600521390
6.4283 1600521390
