1.521 1600562710
1.5206 1600562710
1.5211 1600562710
1.5197 1600562710
1.485 1600562710
1.5216 1600562710
1.8361 1600562710
1.8359 1600562710
1.8349 1600562710
1.8356999999999999 1600562710
1.8358999999999999 1600562710
1.8359 1600562710
1.0747 1600562710
1.0746 1600562710
1.0753 1600562710
1.0749 1600562710
1.0747 1600562710
1.0693000000000001 1600562710
1.9141000000000001 1600562710
1.9143999999999999 1600562710
1.9139000000000002 1600562710
1.9143999999999999 1600562710
1.9142 1600562710
1.9142000000000001 1600562710
1.8986999999999998 1600562710
1.9141 1600562710
1.8931 1600562710
1.9071999999999998 1600562710
1.8959 1600562710
1.8925 1600562710
0.9575 1600562710
0.9508000000000001 1600562710
0.9507000000000001 1600562710
0.9573 1600562710
0.9497 1600562710
0.9511000000000001 1600562710
2.0987999999999998 1600562710
2.1001 1600562710
2.0972999999999997 1600562710
2.0999000000000003 1600562710
2.1002 1600562710
2.0971 1600562710
1.2986 1600562710
1.3178 1600562710
1.3181 1600562710
1.2871 1600562710
1.319 1600562710
1.2999 1600562710
1.9373 1600562710
1.9371 1600562710
1.9374000000000002 1600562710
1.9375 1600562710
1.9375 1600562710
1.9375 1600562710
1.6452 1600562710
1.6232 1600562710
1.645 1600562710
1.6452 1600562710
1.6453 1600562710
1.6445 1600562710
1.3994 1600562710
1.4127 1600562710
1.4124 1600562710
1.4127 1600562710
1.3703 1600562710
1.4127 1600562710
1.0254 1600562710
1.0288 1600562710
1.0216 1600562710
1.0214 1600562710
1.0269 1600562710
1.0286 1600562710
1.8894 1600562710
1.8895 1600562710
1.8895000000000002 1600562710
1.8896 1600562710
1.8896000000000002 1600562710
1.8896 1600562710
1.696 1600562710
1.7108999999999999 1600562710
1.6877 1600562710
1.6792 1600562710
1.6794 1600562710
1.6848 1600562710
1.4847 1600562710
1.4729 1600562710
1.4754 1600562710
1.514 1600562710
1.5147 1600562710
1.473 1600562710
1.2678 1600562710
1.2678 1600562710
1.2438 1600562710
1.2592 1600562710
1.2584 1600562710
1.2585 1600562710
1.9244999999999999 1600562710
1.9243999999999999 1600562710
1.9244999999999999 1600562710
1.9242000000000001 1600562710
1.9245 1600562710
1.9245 1600562710
1.7094 1600562710
1.7065000000000001 1600562710
1.7075 1600562710
1.7094 1600562710
1.7093 1600562710
1.7075 1600562710
1.1717 1600562710
1.171 1600562710
1.1703 1600562710
1.1695 1600562710
1.1714 1600562710
1.1699 1600562710
1.4919 1600562710
1.4933 1600562710
1.4929000000000001 1600562710
1.4935 1600562710
1.4923 1600562710
1.4945 1600562710
1.0952 1600562710
1.1127 1600562710
1.1136 1600562710
1.1141 1600562710
1.1143 1600562710
1.1123 1600562710
1.2822 1600562710
1.2823 1600562710
1.2821 1600562710
1.2372 1600562710
1.2808 1600562710
1.2816 1600562710
1.9372999999999998 1600562710
1.9439 1600562710
1.9372999999999998 1600562710
1.9439 1600562710
1.9376 1600562710
1.9439000000000002 1600562710
1.8598 1600562710
1.8606000000000003 1600562710
1.8599 1600562710
1.8599999999999999 1600562710
1.8607000000000002 1600562710
1.8599 1600562710
1.3317 1600562710
1.3327 1600562710
1.3329 1600562710
1.3329 1600562710
1.3323 1600562710
1.3331 1600562710
1.164 1600562710
1.1625 1600562710
1.1616 1600562710
1.1636 1600562710
1.1639000000000002 1600562710
1.1635 1600562710
0.9917 1600562710
0.9633 1600562710
0.9650999999999998 1600562710
0.9799 1600562710
0.9918 1600562710
0.98 1600562710
1.8983999999999999 1600562710
1.8963999999999999 1600562710
1.8983 1600562710
1.8983 1600562710
1.8967 1600562710
1.8983 1600562710
1.4536 1600562710
1.4559 1600562710
1.4523 1600562710
1.5714000000000001 1600562710
1.5714 1600562710
1.4529 1600562710
1.8738000000000001 1600562710
1.8777 1600562710
1.8747 1600562710
1.8777000000000001 1600562710
1.8749000000000002 1600562710
1.8746 1600562710
1.3438 1600562710
1.3531 1600562710
1.3518000000000001 1600562710
1.3527 1600562710
1.3537 1600562710
1.3521 1600562710
1.4607 1600562710
1.3935 1600562710
1.4524000000000001 1600562710
1.4471 1600562710
1.4388 1600562710
1.4416 1600562710
1.3801 1600562710
1.3803 1600562710
1.3807 1600562710
1.3777 1600562710
1.3801 1600562710
1.3468 1600562710
1.5013 1600562710
1.5013 1600562710
1.4853 1600562710
1.5012 1600562710
1.4857 1600562710
1.5211000000000001 1600562710
1.4785 1600562710
1.4781 1600562710
1.4776 1600562710
1.4627000000000001 1600562710
1.4788000000000001 1600562710
1.4786 1600562710
1.6878 1600562710
1.7082 1600562710
1.698 1600562710
1.6927 1600562710
1.6882 1600562710
1.6885000000000001 1600562710
1.9320000000000002 1600562710
1.9310999999999998 1600562710
1.932 1600562710
1.932 1600562710
1.9319 1600562710
1.9320000000000002 1600562710
1.8523 1600562710
1.8521999999999998 1600562710
1.8457 1600562710
1.8457 1600562710
1.8523 1600562710
1.8522 1600562710
1.7231 1600562710
1.7211 1600562710
1.7235 1600562710
1.7302 1600562710
1.7299 1600562710
1.7234 1600562710
1.8348 1600562710
1.8286 1600562710
1.8273 1600562710
1.8302 1600562710
1.8407 1600562710
1.8404 1600562710
1.9883 1600562710
1.9879 1600562710
1.9859000000000002 1600562710
1.9876999999999998 1600562710
1.9883 1600562710
1.9877 1600562710
1.6528 1600562710
1.6523 1600562710
1.6529 1600562710
1.653 1600562710
1.6522 1600562710
1.653 1600562710
1.795 1600562710
1.7951 1600562710
1.7953000000000001 1600562710
1.7945 1600562710
1.7942 1600562710
1.7952 1600562710
1.8984 1600562710
1.9038 1600562710
1.8984 1600562710
1.8984 1600562710
1.8984999999999999 1600562710
1.8984999999999999 1600562710
1.2392 1600562710
1.2355 1600562710
1.2114 1600562710
1.2336 1600562710
1.2354 1600562710
1.2410999999999999 1600562710
1.906 1600562710
1.906 1600562710
1.9113999999999998 1600562710
0.8960999999999999 1600562710
1.8975000000000002 1600562710
1.9113 1600562710
1.3226 1600562710
1.3232 1600562710
1.2978 1600562710
1.2688 1600562710
1.3214 1600562710
1.3233000000000001 1600562710
0.9243000000000001 1600562710
0.9238999999999999 1600562710
0.9238999999999999 1600562710
0.9216 1600562710
0.9172 1600562710
0.9214 1600562710
1.9079000000000002 1600562710
1.9081000000000001 1600562710
1.9083 1600562710
1.9083 1600562710
1.9081 1600562710
1.9036000000000002 1600562710
1.4038 1600562710
1.4042000000000001 1600562710
1.4032 1600562710
1.3827 1600562710
1.4040000000000001 1600562710
1.4027 1600562710
1.8047 1600562710
1.804 1600562710
1.8044 1600562710
1.8047 1600562710
1.8045 1600562710
1.8045 1600562710
1.9158 1600562710
1.9158000000000002 1600562710
1.916 1600562710
1.9156 1600562710
1.9159000000000002 1600562710
1.9155000000000002 1600562710
0.9148000000000001 1600562710
0.9137 1600562710
0.869 1600562710
0.8959999999999999 1600562710
0.8952 1600562710
0.9138 1600562710
1.2206 1600562710
1.2195 1600562710
1.2217 1600562710
1.1954 1600562710
1.221 1600562710
1.2209999999999999 1600562710
1.2394 1600562710
1.2385 1600562710
1.2402 1600562710
1.2372 1600562710
1.2429000000000001 1600562710
1.2392 1600562710
1.6349 1600562710
1.6349 1600562710
1.6494 1600562710
1.6323 1600562710
1.6445 1600562710
1.6385 1600562710
0.8899999999999999 1600562710
0.8884000000000001 1600562710
0.8894 1600562710
0.8895 1600562710
0.8876999999999999 1600562710
0.8895 1600562710
1.896 1600562710
1.9108 1600562710
1.9105999999999999 1600562710
1.9107 1600562710
1.9106999999999998 1600562710
1.9107 1600562710
1.9564000000000001 1600562710
1.9333999999999998 1600562710
1.9332 1600562710
1.9564 1600562710
1.9333000000000002 1600562710
1.9333000000000002 1600562710
1.2357 1600562710
1.1901 1600562710
1.2334 1600562710
1.2357 1600562710
1.2344 1600562710
1.2287000000000001 1600562710
1.9356000000000002 1600562710
1.9355999999999998 1600562710
1.9350999999999998 1600562710
1.9357000000000002 1600562710
1.9356 1600562710
1.9356 1600562710
1.0662 1600562710
1.1004 1600562710
1.1004 1600562710
1.0971 1600562710
1.0694 1600562710
1.0705 1600562710
1.3119 1600562710
1.3124 1600562710
1.3127 1600562710
1.3131 1600562710
1.3149 1600562710
1.3066 1600562710
1.1139000000000001 1600562710
1.1199000000000001 1600562710
1.109 1600562710
1.1143 1600562710
1.1116000000000001 1600562710
1.1214 1600562710
1.9078 1600562710
1.9078 1600562710
1.9079000000000002 1600562710
1.9079000000000002 1600562710
1.9074 1600562710
1.908 1600562710
1.1057 1600562710
1.1064 1600562710
1.1039 1600562710
1.1056 1600562710
1.1066 1600562710
1.1041 1600562710
1.8668 1600562710
1.8672000000000002 1600562710
1.8668 1600562710
1.8668999999999998 1600562710
1.8655000000000002 1600562710
1.8671 1600562710
1.8122 1600562710
1.8175999999999999 1600562710
1.8421 1600562710
1.8421 1600562710
1.8112 1600562710
1.8122 1600562710
1.9101000000000001 1600562710
1.91 1600562710
1.9097000000000002 1600562710
1.9105 1600562710
1.9102 1600562710
1.9105 1600562710
1.758 1600562710
1.7851 1600562710
1.7586 1600562710
1.7851000000000001 1600562710
1.7606 1600562710
1.7586 1600562710
1.3094999999999999 1600562710
1.308 1600562710
1.3137 1600562710
1.3143 1600562710
1.3059 1600562710
1.3101 1600562710
1.3024 1600562710
1.2923 1600562710
1.2997 1600562710
1.3058 1600562710
1.304 1600562710
1.2608000000000001 1600562710
1.479 1600562710
1.5118 1600562710
1.5112 1600562710
1.511 1600562710
1.5112 1600562710
1.5099 1600562710
0.9258 1600562710
0.881 1600562710
0.9262999999999999 1600562710
0.8955 1600562710
0.9262999999999999 1600562710
0.9259999999999999 1600562710
1.729 1600562710
1.7287000000000001 1600562710
1.7291 1600562710
1.7292 1600562710
1.7288000000000001 1600562710
1.7295 1600562710
1.014 1600562710
1.0142 1600562710
1.0204 1600562710
1.0170000000000001 1600562710
1.0128 1600562710
1.0166 1600562710
0.9119999999999999 1600562710
0.9120999999999999 1600562710
0.9117999999999999 1600562710
0.8977999999999999 1600562710
0.9124000000000001 1600562710
0.9124000000000001 1600562710
1.5736 1600562710
1.5713 1600562710
1.5603 1600562710
1.5635000000000001 1600562710
1.5552 1600562710
1.5825 1600562710
1.9059000000000001 1600562710
1.9085999999999999 1600562710
1.8976 1600562710
1.9086 1600562710
1.9086999999999998 1600562710
1.906 1600562710
1.9241 1600562710
1.9240000000000002 1600562710
1.9229999999999998 1600562710
1.9241 1600562710
1.9179000000000002 1600562710
1.9241000000000001 1600562710
1.0683 1600562710
1.068 1600562710
1.0657 1600562710
1.0682 1600562710
1.0684 1600562710
1.0687 1600562710
1.8983 1600562710
1.8978000000000002 1600562710
1.8981000000000001 1600562710
1.8982999999999999 1600562710
1.8985 1600562710
1.898 1600562710
1.719 1600562710
1.718 1600562710
1.7188 1600562710
1.7191 1600562710
1.7186 1600562710
1.7191 1600562710
1.2684 1600562710
1.2687 1600562710
1.2684 1600562710
1.2684 1600562710
1.2643 1600562710
1.2681 1600562710
0.9529000000000001 1600562710
0.9291 1600562710
0.9530000000000001 1600562710
0.9204000000000001 1600562710
0.9530000000000001 1600562710
1.0124 1600562710
1.6376 1600562710
1.6381999999999999 1600562710
1.6376 1600562710
1.6912 1600562710
1.6380000000000001 1600562710
1.6985 1600562710
1.8367 1600562710
1.8406 1600562710
1.8406 1600562710
1.8363 1600562710
1.8407 1600562710
1.8405 1600562710
1.6653 1600562710
1.6625 1600562710
1.6699 1600562710
1.6615 1600562710
1.664 1600562710
1.6626 1600562710
1.1238 1600562710
1.1236 1600562710
1.1223 1600562710
1.1241 1600562710
1.1233 1600562710
1.0879 1600562710
1.7371 1600562710
1.7369999999999999 1600562710
1.7403 1600562710
1.7515 1600562710
1.7403 1600562710
1.7364 1600562710
1.7555 1600562710
1.7514 1600562710
1.7512 1600562710
1.7514 1600562710
1.7549000000000001 1600562710
1.7612 1600562710
0.9469000000000001 1600562710
0.9272 1600562710
0.9318 1600562710
0.9349000000000001 1600562710
0.9307000000000001 1600562710
0.9353 1600562710
1.0942 1600562710
1.1317 1600562710
1.1168 1600562710
1.1276 1600562710
1.1253 1600562710
1.1324 1600562710
1.0842 1600562710
1.0754 1600562710
1.085 1600562710
1.0528 1600562710
1.0841 1600562710
1.0848 1600562710
1.3814 1600562710
1.3813 1600562710
1.3287 1600562710
1.3807 1600562710
1.3866 1600562710
1.3767 1600562710
1.2134 1600562710
1.2187000000000001 1600562710
1.2133 1600562710
1.2084 1600562710
1.2163 1600562710
1.2148 1600562710
0.8621000000000001 1600562710
0.8620000000000001 1600562710
0.8543000000000001 1600562710
0.8620000000000001 1600562710
0.8621000000000001 1600562710
0.8619000000000001 1600562710
1.3957 1600562710
1.395 1600562710
1.3949 1600562710
1.3955 1600562710
1.391 1600562710
1.396 1600562710
1.5617 1600562710
1.5613 1600562710
1.5622 1600562710
1.5621 1600562710
1.562 1600562710
1.5625 1600562710
0.9987999999999999 1600562710
0.9897 1600562710
0.9938 1600562710
0.9936 1600562710
0.9933000000000001 1600562710
0.9922 1600562710
1.9429 1600562710
1.9356 1600562710
1.9428999999999998 1600562710
1.9407 1600562710
1.9354000000000002 1600562710
1.9406999999999999 1600562710
1.9043 1600562710
1.9051999999999998 1600562710
1.9046999999999998 1600562710
1.9049 1600562710
1.9057 1600562710
1.9045999999999998 1600562710
1.9195000000000002 1600562710
1.9189999999999998 1600562710
1.9188999999999998 1600562710
1.9191999999999998 1600562710
1.919 1600562710
1.9186999999999999 1600562710
1.9310999999999998 1600562710
1.9139 1600562710
1.9239000000000002 1600562710
1.9310999999999998 1600562710
1.9311 1600562710
1.9167999999999998 1600562710
1.7425 1600562710
1.742 1600562710
1.7416 1600562710
1.7424 1600562710
1.7425 1600562710
1.7422 1600562710
1.9033 1600562710
1.9082000000000001 1600562710
1.8975000000000002 1600562710
1.9034000000000002 1600562710
1.9034 1600562710
1.9082 1600562710
1.8994 1600562710
1.9025 1600562710
1.8993 1600562710
1.8994000000000002 1600562710
1.9025 1600562710
1.8993 1600562710
1.3863 1600562710
1.4082999999999999 1600562710
1.408 1600562710
1.4079 1600562710
1.4073 1600562710
1.4084 1600562710
1.1386 1600562710
1.1392 1600562710
1.1402999999999999 1600562710
1.1399000000000001 1600562710
1.1279000000000001 1600562710
1.1432 1600562710
1.9363000000000001 1600562710
1.9369 1600562710
1.9369 1600562710
1.9362 1600562710
1.9365 1600562710
1.9365 1600562710
0.9120999999999999 1600562710
0.9122000000000001 1600562710
0.9121000000000001 1600562710
0.9101999999999999 1600562710
0.9116 1600562710
0.9097 1600562710
1.5905 1600562710
1.5865 1600562710
1.5922 1600562710
1.5915000000000001 1600562710
1.59 1600562710
1.5915 1600562710
1.4656 1600562710
1.4656 1600562710
1.4651 1600562710
1.4641 1600562710
1.4222 1600562710
1.4644 1600562710
1.4492 1600562710
1.4609 1600562710
1.4485 1600562710
1.4608 1600562710
1.4491 1600562710
1.4468 1600562710
0.9926999999999999 1600562710
0.9942 1600562710
0.9957 1600562710
0.9706999999999999 1600562710
0.9948999999999999 1600562710
0.994 1600562710
1.9118 1600562710
1.9323000000000001 1600562710
1.9121 1600562710
1.9126999999999998 1600562710
1.9130999999999998 1600562710
1.9322000000000001 1600562710
1.9294 1600562710
1.9298000000000002 1600562710
1.9294 1600562710
1.9298000000000002 1600562710
1.9296000000000002 1600562710
1.9291999999999998 1600562710
0.9865999999999999 1600562710
0.9843 1600562710
0.9851000000000001 1600562710
0.9857 1600562710
0.9722999999999999 1600562710
0.9864999999999999 1600562710
0.9737 1600562710
1.0128 1600562710
0.9703999999999999 1600562710
0.9737 1600562710
0.9702 1600562710
0.9306000000000001 1600562710
1.9369 1600562710
1.9369999999999998 1600562710
1.9367999999999999 1600562710
1.937 1600562710
1.9368 1600562710
1.9371 1600562710
1.8898000000000001 1600562710
1.9022000000000001 1600562710
1.8898 1600562710
1.8957000000000002 1600562710
1.8898 1600562710
1.8899000000000001 1600562710
1.247 1600562710
1.2691 1600562710
1.2473 1600562710
1.2635 1600562710
1.206 1600562710
1.2635 1600562710
1.9077 1600562710
1.908 1600562710
1.9081 1600562710
1.9077 1600562710
1.908 1600562710
1.9081 1600562710
1.8973 1600562710
1.8831000000000002 1600562710
1.8915000000000002 1600562710
1.8982999999999999 1600562710
1.8916000000000002 1600562710
1.8833 1600562710
1.9002 1600562710
1.9014000000000002 1600562710
1.9017000000000002 1600562710
1.9002000000000001 1600562710
1.9001000000000001 1600562710
1.901 1600562710
1.1588 1600562710
1.1612 1600562710
1.1615 1600562710
1.1611 1600562710
1.1621 1600562710
1.161 1600562710
1.9692 1600562710
1.9738000000000002 1600562710
1.9547 1600562710
1.9549999999999998 1600562710
1.9829 1600562710
1.98 1600562710
1.0555 1600562710
1.0654000000000001 1600562710
1.0655 1600562710
1.055 1600562710
1.0655000000000001 1600562710
1.0135 1600562710
1.8837 1600562710
1.8833000000000002 1600562710
1.8835 1600562710
1.8838 1600562710
1.8839 1600562710
1.8837000000000002 1600562710
1.2401 1600562710
1.2406 1600562710
1.2393 1600562710
1.2407000000000001 1600562710
1.2272 1600562710
1.2386000000000001 1600562710
1.2359 1600562710
1.2361 1600562710
1.2369 1600562710
1.2318 1600562710
1.216 1600562710
1.2316 1600562710
1.3282 1600562710
1.3252 1600562710
1.3279 1600562710
1.3291 1600562710
1.3327 1600562710
1.3271 1600562710
1.8546 1600562710
1.8492 1600562710
1.8449 1600562710
1.8449 1600562710
1.8447 1600562710
1.8419 1600562710
1.9149 1600562710
1.9184999999999999 1600562710
1.9184 1600562710
1.9185 1600562710
1.9150999999999998 1600562710
1.9148 1600562710
1.8903999999999999 1600562710
1.8902999999999999 1600562710
1.8903999999999999 1600562710
1.8903999999999999 1600562710
1.8904 1600562710
1.8901000000000001 1600562710
1.8935000000000002 1600562710
1.8935 1600562710
1.8981 1600562710
1.8981999999999999 1600562710
1.8935 1600562710
1.8935 1600562710
1.0114 1600562710
1.0285 1600562710
1.02 1600562710
1.0214 1600562710
1.0290000000000001 1600562710
1.0286 1600562710
1.6976 1600562710
1.7058 1600562710
1.6959 1600562710
1.7061 1600562710
1.6958 1600562710
1.6976 1600562710
1.1112 1600562710
1.1061 1600562710
1.1075000000000002 1600562710
1.108 1600562710
1.1154 1600562710
1.1101 1600562710
1.9135 1600562710
1.9056000000000002 1600562710
1.8975 1600562710
1.9135000000000002 1600562710
1.9056 1600562710
1.8974 1600562710
1.1394 1600562710
1.1388 1600562710
1.0999 1600562710
1.1391 1600562710
1.1418 1600562710
1.141 1600562710
1.6244 1600562710
1.6242999999999999 1600562710
1.609 1600562710
1.6134 1600562710
1.6152 1600562710
1.6132 1600562710
1.5177 1600562710
1.5179 1600562710
1.5385 1600562710
1.5172999999999999 1600562710
1.5384 1600562710
1.5198 1600562710
1.6934 1600562710
1.6915 1600562710
1.6901 1600562710
1.6935 1600562710
1.6912 1600562710
1.7036 1600562710
1.8691 1600562710
1.8692000000000002 1600562710
1.8683 1600562710
1.8691 1600562710
1.869 1600562710
1.8686 1600562710
1.5464 1600562710
1.5508 1600562710
1.5466 1600562710
1.5461 1600562710
1.5904 1600562710
1.596 1600562710
1.0895 1600562710
1.091 1600562710
1.0924 1600562710
1.0885 1600562710
1.0917000000000001 1600562710
1.093 1600562710
1.6132 1600562710
1.6159000000000001 1600562710
1.6134 1600562710
1.6139000000000001 1600562710
1.6128 1600562710
1.6163 1600562710
1.3836 1600562710
1.3827 1600562710
1.3729 1600562710
1.3838000000000001 1600562710
1.3826 1600562710
1.3823 1600562710
1.1381999999999999 1600562710
1.1381000000000001 1600562710
1.1361 1600562710
1.133 1600562710
1.1384 1600562710
1.139 1600562710
1.9349 1600562710
1.9349 1600562710
1.9399000000000002 1600562710
1.9400000000000002 1600562710
1.9348 1600562710
1.9399000000000002 1600562710
1.2784 1600562710
1.2759 1600562710
1.2788 1600562710
1.2785 1600562710
1.2784 1600562710
1.2783 1600562710
1.9397000000000002 1600562710
1.94 1600562710
1.9394 1600562710
1.9400000000000002 1600562710
1.9399000000000002 1600562710
1.94 1600562710
1.8921000000000001 1600562710
1.8906999999999998 1600562710
1.8918000000000001 1600562710
1.9156000000000002 1600562710
1.8916 1600562710
1.9155000000000002 1600562710
1.8097 1600562710
1.8097 1600562710
1.7607 1600562710
1.799 1600562710
1.7706 1600562710
1.7611 1600562710
1.9340000000000002 1600562710
1.9313 1600562710
1.9311999999999998 1600562710
1.9313 1600562710
1.934 1600562710
1.9313 1600562710
1.7085 1600562710
1.7132 1600562710
1.7084 1600562710
1.7038 1600562710
1.7084 1600562710
1.7092 1600562710
1.2648 1600562710
1.263 1600562710
1.2633 1600562710
1.2641 1600562710
1.2642 1600562710
1.2593 1600562710
1.2889 1600562710
1.2881 1600562710
1.284 1600562710
1.288 1600562710
1.2455 1600562710
1.2871000000000001 1600562710
1.6747 1600562710
1.6733 1600562710
1.6748 1600562710
1.6741 1600562710
1.6749 1600562710
1.6741000000000001 1600562710
1.7963 1600562710
1.7978 1600562710
1.7979 1600562710
1.7978 1600562710
1.7974 1600562710
1.7976 1600562710
1.0736 1600562710
1.0736999999999999 1600562710
1.0734 1600562710
1.0736 1600562710
1.0734000000000001 1600562710
1.0677 1600562710
1.7472 1600562710
1.7474 1600562710
1.748 1600562710
1.7475 1600562710
1.7483 1600562710
1.7474 1600562710
1.2479 1600562710
1.2458 1600562710
1.2457 1600562710
1.2457 1600562710
1.2217 1600562710
1.2469 1600562710
1.9374999999999998 1600562710
1.9375000000000002 1600562710
1.9399000000000002 1600562710
1.9374 1600562710
1.9375000000000002 1600562710
1.9375 1600562710
1.4414 1600562710
1.3928 1600562710
1.4354 1600562710
1.4342 1600562710
1.4286 1600562710
1.437 1600562710
1.9375 1600562710
1.9373000000000002 1600562710
1.9373 1600562710
1.9375000000000002 1600562710
1.9374 1600562710
1.9371999999999998 1600562710
1.8365 1600562710
1.8364 1600562710
1.8362 1600562710
1.8362 1600562710
1.8364 1600562710
1.8361 1600562710
1.1959 1600562710
1.1949 1600562710
1.1962 1600562710
1.1962 1600562710
1.1702000000000001 1600562710
1.1955 1600562710
1.759 1600562710
1.7595 1600562710
1.7591 1600562710
1.7593 1600562710
1.7583 1600562710
1.7591 1600562710
1.9155 1600562710
1.9048999999999998 1600562710
1.9048999999999998 1600562710
1.8983999999999999 1600562710
1.9047999999999998 1600562710
1.9049 1600562710
1.9164999999999999 1600562710
1.9163000000000001 1600562710
1.9156 1600562710
1.9164 1600562710
1.9161000000000001 1600562710
1.9163000000000001 1600562710
1.4793 1600562710
1.4793 1600562710
1.4582 1600562710
1.4748 1600562710
1.48 1600562710
1.4799 1600562710
1.8076999999999999 1600562710
1.8071 1600562710
1.808 1600562710
1.8119 1600562710
1.8073 1600562710
1.813 1600562710
1.4692 1600562710
1.4638 1600562710
1.4198 1600562710
1.47 1600562710
1.4633 1600562710
1.4625000000000001 1600562710
1.2716 1600562710
1.2722 1600562710
1.2709 1600562710
1.2715 1600562710
1.271 1600562710
1.2703 1600562710
1.4046 1600562710
1.4142000000000001 1600562710
1.4138 1600562710
1.4124 1600562710
1.3788 1600562710
1.3866 1600562710
1.1932 1600562710
1.1926 1600562710
1.1933 1600562710
1.193 1600562710
1.1934 1600562710
1.1416 1600562710
0.9206000000000001 1600562710
0.9162999999999999 1600562710
0.9174 1600562710
0.9178 1600562710
0.9169 1600562710
0.9186000000000001 1600562710
1.7610000000000001 1600562710
1.7585 1600562710
1.7588 1600562710
1.7626 1600562710
1.7584 1600562710
1.7576 1600562710
1.809 1600562710
1.817 1600562710
1.8103 1600562710
1.8182 1600562710
1.8074 1600562710
1.8082 1600562710
1.9434999999999998 1600562710
1.9438000000000002 1600562710
1.9441 1600562710
1.9437 1600562710
1.9436 1600562710
1.9439000000000002 1600562710
1.2762 1600562710
1.2798 1600562710
1.2816 1600562710
1.2906 1600562710
1.2797 1600562710
1.2908 1600562710
1.5906 1600562710
1.6349 1600562710
1.591 1600562710
1.6349 1600562710
1.5914 1600562710
1.5916000000000001 1600562710
1.8632000000000002 1600562710
1.8641 1600562710
1.8639 1600562710
1.8630000000000002 1600562710
1.8638 1600562710
1.8637000000000001 1600562710
1.9447999999999999 1600562710
1.9438 1600562710
1.9439 1600562710
1.9439 1600562710
1.9447 1600562710
1.948 1600562710
1.9106 1600562710
1.912 1600562710
1.9122000000000001 1600562710
1.9127999999999998 1600562710
1.912 1600562710
1.9123999999999999 1600562710
1.9219 1600562710
1.9241 1600562710
1.9241 1600562710
1.9219 1600562710
1.9182000000000001 1600562710
1.9183 1600562710
1.9289 1600562710
1.9296 1600562710
1.9299 1600562710
1.9293999999999998 1600562710
1.9294000000000002 1600562710
1.9295999999999998 1600562710
1.9557 1600562710
1.9459000000000002 1600562710
1.9344000000000001 1600562710
1.9299000000000002 1600562710
1.9537 1600562710
1.9308999999999998 1600562710
1.9075000000000002 1600562710
1.9077000000000002 1600562710
1.9078000000000002 1600562710
1.907 1600562710
1.9077 1600562710
1.9076000000000002 1600562710
1.581 1600562710
1.5767 1600562710
1.5781 1600562710
1.5767 1600562710
1.5777999999999999 1600562710
1.5757 1600562710
1.3735 1600562710
1.4026 1600562710
1.3747 1600562710
1.3888 1600562710
1.3549 1600562710
1.4025 1600562710
1.8491000000000002 1600562710
1.8418 1600562710
1.8431 1600562710
1.8422 1600562710
1.8429 1600562710
1.8555 1600562710
1.6717 1600562710
1.6759 1600562710
1.6684 1600562710
1.683 1600562710
1.6691 1600562710
1.6679 1600562710
1.9192 1600562710
1.9191000000000003 1600562710
1.9183 1600562710
1.9190999999999998 1600562710
1.9189999999999998 1600562710
1.919 1600562710
1.6949 1600562710
1.6968 1600562710
1.6922 1600562710
1.6978 1600562710
1.702 1600562710
1.6929 1600562710
1.8928999999999998 1600562710
1.8934000000000002 1600562710
1.8932000000000002 1600562710
1.8931999999999998 1600562710
1.8927 1600562710
1.8933 1600562710
1.7364 1600562710
1.7357 1600562710
1.7365 1600562710
1.7365 1600562710
1.7351 1600562710
1.7375 1600562710
1.8079 1600562710
1.8077 1600562710
1.8124 1600562710
1.8088 1600562710
1.8082 1600562710
1.8163 1600562710
1.7484 1600562710
1.748 1600562710
1.7491 1600562710
1.7479 1600562710
1.7510999999999999 1600562710
1.7501 1600562710
1.2042 1600562710
1.2041 1600562710
1.2038 1600562710
1.1647 1600562710
1.2043 1600562710
1.2036 1600562710
1.7812999999999999 1600562710
1.7815 1600562710
1.7815 1600562710
1.7814 1600562710
1.78 1600562710
1.7810000000000001 1600562710
1.141 1600562710
1.1075 1600562710
1.1441 1600562710
1.1440000000000001 1600562710
1.1953 1600562710
1.1177000000000001 1600562710
1.5893 1600562710
1.5862 1600562710
1.5872 1600562710
1.5893 1600562710
1.5894 1600562710
1.5889 1600562710
1.349 1600562710
1.351 1600562710
1.3517 1600562710
1.3487 1600562710
1.3502 1600562710
1.3497999999999999 1600562710
1.5237 1600562710
1.5223 1600562710
1.5222 1600562710
1.5233 1600562710
1.523 1600562710
1.5235 1600562710
1.1969 1600562710
1.1944 1600562710
1.1943000000000001 1600562710
1.1968 1600562710
1.1661 1600562710
1.1966 1600562710
1.0442 1600562710
1.0501 1600562710
1.0444 1600562710
1.0275 1600562710
1.0469 1600562710
1.0448 1600562710
0.9398 1600562710
0.938 1600562710
0.9415 1600562710
0.9415 1600562710
0.9392 1600562710
0.9414 1600562710
1.9421000000000002 1600562710
1.9421 1600562710
1.9355000000000002 1600562710
1.9420000000000002 1600562710
1.9354000000000002 1600562710
1.9421 1600562710
1.4901 1600562710
1.4911 1600562710
1.4881 1600562710
1.4914 1600562710
1.489 1600562710
1.4894 1600562710
1.9373 1600562710
1.9369 1600562710
1.9372000000000003 1600562710
1.9373 1600562710
1.9364999999999999 1600562710
1.9370999999999998 1600562710
0.9495 1600562710
0.9161999999999999 1600562710
0.9495 1600562710
0.9164000000000001 1600562710
0.9495 1600562710
0.9496 1600562710
1.0095 1600562710
1.0098 1600562710
1.0095 1600562710
1.0039 1600562710
1.0093 1600562710
1.0091 1600562710
1.6542 1600562710
1.6665 1600562710
1.6633 1600562710
1.6639 1600562710
1.6636 1600562710
1.6669 1600562710
1.363 1600562710
1.363 1600562710
1.3637000000000001 1600562710
1.3607 1600562710
1.3606 1600562710
1.3642 1600562710
1.9325 1600562710
1.9325 1600562710
1.9342 1600562710
1.9326999999999999 1600562710
1.934 1600562710
1.9341000000000002 1600562710
1.5855 1600562710
1.5852 1600562710
1.5885 1600562710
1.5905 1600562710
1.5884 1600562710
1.586 1600562710
1.9363 1600562710
1.9361 1600562710
1.9405999999999999 1600562710
1.9364 1600562710
1.9363 1600562710
1.9363 1600562710
1.0302 1600562710
1.0306 1600562710
1.0253 1600562710
1.0019 1600562710
1.0029000000000001 1600562710
1.0297 1600562710
1.9365 1600562710
1.9418 1600562710
1.9360000000000002 1600562710
1.9361000000000002 1600562710
1.9372 1600562710
1.9362000000000001 1600562710
1.6580000000000001 1600562710
1.6995 1600562710
1.6989 1600562710
1.6994 1600562710
1.6988 1600562710
1.6998 1600562710
1.7783 1600562710
1.7846 1600562710
1.7787 1600562710
1.7778 1600562710
1.7779 1600562710
1.7785 1600562710
1.3733 1600562710
1.3748 1600562710
1.3748 1600562710
1.3796 1600562710
1.3727 1600562710
1.3734 1600562710
1.5017 1600562710
1.5041 1600562710
1.5152 1600562710
1.5008 1600562710
1.5155 1600562710
1.5004 1600562710
1.7626 1600562710
1.7630000000000001 1600562710
1.7617 1600562710
1.7614 1600562710
1.7626 1600562710
1.7622 1600562710
1.6256 1600562710
1.6266 1600562710
1.6276 1600562710
1.6273 1600562710
1.6265 1600562710
1.6306 1600562710
1.6946 1600562710
1.6934 1600562710
1.6922 1600562710
1.6923 1600562710
1.6975 1600562710
1.6877 1600562710
1.9354999999999998 1600562710
1.9390999999999998 1600562710
1.9336999999999998 1600562710
1.939 1600562710
1.9354999999999998 1600562710
1.9352999999999998 1600562710
1.603 1600562710
1.5974 1600562710
1.7117 1600562710
1.597 1600562710
1.7119 1600562710
1.6011 1600562710
1.4284999999999999 1600562710
1.431 1600562710
1.4288 1600562710
1.4296 1600562710
1.4031 1600562710
1.4298 1600562710
1.5974 1600562710
1.6068 1600562710
1.6094 1600562710
1.6098000000000001 1600562710
1.6012 1600562710
1.5968 1600562710
1.1265 1600562710
1.1262 1600562710
1.1246 1600562710
1.1241 1600562710
1.1260000000000001 1600562710
1.1258 1600562710
1.8491000000000002 1600562710
1.8408 1600562710
1.838 1600562710
1.838 1600562710
1.8394 1600562710
1.8481999999999998 1600562710
1.9351 1600562710
1.9355 1600562710
1.9358000000000002 1600562710
1.9359 1600562710
1.9358000000000002 1600562710
1.9359000000000002 1600562710
1.9087 1600562710
1.9088999999999998 1600562710
1.9090000000000003 1600562710
1.9091 1600562710
1.9089 1600562710
1.9089 1600562710
2.1214 1600562710
2.0869 1600562710
2.1023 1600562710
2.0956 1600562710
2.1146000000000003 1600562710
2.113 1600562710
1.0672 1600562710
1.08 1600562710
1.0751 1600562710
1.0735 1600562710
1.0743 1600562710
1.0743 1600562710
1.9324 1600562710
1.9365 1600562710
1.9363000000000001 1600562710
1.9364000000000001 1600562710
1.9324 1600562710
1.9323 1600562710
1.0725 1600562710
1.094 1600562710
1.0912 1600562710
1.0933 1600562710
1.0944 1600562710
1.0926 1600562710
1.3522 1600562710
1.3533 1600562710
1.3442 1600562710
1.3533 1600562710
1.3532 1600562710
1.3537000000000001 1600562710
1.8981000000000001 1600562710
1.8982 1600562710
0.8913 1600562710
1.8981000000000001 1600562710
1.8981000000000001 1600562710
1.8979000000000001 1600562710
1.544 1600562710
1.5444 1600562710
1.553 1600562710
1.5441 1600562710
1.5507 1600562710
1.5425 1600562710
1.4279 1600562710
1.4271 1600562710
1.4269 1600562710
1.4258 1600562710
1.4262000000000001 1600562710
1.4272 1600562710
0.9736 1600562710
0.9707000000000001 1600562710
0.97 1600562710
0.9701 1600562710
0.9737 1600562710
0.9702 1600562710
1.3422 1600562710
1.3431 1600562710
1.3376 1600562710
1.3426 1600562710
1.3422 1600562710
1.3408 1600562710
1.9230999999999998 1600562710
1.9183 1600562710
1.9234000000000002 1600562710
1.9233 1600562710
1.9233999999999998 1600562710
1.9184 1600562710
1.1672 1600562710
1.2048 1600562710
1.2048 1600562710
1.1984 1600562710
1.2046000000000001 1600562710
1.1984000000000001 1600562710
1.3587 1600562710
1.3597 1600562710
1.359 1600562710
1.3598999999999999 1600562710
1.3574 1600562710
1.3598 1600562710
1.2017 1600562710
1.2017 1600562710
1.2011 1600562710
1.2014 1600562710
1.1983 1600562710
1.2006999999999999 1600562710
0.9621 1600562710
0.9608000000000001 1600562710
0.9624000000000001 1600562710
0.9400999999999999 1600562710
0.9617 1600562710
0.9619 1600562710
1.4269 1600562710
1.4218 1600562710
1.4246 1600562710
1.4263 1600562710
1.4258 1600562710
1.426 1600562710
1.5438 1600562710
1.5425 1600562710
1.5401 1600562710
1.5413 1600562710
1.5426 1600562710
1.5522 1600562710
0.9574 1600562710
0.9503999999999999 1600562710
0.9515 1600562710
0.9180999999999999 1600562710
0.9576 1600562710
0.9570000000000001 1600562710
0.9380999999999999 1600562710
0.9420999999999999 1600562710
0.9418 1600562710
0.9433 1600562710
0.9417 1600562710
0.9421999999999999 1600562710
1.1811 1600562710
1.181 1600562710
1.1807 1600562710
1.1539 1600562710
1.1806 1600562710
1.1808 1600562710
1.6364 1600562710
1.6373 1600562710
1.6347 1600562710
1.6368 1600562710
1.637 1600562710
1.6369 1600562710
1.86 1600562710
1.8591 1600562710
1.8599999999999999 1600562710
1.8585 1600562710
1.8598999999999999 1600562710
1.8598 1600562710
1.3908 1600562710
1.3934 1600562710
1.3929 1600562710
1.3935 1600562710
1.3915 1600562710
1.3926 1600562710
1.3242 1600562710
1.3366 1600562710
1.3372 1600562710
1.2779 1600562710
1.3253 1600562710
1.3253 1600562710
1.9361 1600562710
1.9400000000000002 1600562710
1.9359000000000002 1600562710
1.936 1600562710
1.9359000000000002 1600562710
1.9399000000000002 1600562710
1.4588 1600562710
1.4503000000000001 1600562710
1.4464 1600562710
1.4589 1600562710
1.4491 1600562710
1.4128 1600562710
2.2138 1600562710
2.2753 1600562710
2.2702999999999998 1600562710
2.2771999999999997 1600562710
2.2716 1600562710
2.3384 1600562710
1.2572 1600562710
1.2644 1600562710
1.2578 1600562710
1.2642 1600562710
1.2577 1600562710
1.2581 1600562710
1.0697 1600562710
1.0697 1600562710
1.0218 1600562710
1.0697 1600562710
1.0224 1600562710
0.9942 1600562710
1.9419 1600562710
1.9407 1600562710
1.9420000000000002 1600562710
1.9419000000000002 1600562710
1.9421 1600562710
1.9420000000000002 1600562710
1.4044 1600562710
1.4059000000000001 1600562710
1.4033 1600562710
1.4036 1600562710
1.4074 1600562710
1.4049 1600562710
1.7048999999999999 1600562710
1.7052 1600562710
1.7045 1600562710
1.7049 1600562710
1.7052 1600562710
1.704 1600562710
1.826 1600562710
1.8281 1600562710
1.8262 1600562710
1.8263 1600562710
1.8261 1600562710
1.8261 1600562710
1.5811 1600562710
1.5838 1600562710
1.6049 1600562710
1.5821 1600562710
1.582 1600562710
1.6047 1600562710
1.705 1600562710
1.7053 1600562710
1.7058 1600562710
1.7047999999999999 1600562710
1.7026000000000001 1600562710
1.7051 1600562710
1.4102 1600562710
1.411 1600562710
1.4103 1600562710
1.4112 1600562710
1.3911 1600562710
1.4114 1600562710
1.8773000000000002 1600562710
1.8775000000000002 1600562710
1.8774000000000002 1600562710
1.8778000000000001 1600562710
1.8762999999999999 1600562710
1.8775000000000002 1600562710
1.3881000000000001 1600562710
1.3885 1600562710
1.3880000000000001 1600562710
1.3851 1600562710
1.3823 1600562710
1.3875 1600562710
1.2342 1600562710
1.2341 1600562710
1.2344 1600562710
1.2313 1600562710
1.1918 1600562710
1.1999 1600562710
0.8937999999999999 1600562710
0.8777000000000001 1600562710
0.8788 1600562710
0.8779000000000001 1600562710
0.8700000000000001 1600562710
0.8938999999999999 1600562710
1.7141 1600562710
1.7157 1600562710
1.7113 1600562710
1.7172 1600562710
1.7141 1600562710
1.7191 1600562710
1.7436 1600562710
1.7418 1600562710
1.7427 1600562710
1.7456 1600562710
1.7419 1600562710
1.7428000000000001 1600562710
0.9483999999999999 1600562710
0.9326000000000001 1600562710
0.9477 1600562710
0.9484000000000001 1600562710
0.9463999999999999 1600562710
0.9469000000000001 1600562710
1.9342000000000001 1600562710
1.9343000000000001 1600562710
1.9345 1600562710
1.9344 1600562710
1.9342 1600562710
1.9345 1600562710
1.9075000000000002 1600562710
1.9085999999999999 1600562710
1.9076000000000002 1600562710
1.9070999999999998 1600562710
1.9075 1600562710
1.9085999999999999 1600562710
1.6627 1600562710
1.6644 1600562710
1.6643000000000001 1600562710
1.6637 1600562710
1.6642000000000001 1600562710
1.6641000000000001 1600562710
1.6827 1600562710
1.6432 1600562710
1.6416 1600562710
1.6826 1600562710
1.642 1600562710
1.6523 1600562710
1.4567 1600562710
1.4272 1600562710
1.4244 1600562710
1.4547 1600562710
1.4574 1600562710
1.4548 1600562710
1.5677 1600562710
1.5673000000000001 1600562710
1.5677 1600562710
1.5706 1600562710
1.5721 1600562710
1.5693000000000001 1600562710
1.5246 1600562710
1.529 1600562710
1.5261 1600562710
1.5248 1600562710
1.5278 1600562710
1.5324 1600562710
1.5661 1600562710
1.5564 1600562710
1.5563 1600562710
1.565 1600562710
1.5512 1600562710
1.5567 1600562710
1.5182 1600562710
1.5103 1600562710
1.5104 1600562710
1.5182 1600562710
1.4759 1600562710
1.51 1600562710
1.9007 1600562710
1.9042000000000001 1600562710
1.9042 1600562710
1.9007 1600562710
1.9051 1600562710
1.9051 1600562710
1.4845 1600562710
1.4993 1600562710
1.4958 1600562710
1.4964 1600562710
1.4959 1600562710
1.4992 1600562710
1.0855 1600562710
1.0734 1600562710
1.0855 1600562710
1.0833 1600562710
1.0855 1600562710
1.0842 1600562710
1.1914 1600562710
1.1572 1600562710
1.1559 1600562710
1.1582999999999999 1600562710
1.1973 1600562710
1.1366 1600562710
1.5389 1600562710
1.5395999999999999 1600562710
1.5402 1600562710
1.5399 1600562710
1.5385 1600562710
1.5403 1600562710
1.6754 1600562710
1.6815 1600562710
1.6751 1600562710
1.6741 1600562710
1.689 1600562710
1.6747 1600562710
1.7942 1600562710
1.7941 1600562710
1.8084 1600562710
1.8082 1600562710
1.7936 1600562710
1.7917 1600562710
1.9383000000000001 1600562710
1.9331 1600562710
1.9382000000000001 1600562710
1.9331 1600562710
1.9383 1600562710
1.9328 1600562710
1.8889999999999998 1600562710
1.8891 1600562710
1.8893 1600562710
1.8892000000000002 1600562710
1.8892000000000002 1600562710
1.8888999999999998 1600562710
1.175 1600562710
1.1776 1600562710
1.1776 1600562710
1.1733 1600562710
1.1777 1600562710
1.1747 1600562710
1.8996000000000002 1600562710
1.9050999999999998 1600562710
1.9051 1600562710
1.9062999999999999 1600562710
1.9051 1600562710
1.9062000000000001 1600562710
1.5259 1600562710
1.5250000000000001 1600562710
1.5254 1600562710
1.5248 1600562710
1.5262 1600562710
1.5264 1600562710
1.5521 1600562710
1.5511 1600562710
1.5524 1600562710
1.5521 1600562710
1.5535 1600562710
1.5521 1600562710
1.0294 1600562710
1.0305 1600562710
1.0304 1600562710
1.0301 1600562710
1.0306 1600562710
1.0292000000000001 1600562710
1.0075 1600562710
1.0303 1600562710
1.0297 1600562710
1.0301 1600562710
1.0291 1600562710
1.0292000000000001 1600562710
1.9364999999999999 1600562710
1.9405 1600562710
1.9365 1600562710
1.9405 1600562710
1.9357 1600562710
1.9357 1600562710
1.9409 1600562710
1.9349 1600562710
1.9409 1600562710
1.9409 1600562710
1.9408999999999998 1600562710
1.9347 1600562710
1.6617 1600562710
1.6623 1600562710
1.6604999999999999 1600562710
1.6605 1600562710
1.6598 1600562710
1.6595 1600562710
1.5421 1600562710
1.5482 1600562710
1.5424 1600562710
1.5482 1600562710
1.5482 1600562710
1.5588 1600562710
1.0076 1600562710
0.9716 1600562710
1.0075 1600562710
0.9702999999999999 1600562710
1.0105 1600562710
1.0076 1600562710
1.8293 1600562710
1.8723 1600562710
1.8722999999999999 1600562710
1.823 1600562710
1.8247 1600562710
1.8309 1600562710
1.7899 1600562710
1.7892000000000001 1600562710
1.7897 1600562710
1.79 1600562710
1.79 1600562710
1.7901 1600562710
1.8171 1600562710
1.8168 1600562710
1.8171 1600562710
1.8171 1600562710
1.8168 1600562710
1.817 1600562710
1.2919 1600562710
1.2903 1600562710
1.2908 1600562710
1.2918 1600562710
1.2925 1600562710
1.2916 1600562710
1.4122 1600562710
1.4138 1600562710
1.4147 1600562710
1.4143999999999999 1600562710
1.4146 1600562710
1.4137 1600562710
1.8494 1600562710
1.8490000000000002 1600562710
1.8493 1600562710
1.8495000000000001 1600562710
1.8487999999999998 1600562710
1.8493 1600562710
1.8822 1600562710
1.8853000000000002 1600562710
1.883 1600562710
1.8830999999999998 1600562710
1.8792 1600562710
1.8853 1600562710
1.8213 1600562710
1.8256000000000001 1600562710
1.8213 1600562710
1.8213 1600562710
1.8257 1600562710
1.8257 1600562710
1.4735 1600562710
1.4737 1600562710
1.474 1600562710
1.4707 1600562710
1.4736 1600562710
1.4735 1600562710
1.7602 1600562710
1.7605 1600562710
1.7615 1600562710
1.7616 1600562710
1.7610000000000001 1600562710
1.7614 1600562710
1.6118 1600562710
1.6114 1600562710
1.6123 1600562710
1.6113 1600562710
1.6123 1600562710
1.6125 1600562710
1.643 1600562710
1.6427 1600562710
1.6422 1600562710
1.643 1600562710
1.6429 1600562710
1.6427 1600562710
1.4055 1600562710
1.4012 1600562710
1.4008 1600562710
1.4042 1600562710
1.4052 1600562710
1.4036 1600562710
1.8933 1600562710
1.8939 1600562710
1.8943999999999999 1600562710
1.8947 1600562710
1.8942999999999999 1600562710
1.8946999999999998 1600562710
1.0098 1600562710
1.0036 1600562710
1.0098 1600562710
1.0030999999999999 1600562710
1.0098 1600562710
0.9925999999999999 1600562710
1.529 1600562710
1.5294 1600562710
1.5307 1600562710
1.5297 1600562710
1.5303 1600562710
1.5302 1600562710
1.0969 1600562710
1.0956 1600562710
1.0973 1600562710
1.0974 1600562710
1.0976 1600562710
1.0978 1600562710
1.0746 1600562710
1.0328 1600562710
1.0745 1600562710
1.0745 1600562710
1.0745 1600562710
1.0354999999999999 1600562710
1.3526 1600562710
1.3138 1600562710
1.3523 1600562710
1.3520999999999999 1600562710
1.3521999999999998 1600562710
1.3332 1600562710
1.9058000000000002 1600562710
1.8981999999999999 1600562710
0.8542000000000001 1600562710
1.9057 1600562710
0.8827 1600562710
1.9057000000000002 1600562710
1.9306 1600562710
1.9305999999999999 1600562710
1.9341 1600562710
1.9341 1600562710
1.9305999999999999 1600562710
1.9307 1600562710
1.1941 1600562710
1.1931 1600562710
1.194 1600562710
1.1522000000000001 1600562710
1.1932 1600562710
1.1936 1600562710
1.9071000000000002 1600562710
1.9071000000000002 1600562710
1.9070000000000003 1600562710
1.905 1600562710
1.9052 1600562710
1.907 1600562710
1.9117000000000002 1600562710
1.9223000000000001 1600562710
1.922 1600562710
1.9168 1600562710
1.9111 1600562710
1.9112 1600562710
1.2907 1600562710
1.2939 1600562710
1.2894 1600562710
1.2891 1600562710
1.2944 1600562710
1.2916 1600562710
1.571 1600562710
1.5704 1600562710
1.5719 1600562710
1.5713000000000001 1600562710
1.569 1600562710
1.5707 1600562710
1.9082 1600562710
1.9082 1600562710
1.9113000000000002 1600562710
1.9111999999999998 1600562710
1.9082 1600562710
1.9082 1600562710
1.6773 1600562710
1.6764999999999999 1600562710
1.6774 1600562710
1.6769 1600562710
1.6767 1600562710
1.6774 1600562710
1.587 1600562710
1.5872 1600562710
1.586 1600562710
1.5871 1600562710
1.5873 1600562710
1.5864 1600562710
1.5649 1600562710
1.5644 1600562710
1.5645 1600562710
1.565 1600562710
1.5647 1600562710
1.5634000000000001 1600562710
1.6614 1600562710
1.6617 1600562710
1.6621 1600562710
1.6572 1600562710
1.6613 1600562710
1.6619 1600562710
1.0583 1600562710
1.0636 1600562710
1.0565 1600562710
1.0594 1600562710
1.0728 1600562710
1.0604 1600562710
1.8293 1600562710
1.8287 1600562710
1.829 1600562710
1.829 1600562710
1.829 1600562710
1.8281 1600562710
1.4568 1600562710
1.4479 1600562710
1.4568 1600562710
1.4565000000000001 1600562710
1.4561 1600562710
1.4517 1600562710
1.9271 1600562710
1.9272000000000002 1600562710
1.9329999999999998 1600562710
1.9272 1600562710
1.9273000000000002 1600562710
1.9331 1600562710
1.403 1600562710
1.4029 1600562710
1.4014 1600562710
1.3956 1600562710
1.4015 1600562710
1.4033 1600562710
1.7751000000000001 1600562710
1.7759 1600562710
1.7762 1600562710
1.776 1600562710
1.7761 1600562710
1.7762 1600562710
1.131 1600562710
1.1654 1600562710
1.1648 1600562710
1.1661 1600562710
1.1662 1600562710
1.165 1600562710
1.1579 1600562710
1.1579 1600562710
1.156 1600562710
1.1461 1600562710
1.1222 1600562710
1.1553 1600562710
1.9142000000000001 1600562710
1.9142000000000001 1600562710
1.9143 1600562710
1.9143 1600562710
1.9143 1600562710
1.9138 1600562710
1.9287999999999998 1600562710
1.9288 1600562710
1.9287 1600562710
1.9284 1600562710
1.9282 1600562710
1.9287 1600562710
1.9026999999999998 1600562710
1.9028 1600562710
1.9023999999999999 1600562710
1.9029999999999998 1600562710
1.903 1600562710
1.9028 1600562710
1.9102999999999999 1600562710
1.9102999999999999 1600562710
1.9055 1600562710
1.9055 1600562710
1.9104 1600562710
1.9102999999999999 1600562710
1.9086999999999998 1600562710
1.9087 1600562710
1.9079 1600562710
1.9084 1600562710
1.9087 1600562710
1.9086999999999998 1600562710
1.3037 1600562710
1.3087 1600562710
1.3084 1600562710
1.3091 1600562710
1.3092 1600562710
1.3088 1600562710
1.7672 1600562710
1.7674 1600562710
1.7669 1600562710
1.7659 1600562710
1.7672999999999999 1600562710
1.7674 1600562710
1.1236 1600562710
1.1225 1600562710
1.1226 1600562710
1.1224 1600562710
1.1233 1600562710
1.1226 1600562710
1.7215 1600562710
1.721 1600562710
1.7211 1600562710
1.7199 1600562710
1.7212 1600562710
1.7211 1600562710
1.3526 1600562710
1.3487 1600562710
1.353 1600562710
1.3518000000000001 1600562710
1.3525 1600562710
1.3526 1600562710
0.9782 1600562710
0.9788000000000001 1600562710
0.9757 1600562710
0.9784000000000002 1600562710
0.9781 1600562710
0.9784999999999999 1600562710
1.8558 1600562710
1.8558 1600562710
1.8559999999999999 1600562710
1.855 1600562710
1.8550000000000002 1600562710
1.8558000000000001 1600562710
0.9318 1600562710
0.9519 1600562710
0.9311 1600562710
0.9975 1600562710
0.9044000000000001 1600562710
0.9316 1600562710
1.9114 1600562710
1.9062 1600562710
1.9117000000000002 1600562710
1.9062000000000001 1600562710
1.9117000000000002 1600562710
1.9114 1600562710
1.8397 1600562710
1.8461 1600562710
1.8396 1600562710
1.8393 1600562710
1.8459 1600562710
1.846 1600562710
1.361 1600562710
1.3806 1600562710
1.3796 1600562710
1.3805 1600562710
1.3820000000000001 1600562710
1.3800000000000001 1600562710
1.9357 1600562710
1.9357 1600562710
1.9359000000000002 1600562710
1.9376 1600562710
1.9356000000000002 1600562710
1.936 1600562710
1.934 1600562710
1.9332 1600562710
1.9335000000000002 1600562710
1.9336000000000002 1600562710
1.9339 1600562710
1.934 1600562710
1.9230000000000003 1600562710
1.9230999999999998 1600562710
1.9221000000000001 1600562710
1.9229 1600562710
1.9227999999999998 1600562710
1.9230000000000003 1600562710
0.9459 1600562710
0.9355 1600562710
0.946 1600562710
0.9459 1600562710
0.9456 1600562710
0.9452 1600562710
1.074 1600562710
1.0058 1600562710
1.0739 1600562710
1.0337 1600562710
1.0441 1600562710
1.0739 1600562710
1.9364999999999999 1600562710
1.9363 1600562710
1.9364999999999999 1600562710
1.9366 1600562710
1.9366999999999999 1600562710
1.9362 1600562710
1.0928 1600562710
1.1089 1600562710
1.1047 1600562710
1.1038999999999999 1600562710
1.1045 1600562710
1.1046 1600562710
0.8689 1600562710
0.8689 1600562710
0.8602000000000001 1600562710
0.8689 1600562710
0.8599000000000001 1600562710
0.8601000000000001 1600562710
1.3481 1600562710
1.3439 1600562710
1.2956 1600562710
1.3235999999999999 1600562710
1.3269 1600562710
1.3427 1600562710
1.2288000000000001 1600562710
1.2707 1600562710
1.2276 1600562710
1.2301 1600562710
1.2127000000000001 1600562710
1.2284 1600562710
1.8892 1600562710
1.8893 1600562710
1.8889999999999998 1600562710
1.8882 1600562710
1.8889999999999998 1600562710
1.8893 1600562710
1.7698 1600562710
1.7692 1600562710
1.7696 1600562710
1.7697 1600562710
1.7696 1600562710
1.7691000000000001 1600562710
1.9407 1600562710
1.9405999999999999 1600562710
1.9407 1600562710
1.9401000000000002 1600562710
1.9404 1600562710
1.9402 1600562710
1.6697 1600562710
1.6632 1600562710
1.6654 1600562710
1.6749 1600562710
1.6666 1600562710
1.675 1600562710
1.2018 1600562710
1.2032 1600562710
1.2046000000000001 1600562710
1.2022 1600562710
1.2017 1600562710
1.1893 1600562710
1.8907 1600562710
1.8907999999999998 1600562710
1.8903 1600562710
1.8910999999999998 1600562710
1.891 1600562710
1.8908999999999998 1600562710
1.3252 1600562710
1.3277 1600562710
1.3274000000000001 1600562710
1.3253000000000001 1600562710
1.3273 1600562710
1.3274000000000001 1600562710
1.3364 1600562710
1.3339 1600562710
1.2959 1600562710
1.3372 1600562710
1.3358 1600562710
1.3375000000000001 1600562710
1.3843 1600562710
1.3851 1600562710
1.3824 1600562710
1.3846 1600562710
1.3844 1600562710
1.3852 1600562710
1.8664 1600562710
1.8664999999999998 1600562710
1.8665 1600562710
1.8667 1600562710
1.8659000000000001 1600562710
1.8665999999999998 1600562710
1.412 1600562710
1.4174 1600562710
1.4219 1600562710
1.4102 1600562710
1.4224999999999999 1600562710
1.4126 1600562710
1.8223 1600562710
1.8221 1600562710
1.8231 1600562710
1.8223 1600562710
1.8228 1600562710
1.8211 1600562710
1.3241 1600562710
1.3132 1600562710
1.3228 1600562710
1.3235999999999999 1600562710
1.3235000000000001 1600562710
1.3238 1600562710
1.4435 1600562710
1.4469 1600562710
1.4465 1600562710
1.4423 1600562710
1.4442 1600562710
1.4429 1600562710
1.2184 1600562710
1.2192 1600562710
1.219 1600562710
1.2175 1600562710
1.1807 1600562710
1.1892 1600562710
0.9887999999999999 1600562710
0.9838 1600562710
0.9909000000000001 1600562710
0.9912000000000001 1600562710
0.9895 1600562710
0.9906999999999999 1600562710
1.3512 1600562710
1.3509 1600562710
1.3506 1600562710
1.3503 1600562710
1.3506 1600562710
1.3464 1600562710
1.9076000000000002 1600562710
1.9061000000000001 1600562710
1.9008 1600562710
1.9061 1600562710
1.9060000000000001 1600562710
1.9003999999999999 1600562710
1.031 1600562710
1.0637 1600562710
0.9892000000000001 1600562710
1.0367 1600562710
1.0636 1600562710
1.0635000000000001 1600562710
1.671 1600562710
1.6706 1600562710
1.6703000000000001 1600562710
1.6706 1600562710
1.6701000000000001 1600562710
1.6709 1600562710
1.1437 1600562710
1.1859 1600562710
1.1538 1600562710
1.1697 1600562710
1.1862 1600562710
1.1865999999999999 1600562710
1.3186 1600562710
1.2818 1600562710
1.3186 1600562710
1.3186 1600562710
1.2861 1600562710
1.3185 1600562710
1.9389999999999998 1600562710
1.939 1600562710
1.9389999999999998 1600562710
1.9327999999999999 1600562710
1.9326999999999999 1600562710
1.9327999999999999 1600562710
1.4522 1600562710
1.455 1600562710
1.4592 1600562710
1.4591 1600562710
1.4591 1600562710
1.4586999999999999 1600562710
1.3859000000000001 1600562710
1.3855 1600562710
1.3859 1600562710
1.3859 1600562710
1.3863999999999999 1600562710
1.3859000000000001 1600562710
1.4528 1600562710
1.4478 1600562710
1.4532 1600562710
1.4545 1600562710
1.4538 1600562710
1.4544000000000001 1600562710
1.4200000000000002 1600562710
1.4372 1600562710
1.4289 1600562710
1.4207 1600562710
1.4118 1600562710
1.437 1600562710
1.9185999999999999 1600562710
1.9237 1600562710
1.9184999999999999 1600562710
1.9184 1600562710
1.9184999999999999 1600562710
1.9184 1600562710
0.9158999999999999 1600562710
0.9158999999999999 1600562710
0.9166000000000001 1600562710
0.9167000000000001 1600562710
0.9167000000000001 1600562710
0.8908 1600562710
1.9343 1600562710
1.9342 1600562710
1.9343 1600562710
1.9341000000000002 1600562710
1.9341 1600562710
1.934 1600562710
1.1058000000000001 1600562710
1.091 1600562710
1.0912 1600562710
1.0892 1600562710
1.1056000000000001 1600562710
1.0904 1600562710
1.8085 1600562710
1.8085 1600562710
1.8079 1600562710
1.8087 1600562710
1.8086 1600562710
1.8082 1600562710
1.3847 1600562710
1.3204 1600562710
1.352 1600562710
1.3528 1600562710
1.3524 1600562710
1.3212 1600562710
1.3754 1600562710
1.3965 1600562710
1.3678 1600562710
1.3726 1600562710
1.3796 1600562710
1.3964 1600562710
1.9359 1600562710
1.9416 1600562710
1.9416000000000002 1600562710
1.9422 1600562710
1.9417000000000002 1600562710
1.9423000000000001 1600562710
1.2784 1600562710
1.2771000000000001 1600562710
1.2776 1600562710
1.2771000000000001 1600562710
1.2786 1600562710
1.2773 1600562710
1.1118000000000001 1600562710
1.1091 1600562710
1.1121 1600562710
1.112 1600562710
1.1116 1600562710
1.1117000000000001 1600562710
1.9047999999999998 1600562710
1.9105 1600562710
1.9102999999999999 1600562710
1.9047999999999998 1600562710
1.9104999999999999 1600562710
1.9047999999999998 1600562710
1.0722 1600562710
1.0722 1600562710
1.0721 1600562710
1.0286 1600562710
1.035 1600562710
1.0722 1600562710
1.8116 1600562710
1.7989 1600562710
1.8001 1600562710
1.8369 1600562710
1.7988 1600562710
1.8421 1600562710
1.9405000000000001 1600562710
1.9405 1600562710
1.9336000000000002 1600562710
1.9361000000000002 1600562710
1.9405000000000001 1600562710
1.9334 1600562710
1.8423 1600562710
1.8456 1600562710
1.8423 1600562710
1.8424 1600562710
1.8423 1600562710
1.8425 1600562710
1.8197 1600562710
1.82 1600562710
1.8183 1600562710
1.8195999999999999 1600562710
1.8197 1600562710
1.8203 1600562710
1.1468 1600562710
1.1473 1600562710
1.1474 1600562710
1.1271 1600562710
1.1474 1600562710
1.1465 1600562710
0.9654 1600562710
0.9643999999999999 1600562710
0.9165000000000001 1600562710
0.9736 1600562710
0.9737 1600562710
0.9737 1600562710
1.911 1600562710
1.9172999999999998 1600562710
1.8974000000000002 1600562710
1.9109999999999998 1600562710
1.8945999999999998 1600562710
1.8940000000000001 1600562710
0.8876999999999999 1600562710
0.8904000000000001 1600562710
0.8899000000000001 1600562710
0.8896 1600562710
0.8896999999999999 1600562710
0.8879000000000001 1600562710
1.6239000000000001 1600562710
1.6283 1600562710
1.6271 1600562710
1.6229 1600562710
1.6344 1600562710
1.6299000000000001 1600562710
1.904 1600562710
1.9041000000000001 1600562710
1.9037000000000002 1600562710
1.904 1600562710
1.9028 1600562710
1.904 1600562710
1.2382 1600562710
1.2694 1600562710
1.2655 1600562710
1.2653 1600562710
1.2689000000000001 1600562710
1.2648000000000001 1600562710
1.9418000000000002 1600562710
1.9418 1600562710
1.9356000000000002 1600562710
1.9418 1600562710
1.9358000000000002 1600562710
1.9418000000000002 1600562710
1.0673 1600562710
1.0997999999999999 1600562710
1.0679 1600562710
1.0703 1600562710
1.0655 1600562710
1.069 1600562710
0.9551000000000001 1600562710
0.9521 1600562710
0.9569000000000001 1600562710
0.9547999999999999 1600562710
0.9544999999999999 1600562710
0.9654 1600562710
1.9110999999999998 1600562710
1.9112 1600562710
1.909 1600562710
1.9094 1600562710
1.9102999999999999 1600562710
1.9108 1600562710
0.954 1600562710
1.0092 1600562710
0.9541999999999999 1600562710
1.0092 1600562710
0.9154 1600562710
0.954 1600562710
1.1428 1600562710
1.1448 1600562710
1.1449 1600562710
1.145 1600562710
1.1451 1600562710
1.102 1600562710
1.8877 1600562710
1.8935 1600562710
1.8936 1600562710
1.8876000000000002 1600562710
1.8878 1600562710
1.8879 1600562710
1.0270000000000001 1600562710
0.9889000000000001 1600562710
1.0284 1600562710
1.0249000000000001 1600562710
1.0258 1600562710
1.0284 1600562710
1.9372 1600562710
1.9397000000000002 1600562710
1.9371999999999998 1600562710
1.9373 1600562710
1.9397 1600562710
1.9371999999999998 1600562710
1.8311 1600562710
1.8313 1600562710
1.8313 1600562710
1.8313 1600562710
1.8411 1600562710
1.8313 1600562710
1.8936000000000002 1600562710
1.8887999999999998 1600562710
1.8977 1600562710
1.8978 1600562710
1.8889 1600562710
1.8889000000000002 1600562710
1.4585 1600562710
1.4509 1600562710
1.4585 1600562710
1.45 1600562710
1.4513 1600562710
1.4592 1600562710
1.2886 1600562710
1.2879 1600562710
1.2912000000000001 1600562710
1.2886 1600562710
1.2904 1600562710
1.286 1600562710
1.4692 1600562710
1.4665000000000001 1600562710
1.4559 1600562710
1.4727 1600562710
1.4793 1600562710
1.493 1600562710
1.9113000000000002 1600562710
1.9111999999999998 1600562710
1.9112000000000002 1600562710
1.9083 1600562710
1.9082 1600562710
1.9082 1600562710
1.3404 1600562710
1.3254000000000001 1600562710
1.339 1600562710
1.335 1600562710
1.3359 1600562710
1.3411 1600562710
1.0401 1600562710
1.0328 1600562710
1.0409 1600562710
1.0409 1600562710
1.0409 1600562710
1.0376 1600562710
1.7224 1600562710
1.7253 1600562710
1.7357 1600562710
1.7241 1600562710
1.7407 1600562710
1.7243 1600562710
1.1374 1600562710
1.1395 1600562710
1.1366 1600562710
1.1381 1600562710
1.1374 1600562710
1.1358000000000001 1600562710
1.4554 1600562710
1.4533 1600562710
1.4551 1600562710
1.4555 1600562710
1.4553 1600562710
1.4535 1600562710
1.0284 1600562710
0.9843 1600562710
0.9955 1600562710
1.0237 1600562710
1.022 1600562710
1.0284 1600562710
0.9913000000000001 1600562710
1.0004 1600562710
1.0003 1600562710
0.8768 1600562710
0.9978 1600562710
0.9978 1600562710
1.054 1600562710
1.0635000000000001 1600562710
1.0488 1600562710
1.0457 1600562710
1.0084 1600562710
1.0515 1600562710
1.4316 1600562710
1.399 1600562710
1.3917 1600562710
1.4307 1600562710
1.4062 1600562710
1.4316 1600562710
1.8793000000000002 1600562710
1.8692 1600562710
1.8657000000000001 1600562710
1.8659999999999999 1600562710
1.8794000000000002 1600562710
1.8656 1600562710
1.8538999999999999 1600562710
1.8537000000000001 1600562710
1.8534 1600562710
1.8538999999999999 1600562710
1.8538000000000001 1600562710
1.8538 1600562710
1.0415 1600562710
1.1014 1600562710
1.0977999999999999 1600562710
1.0993 1600562710
1.1015 1600562710
1.1014000000000002 1600562710
0.9356 1600562710
0.9352 1600562710
0.9352 1600562710
0.9642999999999999 1600562710
0.9214 1600562710
0.935 1600562710
1.8421 1600562710
1.8421 1600562710
1.8423 1600562710
1.8417000000000001 1600562710
1.842 1600562710
1.842 1600562710
2.2367 1600562710
2.2443 1600562710
2.2424 1600562710
2.2371000000000003 1600562710
2.2448 1600562710
2.2367 1600562710
1.9059000000000001 1600562710
1.9060000000000001 1600562710
1.9058 1600562710
1.9056 1600562710
1.906 1600562710
1.9059000000000001 1600562710
1.468 1600562710
1.4351 1600562710
1.468 1600562710
1.468 1600562710
1.4679 1600562710
1.4337 1600562710
1.3109 1600562710
1.312 1600562710
1.312 1600562710
1.308 1600562710
1.3101 1600562710
1.3103 1600562710
0.8900999999999999 1600562710
0.9198 1600562710
0.9184000000000001 1600562710
0.921 1600562710
0.9182000000000001 1600562710
0.9222999999999999 1600562710
1.939 1600562710
1.939 1600562710
1.9389 1600562710
1.9311 1600562710
1.9387999999999999 1600562710
1.9387 1600562710
0.867 1600562710
0.8625 1600562710
0.8665 1600562710
0.8701000000000001 1600562710
0.8676000000000001 1600562710
0.8692 1600562710
1.1582000000000001 1600562710
1.1577 1600562710
1.1594 1600562710
1.1637 1600562710
1.1618 1600562710
1.1455 1600562710
1.813 1600562710
1.8135000000000001 1600562710
1.8132 1600562710
1.8123 1600562710
1.8122 1600562710
1.8131 1600562710
1.8569 1600562710
1.8528 1600562710
1.8567 1600562710
1.8530000000000002 1600562710
1.8529 1600562710
1.8526 1600562710
1.8209 1600562710
1.8209 1600562710
1.8116 1600562710
1.8209 1600562710
1.8022 1600562710
1.8209 1600562710
1.9163000000000001 1600562710
1.9163999999999999 1600562710
1.9163 1600562710
1.9162000000000001 1600562710
1.9163 1600562710
1.9166 1600562710
1.1502000000000001 1600562710
1.1424 1600562710
1.1515 1600562710
1.1515 1600562710
1.1517 1600562710
1.1509 1600562710
0.9992000000000001 1600562710
1.003 1600562710
1.0027 1600562710
1.0027 1600562710
1.0025 1600562710
1.0015 1600562710
1.0182 1600562710
1.0183 1600562710
1.0171000000000001 1600562710
1.0032 1600562710
1.0184 1600562710
1.0153 1600562710
1.378 1600562710
1.3331 1600562710
1.38 1600562710
1.38 1600562710
1.3768 1600562710
1.3784 1600562710
1.2573 1600562710
1.2382 1600562710
1.2579 1600562710
1.2577 1600562710
1.2564 1600562710
1.2564 1600562710
1.538 1600562710
1.5381 1600562710
1.5373 1600562710
1.5384 1600562710
1.5379 1600562710
1.5382 1600562710
1.2871 1600562710
1.2868 1600562710
1.286 1600562710
1.2871 1600562710
1.2871 1600562710
1.2866 1600562710
1.4513 1600562710
1.4516 1600562710
1.4486 1600562710
1.4521 1600562710
1.4515 1600562710
1.4522 1600562710
1.9367999999999999 1600562710
1.9365999999999999 1600562710
1.9430999999999998 1600562710
1.9368 1600562710
1.9368999999999998 1600562710
1.9368 1600562710
1.9357 1600562710
1.9358000000000002 1600562710
1.9358000000000002 1600562710
1.9357000000000002 1600562710
1.9355000000000002 1600562710
1.9355000000000002 1600562710
1.3982999999999999 1600562710
1.3992 1600562710
1.3992 1600562710
1.3981 1600562710
1.3992 1600562710
1.3745 1600562710
1.9333000000000002 1600562710
1.9272 1600562710
1.9337000000000002 1600562710
1.9336000000000002 1600562710
1.9271000000000003 1600562710
1.9270000000000003 1600562710
1.9379000000000002 1600562710
1.938 1600562710
1.9376 1600562710
1.9379000000000002 1600562710
1.9381 1600562710
1.9379000000000002 1600562710
1.8768999999999998 1600562710
1.8756 1600562710
1.8756000000000002 1600562710
1.8756000000000002 1600562710
1.8753000000000002 1600562710
1.8758000000000001 1600562710
1.2147000000000001 1600562710
1.2149 1600562710
1.213 1600562710
1.215 1600562710
1.2148 1600562710
1.2148 1600562710
1.2131 1600562710
1.2139 1600562710
1.2142 1600562710
1.2133 1600562710
1.2135 1600562710
1.1742 1600562710
0.9817 1600562710
1.0081 1600562710
1.008 1600562710
0.9415 1600562710
0.9817 1600562710
1.0081 1600562710
0.8914 1600562710
0.9218999999999999 1600562710
0.8849 1600562710
0.9218999999999999 1600562710
0.8915 1600562710
0.8919000000000001 1600562710
0.9248000000000001 1600562710
0.9237 1600562710
0.9258 1600562710
0.9259 1600562710
0.9259 1600562710
0.9246000000000001 1600562710
1.1825 1600562710
1.145 1600562710
1.1837 1600562710
1.1831 1600562710
1.1711 1600562710
1.1822 1600562710
1.9437 1600562710
1.9437 1600562710
1.9369999999999998 1600562710
1.9372999999999998 1600562710
1.9372 1600562710
1.9376 1600562710
1.9222000000000001 1600562710
1.9224999999999999 1600562710
1.9224 1600562710
1.9224 1600562710
1.9221000000000001 1600562710
1.9224999999999999 1600562710
1.8735000000000002 1600562710
1.8748000000000002 1600562710
1.8752000000000002 1600562710
1.8751 1600562710
1.875 1600562710
1.8751 1600562710
1.0668 1600562710
1.0344 1600562710
1.0664 1600562710
1.0632 1600562710
1.0663 1600562710
1.0669 1600562710
1.9390999999999998 1600562710
1.939 1600562710
1.9390999999999998 1600562710
1.9389999999999998 1600562710
1.9392 1600562710
1.9389999999999998 1600562710
1.2405 1600562710
1.2409000000000001 1600562710
1.2408000000000001 1600562710
1.2386 1600562710
1.2412 1600562710
1.2409000000000001 1600562710
1.1322 1600562710
1.1306 1600562710
1.1296 1600562710
1.1307 1600562710
1.1318 1600562710
1.1321 1600562710
1.4138 1600562710
1.3737 1600562710
1.4133 1600562710
1.3800000000000001 1600562710
1.4125999999999999 1600562710
1.4138 1600562710
1.3786 1600562710
1.381 1600562710
1.3372 1600562710
1.3814 1600562710
1.3813 1600562710
1.3554 1600562710
1.9037 1600562710
1.9073000000000002 1600562710
1.9037000000000002 1600562710
1.9074 1600562710
1.9040000000000001 1600562710
1.9073 1600562710
2.067 1600562710
2.1032 1600562710
2.1061 1600562710
2.0928 1600562710
2.1062 1600562710
2.1073 1600562710
0.9812000000000001 1600562710
0.9812000000000001 1600562710
0.978 1600562710
0.9784999999999999 1600562710
0.9812000000000001 1600562710
0.9382999999999999 1600562710
1.8467 1600562710
1.8559999999999999 1600562710
1.8466000000000002 1600562710
1.8562 1600562710
1.8515000000000001 1600562710
1.8465 1600562710
1.8967999999999998 1600562710
1.8966999999999998 1600562710
1.8966 1600562710
1.9045999999999998 1600562710
1.8967 1600562710
1.8968 1600562710
0.9764999999999999 1600562710
0.9690000000000001 1600562710
0.9358 1600562710
0.9682999999999999 1600562710
0.9763999999999999 1600562710
0.9382999999999999 1600562710
1.9409999999999998 1600562710
1.9338 1600562710
1.9338 1600562710
1.9386 1600562710
1.9338000000000002 1600562710
1.941 1600562710
1.4323 1600562710
1.4329 1600562710
1.4322 1600562710
1.4351 1600562710
1.4293 1600562710
1.4339 1600562710
1.9326999999999999 1600562710
1.9331999999999998 1600562710
1.9331 1600562710
1.9319 1600562710
1.9325 1600562710
1.9330999999999998 1600562710
0.9547000000000001 1600562710
0.9539 1600562710
0.9533 1600562710
0.9539 1600562710
0.9546000000000001 1600562710
0.9519 1600562710
1.8629 1600562710
1.8629 1600562710
1.8627 1600562710
1.8628 1600562710
1.8627999999999998 1600562710
1.8623999999999998 1600562710
1.9101000000000001 1600562710
1.9101000000000001 1600562710
1.9101 1600562710
1.8961 1600562710
1.9102000000000001 1600562710
1.8958 1600562710
1.2419 1600562710
1.2419 1600562710
1.2424 1600562710
1.242 1600562710
1.2003 1600562710
1.2296 1600562710
1.8872 1600562710
1.8873 1600562710
1.8870999999999998 1600562710
1.8872 1600562710
1.8868999999999998 1600562710
1.8872 1600562710
1.4439 1600562710
1.449 1600562710
1.4438 1600562710
1.445 1600562710
1.4431 1600562710
1.449 1600562710
1.8601 1600562710
1.8602999999999998 1600562710
1.8604999999999998 1600562710
1.8603999999999998 1600562710
1.8602999999999998 1600562710
1.8601999999999999 1600562710
1.8518000000000001 1600562710
1.8533 1600562710
1.8557000000000001 1600562710
1.8557 1600562710
1.8557000000000001 1600562710
1.8557000000000001 1600562710
1.3636 1600562710
1.3636 1600562710
1.3644 1600562710
1.3604 1600562710
1.3633 1600562710
1.364 1600562710
