1.8549999999999998 1600563129
1.8549999999999998 1600563129
1.8554 1600563129
1.8557000000000001 1600563129
1.8545999999999998 1600563129
1.8553 1600563129
2.0203 1600563129
2.0354 1600563129
2.0260999999999996 1600563129
2.0393999999999997 1600563129
2.0357000000000003 1600563129
2.0395 1600563129
1.88 1600563129
1.8792000000000002 1600563129
1.8798000000000001 1600563129
1.8791 1600563129
1.8796 1600563129
1.8794 1600563129
1.3722 1600563129
1.3723 1600563129
1.3749 1600563129
1.371 1600563129
1.3741 1600563129
1.3835 1600563129
1.5097 1600563129
1.4217 1600563129
1.5097 1600563129
1.5097 1600563129
1.5097 1600563129
1.3951 1600563129
1.5762 1600563129
1.5732 1600563129
1.5747 1600563129
1.5751 1600563129
1.5761 1600563129
1.5732 1600563129
1.6465 1600563129
1.6523 1600563129
1.6469 1600563129
1.6531 1600563129
1.6466 1600563129
1.6522000000000001 1600563129
1.1423 1600563129
1.1422 1600563129
1.1418 1600563129
1.1422 1600563129
1.1418 1600563129
1.1418 1600563129
1.8898000000000001 1600563129
1.8897000000000002 1600563129
1.8898 1600563129
1.8931 1600563129
1.8898000000000001 1600563129
1.8931 1600563129
1.9136 1600563129
1.913 1600563129
1.9131 1600563129
1.9128 1600563129
1.9134 1600563129
1.9124 1600563129
1.1287 1600563129
1.1287 1600563129
1.1280000000000001 1600563129
1.1280999999999999 1600563129
1.1281 1600563129
1.1288 1600563129
1.4907 1600563129
1.4928 1600563129
1.4866 1600563129
1.4908 1600563129
1.4866 1600563129
1.4902 1600563129
1.9982000000000002 1600563129
1.9996 1600563129
1.9953999999999998 1600563129
2.0018000000000002 1600563129
2.0023 1600563129
2.0013 1600563129
1.9576 1600563129
1.9574999999999998 1600563129
1.9574999999999998 1600563129
1.9575 1600563129
1.9576999999999998 1600563129
1.96 1600563129
1.6524 1600563129
1.6523 1600563129
1.6517 1600563129
1.6532 1600563129
1.6515 1600563129
1.653 1600563129
1.8726999999999998 1600563129
1.8864999999999998 1600563129
1.8699999999999999 1600563129
1.8866999999999998 1600563129
1.8864999999999998 1600563129
1.8708 1600563129
1.9255000000000002 1600563129
1.9298 1600563129
1.9255 1600563129
1.9255 1600563129
1.9298000000000002 1600563129
1.9255000000000002 1600563129
1.9729 1600563129
1.9672999999999998 1600563129
1.9728999999999999 1600563129
1.9673 1600563129
1.9728999999999999 1600563129
1.9729 1600563129
1.2035 1600563129
1.2137 1600563129
1.2138 1600563129
1.2027999999999999 1600563129
1.2033 1600563129
1.2138 1600563129
1.2922 1600563129
1.2926 1600563129
1.2919 1600563129
1.2918 1600563129
1.2912 1600563129
1.2921 1600563129
1.9796 1600563129
1.9718 1600563129
1.9795999999999998 1600563129
1.9717 1600563129
1.9718 1600563129
1.9796 1600563129
1.1614 1600563129
1.1614 1600563129
1.1615 1600563129
1.1753 1600563129
1.1754 1600563129
1.1594 1600563129
1.9471 1600563129
1.9524 1600563129
1.9478999999999997 1600563129
1.9478 1600563129
1.9524000000000001 1600563129
1.9471 1600563129
1.3592 1600563129
1.3594 1600563129
1.3602 1600563129
1.3772 1600563129
1.3583 1600563129
1.3618 1600563129
1.9649 1600563129
1.9716000000000002 1600563129
1.9649999999999999 1600563129
1.9676999999999998 1600563129
1.9649999999999999 1600563129
1.9649999999999999 1600563129
1.9151999999999998 1600563129
1.9227999999999998 1600563129
1.9293 1600563129
1.9266 1600563129
1.9092 1600563129
1.9286 1600563129
1.7687 1600563129
1.7647 1600563129
1.7665 1600563129
1.7687 1600563129
1.7665 1600563129
1.7682 1600563129
1.2671 1600563129
1.2659 1600563129
1.3213 1600563129
1.3211 1600563129
1.271 1600563129
1.2847 1600563129
1.9391 1600563129
1.9393 1600563129
1.9391 1600563129
1.9394 1600563129
1.9394 1600563129
1.9393999999999998 1600563129
1.7725 1600563129
1.7721 1600563129
1.7721 1600563129
1.7728 1600563129
1.7728 1600563129
1.7727 1600563129
1.7907 1600563129
1.7897 1600563129
1.7885 1600563129
1.789 1600563129
1.7894 1600563129
1.7897 1600563129
1.56 1600563129
1.5565 1600563129
1.5613000000000001 1600563129
1.5568 1600563129
1.5612 1600563129
1.5568 1600563129
1.9883 1600563129
1.9938 1600563129
1.9902 1600563129
1.9976999999999998 1600563129
1.9947 1600563129
1.9972 1600563129
1.727 1600563129
1.7272 1600563129
1.726 1600563129
1.7269999999999999 1600563129
1.7273 1600563129
1.7261 1600563129
1.9402 1600563129
1.935 1600563129
1.9430999999999998 1600563129
1.9347999999999999 1600563129
1.9429999999999998 1600563129
1.9351999999999998 1600563129
1.9721000000000002 1600563129
1.9775 1600563129
1.9717 1600563129
1.9724 1600563129
1.9774 1600563129
1.9722 1600563129
1.9138000000000002 1600563129
1.9097 1600563129
1.9101 1600563129
1.9138 1600563129
1.9139 1600563129
1.9139 1600563129
1.6166 1600563129
1.6618 1600563129
1.6252 1600563129
1.625 1600563129
1.6616 1600563129
1.6163 1600563129
1.1789 1600563129
1.1604 1600563129
1.1842 1600563129
1.1842 1600563129
1.1842 1600563129
1.1787 1600563129
1.7055 1600563129
1.7026000000000001 1600563129
1.7075 1600563129
1.7041 1600563129
1.7051 1600563129
1.7033 1600563129
1.6787 1600563129
1.6788 1600563129
1.6786 1600563129
1.6763 1600563129
1.6787 1600563129
1.6782 1600563129
1.7335 1600563129
1.7338 1600563129
1.733 1600563129
1.7341 1600563129
1.7341 1600563129
1.734 1600563129
1.7842 1600563129
1.7841 1600563129
1.7841 1600563129
1.7841 1600563129
1.7828 1600563129
1.7842 1600563129
1.8692000000000002 1600563129
1.8786999999999998 1600563129
1.8702 1600563129
1.8701999999999999 1600563129
1.8786999999999998 1600563129
1.8787 1600563129
1.6415 1600563129
1.6401999999999999 1600563129
1.6403 1600563129
1.6471 1600563129
1.642 1600563129
1.6462 1600563129
1.9756 1600563129
1.9757 1600563129
1.9757 1600563129
1.9755999999999998 1600563129
1.9752999999999998 1600563129
1.9757000000000002 1600563129
1.9644000000000001 1600563129
1.9649 1600563129
1.9577 1600563129
1.9644 1600563129
1.9649 1600563129
1.9647 1600563129
1.7531 1600563129
1.7524 1600563129
1.7547 1600563129
1.752 1600563129
1.7547 1600563129
1.7624 1600563129
1.3312 1600563129
1.3312 1600563129
1.3312 1600563129
1.3312 1600563129
1.3311 1600563129
1.3196 1600563129
1.7652999999999999 1600563129
1.7654 1600563129
1.7652999999999999 1600563129
1.7646 1600563129
1.7654 1600563129
1.7656 1600563129
1.802 1600563129
1.8019 1600563129
1.8013 1600563129
1.8005 1600563129
1.802 1600563129
1.802 1600563129
1.3135 1600563129
1.3135 1600563129
1.3134000000000001 1600563129
1.2933 1600563129
1.3134 1600563129
1.2903 1600563129
1.6084 1600563129
1.6071 1600563129
1.6044 1600563129
1.6106 1600563129
1.6192 1600563129
1.6247 1600563129
1.3132 1600563129
1.2663 1600563129
1.2622 1600563129
1.2617 1600563129
1.2605 1600563129
1.3085 1600563129
1.9604 1600563129
1.9604000000000001 1600563129
1.9676999999999998 1600563129
1.9676999999999998 1600563129
1.9676999999999998 1600563129
1.9604 1600563129
1.537 1600563129
1.5381 1600563129
1.5545 1600563129
1.5375 1600563129
1.5522 1600563129
1.5467 1600563129
1.4887 1600563129
1.4881 1600563129
1.4878 1600563129
1.4886 1600563129
1.4889000000000001 1600563129
1.4888000000000001 1600563129
1.8743999999999998 1600563129
1.8751 1600563129
1.8748999999999998 1600563129
1.8747 1600563129
1.8745999999999998 1600563129
1.8748 1600563129
1.7294 1600563129
1.7293 1600563129
1.7293 1600563129
1.7298 1600563129
1.7296 1600563129
1.7291 1600563129
1.4442 1600563129
1.4498 1600563129
1.4412 1600563129
1.458 1600563129
1.4629999999999999 1600563129
1.4403000000000001 1600563129
1.4921 1600563129
1.4931999999999999 1600563129
1.4914 1600563129
1.4923 1600563129
1.4913 1600563129
1.4922 1600563129
1.7834999999999999 1600563129
1.791 1600563129
1.7828 1600563129
1.7841 1600563129
1.7827 1600563129
1.7829 1600563129
1.7193 1600563129
1.7149 1600563129
1.7147000000000001 1600563129
1.7146 1600563129
1.7193 1600563129
1.7145 1600563129
1.8054000000000001 1600563129
1.8057 1600563129
1.8134 1600563129
1.8111 1600563129
1.806 1600563129
1.8062 1600563129
1.1012 1600563129
1.1012 1600563129
1.1623999999999999 1600563129
1.1013 1600563129
1.1623999999999999 1600563129
1.1777 1600563129
1.5755 1600563129
1.5756 1600563129
1.5751 1600563129
1.5756 1600563129
1.5753 1600563129
1.5745 1600563129
1.9031999999999998 1600563129
1.9031000000000002 1600563129
1.9032 1600563129
1.9029999999999998 1600563129
1.9027999999999998 1600563129
1.9027999999999998 1600563129
1.6302 1600563129
1.6487 1600563129
1.6307 1600563129
1.63 1600563129
1.6487 1600563129
1.6299000000000001 1600563129
1.8086 1600563129
1.806 1600563129
1.8063 1600563129
1.8069 1600563129
1.8058 1600563129
1.811 1600563129
1.3132 1600563129
1.3154 1600563129
1.3153000000000001 1600563129
1.3192 1600563129
1.3154000000000001 1600563129
1.3155000000000001 1600563129
1.8549 1600563129
1.8648 1600563129
1.8611 1600563129
1.8546 1600563129
1.8541 1600563129
1.8693 1600563129
1.8562999999999998 1600563129
1.8598000000000001 1600563129
1.8565 1600563129
1.8563999999999998 1600563129
1.8564999999999998 1600563129
1.8564999999999998 1600563129
1.9339 1600563129
1.9382000000000001 1600563129
1.934 1600563129
1.934 1600563129
1.9382000000000001 1600563129
1.934 1600563129
1.8145 1600563129
1.8139 1600563129
1.8143 1600563129
1.8138 1600563129
1.8145 1600563129
1.8145 1600563129
1.9721 1600563129
1.9721 1600563129
1.9722 1600563129
1.9767000000000001 1600563129
1.9768 1600563129
1.9676 1600563129
1.4672 1600563129
1.4685 1600563129
1.4689 1600563129
1.4672 1600563129
1.4675 1600563129
1.468 1600563129
1.3071 1600563129
1.3072 1600563129
1.307 1600563129
1.3065 1600563129
1.3074 1600563129
1.3072 1600563129
1.8553 1600563129
1.797 1600563129
1.7919 1600563129
1.9991 1600563129
1.7914 1600563129
1.9990999999999999 1600563129
1.5485 1600563129
1.5488 1600563129
1.5484 1600563129
1.5475 1600563129
1.5487 1600563129
1.5488 1600563129
1.8713000000000002 1600563129
1.8711000000000002 1600563129
1.8716 1600563129
1.8715000000000002 1600563129
1.8715 1600563129
1.8716 1600563129
1.5482 1600563129
1.5479 1600563129
1.5481 1600563129
1.5474 1600563129
1.5475 1600563129
1.5468 1600563129
1.9517 1600563129
1.9519 1600563129
1.9516000000000002 1600563129
1.952 1600563129
1.952 1600563129
1.9514999999999998 1600563129
1.8547999999999998 1600563129
1.8542 1600563129
1.8549 1600563129
1.8548 1600563129
1.8538 1600563129
1.8548 1600563129
1.7106 1600563129
1.7088 1600563129
1.7093 1600563129
1.7101 1600563129
1.7091 1600563129
1.708 1600563129
1.9581 1600563129
1.9582000000000002 1600563129
1.9584 1600563129
1.958 1600563129
1.9583 1600563129
1.9582000000000002 1600563129
1.4707999999999999 1600563129
1.4508 1600563129
1.448 1600563129
1.4706000000000001 1600563129
1.4478 1600563129
1.4707000000000001 1600563129
1.8498 1600563129
1.8496 1600563129
1.8538 1600563129
1.8493000000000002 1600563129
1.8537000000000001 1600563129
1.8496000000000001 1600563129
1.7536 1600563129
1.7536 1600563129
1.7478 1600563129
1.7469 1600563129
1.7537 1600563129
1.7469999999999999 1600563129
2.1012 1600563129
2.0989999999999998 1600563129
2.0858 1600563129
2.0872 1600563129
2.1013 1600563129
2.1011 1600563129
1.7059 1600563129
1.7063 1600563129
1.7068 1600563129
1.707 1600563129
1.7071 1600563129
1.7073 1600563129
1.5216 1600563129
1.523 1600563129
1.5211000000000001 1600563129
1.5318 1600563129
1.5205 1600563129
1.5279 1600563129
1.8800999999999999 1600563129
1.8637 1600563129
1.8639000000000001 1600563129
1.8635000000000002 1600563129
1.8633000000000002 1600563129
1.8800999999999999 1600563129
1.4112 1600563129
1.4143000000000001 1600563129
1.4201000000000001 1600563129
1.4254 1600563129
1.4095 1600563129
1.4192 1600563129
1.3961999999999999 1600563129
1.3863 1600563129
1.3864 1600563129
1.3844 1600563129
1.3858 1600563129
1.3965 1600563129
1.9752 1600563129
1.9752 1600563129
1.969 1600563129
1.9752 1600563129
1.9752 1600563129
1.9752 1600563129
1.398 1600563129
1.3991 1600563129
1.3925 1600563129
1.3986 1600563129
1.3972 1600563129
1.398 1600563129
1.5233 1600563129
1.5246 1600563129
1.5237 1600563129
1.5247 1600563129
1.5247 1600563129
1.5242 1600563129
1.8789999999999998 1600563129
1.8709000000000002 1600563129
1.871 1600563129
1.8712 1600563129
1.8705999999999998 1600563129
1.8789999999999998 1600563129
1.7197 1600563129
1.7206 1600563129
1.7206 1600563129
1.7206 1600563129
1.7203 1600563129
1.7208 1600563129
1.1708 1600563129
1.1674 1600563129
1.1758 1600563129
1.1758 1600563129
1.1758 1600563129
1.1754 1600563129
1.9750999999999999 1600563129
1.9687999999999999 1600563129
1.975 1600563129
1.9686000000000001 1600563129
1.9683 1600563129
1.9683 1600563129
1.9591 1600563129
1.9586999999999999 1600563129
1.9588999999999999 1600563129
1.9588999999999999 1600563129
1.9589 1600563129
1.9587999999999999 1600563129
1.4506 1600563129
1.4576 1600563129
1.4755 1600563129
1.4671 1600563129
1.4859 1600563129
1.4555 1600563129
1.7463 1600563129
1.764 1600563129
1.7587 1600563129
1.7464 1600563129
1.7464 1600563129
1.7464 1600563129
1.6729 1600563129
1.6725999999999999 1600563129
1.6714 1600563129
1.6729 1600563129
1.6721000000000001 1600563129
1.6721 1600563129
1.6989 1600563129
1.6989 1600563129
1.6982 1600563129
1.6987 1600563129
1.6989 1600563129
1.6983 1600563129
1.1308 1600563129
1.1292 1600563129
1.132 1600563129
1.1306 1600563129
1.1319 1600563129
1.1319 1600563129
1.9527999999999999 1600563129
1.9526999999999999 1600563129
1.9527 1600563129
1.9526000000000001 1600563129
1.9524000000000001 1600563129
1.9528 1600563129
1.6233 1600563129
1.6369 1600563129
1.6276 1600563129
1.6438 1600563129
1.6252 1600563129
1.6241 1600563129
1.4938 1600563129
1.4941 1600563129
1.4945 1600563129
1.4936 1600563129
1.4944 1600563129
1.4946 1600563129
1.8265 1600563129
1.8265 1600563129
1.8265999999999998 1600563129
1.8258999999999999 1600563129
1.8266999999999998 1600563129
1.8255000000000001 1600563129
1.9282000000000001 1600563129
1.9326 1600563129
1.9325999999999999 1600563129
1.9283 1600563129
1.9326 1600563129
1.9327 1600563129
1.8042 1600563129
1.8009 1600563129
1.7991 1600563129
1.7999 1600563129
1.8046 1600563129
1.8003 1600563129
1.4978 1600563129
1.4978 1600563129
1.4965 1600563129
1.4972999999999999 1600563129
1.4976 1600563129
1.4974 1600563129
1.7928 1600563129
1.8348999999999998 1600563129
1.8038 1600563129
1.7923 1600563129
1.8297999999999999 1600563129
1.7933999999999999 1600563129
1.7674 1600563129
1.7671 1600563129
1.7661 1600563129
1.7666 1600563129
1.7669 1600563129
1.7673 1600563129
1.7958 1600563129
1.7934999999999999 1600563129
1.791 1600563129
1.7924 1600563129
1.7917 1600563129
1.7915999999999999 1600563129
1.951 1600563129
1.9531999999999998 1600563129
1.9572 1600563129
1.9572 1600563129
1.951 1600563129
1.9572 1600563129
1.3862999999999999 1600563129
1.3862 1600563129
1.386 1600563129
1.3860999999999999 1600563129
1.386 1600563129
1.3855 1600563129
1.6161 1600563129
1.6157 1600563129
1.6358 1600563129
1.6154 1600563129
1.6154 1600563129
1.6309 1600563129
1.7869 1600563129
1.7867 1600563129
1.7879999999999998 1600563129
1.7871 1600563129
1.7868 1600563129
1.7882 1600563129
1.8370000000000002 1600563129
1.837 1600563129
1.8369 1600563129
1.8464999999999998 1600563129
1.8370000000000002 1600563129
1.8464 1600563129
1.2913 1600563129
1.2817 1600563129
1.2939 1600563129
1.2893000000000001 1600563129
1.287 1600563129
1.291 1600563129
1.9374999999999998 1600563129
1.9371999999999998 1600563129
1.937 1600563129
1.9372999999999998 1600563129
1.9372999999999998 1600563129
1.9372999999999998 1600563129
1.9748 1600563129
1.9782000000000002 1600563129
1.9782 1600563129
1.9782 1600563129
1.9699 1600563129
1.9782000000000002 1600563129
1.6543999999999999 1600563129
1.6539 1600563129
1.6542 1600563129
1.653 1600563129
1.6541 1600563129
1.6524999999999999 1600563129
1.9758 1600563129
1.9704 1600563129
1.9705 1600563129
1.9749999999999999 1600563129
1.9756 1600563129
1.9704000000000002 1600563129
1.8655000000000002 1600563129
1.8714000000000002 1600563129
1.8716000000000002 1600563129
1.8665999999999998 1600563129
1.8673 1600563129
1.8655000000000002 1600563129
1.9582 1600563129
1.9531 1600563129
1.9576 1600563129
1.9581 1600563129
1.9531 1600563129
1.9531 1600563129
1.7994 1600563129
1.7988 1600563129
1.7988 1600563129
1.7992 1600563129
1.7993999999999999 1600563129
1.7981 1600563129
1.8830999999999998 1600563129
1.883 1600563129
1.883 1600563129
1.8827999999999998 1600563129
1.8785999999999998 1600563129
1.8831 1600563129
1.644 1600563129
1.6434 1600563129
1.6443 1600563129
1.6468 1600563129
1.6433 1600563129
1.6418 1600563129
1.5788 1600563129
1.5985 1600563129
1.5788 1600563129
1.577 1600563129
1.6103 1600563129
1.5861 1600563129
1.911 1600563129
1.9114000000000002 1600563129
1.9144999999999999 1600563129
1.9113 1600563129
1.9110999999999998 1600563129
1.9111000000000002 1600563129
1.8028 1600563129
1.7896 1600563129
1.8028 1600563129
1.7894 1600563129
1.7893999999999999 1600563129
1.7894 1600563129
1.616 1600563129
1.6062 1600563129
1.6159999999999999 1600563129
1.6065 1600563129
1.6058999999999999 1600563129
1.6072 1600563129
1.3468 1600563129
1.3476 1600563129
1.3455 1600563129
1.3457 1600563129
1.3456 1600563129
1.3474 1600563129
1.9102000000000001 1600563129
1.9102000000000001 1600563129
1.9100000000000001 1600563129
1.9101 1600563129
1.9099 1600563129
1.9101000000000001 1600563129
1.9444000000000001 1600563129
1.9445000000000001 1600563129
1.9442000000000002 1600563129
1.9444000000000001 1600563129
1.9445 1600563129
1.9445 1600563129
1.1865 1600563129
1.1405 1600563129
1.1406 1600563129
1.1865 1600563129
1.1388 1600563129
1.1405 1600563129
1.2839 1600563129
1.2837 1600563129
1.2839 1600563129
1.284 1600563129
1.284 1600563129
1.2839 1600563129
1.7163 1600563129
1.7158 1600563129
1.7147000000000001 1600563129
1.7142 1600563129
1.7156 1600563129
1.715 1600563129
1.1340000000000001 1600563129
1.1343 1600563129
1.1342 1600563129
1.1343 1600563129
1.1342 1600563129
1.1342 1600563129
1.7483 1600563129
1.7484 1600563129
1.7479 1600563129
1.7483 1600563129
1.7482 1600563129
1.7474 1600563129
1.6027 1600563129
1.6024 1600563129
1.6019 1600563129
1.6025 1600563129
1.6026 1600563129
1.6021 1600563129
1.3514 1600563129
1.3551 1600563129
1.3552 1600563129
1.3522 1600563129
1.3545 1600563129
1.3547 1600563129
1.9693999999999998 1600563129
1.9727 1600563129
1.975 1600563129
1.9750999999999999 1600563129
1.9749999999999999 1600563129
1.9727000000000001 1600563129
1.6919 1600563129
1.6909 1600563129
1.6903 1600563129
1.6917 1600563129
1.691 1600563129
1.6907 1600563129
1.9124 1600563129
1.9119 1600563129
1.9174999999999998 1600563129
1.9176000000000002 1600563129
1.9119000000000002 1600563129
1.9115 1600563129
1.9727000000000001 1600563129
1.9815999999999998 1600563129
1.9728 1600563129
1.9727999999999999 1600563129
1.9816 1600563129
1.9727000000000001 1600563129
1.3534 1600563129
1.3438 1600563129
1.3451 1600563129
1.3467 1600563129
1.3442 1600563129
1.345 1600563129
1.4514 1600563129
1.4513 1600563129
1.4514 1600563129
1.4495 1600563129
1.4517 1600563129
1.4512 1600563129
1.9675999999999998 1600563129
1.9723000000000002 1600563129
1.9672 1600563129
1.9722000000000002 1600563129
1.9721000000000002 1600563129
1.9722000000000002 1600563129
1.5937 1600563129
1.5931 1600563129
1.5936 1600563129
1.6258000000000001 1600563129
1.5938 1600563129
1.6258 1600563129
1.9671 1600563129
1.9670999999999998 1600563129
1.9617000000000002 1600563129
1.9670999999999998 1600563129
1.9671 1600563129
1.9617000000000002 1600563129
1.181 1600563129
1.1682 1600563129
1.1752 1600563129
1.1682 1600563129
1.1757 1600563129
1.1682 1600563129
1.3597 1600563129
1.3597000000000001 1600563129
1.3596 1600563129
1.3565 1600563129
1.3596000000000001 1600563129
1.3597 1600563129
1.4265 1600563129
1.369 1600563129
1.3895 1600563129
1.3705 1600563129
1.3895 1600563129
1.3653 1600563129
1.9420000000000002 1600563129
1.9420000000000002 1600563129
1.9406999999999999 1600563129
1.9408 1600563129
1.9406999999999999 1600563129
1.9406 1600563129
1.8234 1600563129
1.8229 1600563129
1.823 1600563129
1.8234 1600563129
1.8229 1600563129
1.8225 1600563129
1.1066 1600563129
1.1031 1600563129
1.1031 1600563129
1.1066 1600563129
1.0986 1600563129
1.0986 1600563129
1.2685 1600563129
1.2694 1600563129
1.2691 1600563129
1.2692 1600563129
1.2691000000000001 1600563129
1.2676 1600563129
1.7448 1600563129
1.7357 1600563129
1.7356 1600563129
1.7353 1600563129
1.7368 1600563129
1.7373 1600563129
1.9099 1600563129
1.8945999999999998 1600563129
1.9084 1600563129
1.8944 1600563129
1.8985 1600563129
1.9048999999999998 1600563129
1.1943 1600563129
1.2209999999999999 1600563129
1.1944 1600563129
1.2075 1600563129
1.2236 1600563129
1.229 1600563129
1.9569 1600563129
1.9659 1600563129
1.9568999999999999 1600563129
1.9568999999999999 1600563129
1.9568999999999999 1600563129
1.9606999999999999 1600563129
1.9985000000000002 1600563129
1.9813999999999998 1600563129
1.9954999999999998 1600563129
1.9889000000000001 1600563129
1.9874 1600563129
1.9887000000000001 1600563129
1.9756 1600563129
1.9755999999999998 1600563129
1.9756000000000002 1600563129
1.9752999999999998 1600563129
1.9756999999999998 1600563129
1.9753999999999998 1600563129
1.9490999999999998 1600563129
1.9454999999999998 1600563129
1.9449 1600563129
1.9491 1600563129
1.9454000000000002 1600563129
1.9492999999999998 1600563129
1.6818 1600563129
1.6814 1600563129
1.6816 1600563129
1.682 1600563129
1.6814 1600563129
1.6803 1600563129
1.1262 1600563129
1.1322 1600563129
1.1322 1600563129
1.1265 1600563129
1.1263 1600563129
1.1263 1600563129
1.8626 1600563129
1.8702999999999999 1600563129
1.8625999999999998 1600563129
1.8714 1600563129
1.8703 1600563129
1.8703999999999998 1600563129
1.9062999999999999 1600563129
1.9056000000000002 1600563129
1.9062000000000001 1600563129
1.9066 1600563129
1.9065 1600563129
1.9064999999999999 1600563129
1.7751000000000001 1600563129
1.7747 1600563129
1.7751 1600563129
1.781 1600563129
1.7747 1600563129
1.7752000000000001 1600563129
1.1915 1600563129
1.1913 1600563129
1.1803 1600563129
1.1914 1600563129
1.1914 1600563129
1.1914 1600563129
1.2051 1600563129
1.2051 1600563129
1.2017 1600563129
1.2051 1600563129
1.2018 1600563129
1.2018 1600563129
1.6319 1600563129
1.6343 1600563129
1.6343 1600563129
1.6343 1600563129
1.6341999999999999 1600563129
1.6343 1600563129
1.711 1600563129
1.7108 1600563129
1.7103 1600563129
1.7108 1600563129
1.7109 1600563129
1.7103 1600563129
1.7485 1600563129
1.7681 1600563129
1.7711999999999999 1600563129
1.7594 1600563129
1.7871 1600563129
1.7607 1600563129
1.5709 1600563129
1.57 1600563129
1.5718 1600563129
1.5707 1600563129
1.5709 1600563129
1.5713 1600563129
1.1906999999999999 1600563129
1.1845999999999999 1600563129
1.1903 1600563129
1.1889 1600563129
1.1901 1600563129
1.1852 1600563129
1.6879 1600563129
1.6852 1600563129
1.6894 1600563129
1.6893 1600563129
1.6867 1600563129
1.6859 1600563129
1.1415 1600563129
1.1332 1600563129
1.1332 1600563129
1.1342 1600563129
1.1416 1600563129
1.1398 1600563129
1.8839 1600563129
1.8875 1600563129
1.8838000000000001 1600563129
1.8875000000000002 1600563129
1.884 1600563129
1.8875 1600563129
1.8518000000000001 1600563129
1.8508999999999998 1600563129
1.8518000000000001 1600563129
1.8515 1600563129
1.8511000000000002 1600563129
1.8519 1600563129
1.5934 1600563129
1.593 1600563129
1.5952 1600563129
1.5945 1600563129
1.5938999999999999 1600563129
1.5927 1600563129
1.9104 1600563129
1.9106999999999998 1600563129
1.9127 1600563129
1.9101000000000001 1600563129
1.9127 1600563129
1.9104 1600563129
1.2505 1600563129
1.1641 1600563129
1.1642 1600563129
1.2504 1600563129
1.2504 1600563129
1.2504 1600563129
1.8653000000000002 1600563129
1.8650000000000002 1600563129
1.8653 1600563129
1.8659 1600563129
1.8655000000000002 1600563129
1.8644 1600563129
1.9693 1600563129
1.9742 1600563129
1.9693999999999998 1600563129
1.9735 1600563129
1.9734999999999998 1600563129
1.9743 1600563129
1.3806 1600563129
1.3958 1600563129
1.3951 1600563129
1.3797 1600563129
1.381 1600563129
1.388 1600563129
1.9568 1600563129
1.9568999999999999 1600563129
1.9566000000000001 1600563129
1.9568 1600563129
1.9566 1600563129
1.9567 1600563129
1.8163 1600563129
1.8138 1600563129
1.8093000000000001 1600563129
1.8099 1600563129
1.8096 1600563129
1.8105 1600563129
1.4455 1600563129
1.438 1600563129
1.4365 1600563129
1.4421 1600563129
1.4424 1600563129
1.4424 1600563129
1.9087999999999998 1600563129
1.9087999999999998 1600563129
1.9086 1600563129
1.9087 1600563129
1.9086 1600563129
1.9086 1600563129
1.5298 1600563129
1.5355 1600563129
1.5294 1600563129
1.5354999999999999 1600563129
1.5299 1600563129
1.5297 1600563129
1.6072 1600563129
1.6073 1600563129
1.5544 1600563129
1.5564 1600563129
1.6072 1600563129
1.6072 1600563129
1.9172999999999998 1600563129
1.9127999999999998 1600563129
1.9211999999999998 1600563129
1.9174 1600563129
1.9212 1600563129
1.9174 1600563129
1.6169 1600563129
1.6169 1600563129
1.6160999999999999 1600563129
1.6149 1600563129
1.6160999999999999 1600563129
1.6155 1600563129
1.6795 1600563129
1.6809 1600563129
1.681 1600563129
1.6808 1600563129
1.6812 1600563129
1.6809 1600563129
1.7391 1600563129
1.7388000000000001 1600563129
1.7396 1600563129
1.7397 1600563129
1.7394 1600563129
1.7399 1600563129
1.9131999999999998 1600563129
1.9090999999999998 1600563129
1.9092000000000002 1600563129
1.9094 1600563129
1.9132000000000002 1600563129
1.9133 1600563129
1.9611999999999998 1600563129
1.9611999999999998 1600563129
1.9695 1600563129
1.9695 1600563129
1.9694999999999998 1600563129
1.9694999999999998 1600563129
1.3488 1600563129
1.3468 1600563129
1.3479 1600563129
1.3485 1600563129
1.3483 1600563129
1.3472 1600563129
1.9652 1600563129
1.9604 1600563129
1.9606 1600563129
1.9606000000000001 1600563129
1.9604 1600563129
1.9605000000000001 1600563129
1.7117 1600563129
1.7134 1600563129
1.7137 1600563129
1.7134 1600563129
1.7152 1600563129
1.7145 1600563129
1.8023 1600563129
1.8017 1600563129
1.8029 1600563129
1.803 1600563129
1.8029 1600563129
1.8029 1600563129
1.7369 1600563129
1.7362 1600563129
1.7369 1600563129
1.7367 1600563129
1.7364 1600563129
1.7367 1600563129
1.9629999999999999 1600563129
1.9628999999999999 1600563129
1.963 1600563129
1.9557 1600563129
1.9629 1600563129
1.9629999999999999 1600563129
1.3107 1600563129
1.3113000000000001 1600563129
1.3109 1600563129
1.3112000000000001 1600563129
1.3067 1600563129
1.3101 1600563129
1.3819 1600563129
1.3867 1600563129
1.3799000000000001 1600563129
1.3923999999999999 1600563129
1.3781 1600563129
1.376 1600563129
1.6922 1600563129
1.6918 1600563129
1.6915 1600563129
1.6927 1600563129
1.6927 1600563129
1.6918 1600563129
1.4647999999999999 1600563129
1.4653 1600563129
1.4651 1600563129
1.4655 1600563129
1.4629 1600563129
1.4656 1600563129
1.4254 1600563129
1.4167 1600563129
1.4185 1600563129
1.4174 1600563129
1.4246999999999999 1600563129
1.4188 1600563129
1.4341 1600563129
1.4344 1600563129
1.4332 1600563129
1.432 1600563129
1.4336 1600563129
1.4345 1600563129
1.9149 1600563129
1.9151 1600563129
1.9157000000000002 1600563129
1.9156 1600563129
1.9155 1600563129
1.9156000000000002 1600563129
1.7378 1600563129
1.7326 1600563129
1.7404 1600563129
1.7321 1600563129
1.7341 1600563129
1.7341 1600563129
1.7995 1600563129
1.7998 1600563129
1.7995 1600563129
1.7991 1600563129
1.7996 1600563129
1.7994 1600563129
1.7425 1600563129
1.7414 1600563129
1.7443 1600563129
1.7488000000000001 1600563129
1.7425 1600563129
1.7416 1600563129
1.9160000000000001 1600563129
1.9160000000000001 1600563129
1.9158000000000002 1600563129
1.9156 1600563129
1.9160000000000001 1600563129
1.9159000000000002 1600563129
1.205 1600563129
1.296 1600563129
1.3016 1600563129
1.203 1600563129
1.2038 1600563129
1.3106 1600563129
1.8977000000000002 1600563129
1.8937000000000002 1600563129
1.8937 1600563129
1.8936 1600563129
1.8976000000000002 1600563129
1.8937 1600563129
1.2832000000000001 1600563129
1.286 1600563129
1.2859 1600563129
1.2858 1600563129
1.2851000000000001 1600563129
1.2853999999999999 1600563129
1.6078 1600563129
1.6092 1600563129
1.6073 1600563129
1.608 1600563129
1.6066 1600563129
1.6063 1600563129
1.768 1600563129
1.7873 1600563129
1.7821 1600563129
1.7682 1600563129
1.7681 1600563129
1.768 1600563129
1.6004 1600563129
1.5995 1600563129
1.5983 1600563129
1.5991 1600563129
1.5996 1600563129
1.5987 1600563129
1.9058 1600563129
1.9058 1600563129
1.9012 1600563129
1.8997000000000002 1600563129
1.9058 1600563129
1.906 1600563129
1.8063 1600563129
1.8083 1600563129
1.8066 1600563129
1.8083 1600563129
1.8426000000000002 1600563129
1.8374 1600563129
1.2131 1600563129
1.1355 1600563129
1.1593 1600563129
1.1593 1600563129
1.149 1600563129
1.1345 1600563129
1.5709 1600563129
1.5703 1600563129
1.572 1600563129
1.5801 1600563129
1.5725 1600563129
1.572 1600563129
1.9823000000000002 1600563129
1.9823000000000002 1600563129
1.9822000000000002 1600563129
1.9819 1600563129
1.9822000000000002 1600563129
1.9821 1600563129
1.8171 1600563129
1.8168 1600563129
1.8168 1600563129
1.817 1600563129
1.8161 1600563129
1.816 1600563129
1.9535 1600563129
1.9542000000000002 1600563129
1.9544 1600563129
1.9543000000000001 1600563129
1.9543 1600563129
1.9539000000000002 1600563129
1.3869 1600563129
1.3881999999999999 1600563129
1.3873 1600563129
1.3876 1600563129
1.3880000000000001 1600563129
1.3887 1600563129
1.876 1600563129
1.8759 1600563129
1.8667999999999998 1600563129
1.8669000000000002 1600563129
1.8709000000000002 1600563129
1.8668 1600563129
1.337 1600563129
1.3366 1600563129
1.3356 1600563129
1.3375 1600563129
1.3344 1600563129
1.3364 1600563129
1.8773 1600563129
1.8815 1600563129
1.8815000000000002 1600563129
1.8773000000000002 1600563129
1.8774 1600563129
1.8815 1600563129
1.5915 1600563129
1.5919 1600563129
1.5863 1600563129
1.5927 1600563129
1.5907 1600563129
1.5955000000000001 1600563129
1.3532 1600563129
1.4223999999999999 1600563129
1.3522 1600563129
1.4112 1600563129
1.3543 1600563129
1.3526 1600563129
1.9573999999999998 1600563129
1.953 1600563129
1.9574 1600563129
1.9574 1600563129
1.9528999999999999 1600563129
1.9577000000000002 1600563129
1.7624 1600563129
1.7677 1600563129
1.7642 1600563129
1.7679 1600563129
1.7638 1600563129
1.7657 1600563129
1.9382 1600563129
1.9383 1600563129
1.9377000000000002 1600563129
1.9384 1600563129
1.9382 1600563129
1.9383000000000001 1600563129
1.3189 1600563129
1.3164 1600563129
1.3174000000000001 1600563129
1.3223 1600563129
1.3173 1600563129
1.3184 1600563129
1.833 1600563129
1.8335000000000001 1600563129
1.8322999999999998 1600563129
1.8333000000000002 1600563129
1.8327999999999998 1600563129
1.8328000000000002 1600563129
1.3149 1600563129
1.2311 1600563129
1.3146 1600563129
1.2306 1600563129
1.2308 1600563129
1.3146 1600563129
1.6735 1600563129
1.6752 1600563129
1.6751 1600563129
1.6736 1600563129
1.6717 1600563129
1.6729 1600563129
1.7983 1600563129
1.8336000000000001 1600563129
1.7967 1600563129
1.802 1600563129
1.8334 1600563129
1.7974 1600563129
1.9145 1600563129
1.9141000000000001 1600563129
1.9146 1600563129
1.9144 1600563129
1.9185 1600563129
1.9145 1600563129
1.9134999999999998 1600563129
1.9138000000000002 1600563129
1.9136 1600563129
1.9137000000000002 1600563129
1.9138000000000002 1600563129
1.9134 1600563129
1.5633 1600563129
1.5637 1600563129
1.5636 1600563129
1.5751 1600563129
1.5751 1600563129
1.5637 1600563129
1.873 1600563129
1.8727999999999998 1600563129
1.8731 1600563129
1.8721999999999999 1600563129
1.8713 1600563129
1.8725999999999998 1600563129
1.1406 1600563129
1.1407 1600563129
1.1406 1600563129
1.1307 1600563129
1.1307 1600563129
1.1407 1600563129
1.6683 1600563129
1.6686 1600563129
1.6679 1600563129
1.6737 1600563129
1.6724 1600563129
1.674 1600563129
1.9553999999999998 1600563129
1.9560000000000002 1600563129
1.9553 1600563129
1.9560000000000002 1600563129
1.956 1600563129
1.9552 1600563129
1.8664999999999998 1600563129
1.8718 1600563129
1.8699 1600563129
1.8643999999999998 1600563129
1.8656000000000001 1600563129
1.8691000000000002 1600563129
1.6973 1600563129
1.701 1600563129
1.6991 1600563129
1.6975 1600563129
1.6983 1600563129
1.6991 1600563129
1.9182 1600563129
1.9124 1600563129
1.9182 1600563129
1.9122000000000001 1600563129
1.9125 1600563129
1.9124999999999999 1600563129
1.9700000000000002 1600563129
1.9697 1600563129
1.9700000000000002 1600563129
1.9678000000000002 1600563129
1.9679000000000002 1600563129
1.9676000000000002 1600563129
1.9202 1600563129
1.9202000000000001 1600563129
1.9201000000000001 1600563129
1.92 1600563129
1.9202 1600563129
1.9203000000000001 1600563129
1.3792 1600563129
1.3797 1600563129
1.3787 1600563129
1.3792 1600563129
1.3802 1600563129
1.3791 1600563129
1.4811 1600563129
1.4767 1600563129
1.482 1600563129
1.4644 1600563129
1.4648999999999999 1600563129
1.4685000000000001 1600563129
1.3301 1600563129
1.3309 1600563129
1.3302 1600563129
1.3288 1600563129
1.3283 1600563129
1.3303 1600563129
1.3996 1600563129
1.3988 1600563129
1.4016 1600563129
1.3988 1600563129
1.4011 1600563129
1.3971 1600563129
1.8101 1600563129
1.8101 1600563129
1.8145 1600563129
1.8141 1600563129
1.8099 1600563129
1.8093 1600563129
1.5611 1600563129
1.5612 1600563129
1.5612000000000001 1600563129
1.5601 1600563129
1.5608 1600563129
1.5612 1600563129
1.6643 1600563129
1.6647 1600563129
1.663 1600563129
1.6644 1600563129
1.6643000000000001 1600563129
1.6642000000000001 1600563129
1.8199 1600563129
1.82 1600563129
1.82 1600563129
1.8193000000000001 1600563129
1.8197 1600563129
1.8202 1600563129
1.7396 1600563129
1.7438 1600563129
1.7430999999999999 1600563129
1.7396 1600563129
1.743 1600563129
1.7397 1600563129
1.4015 1600563129
1.4018 1600563129
1.4022 1600563129
1.4026 1600563129
1.4021000000000001 1600563129
1.4003 1600563129
1.1171 1600563129
1.1159000000000001 1600563129
1.1171 1600563129
1.1171 1600563129
1.1171 1600563129
1.1212 1600563129
1.7721 1600563129
1.7735 1600563129
1.7727 1600563129
1.7722 1600563129
1.7717 1600563129
1.7726 1600563129
1.377 1600563129
1.3727 1600563129
1.3739999999999999 1600563129
1.3735 1600563129
1.3732 1600563129
1.3734 1600563129
1.9635999999999998 1600563129
1.9633999999999998 1600563129
1.9635 1600563129
1.9634000000000003 1600563129
1.9633 1600563129
1.9631 1600563129
1.8255000000000001 1600563129
1.8255 1600563129
1.8259999999999998 1600563129
1.8257999999999999 1600563129
1.8249 1600563129
1.8258999999999999 1600563129
1.9061000000000001 1600563129
1.9062000000000001 1600563129
1.9061000000000001 1600563129
1.9053000000000002 1600563129
1.9058000000000002 1600563129
1.906 1600563129
1.78 1600563129
1.7788 1600563129
1.7796 1600563129
1.7807 1600563129
1.7785 1600563129
1.7828 1600563129
1.8409 1600563129
1.8195000000000001 1600563129
1.8194 1600563129
1.8418 1600563129
1.8226 1600563129
1.8196999999999999 1600563129
1.9673999999999998 1600563129
1.9672999999999998 1600563129
1.9676 1600563129
1.9674 1600563129
1.9673999999999998 1600563129
1.9672999999999998 1600563129
1.9778 1600563129
1.9773999999999998 1600563129
1.9775999999999998 1600563129
1.9778 1600563129
1.978 1600563129
1.9777000000000002 1600563129
1.9199 1600563129
1.9193000000000002 1600563129
1.9199000000000002 1600563129
1.9198000000000002 1600563129
1.9191999999999998 1600563129
1.9199 1600563129
1.6982000000000002 1600563129
1.6988 1600563129
1.6988 1600563129
1.6987 1600563129
1.6983 1600563129
1.6989 1600563129
1.7698 1600563129
1.7701 1600563129
1.7696 1600563129
1.7694 1600563129
1.7695 1600563129
1.7696 1600563129
1.9688 1600563129
1.9688 1600563129
1.9707999999999999 1600563129
1.9707999999999999 1600563129
1.9687999999999999 1600563129
1.9708 1600563129
1.8272000000000002 1600563129
1.8272000000000002 1600563129
1.8269 1600563129
1.8271 1600563129
1.8257 1600563129
1.8264 1600563129
1.2222 1600563129
1.2251 1600563129
1.2201 1600563129
1.221 1600563129
1.2216 1600563129
1.2206 1600563129
1.3745 1600563129
1.3764 1600563129
1.3746 1600563129
1.3757 1600563129
1.3746 1600563129
1.3745 1600563129
1.6555 1600563129
1.6571 1600563129
1.6559 1600563129
1.6547 1600563129
1.6556 1600563129
1.6562 1600563129
1.7597 1600563129
1.7559 1600563129
1.7591 1600563129
1.7598 1600563129
1.7558 1600563129
1.7558 1600563129
1.3511 1600563129
1.3492 1600563129
1.3493 1600563129
1.3493 1600563129
1.3477 1600563129
1.3484 1600563129
1.6587 1600563129
1.6596 1600563129
1.6582999999999999 1600563129
1.6592 1600563129
1.6589 1600563129
1.6595 1600563129
1.3028 1600563129
1.3028 1600563129
1.2953999999999999 1600563129
1.2787 1600563129
1.3028 1600563129
1.3028 1600563129
1.4707999999999999 1600563129
1.4797 1600563129
1.4706 1600563129
1.4707000000000001 1600563129
1.4706000000000001 1600563129
1.4705 1600563129
1.8622 1600563129
1.8624999999999998 1600563129
1.8616 1600563129
1.8614 1600563129
1.8630000000000002 1600563129
1.8625 1600563129
1.1973 1600563129
1.1977 1600563129
1.201 1600563129
1.2013 1600563129
1.1969 1600563129
1.1977 1600563129
1.7398 1600563129
1.7397 1600563129
1.7394 1600563129
1.74 1600563129
1.7391 1600563129
1.7394 1600563129
1.9493999999999998 1600563129
1.9493 1600563129
1.9494000000000002 1600563129
1.9492999999999998 1600563129
1.9495000000000002 1600563129
1.9491 1600563129
1.8341999999999998 1600563129
1.8337999999999999 1600563129
1.8337999999999999 1600563129
1.8331 1600563129
1.8338 1600563129
1.8335 1600563129
1.9493 1600563129
1.9492 1600563129
1.9489 1600563129
1.9490999999999998 1600563129
1.9491999999999998 1600563129
1.9494 1600563129
1.3845 1600563129
1.3839 1600563129
1.388 1600563129
1.384 1600563129
1.3848 1600563129
1.3847 1600563129
1.8513000000000002 1600563129
1.8517000000000001 1600563129
1.8521999999999998 1600563129
1.8522 1600563129
1.8521 1600563129
1.8521 1600563129
1.8372000000000002 1600563129
1.8378 1600563129
1.8377000000000001 1600563129
1.8365000000000002 1600563129
1.8377 1600563129
1.8374 1600563129
1.9507999999999999 1600563129
1.9536 1600563129
1.9537 1600563129
1.954 1600563129
1.9546 1600563129
1.954 1600563129
1.8352 1600563129
1.8431000000000002 1600563129
1.8341999999999998 1600563129
1.8347 1600563129
1.8433 1600563129
1.8436000000000001 1600563129
1.9625000000000001 1600563129
1.9629 1600563129
1.9627 1600563129
1.9629 1600563129
1.9627 1600563129
1.9622000000000002 1600563129
1.9182 1600563129
1.9183000000000001 1600563129
1.9182 1600563129
1.9237 1600563129
1.9180000000000001 1600563129
1.9181 1600563129
1.9547999999999999 1600563129
1.9659999999999997 1600563129
1.9659 1600563129
1.9660000000000002 1600563129
1.9549999999999998 1600563129
1.9548 1600563129
1.9046999999999998 1600563129
1.9046999999999998 1600563129
1.9011999999999998 1600563129
1.9011000000000002 1600563129
1.9046999999999998 1600563129
1.9010999999999998 1600563129
1.8797 1600563129
1.8827 1600563129
1.8795 1600563129
1.8827 1600563129
1.8828 1600563129
1.8826999999999998 1600563129
1.9583 1600563129
1.9586000000000001 1600563129
1.9586000000000001 1600563129
1.9585 1600563129
1.9585 1600563129
1.9585 1600563129
1.908 1600563129
1.9083 1600563129
1.9082000000000001 1600563129
1.9082000000000001 1600563129
1.9082 1600563129
1.9082999999999999 1600563129
1.5983 1600563129
1.5989 1600563129
1.5982 1600563129
1.5991 1600563129
1.5984 1600563129
1.5991 1600563129
2.11 1600563129
2.1017 1600563129
2.1137 1600563129
2.1142999999999996 1600563129
2.1135 1600563129
2.1144 1600563129
1.9102 1600563129
1.9055000000000002 1600563129
1.9104999999999999 1600563129
1.9082 1600563129
1.9058 1600563129
1.9057000000000002 1600563129
1.9045 1600563129
1.9046 1600563129
1.9045 1600563129
1.9042000000000001 1600563129
1.9046 1600563129
1.9045 1600563129
1.8332 1600563129
1.8339 1600563129
1.8338 1600563129
1.834 1600563129
1.8337999999999999 1600563129
1.8338 1600563129
1.9717 1600563129
1.9725000000000001 1600563129
1.9666 1600563129
1.9726 1600563129
1.9726 1600563129
1.9717 1600563129
1.249 1600563129
1.249 1600563129
1.2489999999999999 1600563129
1.2486 1600563129
1.2489000000000001 1600563129
1.2489000000000001 1600563129
1.9428999999999998 1600563129
1.9429 1600563129
1.9428999999999998 1600563129
1.9429999999999998 1600563129
1.9524000000000001 1600563129
1.9524000000000001 1600563129
1.3404 1600563129
1.3407 1600563129
1.3407 1600563129
1.3404 1600563129
1.3409 1600563129
1.3407 1600563129
1.1639 1600563129
1.1597 1600563129
1.1597 1600563129
1.1637 1600563129
1.1597 1600563129
1.1637 1600563129
1.9623 1600563129
1.9624000000000001 1600563129
1.9625 1600563129
1.9622000000000002 1600563129
1.9622000000000002 1600563129
1.9624 1600563129
1.96 1600563129
1.9601 1600563129
1.9600000000000002 1600563129
1.9601 1600563129
1.9598999999999998 1600563129
1.9600000000000002 1600563129
1.6834 1600563129
1.6844 1600563129
1.6845 1600563129
1.6845 1600563129
1.6841 1600563129
1.6844000000000001 1600563129
1.5825 1600563129
1.5818 1600563129
1.5822 1600563129
1.581 1600563129
1.5821 1600563129
1.5792 1600563129
1.1300000000000001 1600563129
1.1864 1600563129
1.1342 1600563129
1.1863000000000001 1600563129
1.1342 1600563129
1.1864000000000001 1600563129
1.9695999999999998 1600563129
1.9693999999999998 1600563129
1.9694 1600563129
1.9696999999999998 1600563129
1.9695999999999998 1600563129
1.9703 1600563129
1.7633 1600563129
1.7617 1600563129
1.7625 1600563129
1.763 1600563129
1.7629000000000001 1600563129
1.763 1600563129
1.8259 1600563129
1.8249000000000002 1600563129
1.8259 1600563129
1.8258999999999999 1600563129
1.8261 1600563129
1.826 1600563129
1.4002 1600563129
1.4005999999999998 1600563129
1.3989 1600563129
1.3998 1600563129
1.4005 1600563129
1.3998 1600563129
1.7492999999999999 1600563129
1.7501 1600563129
1.7501 1600563129
1.7502 1600563129
1.7504 1600563129
1.7499 1600563129
1.3051 1600563129
1.3053000000000001 1600563129
1.3048 1600563129
1.3043 1600563129
1.3052 1600563129
1.304 1600563129
1.963 1600563129
1.9629999999999999 1600563129
1.9631999999999998 1600563129
1.9619 1600563129
1.9617000000000002 1600563129
1.9631999999999998 1600563129
1.7221 1600563129
1.7184000000000001 1600563129
1.7202 1600563129
1.7207000000000001 1600563129
1.7199 1600563129
1.7187000000000001 1600563129
1.4361 1600563129
1.4353 1600563129
1.4355 1600563129
1.4369 1600563129
1.4367 1600563129
1.4366 1600563129
1.5894 1600563129
1.5922 1600563129
1.5887 1600563129
1.5921 1600563129
1.5886 1600563129
1.5893 1600563129
1.6274 1600563129
1.6274 1600563129
1.6261 1600563129
1.6272 1600563129
1.6273 1600563129
1.6276 1600563129
1.3132 1600563129
1.3132 1600563129
1.3132 1600563129
1.3082 1600563129
1.3088 1600563129
1.3101 1600563129
1.5981 1600563129
1.5982 1600563129
1.5983 1600563129
1.5973 1600563129
1.5981 1600563129
1.5978999999999999 1600563129
1.8422999999999998 1600563129
1.8421999999999998 1600563129
1.8421 1600563129
1.8422999999999998 1600563129
1.8419999999999999 1600563129
1.8415000000000001 1600563129
1.7551 1600563129
1.7551 1600563129
1.7549 1600563129
1.7545 1600563129
1.7549 1600563129
1.7538 1600563129
1.9142 1600563129
1.9198 1600563129
1.9199000000000002 1600563129
1.9147999999999998 1600563129
1.9199 1600563129
1.9143999999999999 1600563129
1.9708 1600563129
1.9669999999999999 1600563129
1.9707999999999999 1600563129
1.9707 1600563129
1.9670999999999998 1600563129
1.9709 1600563129
1.8653 1600563129
1.8649 1600563129
1.8651 1600563129
1.8654000000000002 1600563129
1.8654 1600563129
1.8645999999999998 1600563129
1.6421 1600563129
1.6425 1600563129
1.6421 1600563129
1.6427 1600563129
1.6406 1600563129
1.6423999999999999 1600563129
1.9180000000000001 1600563129
1.9203000000000001 1600563129
1.9179000000000002 1600563129
1.918 1600563129
1.9203000000000001 1600563129
1.9203 1600563129
1.8342999999999998 1600563129
1.8354 1600563129
1.8354000000000001 1600563129
1.835 1600563129
1.8352000000000002 1600563129
1.8354000000000001 1600563129
1.9753 1600563129
1.9685000000000001 1600563129
1.9686 1600563129
1.9685 1600563129
1.9685 1600563129
1.9752 1600563129
1.1813 1600563129
1.1814 1600563129
1.1799 1600563129
1.1813 1600563129
1.1799 1600563129
1.1757 1600563129
1.1777 1600563129
1.1043 1600563129
1.1777 1600563129
1.1776 1600563129
1.1033 1600563129
1.1033 1600563129
1.2965 1600563129
1.2952 1600563129
1.2953999999999999 1600563129
1.2966 1600563129
1.2952 1600563129
1.3047 1600563129
1.4269 1600563129
1.3374 1600563129
1.3552 1600563129
1.3471 1600563129
1.3374 1600563129
1.4269 1600563129
1.3033 1600563129
1.3032 1600563129
1.3035 1600563129
1.3031 1600563129
1.3017999999999998 1600563129
1.3026 1600563129
1.9093 1600563129
1.9135999999999997 1600563129
1.9095000000000002 1600563129
1.9093000000000002 1600563129
1.9137000000000002 1600563129
1.9137000000000002 1600563129
1.6264 1600563129
1.6261999999999999 1600563129
1.6388 1600563129
1.6389 1600563129
1.639 1600563129
1.6389 1600563129
1.9143000000000001 1600563129
1.9143000000000001 1600563129
1.9143000000000001 1600563129
1.9072 1600563129
1.9083 1600563129
1.9085999999999999 1600563129
1.9532999999999998 1600563129
1.9530999999999998 1600563129
1.9532999999999998 1600563129
1.9534 1600563129
1.9529 1600563129
1.9531999999999998 1600563129
1.5654 1600563129
1.5653 1600563129
1.5655999999999999 1600563129
1.5651 1600563129
1.5653 1600563129
1.5649 1600563129
1.8845 1600563129
1.8843 1600563129
1.8842 1600563129
1.8844 1600563129
1.8845 1600563129
1.8843999999999999 1600563129
1.9167999999999998 1600563129
1.9120000000000001 1600563129
1.9159 1600563129
1.9249999999999998 1600563129
1.9249999999999998 1600563129
1.9249999999999998 1600563129
1.2105 1600563129
1.2106 1600563129
1.2103 1600563129
1.2092 1600563129
1.2087999999999999 1600563129
1.2102 1600563129
2.0546 1600563129
2.0592 1600563129
2.0486000000000004 1600563129
2.059 1600563129
2.0595 1600563129
2.0472 1600563129
1.5515 1600563129
1.5504 1600563129
1.5511 1600563129
1.5514999999999999 1600563129
1.5505 1600563129
1.5511 1600563129
1.9607999999999999 1600563129
1.955 1600563129
1.955 1600563129
1.9549999999999998 1600563129
1.955 1600563129
1.955 1600563129
1.1444 1600563129
1.1359 1600563129
1.1444 1600563129
1.1383 1600563129
1.1369 1600563129
1.1347 1600563129
1.9657 1600563129
1.9656000000000002 1600563129
1.9655999999999998 1600563129
1.9671 1600563129
1.9603 1600563129
1.9671 1600563129
1.8008 1600563129
1.8117 1600563129
1.8002 1600563129
1.8003 1600563129
1.8003 1600563129
1.8011 1600563129
1.9561 1600563129
1.9562000000000002 1600563129
1.9561000000000002 1600563129
1.9562000000000002 1600563129
1.9624000000000001 1600563129
1.9562000000000002 1600563129
1.8257 1600563129
1.8246 1600563129
1.8258999999999999 1600563129
1.8258999999999999 1600563129
1.8257999999999999 1600563129
1.8259999999999998 1600563129
1.9731999999999998 1600563129
1.9679000000000002 1600563129
1.9731999999999998 1600563129
1.9679000000000002 1600563129
1.9731999999999998 1600563129
1.9732 1600563129
1.9646 1600563129
1.9647000000000001 1600563129
1.9648999999999999 1600563129
1.9647 1600563129
1.9646 1600563129
1.9648 1600563129
1.8372000000000002 1600563129
1.8403999999999998 1600563129
1.8389000000000002 1600563129
1.8375000000000001 1600563129
1.846 1600563129
1.8376000000000001 1600563129
1.9118 1600563129
1.9117000000000002 1600563129
1.9117000000000002 1600563129
1.9166 1600563129
1.9117 1600563129
1.9119000000000002 1600563129
1.8159999999999998 1600563129
1.8157999999999999 1600563129
1.8155 1600563129
1.8161 1600563129
1.8158 1600563129
1.8155 1600563129
1.1217 1600563129
1.1248 1600563129
1.1208 1600563129
1.1208 1600563129
1.1208 1600563129
1.144 1600563129
1.2929 1600563129
1.2931 1600563129
1.2926 1600563129
1.2912 1600563129
1.2922 1600563129
1.2935 1600563129
1.9731999999999998 1600563129
1.9724000000000002 1600563129
1.9726000000000001 1600563129
1.9680000000000002 1600563129
1.9683 1600563129
1.9732 1600563129
1.3239 1600563129
1.3239 1600563129
1.324 1600563129
1.3215000000000001 1600563129
1.3234000000000001 1600563129
1.3238 1600563129
2.1584 1600563129
2.1938000000000004 1600563129
2.1936999999999998 1600563129
2.178 1600563129
2.1937 1600563129
2.1796 1600563129
1.8756000000000002 1600563129
1.8753 1600563129
1.8759000000000001 1600563129
1.8766 1600563129
1.8756 1600563129
1.874 1600563129
1.5195 1600563129
1.5192999999999999 1600563129
1.5176 1600563129
1.517 1600563129
1.5156 1600563129
1.5179 1600563129
1.9106999999999998 1600563129
1.9104999999999999 1600563129
1.9224999999999999 1600563129
1.9104999999999999 1600563129
1.9289 1600563129
1.9289 1600563129
1.5744 1600563129
1.575 1600563129
1.5754 1600563129
1.575 1600563129
1.5816000000000001 1600563129
1.5805 1600563129
1.9063 1600563129
1.9066 1600563129
1.9066999999999998 1600563129
1.9069 1600563129
1.9067999999999998 1600563129
1.9064999999999999 1600563129
1.6547 1600563129
1.655 1600563129
1.6552 1600563129
1.6553 1600563129
1.6542 1600563129
1.6547 1600563129
1.3151 1600563129
1.3223 1600563129
1.3149 1600563129
1.3124 1600563129
1.3153 1600563129
1.3214000000000001 1600563129
1.9687 1600563129
1.9684000000000001 1600563129
1.9689 1600563129
1.9689999999999999 1600563129
1.969 1600563129
1.969 1600563129
1.4586999999999999 1600563129
1.4574 1600563129
1.4584 1600563129
1.4585 1600563129
1.4514 1600563129
1.4586000000000001 1600563129
1.5428 1600563129
1.542 1600563129
1.5428 1600563129
1.5416 1600563129
1.5399 1600563129
1.5423 1600563129
1.9745 1600563129
1.9746 1600563129
1.9746000000000001 1600563129
1.9672999999999998 1600563129
1.9673999999999998 1600563129
1.9674000000000003 1600563129
1.6385 1600563129
1.6362 1600563129
1.6354 1600563129
1.6346 1600563129
1.6338000000000001 1600563129
1.6341 1600563129
1.4097 1600563129
1.4101000000000001 1600563129
1.4080000000000001 1600563129
1.4101 1600563129
1.41 1600563129
1.4098 1600563129
1.7817 1600563129
1.7817 1600563129
1.7822 1600563129
1.7817 1600563129
1.7815 1600563129
1.7811 1600563129
1.9480000000000002 1600563129
1.9480000000000002 1600563129
1.9473999999999998 1600563129
1.9479 1600563129
1.9478000000000002 1600563129
1.9478000000000002 1600563129
1.9469999999999998 1600563129
1.9463 1600563129
1.9466999999999999 1600563129
1.9466999999999999 1600563129
1.9469999999999998 1600563129
1.9467999999999999 1600563129
1.8863 1600563129
1.8861 1600563129
1.8862 1600563129
1.8864999999999998 1600563129
1.8905 1600563129
1.8879 1600563129
1.532 1600563129
1.5318 1600563129
1.5318 1600563129
1.5315 1600563129
1.531 1600563129
1.5315 1600563129
1.1540000000000001 1600563129
1.1755 1600563129
1.154 1600563129
1.1789 1600563129
1.1788 1600563129
1.1539 1600563129
1.6701 1600563129
1.6711 1600563129
1.671 1600563129
1.6703000000000001 1600563129
1.6709 1600563129
1.6707 1600563129
1.54 1600563129
1.5398 1600563129
1.5398 1600563129
1.54 1600563129
1.5393 1600563129
1.5402 1600563129
1.9361 1600563129
1.9360000000000002 1600563129
1.9393000000000002 1600563129
1.9392999999999998 1600563129
1.9392 1600563129
1.9360000000000002 1600563129
1.2915 1600563129
1.2882 1600563129
1.3026 1600563129
1.2949 1600563129
1.2995999999999999 1600563129
1.2952000000000001 1600563129
1.5242 1600563129
1.5246 1600563129
1.5255 1600563129
1.5252000000000001 1600563129
1.5256 1600563129
1.5252000000000001 1600563129
1.8835000000000002 1600563129
1.8829 1600563129
1.8824 1600563129
1.8832 1600563129
1.8833 1600563129
1.8831 1600563129
1.5486 1600563129
1.5486 1600563129
1.5486 1600563129
1.5487 1600563129
1.5486 1600563129
1.5478 1600563129
1.2991 1600563129
1.2992000000000001 1600563129
1.2990000000000002 1600563129
1.2992 1600563129
1.2982 1600563129
1.2986 1600563129
1.7530999999999999 1600563129
1.7525 1600563129
1.7532 1600563129
1.7537 1600563129
1.7532 1600563129
1.7532 1600563129
1.7046000000000001 1600563129
1.7047 1600563129
1.705 1600563129
1.705 1600563129
1.705 1600563129
1.7044 1600563129
1.8868000000000003 1600563129
1.8865 1600563129
1.8865 1600563129
1.8871 1600563129
1.8859000000000001 1600563129
1.8870000000000002 1600563129
1.5050000000000001 1600563129
1.5169 1600563129
1.5266 1600563129
1.5456 1600563129
1.5232 1600563129
1.5416 1600563129
1.6267 1600563129
1.6269 1600563129
1.6239000000000001 1600563129
1.6257000000000001 1600563129
1.6254 1600563129
1.6244 1600563129
1.3902 1600563129
1.3913 1600563129
1.3913 1600563129
1.3915 1600563129
1.3920000000000001 1600563129
1.3906 1600563129
1.9307999999999998 1600563129
1.936 1600563129
1.9359000000000002 1600563129
1.9309 1600563129
1.9359 1600563129
1.9308999999999998 1600563129
1.3905 1600563129
1.3905 1600563129
1.3904 1600563129
1.2346000000000001 1600563129
1.3904 1600563129
1.3905 1600563129
1.9322000000000001 1600563129
1.9320000000000002 1600563129
1.9318 1600563129
1.9321 1600563129
1.932 1600563129
1.932 1600563129
1.944 1600563129
1.944 1600563129
1.9426999999999999 1600563129
1.9428 1600563129
1.9441 1600563129
1.944 1600563129
1.5038 1600563129
1.5031 1600563129
1.5035 1600563129
1.5039 1600563129
1.5025 1600563129
1.5037 1600563129
1.5578 1600563129
1.5571 1600563129
1.5577 1600563129
1.5574000000000001 1600563129
1.5579 1600563129
1.5583 1600563129
1.8358999999999999 1600563129
1.8358999999999999 1600563129
1.8393 1600563129
1.8357999999999999 1600563129
1.8393000000000002 1600563129
1.8393000000000002 1600563129
1.9569 1600563129
1.9570999999999998 1600563129
1.9643000000000002 1600563129
1.9569999999999999 1600563129
1.9642000000000002 1600563129
1.9642000000000002 1600563129
2.1659 1600563129
2.1659 1600563129
2.1644 1600563129
2.1661 1600563129
2.166 1600563129
2.1651000000000002 1600563129
1.8967 1600563129
1.9010999999999998 1600563129
1.9011 1600563129
1.9010999999999998 1600563129
1.9011000000000002 1600563129
1.8966999999999998 1600563129
1.9595 1600563129
1.9593999999999998 1600563129
1.9594999999999998 1600563129
1.9595999999999998 1600563129
1.9596 1600563129
1.9595 1600563129
1.9069999999999998 1600563129
1.9118000000000002 1600563129
1.9086999999999998 1600563129
1.9119 1600563129
1.9070999999999998 1600563129
1.9086 1600563129
1.8088 1600563129
1.8128 1600563129
1.8079 1600563129
1.8126 1600563129
1.8089 1600563129
1.8074000000000001 1600563129
1.9685000000000001 1600563129
1.9621 1600563129
1.962 1600563129
1.9685000000000001 1600563129
1.9686 1600563129
1.9685000000000001 1600563129
1.7319 1600563129
1.7314 1600563129
1.731 1600563129
1.731 1600563129
1.7328999999999999 1600563129
1.7315 1600563129
1.7532 1600563129
1.7526 1600563129
1.753 1600563129
1.7534 1600563129
1.7530999999999999 1600563129
1.7533 1600563129
1.5313 1600563129
1.531 1600563129
1.5297 1600563129
1.5362 1600563129
1.5304 1600563129
1.5324 1600563129
1.6158 1600563129
1.6208 1600563129
1.6068 1600563129
1.6207 1600563129
1.6071 1600563129
1.6087 1600563129
1.8648 1600563129
1.8648 1600563129
1.8643999999999998 1600563129
1.8651 1600563129
1.8641999999999999 1600563129
1.8644999999999998 1600563129
1.9682000000000002 1600563129
1.9682000000000002 1600563129
1.9681000000000002 1600563129
1.9545 1600563129
1.9545000000000001 1600563129
1.9546 1600563129
1.5026 1600563129
1.501 1600563129
1.5014 1600563129
1.5 1600563129
1.5003 1600563129
1.5024 1600563129
1.8041 1600563129
1.8037 1600563129
1.8036 1600563129
1.803 1600563129
1.8038 1600563129
1.8032 1600563129
1.8328 1600563129
1.8334 1600563129
1.8338 1600563129
1.8329 1600563129
1.8360999999999998 1600563129
1.8409 1600563129
1.3295 1600563129
1.3294 1600563129
1.3345 1600563129
1.3349 1600563129
1.3285 1600563129
1.3331 1600563129
1.1884000000000001 1600563129
1.1885000000000001 1600563129
1.1884 1600563129
1.1796 1600563129
1.1884000000000001 1600563129
1.1883 1600563129
1.8328000000000002 1600563129
1.8324999999999998 1600563129
1.8322 1600563129
1.8325999999999998 1600563129
1.8335000000000001 1600563129
1.8329000000000002 1600563129
1.8704999999999998 1600563129
1.8602999999999998 1600563129
1.863 1600563129
1.8601 1600563129
1.8602999999999998 1600563129
1.8652000000000002 1600563129
1.7589 1600563129
1.7589 1600563129
1.7609 1600563129
1.7578 1600563129
1.7583 1600563129
1.7593 1600563129
1.2856 1600563129
1.269 1600563129
1.2691999999999999 1600563129
1.2856 1600563129
1.2692 1600563129
1.2859 1600563129
1.9331 1600563129
1.9284999999999999 1600563129
1.9332000000000003 1600563129
1.9330999999999998 1600563129
1.9284999999999999 1600563129
1.9330999999999998 1600563129
1.6167 1600563129
1.6339000000000001 1600563129
1.6235 1600563129
1.6341 1600563129
1.6171 1600563129
1.6169 1600563129
1.8311000000000002 1600563129
1.8299 1600563129
1.832 1600563129
1.8316 1600563129
1.8311 1600563129
1.8310000000000002 1600563129
1.8960000000000001 1600563129
1.8961 1600563129
1.8965 1600563129
1.8952999999999998 1600563129
1.8961999999999999 1600563129
1.8949 1600563129
1.1359000000000001 1600563129
1.135 1600563129
1.1775 1600563129
1.135 1600563129
1.1359 1600563129
1.1359000000000001 1600563129
1.5939 1600563129
1.5937999999999999 1600563129
1.5944 1600563129
1.5923 1600563129
1.5934 1600563129
1.5935 1600563129
1.4227 1600563129
1.4109 1600563129
1.4164 1600563129
1.413 1600563129
1.4086 1600563129
1.4087 1600563129
1.9763000000000002 1600563129
1.967 1600563129
1.9671 1600563129
1.9763 1600563129
1.9672 1600563129
1.9671999999999998 1600563129
1.212 1600563129
1.2116 1600563129
1.212 1600563129
1.2138 1600563129
1.2125 1600563129
1.2177 1600563129
1.8748 1600563129
1.8749 1600563129
1.874 1600563129
1.8746 1600563129
1.8747999999999998 1600563129
1.8743999999999998 1600563129
1.5357 1600563129
1.5352999999999999 1600563129
1.5358 1600563129
1.537 1600563129
1.5439 1600563129
1.5426 1600563129
1.9465000000000001 1600563129
1.9453 1600563129
1.9466 1600563129
1.9416999999999998 1600563129
1.9415999999999998 1600563129
1.9453 1600563129
1.876 1600563129
1.8760000000000001 1600563129
1.8763 1600563129
1.8757 1600563129
1.8755 1600563129
1.8764 1600563129
1.9716 1600563129
1.9712 1600563129
1.9712999999999998 1600563129
1.9708 1600563129
1.9715 1600563129
1.9715 1600563129
1.8215000000000001 1600563129
1.8215 1600563129
1.8207 1600563129
1.8215000000000001 1600563129
1.8213 1600563129
1.8209 1600563129
1.6418 1600563129
1.641 1600563129
1.6421 1600563129
1.6425 1600563129
1.6423 1600563129
1.6419 1600563129
1.8116 1600563129
1.8069 1600563129
1.8065 1600563129
1.8067 1600563129
1.8121 1600563129
1.8115 1600563129
1.2834 1600563129
1.29 1600563129
1.2878 1600563129
1.289 1600563129
1.2886 1600563129
1.2894999999999999 1600563129
1.744 1600563129
1.7455 1600563129
1.7439 1600563129
1.7439 1600563129
1.7434 1600563129
1.7439 1600563129
1.9733999999999998 1600563129
1.9735999999999998 1600563129
1.9731999999999998 1600563129
1.9736000000000002 1600563129
1.9732999999999998 1600563129
1.9732 1600563129
1.9661 1600563129
1.9627 1600563129
1.9661 1600563129
1.9661000000000002 1600563129
1.9626 1600563129
1.9626000000000001 1600563129
1.8919000000000001 1600563129
1.8917 1600563129
1.8916000000000002 1600563129
1.8907999999999998 1600563129
1.8914000000000002 1600563129
1.8916 1600563129
1.8733 1600563129
1.824 1600563129
1.8335 1600563129
1.8789 1600563129
1.8267000000000002 1600563129
1.8197 1600563129
1.728 1600563129
1.7279 1600563129
1.7279 1600563129
1.7272 1600563129
1.7267 1600563129
1.728 1600563129
1.9553999999999998 1600563129
1.9551999999999998 1600563129
1.9552999999999998 1600563129
1.9527 1600563129
1.9553 1600563129
1.9551999999999998 1600563129
1.9359 1600563129
1.9345 1600563129
1.9393 1600563129
1.9345999999999999 1600563129
1.9345 1600563129
1.9345999999999999 1600563129
1.9606000000000001 1600563129
1.9648999999999999 1600563129
1.9606999999999999 1600563129
1.9608 1600563129
1.9607999999999999 1600563129
1.9606999999999999 1600563129
1.8578999999999999 1600563129
1.8587 1600563129
1.8588999999999998 1600563129
1.858 1600563129
1.8568000000000002 1600563129
1.8575000000000002 1600563129
1.8186 1600563129
1.8175 1600563129
1.8188 1600563129
1.8189 1600563129
1.8189 1600563129
1.8188 1600563129
1.9354 1600563129
1.9356 1600563129
1.9402 1600563129
1.9403 1600563129
1.9402000000000001 1600563129
1.9354 1600563129
1.8844 1600563129
1.8862 1600563129
1.8839000000000001 1600563129
1.8863 1600563129
1.8863999999999999 1600563129
1.8861999999999999 1600563129
1.9062000000000001 1600563129
1.9058000000000002 1600563129
1.9061000000000001 1600563129
1.9061 1600563129
1.9061000000000001 1600563129
1.9059000000000001 1600563129
1.1282 1600563129
1.1281 1600563129
1.1147 1600563129
1.115 1600563129
1.1151 1600563129
1.1280000000000001 1600563129
1.7407 1600563129
1.7417 1600563129
1.7425 1600563129
1.742 1600563129
1.7425 1600563129
1.742 1600563129
1.365 1600563129
1.3647 1600563129
1.3643 1600563129
1.3649 1600563129
1.3646 1600563129
1.364 1600563129
1.4477 1600563129
1.4476 1600563129
1.4471 1600563129
1.4476 1600563129
1.4477 1600563129
1.4453 1600563129
1.9503 1600563129
1.9503 1600563129
1.9503000000000001 1600563129
1.9503000000000001 1600563129
1.9503000000000001 1600563129
1.9439 1600563129
2.1271 1600563129
2.1189 1600563129
2.1237000000000004 1600563129
2.124 1600563129
2.1271 1600563129
2.1168 1600563129
1.9723000000000002 1600563129
1.9688999999999999 1600563129
1.9724 1600563129
1.9723000000000002 1600563129
1.9686000000000001 1600563129
1.9689 1600563129
1.2387 1600563129
1.238 1600563129
1.2382 1600563129
1.2368 1600563129
1.2375 1600563129
1.238 1600563129
1.759 1600563129
1.759 1600563129
1.759 1600563129
1.759 1600563129
1.7587 1600563129
1.7586 1600563129
1.9516 1600563129
1.9546999999999999 1600563129
1.9546 1600563129
1.9548 1600563129
1.9517 1600563129
1.9520000000000002 1600563129
1.9422 1600563129
1.9416 1600563129
1.9423 1600563129
1.9422000000000001 1600563129
1.9421 1600563129
1.9422000000000001 1600563129
1.6995 1600563129
1.6992 1600563129
1.6988 1600563129
1.6992 1600563129
1.6986999999999999 1600563129
1.6985 1600563129
1.9493999999999998 1600563129
1.9487 1600563129
1.9494 1600563129
1.9495 1600563129
1.9494 1600563129
1.9495999999999998 1600563129
1.9627 1600563129
1.9626000000000001 1600563129
1.9622 1600563129
1.9627000000000001 1600563129
1.9627 1600563129
1.9625 1600563129
1.8489000000000002 1600563129
1.8491000000000002 1600563129
1.8492000000000002 1600563129
1.8477999999999999 1600563129
1.8487000000000002 1600563129
1.8493 1600563129
1.8732 1600563129
1.8735 1600563129
1.8739999999999999 1600563129
1.8741 1600563129
1.8741 1600563129
1.874 1600563129
1.8762 1600563129
1.8767 1600563129
1.8765999999999998 1600563129
1.8764999999999998 1600563129
1.8762999999999999 1600563129
1.8767 1600563129
1.9727 1600563129
1.9727 1600563129
1.9679 1600563129
1.9726000000000001 1600563129
1.9727 1600563129
1.9666 1600563129
1.8496000000000001 1600563129
1.8500999999999999 1600563129
1.8497 1600563129
1.8501 1600563129
1.85 1600563129
1.8503 1600563129
1.661 1600563129
1.6613 1600563129
1.6604 1600563129
1.6614 1600563129
1.6603 1600563129
1.6612 1600563129
1.163 1600563129
1.1857 1600563129
1.1414 1600563129
1.1392 1600563129
1.1607 1600563129
1.1629 1600563129
1.173 1600563129
1.1884 1600563129
1.1677 1600563129
1.1882 1600563129
1.1882 1600563129
1.1882 1600563129
1.5585 1600563129
1.6269 1600563129
1.5531 1600563129
1.627 1600563129
1.5589 1600563129
1.576 1600563129
1.8413 1600563129
1.8412000000000002 1600563129
1.8405 1600563129
1.8414 1600563129
1.841 1600563129
1.8413000000000002 1600563129
1.8863999999999999 1600563129
1.8808000000000002 1600563129
1.8804999999999998 1600563129
1.8804999999999998 1600563129
1.8865 1600563129
1.8804999999999998 1600563129
1.904 1600563129
1.9038000000000002 1600563129
1.9037000000000002 1600563129
1.9038 1600563129
1.9034999999999997 1600563129
1.9031 1600563129
1.8751000000000002 1600563129
1.8748999999999998 1600563129
1.8749000000000002 1600563129
1.8750999999999998 1600563129
1.8749000000000002 1600563129
1.8749000000000002 1600563129
1.2812000000000001 1600563129
1.2812000000000001 1600563129
1.2799 1600563129
1.2817 1600563129
1.282 1600563129
1.2807 1600563129
1.1446 1600563129
1.1775 1600563129
1.1381999999999999 1600563129
1.1462 1600563129
1.1461999999999999 1600563129
1.1774 1600563129
1.8287 1600563129
1.8290000000000002 1600563129
1.8285999999999998 1600563129
1.8296 1600563129
1.8297 1600563129
1.8303 1600563129
1.6016 1600563129
1.6017 1600563129
1.6014 1600563129
1.5996 1600563129
1.601 1600563129
1.6016 1600563129
1.8434000000000001 1600563129
1.8434 1600563129
1.8436 1600563129
1.843 1600563129
1.8437 1600563129
1.8431000000000002 1600563129
1.3232 1600563129
1.3234 1600563129
1.323 1600563129
1.3221 1600563129
1.323 1600563129
1.3216999999999999 1600563129
1.6782 1600563129
1.6779 1600563129
1.6782 1600563129
1.6764999999999999 1600563129
1.678 1600563129
1.678 1600563129
1.8657 1600563129
1.8655 1600563129
1.8657 1600563129
1.8656 1600563129
1.8657 1600563129
1.8657000000000001 1600563129
1.5106 1600563129
1.5106 1600563129
1.5095 1600563129
1.5104 1600563129
1.5105 1600563129
1.5109 1600563129
1.6591 1600563129
1.6587 1600563129
1.6592 1600563129
1.659 1600563129
1.6585 1600563129
1.6582 1600563129
1.3665 1600563129
1.3672 1600563129
1.3676 1600563129
1.3674 1600563129
1.3676 1600563129
1.3662999999999998 1600563129
1.3336 1600563129
1.3346 1600563129
1.3346 1600563129
1.334 1600563129
1.3345 1600563129
1.3339999999999999 1600563129
1.9483 1600563129
1.9481 1600563129
1.9486 1600563129
1.9481000000000002 1600563129
1.9482000000000002 1600563129
1.9485999999999999 1600563129
