12.5173 1600642846
10.8957 1600642846
13.266300000000001 1600642846
9.262500000000001 1600642846
12.7423 1600642846
9.0114 1600642846
17.5279 1600642846
0.2117 1600642846
14.9096 1600642846
3.9183999999999997 1600642846
15.148 1600642846
12.6276 1600642846
18.212 1600642846
14.9643 1600642846
13.8459 1600642846
10.944799999999999 1600642846
15.9021 1600642846
14.876299999999999 1600642846
16.584699999999998 1600642846
18.0273 1600642846
10.1886 1600642846
14.801900000000002 1600642846
15.176599999999999 1600642846
15.7061 1600642846
16.0675 1600642846
17.124 1600642846
15.220300000000002 1600642846
13.4677 1600642846
15.383999999999999 1600642846
14.0111 1600642846
11.612200000000001 1600642846
17.3268 1600642846
7.143000000000001 1600642846
15.1854 1600642846
14.0107 1600642846
7.7334 1600642846
13.5983 1600642846
7.3293 1600642846
18.451 1600642846
18.9119 1600642846
17.5885 1600642846
16.5744 1600642846
17.9288 1600642846
11.7349 1600642846
19.396 1600642846
17.07 1600642846
15.809999999999999 1600642846
16.1398 1600642846
0.8176 1600642846
13.1756 1600642846
17.1143 1600642846
15.132 1600642846
13.143799999999999 1600642846
10.362900000000002 1600642846
13.5892 1600642846
12.639299999999999 1600642846
11.2755 1600642846
17.4513 1600642846
15.7415 1600642846
12.621799999999999 1600642846
14.3615 1600642846
16.3371 1600642846
12.348899999999999 1600642846
18.865099999999998 1600642846
15.7155 1600642846
15.024 1600642846
12.8539 1600642846
16.0524 1600642846
12.9757 1600642846
13.018099999999999 1600642846
17.227899999999998 1600642846
16.359199999999998 1600642846
14.662099999999999 1600642846
14.542300000000001 1600642846
12.8851 1600642846
14.825 1600642846
17.858999999999998 1600642846
15.112599999999999 1600642846
14.486500000000001 1600642846
13.0915 1600642846
14.8028 1600642846
15.2791 1600642846
14.136199999999999 1600642846
14.795 1600642846
14.0863 1600642846
12.622100000000001 1600642846
12.7976 1600642846
15.225200000000001 1600642846
12.899099999999999 1600642846
19.743499999999997 1600642846
13.77 1600642846
15.1089 1600642846
15.3223 1600642846
16.5767 1600642846
12.2793 1600642846
20.299 1600642846
14.074499999999999 1600642846
15.528099999999998 1600642846
16.673099999999998 1600642846
16.5933 1600642846
10.4278 1600642846
11.4427 1600642846
17.4397 1600642846
8.0769 1600642846
13.4665 1600642846
9.770399999999999 1600642846
13.469399999999998 1600642846
13.706199999999999 1600642846
18.1267 1600642846
15.834200000000001 1600642846
14.386500000000002 1600642846
15.4455 1600642846
16.8127 1600642846
16.032999999999998 1600642846
17.649 1600642846
17.067899999999998 1600642846
15.6771 1600642846
16.3361 1600642846
14.0213 1600642846
16.0288 1600642846
13.041 1600642846
18.4043 1600642846
14.7492 1600642846
1.1192 1600642846
14.6719 1600642846
11.886800000000001 1600642846
12.764800000000001 1600642846
16.849899999999998 1600642846
13.4667 1600642846
15.174800000000001 1600642846
13.5376 1600642846
9.075099999999999 1600642846
15.0321 1600642846
12.5833 1600642846
16.4068 1600642846
13.4215 1600642846
15.2746 1600642846
14.0092 1600642846
11.699100000000001 1600642846
14.004 1600642846
18.9898 1600642846
0.7984 1600642846
14.8437 1600642846
18.9983 1600642846
16.7088 1600642846
13.8121 1600642846
15.848799999999999 1600642846
17.752499999999998 1600642846
16.2717 1600642846
14.8983 1600642846
16.373 1600642846
16.8401 1600642846
13.3656 1600642846
18.3237 1600642846
13.5132 1600642846
11.8449 1600642846
11.551599999999999 1600642846
12.819099999999999 1600642846
10.895700000000001 1600642846
18.5305 1600642846
14.162099999999999 1600642846
15.1413 1600642846
8.7838 1600642846
15.435099999999998 1600642846
10.117799999999999 1600642846
16.2253 1600642846
17.464399999999998 1600642846
15.337100000000001 1600642846
16.2763 1600642846
15.4857 1600642846
16.368 1600642846
16.0456 1600642846
18.7483 1600642846
16.5853 1600642846
15.893100000000002 1600642846
11.892900000000001 1600642846
16.5853 1600642846
16.756899999999998 1600642846
15.8692 1600642846
16.442999999999998 1600642846
13.602699999999999 1600642846
12.5057 1600642846
7.4438 1600642846
13.476600000000001 1600642846
14.3562 1600642846
17.2155 1600642846
10.6585 1600642846
12.446100000000001 1600642846
12.8802 1600642846
8.981 1600642846
13.0533 1600642846
19.3951 1600642846
11.2616 1600642846
14.9546 1600642846
14.2423 1600642846
18.0571 1600642846
16.009999999999998 1600642846
12.9348 1600642846
19.0181 1600642846
13.962499999999999 1600642846
16.1375 1600642846
14.1585 1600642846
16.4136 1600642846
16.8418 1600642846
17.4471 1600642846
11.2216 1600642846
13.7085 1600642846
11.613299999999999 1600642846
13.042800000000002 1600642846
13.713299999999998 1600642846
14.3605 1600642846
16.926199999999998 1600642846
13.578999999999999 1600642846
7.7319 1600642846
16.4785 1600642846
13.7192 1600642846
14.257399999999999 1600642846
18.6585 1600642846
16.113799999999998 1600642846
13.347900000000001 1600642846
14.402 1600642846
15.420100000000001 1600642846
14.401200000000001 1600642846
18.189999999999998 1600642846
16.0304 1600642846
13.7492 1600642846
14.540199999999999 1600642846
7.827800000000001 1600642846
0.3731 1600642846
14.226899999999999 1600642846
17.3232 1600642846
15.4291 1600642846
12.392 1600642846
10.991200000000001 1600642846
12.061499999999999 1600642846
14.4117 1600642846
16.6113 1600642846
14.356399999999999 1600642846
12.899199999999999 1600642846
15.1013 1600642846
14.0756 1600642846
12.9003 1600642846
18.4058 1600642846
18.7155 1600642846
15.6025 1600642846
16.5889 1600642846
19.3419 1600642846
16.0098 1600642846
10.612599999999999 1600642846
19.5744 1600642846
17.0562 1600642846
16.0448 1600642846
16.6007 1600642846
14.229299999999999 1600642846
13.989 1600642846
17.7917 1600642846
10.9037 1600642846
11.735100000000001 1600642846
13.708100000000002 1600642846
10.8907 1600642846
9.759300000000001 1600642846
11.0222 1600642846
17.455099999999998 1600642846
11.6317 1600642846
13.0795 1600642846
14.3864 1600642846
13.5213 1600642846
13.996 1600642846
18.345699999999997 1600642846
7.2801 1600642846
12.4571 1600642846
13.473500000000001 1600642846
15.029399999999999 1600642846
13.4734 1600642846
16.7472 1600642846
17.343799999999998 1600642846
13.280100000000001 1600642846
14.403400000000001 1600642846
14.4886 1600642846
14.818200000000001 1600642846
13.102300000000001 1600642846
15.781 1600642846
8.3056 1600642846
15.3443 1600642846
13.8485 1600642846
10.1273 1600642846
14.2172 1600642846
16.595499999999998 1600642846
10.611400000000001 1600642846
12.5343 1600642846
12.122100000000001 1600642846
14.360100000000001 1600642846
15.397400000000001 1600642846
12.194600000000001 1600642846
18.0989 1600642846
17.953699999999998 1600642846
18.0495 1600642846
18.8755 1600642846
16.3069 1600642846
19.1695 1600642846
19.9056 1600642846
15.1414 1600642846
10.688300000000002 1600642846
15.2948 1600642846
13.3939 1600642846
17.0461 1600642846
15.5526 1600642846
16.222099999999998 1600642846
12.3193 1600642846
13.632900000000001 1600642846
11.4245 1600642846
12.1693 1600642846
12.5088 1600642846
16.921 1600642846
16.8039 1600642846
14.068800000000001 1600642846
14.323500000000001 1600642846
15.178400000000002 1600642846
14.322600000000001 1600642846
17.388199999999998 1600642846
16.5852 1600642846
15.4859 1600642846
16.3863 1600642846
15.485100000000001 1600642846
11.9198 1600642846
14.1445 1600642846
18.2559 1600642846
15.172400000000001 1600642846
13.951400000000001 1600642846
16.691599999999998 1600642846
14.430800000000001 1600642846
14.689200000000001 1600642846
18.2671 1600642846
14.655000000000001 1600642846
15.0818 1600642846
15.0274 1600642846
12.390899999999998 1600642846
1.9975 1600642846
12.9549 1600642846
15.3728 1600642846
13.0526 1600642846
13.4321 1600642846
13.340000000000002 1600642846
13.390400000000001 1600642846
10.2307 1600642846
19.247899999999998 1600642846
18.8307 1600642846
19.3512 1600642846
18.1042 1600642846
18.8826 1600642846
19.0678 1600642846
19.7751 1600642846
11.9761 1600642846
17.3886 1600642846
15.187100000000001 1600642846
14.158100000000001 1600642846
16.5029 1600642846
16.1371 1600642846
17.8221 1600642846
11.616999999999999 1600642846
11.271600000000001 1600642846
11.9999 1600642846
11.552100000000001 1600642846
12.4476 1600642846
18.5369 1600642846
14.3851 1600642846
14.167599999999998 1600642846
7.4273 1600642846
14.912500000000001 1600642846
15.0486 1600642846
15.3274 1600642846
16.9601 1600642846
9.5973 1600642846
1.302 1600642846
15.029 1600642846
13.652099999999999 1600642846
0.1432 1600642846
18.3346 1600642846
10.379100000000001 1600642846
14.787500000000001 1600642846
16.3585 1600642846
15.0402 1600642846
14.2612 1600642846
18.5677 1600642846
11.9973 1600642846
14.794799999999999 1600642846
13.091800000000001 1600642846
9.6656 1600642846
14.894699999999998 1600642846
13.2527 1600642846
16.653599999999997 1600642846
13.5928 1600642846
14.3941 1600642846
12.753100000000002 1600642846
15.221400000000001 1600642846
13.5922 1600642846
19.552799999999998 1600642846
16.5722 1600642846
17.3674 1600642846
8.6613 1600642846
17.4388 1600642846
17.8849 1600642846
16.5718 1600642846
17.5289 1600642846
16.2238 1600642846
14.229600000000001 1600642846
8.9587 1600642846
16.6705 1600642846
14.5244 1600642846
17.272199999999998 1600642846
13.317 1600642846
6.6222 1600642846
11.046999999999999 1600642846
11.734100000000002 1600642846
12.594399999999998 1600642846
18.6217 1600642846
13.9955 1600642846
14.631200000000002 1600642846
11.4214 1600642846
15.6561 1600642846
15.5648 1600642846
11.3913 1600642846
17.881 1600642846
15.677200000000001 1600642846
10.5934 1600642846
15.790600000000001 1600642846
11.321 1600642846
14.5958 1600642846
18.665499999999998 1600642846
15.890999999999998 1600642846
14.410200000000001 1600642846
7.1152 1600642846
14.671700000000001 1600642846
9.9915 1600642846
16.3567 1600642846
16.6009 1600642846
14.194500000000001 1600642846
14.571800000000001 1600642846
14.6339 1600642846
11.6278 1600642846
14.5709 1600642846
16.201999999999998 1600642846
1.8922999999999999 1600642846
12.8978 1600642846
11.595300000000002 1600642846
12.726700000000001 1600642846
12.5333 1600642846
19.988599999999998 1600642846
18.3518 1600642846
18.443099999999998 1600642846
18.9104 1600642846
18.8524 1600642846
7.1322 1600642846
10.192599999999999 1600642846
19.6774 1600642846
16.3733 1600642846
15.550500000000001 1600642846
16.311899999999998 1600642846
16.8625 1600642846
9.3771 1600642846
18.423099999999998 1600642846
12.5071 1600642846
12.9108 1600642846
3.7965999999999998 1600642846
13.2866 1600642846
7.4689 1600642846
1.4105999999999999 1600642846
16.226 1600642846
14.5493 1600642846
14.797500000000001 1600642846
11.093499999999999 1600642846
14.7965 1600642846
15.593800000000002 1600642846
17.956 1600642846
15.901699999999998 1600642846
15.7681 1600642846
16.415499999999998 1600642846
12.8869 1600642846
14.8765 1600642846
18.862 1600642846
16.0171 1600642846
14.7122 1600642846
16.5852 1600642846
11.7277 1600642846
16.856099999999998 1600642846
14.4359 1600642846
18.3686 1600642846
13.659 1600642846
12.6164 1600642846
13.418700000000001 1600642846
13.727400000000001 1600642846
13.8378 1600642846
15.912399999999998 1600642846
13.917200000000001 1600642846
11.4953 1600642846
14.360700000000001 1600642846
11.6928 1600642846
14.2035 1600642846
15.1606 1600642846
19.6964 1600642846
13.754399999999999 1600642846
14.954600000000001 1600642846
17.5882 1600642846
18.5029 1600642846
17.7654 1600642846
19.8689 1600642846
14.6827 1600642846
17.366 1600642846
14.8914 1600642846
16.142699999999998 1600642846
14.158000000000001 1600642846
18.16 1600642846
