0.5687000000000001 1600642403
0.5687000000000001 1600642403
2.0436 1600642403
1.1645 1600642403
0.7402000000000001 1600642403
1.6284 1600642403
1.8628 1600642403
1.8863 1600642403
1.9891999999999999 1600642403
1.9222000000000001 1600642403
1.4421000000000002 1600642403
1.4427 1600642403
1.8839000000000001 1600642403
1.8839000000000001 1600642403
1.6118000000000001 1600642403
1.6116000000000001 1600642403
1.8222 1600642403
1.8223 1600642403
1.9160000000000001 1600642403
0.9149999999999999 1600642403
1.4476 1600642403
1.4475 1600642403
1.7209 1600642403
1.7213 1600642403
2.1485999999999996 1600642403
2.1487 1600642403
2.1710999999999996 1600642403
2.1694 1600642403
1.9939 1600642403
1.9939 1600642403
1.8182 1600642403
1.8169 1600642403
1.6492 1600642403
1.583 1600642403
1.6923 1600642403
1.7563 1600642403
1.5823 1600642403
0.3547 1600642403
1.6746 1600642403
1.6743000000000001 1600642403
2.0317 1600642403
2.0315 1600642403
2.1154 1600642403
2.1163 1600642403
2.0604 1600642403
2.0603000000000002 1600642403
1.9240000000000002 1600642403
1.9235 1600642403
1.2131 1600642403
1.0774000000000001 1600642403
1.8472 1600642403
1.8102 1600642403
1.8276000000000001 1600642403
1.8272000000000002 1600642403
1.3376000000000001 1600642403
1.3377000000000001 1600642403
1.2573 1600642403
1.3038 1600642403
2.1886 1600642403
2.1886 1600642403
1.9949999999999999 1600642403
1.9946 1600642403
1.6123 1600642403
1.6127 1600642403
1.3814 1600642403
2.1102 1600642403
2.18 1600642403
1.9381000000000002 1600642403
2.153 1600642403
2.1529 1600642403
0.5227 1600642403
0.5830000000000001 1600642403
1.7521 1600642403
1.752 1600642403
1.2343 1600642403
1.2045000000000001 1600642403
2.1544 1600642403
2.1539 1600642403
2.0463 1600642403
2.0465999999999998 1600642403
1.5978 1600642403
1.598 1600642403
1.997 1600642403
1.9972999999999999 1600642403
2.0026 1600642403
2.0021 1600642403
2.0283 1600642403
2.0276 1600642403
2.1342 1600642403
2.1127 1600642403
1.5501 1600642403
1.4213 1600642403
2.0023 1600642403
2.0018000000000002 1600642403
1.8384 1600642403
1.8398 1600642403
2.127 1600642403
2.1258 1600642403
1.7845 1600642403
1.8213000000000001 1600642403
2.007 1600642403
2.0065 1600642403
1.7166000000000001 1600642403
1.7166000000000001 1600642403
2.0704000000000002 1600642403
2.0706 1600642403
1.3082 1600642403
1.1161 1600642403
2.0861 1600642403
2.0874 1600642403
1.7929 1600642403
1.6752 1600642403
1.7218 1600642403
1.7219 1600642403
0.8772000000000001 1600642403
0.8899 1600642403
2.1705 1600642403
1.8394000000000001 1600642403
2.1635 1600642403
0.6589 1600642403
1.7582 1600642403
1.7583 1600642403
1.8159 1600642403
1.816 1600642403
1.3733 1600642403
1.4120000000000001 1600642403
1.7819 1600642403
1.7819 1600642403
0.6947 1600642403
0.6709999999999999 1600642403
1.8537000000000001 1600642403
1.8536000000000001 1600642403
0.9622999999999999 1600642403
0.9621000000000001 1600642403
1.8904 1600642403
1.8902 1600642403
2.0633 1600642403
2.0634 1600642403
0.8392 1600642403
0.8756999999999999 1600642403
1.9193 1600642403
1.919 1600642403
1.8371000000000002 1600642403
1.8372000000000002 1600642403
2.0092 1600642403
2.0342000000000002 1600642403
2.1053 1600642403
2.0556 1600642403
1.1935 1600642403
1.2057 1600642403
1.8672000000000002 1600642403
1.8672000000000002 1600642403
1.0264 1600642403
1.0922 1600642403
1.8775000000000002 1600642403
0.8282999999999999 1600642403
1.4397 1600642403
1.4446 1600642403
1.6793 1600642403
1.6794 1600642403
0.9411999999999999 1600642403
0.9408 1600642403
1.8878000000000001 1600642403
1.8811 1600642403
1.8252000000000002 1600642403
1.7895 1600642403
1.8319 1600642403
2.1660999999999997 1600642403
2.1946999999999997 1600642403
2.1948 1600642403
1.6762000000000001 1600642403
0.6954 1600642403
0.8788999999999999 1600642403
0.9244 1600642403
1.8699000000000001 1600642403
2.173 1600642403
0.8439 1600642403
0.8439 1600642403
2.1813 1600642403
2.1814999999999998 1600642403
2.1423 1600642403
2.1441 1600642403
1.0962 1600642403
1.3311000000000002 1600642403
1.8677000000000001 1600642403
1.8678000000000001 1600642403
1.9138000000000002 1600642403
1.9137000000000002 1600642403
1.9829999999999999 1600642403
1.9840000000000002 1600642403
1.8864 1600642403
1.8865 1600642403
2.1745 1600642403
2.1746000000000003 1600642403
2.0232 1600642403
2.0225999999999997 1600642403
2.0763 1600642403
2.0808 1600642403
1.8804 1600642403
1.8802 1600642403
0.8151 1600642403
0.8428 1600642403
2.0047 1600642403
2.0052999999999996 1600642403
1.7485 1600642403
1.7986 1600642403
1.8326 1600642403
1.8327 1600642403
1.9402000000000001 1600642403
2.0153 1600642403
2.1854 1600642403
2.1872 1600642403
2.1789 1600642403
2.1790000000000003 1600642403
1.4517 1600642403
1.4516 1600642403
0.6592 1600642403
1.6764000000000001 1600642403
1.2483 1600642403
1.2182 1600642403
1.7423 1600642403
1.7932000000000001 1600642403
0.7567 1600642403
0.7566999999999999 1600642403
1.8982 1600642403
1.8983 1600642403
0.3689 1600642403
0.3841 1600642403
2.0265 1600642403
2.0267 1600642403
1.8359 1600642403
1.8357 1600642403
1.2604 1600642403
1.3064 1600642403
1.4000000000000001 1600642403
1.3622 1600642403
1.6665 1600642403
1.6035000000000001 1600642403
0.6523 1600642403
0.6695000000000001 1600642403
1.4452 1600642403
1.4449 1600642403
0.9294 1600642403
0.8838 1600642403
1.8116 1600642403
1.7899 1600642403
1.4067 1600642403
1.4054 1600642403
1.8266 1600642403
1.8266 1600642403
1.9697000000000002 1600642403
1.9699000000000002 1600642403
1.9923 1600642403
1.9929 1600642403
1.9641000000000002 1600642403
1.0982 1600642403
2.0617 1600642403
2.0618 1600642403
1.919 1600642403
1.919 1600642403
1.7763 1600642403
1.7764 1600642403
1.871 1600642403
1.8711 1600642403
1.5638 1600642403
1.564 1600642403
1.8305 1600642403
1.8313000000000001 1600642403
0.8787999999999999 1600642403
1.8946 1600642403
1.3868 1600642403
1.518 1600642403
1.8663 1600642403
1.8665 1600642403
1.7309 1600642403
1.7308000000000001 1600642403
1.4414 1600642403
1.4414 1600642403
2.1599 1600642403
2.1599 1600642403
1.8418 1600642403
1.8424 1600642403
0.7058000000000001 1600642403
0.794 1600642403
1.7866 1600642403
1.786 1600642403
1.8304 1600642403
1.8302 1600642403
1.8129 1600642403
1.8128 1600642403
1.9905 1600642403
1.9509 1600642403
1.4499 1600642403
1.5264 1600642403
1.4706000000000001 1600642403
1.4706000000000001 1600642403
1.3748 1600642403
1.4369 1600642403
0.6668999999999999 1600642403
0.6688999999999999 1600642403
1.8404 1600642403
1.8404 1600642403
0.9175 1600642403
0.9076 1600642403
1.1978 1600642403
1.1972 1600642403
0.9500000000000001 1600642403
0.9138999999999999 1600642403
0.967 1600642403
0.967 1600642403
1.8877 1600642403
1.8873 1600642403
1.4359 1600642403
1.4364000000000001 1600642403
2.1096 1600642403
2.1101 1600642403
1.9093 1600642403
1.909 1600642403
2.101 1600642403
1.3549 1600642403
2.1372999999999998 1600642403
2.137 1600642403
1.453 1600642403
1.5852 1600642403
1.968 1600642403
0.2208 1600642403
1.8159 1600642403
1.816 1600642403
1.9307 1600642403
1.9308 1600642403
1.4796 1600642403
1.4798 1600642403
0.6561 1600642403
0.6562 1600642403
1.5 1600642403
1.5006000000000002 1600642403
1.5144 1600642403
1.5144 1600642403
2.0418 1600642403
2.0416999999999996 1600642403
1.7645 1600642403
2.1607 1600642403
1.8555000000000001 1600642403
1.8556000000000001 1600642403
1.7837 1600642403
1.7838 1600642403
1.8495000000000001 1600642403
2.1734 1600642403
1.7391 1600642403
1.8169 1600642403
1.6227 1600642403
1.6222 1600642403
1.8415000000000001 1600642403
1.8675000000000002 1600642403
1.6184 1600642403
1.6185 1600642403
2.1031 1600642403
2.0982000000000003 1600642403
2.0362 1600642403
2.0362 1600642403
2.1616 1600642403
2.1616 1600642403
1.8799000000000001 1600642403
1.8801 1600642403
1.6973 1600642403
1.6978 1600642403
1.244 1600642403
1.2441 1600642403
1.8528 1600642403
1.8529 1600642403
1.4576 1600642403
1.4027 1600642403
1.8507 1600642403
1.8505 1600642403
1.4556 1600642403
1.2512 1600642403
2.0516 1600642403
2.0519 1600642403
1.3549 1600642403
1.3555000000000001 1600642403
1.5082 1600642403
1.5445 1600642403
1.7867000000000002 1600642403
1.7869000000000002 1600642403
1.8466 1600642403
1.8468 1600642403
2.015 1600642403
1.9716 1600642403
1.1748 1600642403
1.1174 1600642403
1.3938000000000001 1600642403
1.3939000000000001 1600642403
1.7908 1600642403
1.7909000000000002 1600642403
1.6861000000000002 1600642403
1.6861000000000002 1600642403
1.4969000000000001 1600642403
1.5315 1600642403
1.6391 1600642403
1.6392 1600642403
1.7183 1600642403
1.7174 1600642403
1.4433 1600642403
1.4433 1600642403
1.1212 1600642403
1.1783000000000001 1600642403
2.0812 1600642403
2.0816 1600642403
2.1507 1600642403
2.1509 1600642403
1.9549 1600642403
1.9548 1600642403
1.845 1600642403
1.8452000000000002 1600642403
1.7152 1600642403
1.7717 1600642403
1.7296 1600642403
1.7828000000000002 1600642403
1.5738 1600642403
1.574 1600642403
2.1805 1600642403
2.1658999999999997 1600642403
0.9440000000000001 1600642403
0.9331999999999999 1600642403
1.8364 1600642403
1.6275000000000002 1600642403
1.6311 1600642403
0.4984 1600642403
1.677 1600642403
1.6147 1600642403
1.6033 1600642403
1.7369 1600642403
1.6178000000000001 1600642403
1.6176000000000001 1600642403
1.298 1600642403
1.457 1600642403
1.8461 1600642403
1.8461 1600642403
2.1408 1600642403
2.1402 1600642403
0.6576000000000001 1600642403
0.6587999999999999 1600642403
2.1152 1600642403
2.1149 1600642403
1.4159000000000002 1600642403
1.4160000000000001 1600642403
1.7789000000000001 1600642403
1.7792000000000001 1600642403
1.8653 1600642403
1.8662 1600642403
1.7285000000000001 1600642403
1.7285000000000001 1600642403
2.0828 1600642403
2.083 1600642403
1.9336 1600642403
1.9334 1600642403
2.066 1600642403
2.0663 1600642403
1.447 1600642403
1.4465000000000001 1600642403
0.6545000000000001 1600642403
0.6708000000000001 1600642403
1.5651000000000002 1600642403
1.5241 1600642403
1.4193 1600642403
1.5209000000000001 1600642403
2.1923 1600642403
2.1924 1600642403
1.3358 1600642403
1.3359 1600642403
2.1258 1600642403
2.1483 1600642403
1.3396000000000001 1600642403
1.3394000000000001 1600642403
1.8734 1600642403
1.8736000000000002 1600642403
1.4091 1600642403
1.4095 1600642403
0.9069999999999999 1600642403
0.9168 1600642403
1.9465000000000001 1600642403
1.9465000000000001 1600642403
1.6409 1600642403
1.5729 1600642403
1.6675 1600642403
1.7372 1600642403
1.3764 1600642403
1.3766 1600642403
1.7395 1600642403
1.7395 1600642403
1.4242000000000001 1600642403
1.4241000000000001 1600642403
1.8585 1600642403
1.8589 1600642403
1.472 1600642403
1.4719 1600642403
1.8355000000000001 1600642403
1.8355000000000001 1600642403
1.7897 1600642403
1.79 1600642403
1.9112 1600642403
1.9112 1600642403
2.0875 1600642403
2.0879999999999996 1600642403
1.4132 1600642403
1.3685 1600642403
1.8543 1600642403
1.8539 1600642403
1.748 1600642403
1.748 1600642403
2.1933 1600642403
2.1935000000000002 1600642403
1.6136000000000001 1600642403
1.6135000000000002 1600642403
2.0967000000000002 1600642403
2.0966 1600642403
0.4877 1600642403
0.48469999999999996 1600642403
1.3715 1600642403
1.3715 1600642403
1.7848 1600642403
1.7314 1600642403
1.4194 1600642403
1.4191 1600642403
0.31820000000000004 1600642403
0.2715 1600642403
2.0783 1600642403
2.0541 1600642403
2.1839 1600642403
2.1833 1600642403
2.1576999999999997 1600642403
2.1574999999999998 1600642403
1.441 1600642403
1.4409 1600642403
0.48450000000000004 1600642403
0.48800000000000004 1600642403
1.7864 1600642403
1.7864 1600642403
1.2478 1600642403
1.2478 1600642403
2.0926 1600642403
2.0926 1600642403
2.0082 1600642403
2.0086 1600642403
2.1464999999999996 1600642403
2.1461 1600642403
1.6727 1600642403
1.7401 1600642403
2.0783 1600642403
2.0779 1600642403
1.6652 1600642403
1.7359 1600642403
1.2963 1600642403
1.2964 1600642403
1.3716000000000002 1600642403
2.114 1600642403
2.0859 1600642403
2.0847 1600642403
1.8860000000000001 1600642403
1.8854 1600642403
1.7638 1600642403
1.7637 1600642403
1.2365000000000002 1600642403
1.177 1600642403
1.7971000000000001 1600642403
1.7971000000000001 1600642403
1.383 1600642403
1.383 1600642403
1.8612 1600642403
1.8609 1600642403
0.6814 1600642403
0.6657 1600642403
1.375 1600642403
1.3412000000000002 1600642403
1.3956000000000002 1600642403
1.4513 1600642403
1.4551 1600642403
1.3989 1600642403
1.7627000000000002 1600642403
1.5674000000000001 1600642403
1.8722 1600642403
1.8532000000000002 1600642403
2.1913 1600642403
2.1351999999999998 1600642403
1.9074 1600642403
1.9067 1600642403
1.1959000000000002 1600642403
1.2253 1600642403
1.1293 1600642403
1.1099 1600642403
1.3112000000000001 1600642403
2.0981 1600642403
1.9576000000000002 1600642403
1.9575 1600642403
2.1768 1600642403
1.9219000000000002 1600642403
1.0197 1600642403
0.9527 1600642403
1.8186 1600642403
1.8566 1600642403
1.9134 1600642403
1.9136 1600642403
1.4109 1600642403
1.4109 1600642403
2.0901 1600642403
2.09 1600642403
1.0069000000000001 1600642403
0.9094 1600642403
1.5087000000000002 1600642403
1.5321 1600642403
2.0563 1600642403
2.0558 1600642403
1.4172 1600642403
1.4168 1600642403
1.9174 1600642403
1.9173 1600642403
2.1493 1600642403
2.1488 1600642403
1.5309000000000001 1600642403
1.5308000000000002 1600642403
0.49879999999999997 1600642403
0.5267000000000001 1600642403
1.2715 1600642403
1.2718 1600642403
1.812 1600642403
1.812 1600642403
2.0204 1600642403
2.0202 1600642403
1.6127 1600642403
1.6756 1600642403
2.123 1600642403
2.1227 1600642403
2.1321 1600642403
2.1317 1600642403
1.1411 1600642403
1.1411 1600642403
1.2348000000000001 1600642403
1.2349 1600642403
2.0368 1600642403
2.0372 1600642403
2.0339 1600642403
2.0341 1600642403
1.3645 1600642403
1.3641 1600642403
1.7687 1600642403
1.7688000000000001 1600642403
1.1616 1600642403
1.102 1600642403
1.3301 1600642403
1.3302 1600642403
1.8685 1600642403
1.8685 1600642403
1.8289 1600642403
1.829 1600642403
0.6584 1600642403
0.6777 1600642403
1.2592 1600642403
1.2286000000000001 1600642403
1.4759 1600642403
1.4761 1600642403
1.8172000000000001 1600642403
1.8173000000000001 1600642403
1.779 1600642403
1.7786 1600642403
1.8731 1600642403
1.8734 1600642403
1.6681000000000001 1600642403
1.6683000000000001 1600642403
1.8030000000000002 1600642403
1.8030000000000002 1600642403
1.7408000000000001 1600642403
1.7409000000000001 1600642403
2.1571000000000002 1600642403
2.1572999999999998 1600642403
1.4644000000000001 1600642403
1.4645000000000001 1600642403
2.0486999999999997 1600642403
2.0484 1600642403
2.0681 1600642403
2.0674 1600642403
1.3203 1600642403
1.3254000000000001 1600642403
1.8937 1600642403
1.8937000000000002 1600642403
1.4874 1600642403
1.4478 1600642403
0.421 1600642403
1.6942 1600642403
2.144 1600642403
2.1443 1600642403
1.3239 1600642403
2.1008999999999998 1600642403
1.0925 1600642403
1.0267000000000002 1600642403
1.4097 1600642403
1.3651 1600642403
1.9001000000000001 1600642403
1.9003 1600642403
1.5047000000000001 1600642403
1.3639000000000001 1600642403
1.7375 1600642403
1.6691 1600642403
1.3394000000000001 1600642403
1.3527 1600642403
1.8141 1600642403
1.8146 1600642403
1.3854 1600642403
1.3204 1600642403
1.821 1600642403
1.821 1600642403
1.3835 1600642403
1.3461 1600642403
1.3376000000000001 1600642403
1.3391 1600642403
1.4662000000000002 1600642403
1.6700000000000002 1600642403
1.03 1600642403
1.0972 1600642403
1.3375 1600642403
1.3755 1600642403
1.7749000000000001 1600642403
1.7749000000000001 1600642403
1.2232 1600642403
1.2231 1600642403
0.8754 1600642403
0.9073 1600642403
1.3977 1600642403
1.3977000000000002 1600642403
1.8979000000000001 1600642403
1.8977000000000002 1600642403
1.8872 1600642403
1.8876000000000002 1600642403
1.4012 1600642403
1.4011 1600642403
2.1346 1600642403
2.1351999999999998 1600642403
1.6434 1600642403
1.4936 1600642403
2.0667 1600642403
2.039 1600642403
0.6607 1600642403
0.6672 1600642403
1.0154 1600642403
1.1174000000000002 1600642403
1.8954 1600642403
1.8804 1600642403
1.8068000000000002 1600642403
1.8122 1600642403
2.1195 1600642403
2.1191999999999998 1600642403
2.1553 1600642403
2.155 1600642403
1.1692 1600642403
1.1693 1600642403
1.8113000000000001 1600642403
1.8113000000000001 1600642403
1.3356000000000001 1600642403
1.3357 1600642403
1.1791 1600642403
1.1788 1600642403
1.7154 1600642403
1.7153 1600642403
2.1767 1600642403
2.1767 1600642403
1.8717000000000001 1600642403
0.8057 1600642403
1.6088 1600642403
1.6088 1600642403
2.0309 1600642403
2.0313 1600642403
1.7647000000000002 1600642403
1.7646 1600642403
1.4391 1600642403
1.4392 1600642403
1.4632 1600642403
1.4072 1600642403
1.0659 1600642403
1.1179000000000001 1600642403
1.5905 1600642403
1.5904 1600642403
1.8539 1600642403
1.854 1600642403
2.0107999999999997 1600642403
1.9304000000000001 1600642403
2.0414999999999996 1600642403
2.0418 1600642403
1.4226 1600642403
1.423 1600642403
1.5402 1600642403
1.5402 1600642403
1.7135 1600642403
1.7133 1600642403
1.9857 1600642403
1.9846 1600642403
1.6987 1600642403
0.7552000000000001 1600642403
1.5550000000000002 1600642403
1.5550000000000002 1600642403
0.4859 1600642403
1.6427 1600642403
0.9109999999999999 1600642403
1.9076 1600642403
1.5184 1600642403
1.5186 1600642403
1.8241 1600642403
1.8241 1600642403
0.4953 1600642403
0.49420000000000003 1600642403
1.5509 1600642403
1.6154 1600642403
1.5693000000000001 1600642403
1.5262 1600642403
1.4464000000000001 1600642403
1.4461 1600642403
1.5078 1600642403
1.6048 1600642403
1.6731 1600642403
1.6731 1600642403
1.9823000000000002 1600642403
1.9838000000000002 1600642403
2.0686 1600642403
2.0686 1600642403
1.3725 1600642403
1.3713 1600642403
1.5043 1600642403
1.4861 1600642403
1.7809 1600642403
1.7811000000000001 1600642403
1.6142 1600642403
1.5141 1600642403
1.3656000000000001 1600642403
1.4091 1600642403
1.7783 1600642403
1.7782 1600642403
1.4473 1600642403
1.4474 1600642403
1.4605000000000001 1600642403
1.4604000000000001 1600642403
1.25 1600642403
1.2497 1600642403
1.9277 1600642403
1.9276 1600642403
1.3911 1600642403
1.3908 1600642403
1.3605 1600642403
1.3599 1600642403
1.6985000000000001 1600642403
1.6740000000000002 1600642403
1.7274 1600642403
1.7269 1600642403
1.8057 1600642403
1.8056 1600642403
1.8249 1600642403
1.8246 1600642403
1.823 1600642403
1.8227 1600642403
1.9423000000000001 1600642403
1.9425000000000001 1600642403
1.7982 1600642403
1.7976 1600642403
2.0725 1600642403
2.0734 1600642403
1.8203 1600642403
1.8203 1600642403
2.0815 1600642403
2.0745 1600642403
1.8743 1600642403
1.8744 1600642403
1.5984 1600642403
1.5985 1600642403
1.3499 1600642403
1.3211 1600642403
1.8399 1600642403
1.8392000000000002 1600642403
1.2918 1600642403
1.3271 1600642403
1.8021 1600642403
1.8018 1600642403
0.5011 1600642403
0.5011 1600642403
0.508 1600642403
0.48769999999999997 1600642403
0.6563 1600642403
0.6576000000000001 1600642403
1.8435000000000001 1600642403
1.8435000000000001 1600642403
2.1944 1600642403
2.1944999999999997 1600642403
0.6558 1600642403
0.6539999999999999 1600642403
1.8093000000000001 1600642403
1.8092000000000001 1600642403
0.47059999999999996 1600642403
0.4863 1600642403
1.7418 1600642403
1.7418 1600642403
0.665 1600642403
0.6658 1600642403
1.9980000000000002 1600642403
1.9985 1600642403
1.5128000000000001 1600642403
1.5128000000000001 1600642403
1.7607000000000002 1600642403
1.7609000000000001 1600642403
1.3521 1600642403
1.3521 1600642403
2.1289000000000002 1600642403
2.1285000000000003 1600642403
0.7075 1600642403
0.7079 1600642403
1.4701 1600642403
1.3386 1600642403
1.5148000000000001 1600642403
1.5148000000000001 1600642403
1.3117 1600642403
1.2366000000000001 1600642403
1.0456 1600642403
1.0455 1600642403
1.8516000000000001 1600642403
1.8516000000000001 1600642403
1.3018 1600642403
1.2551 1600642403
1.7207000000000001 1600642403
1.7208 1600642403
1.9877 1600642403
1.9879 1600642403
1.3547 1600642403
1.3903 1600642403
1.3436000000000001 1600642403
1.3780000000000001 1600642403
1.8924 1600642403
1.8926 1600642403
1.7445 1600642403
1.7670000000000001 1600642403
2.0595999999999997 1600642403
2.0595 1600642403
1.4738 1600642403
1.4738 1600642403
1.7784 1600642403
1.7774 1600642403
1.8229 1600642403
1.8229 1600642403
1.3562 1600642403
1.3565 1600642403
1.611 1600642403
1.6112 1600642403
1.3654 1600642403
1.3653 1600642403
1.4757 1600642403
1.5649 1600642403
1.7349 1600642403
0.6487 1600642403
0.9172 1600642403
0.8829 1600642403
2.0553 1600642403
2.0545999999999998 1600642403
1.8335000000000001 1600642403
1.8334000000000001 1600642403
2.1826999999999996 1600642403
2.1210999999999998 1600642403
1.4187 1600642403
1.4185 1600642403
2.0945 1600642403
2.0948 1600642403
1.6694 1600642403
1.6694 1600642403
2.1750000000000003 1600642403
2.1733000000000002 1600642403
0.7091 1600642403
0.7091999999999999 1600642403
1.8147 1600642403
1.8146 1600642403
1.3539 1600642403
1.3246 1600642403
1.3803 1600642403
1.3800000000000001 1600642403
1.6329 1600642403
1.696 1600642403
1.4438 1600642403
1.4443000000000001 1600642403
1.8151 1600642403
1.7745 1600642403
1.5904 1600642403
1.5904 1600642403
1.0809 1600642403
1.0809 1600642403
1.6828 1600642403
1.6255000000000002 1600642403
1.7796 1600642403
1.7797 1600642403
1.7508000000000001 1600642403
0.7091999999999999 1600642403
1.3354 1600642403
1.3684 1600642403
0.6706 1600642403
0.6711 1600642403
1.3767 1600642403
1.3768 1600642403
0.7086 1600642403
0.7088000000000001 1600642403
1.3135000000000001 1600642403
1.313 1600642403
1.7815 1600642403
1.7816 1600642403
1.248 1600642403
1.248 1600642403
1.2541 1600642403
1.2541 1600642403
1.0550000000000002 1600642403
1.1114 1600642403
1.3621 1600642403
1.2522 1600642403
2.1644 1600642403
2.1645999999999996 1600642403
0.7072 1600642403
1.6289 1600642403
1.8855 1600642403
1.8853 1600642403
1.3696000000000002 1600642403
1.3697000000000001 1600642403
2.0185 1600642403
2.0183 1600642403
1.2621 1600642403
1.2619 1600642403
