0.7131 1600640918
0.9198 1600640918
1.0341 1600640918
0.871 1600640918
0.8911000000000001 1600640918
0.8475 1600640918
0.8489000000000001 1600640918
0.879 1600640918
0.9289999999999999 1600640918
0.8739 1600640918
0.9163999999999999 1600640918
0.9542000000000002 1600640918
0.9158999999999999 1600640918
0.9268 1600640918
0.8520000000000001 1600640918
0.9541 1600640918
0.7819999999999999 1600640918
0.8926 1600640918
0.9181999999999999 1600640918
1.0525 1600640918
0.8007000000000001 1600640918
0.716 1600640918
0.7033999999999999 1600640918
1.004 1600640918
0.8346999999999999 1600640918
1.0491 1600640918
0.7021999999999999 1600640918
0.8245000000000001 1600640918
0.7255 1600640918
0.7826000000000001 1600640918
0.8954000000000001 1600640918
0.8814 1600640918
0.8062 1600640918
0.9733999999999999 1600640918
1.0038999999999998 1600640918
0.8586 1600640918
0.9000999999999999 1600640918
0.7563 1600640918
0.8731 1600640918
0.9111000000000001 1600640918
0.9412 1600640918
1.0107 1600640918
0.9392 1600640918
0.9480000000000001 1600640918
0.801 1600640918
1.1437 1600640918
0.7604000000000001 1600640918
1.0289000000000001 1600640918
0.8894999999999998 1600640918
0.8574999999999999 1600640918
0.6547 1600640918
0.7919000000000002 1600640918
0.9050999999999999 1600640918
1.1375 1600640918
0.8182 1600640918
0.7933 1600640918
0.9019 1600640918
0.8616999999999999 1600640918
0.9391999999999999 1600640918
0.968 1600640918
0.7653 1600640918
0.8555999999999999 1600640918
0.7382 1600640918
0.9458 1600640918
0.8557 1600640918
0.9194000000000001 1600640918
0.7788999999999999 1600640918
1.1531 1600640918
0.7650999999999999 1600640918
0.7662000000000001 1600640918
0.8033999999999999 1600640918
0.8831 1600640918
0.8371000000000001 1600640918
0.8281 1600640918
0.7407 1600640918
0.7672000000000001 1600640918
0.7610999999999999 1600640918
0.7721 1600640918
0.9546 1600640918
0.9403 1600640918
1.0270000000000001 1600640918
0.8809999999999999 1600640918
0.9280999999999999 1600640918
0.9248 1600640918
0.8666 1600640918
0.9332 1600640918
0.7924 1600640918
1.1545 1600640918
0.8984 1600640918
0.8584999999999999 1600640918
0.9499000000000001 1600640918
0.8023000000000001 1600640918
0.8688 1600640918
0.9087999999999999 1600640918
0.8455999999999999 1600640918
1.0044 1600640918
0.7637 1600640918
0.9552999999999999 1600640918
0.7124 1600640918
0.7803 1600640918
0.8454999999999999 1600640918
0.7328 1600640918
1.1800000000000002 1600640918
0.9211 1600640918
0.6508 1600640918
1.153 1600640918
0.6933999999999999 1600640918
0.9401999999999999 1600640918
0.9601 1600640918
0.8880000000000001 1600640918
0.7956 1600640918
0.8994000000000001 1600640918
0.9300999999999999 1600640918
0.9354 1600640918
1.0055999999999998 1600640918
0.8585 1600640918
0.8484 1600640918
1.0525000000000002 1600640918
0.8737999999999999 1600640918
0.8752000000000001 1600640918
0.9249999999999999 1600640918
0.7629999999999999 1600640918
0.8552 1600640918
0.7689999999999999 1600640918
1.0063 1600640918
0.8978 1600640918
0.8691999999999999 1600640918
0.8565 1600640918
0.7967 1600640918
0.9952000000000001 1600640918
0.8926000000000001 1600640918
1.0163 1600640918
0.8083 1600640918
0.7527999999999999 1600640918
1.208 1600640918
0.9304 1600640918
1.0247000000000002 1600640918
0.8712 1600640918
0.8661 1600640918
1.0078 1600640918
1.0807 1600640918
0.8463 1600640918
0.9546 1600640918
0.8877999999999999 1600640918
0.8272 1600640918
0.9402 1600640918
0.7513000000000001 1600640918
1.1909 1600640918
1.1023999999999998 1600640918
0.9369999999999999 1600640918
0.9866 1600640918
0.7963 1600640918
0.8430000000000001 1600640918
1.1052 1600640918
0.9954 1600640918
0.8373999999999999 1600640918
1.0591 1600640918
0.9522 1600640918
0.7219 1600640918
0.9594000000000001 1600640918
0.7875999999999999 1600640918
0.9335 1600640918
1.1194000000000002 1600640918
0.9814999999999999 1600640918
0.8495999999999999 1600640918
1.0335999999999999 1600640918
0.9501000000000001 1600640918
0.7352 1600640918
0.8540000000000001 1600640918
0.9523 1600640918
0.9116000000000001 1600640918
0.8023 1600640918
0.6527000000000001 1600640918
0.7653000000000001 1600640918
0.796 1600640918
0.9052 1600640918
0.7629 1600640918
0.7726 1600640918
0.9960000000000001 1600640918
1.1463999999999999 1600640918
1.0572 1600640918
1.0918999999999999 1600640918
0.8743000000000001 1600640918
0.8778 1600640918
1.0698 1600640918
0.6902 1600640918
1.0943 1600640918
0.8407 1600640918
0.9098 1600640918
1.0074999999999998 1600640918
0.9399 1600640918
0.8446 1600640918
0.8281 1600640918
0.9516 1600640918
0.8565 1600640918
0.8903 1600640918
0.9137000000000001 1600640918
0.8712 1600640918
0.9765 1600640918
0.923 1600640918
0.9429 1600640918
0.9697 1600640918
1.0873 1600640918
0.9603999999999999 1600640918
0.8503999999999999 1600640918
0.9587 1600640918
0.9829 1600640918
1.0981 1600640918
0.7462999999999999 1600640918
1.017 1600640918
0.8382000000000001 1600640918
0.7875 1600640918
0.7393 1600640918
0.8642000000000001 1600640918
1.0110999999999999 1600640918
0.8012000000000001 1600640918
0.7322 1600640918
0.8418 1600640918
1.0721 1600640918
0.7493 1600640918
0.9613999999999999 1600640918
0.8942000000000001 1600640918
0.9479 1600640918
1.0398 1600640918
0.8419000000000001 1600640918
0.6611 1600640918
0.7790999999999999 1600640918
0.9163999999999999 1600640918
1.0235 1600640918
0.8446 1600640918
0.856 1600640918
1.1063 1600640918
1.1001 1600640918
0.9057999999999999 1600640918
0.9053000000000001 1600640918
0.931 1600640918
0.8909 1600640918
0.7677999999999999 1600640918
0.8548000000000001 1600640918
0.9024999999999999 1600640918
1.0309000000000001 1600640918
0.9062999999999999 1600640918
0.6980999999999999 1600640918
0.9043000000000001 1600640918
0.8810999999999999 1600640918
0.9405 1600640918
0.8603999999999999 1600640918
0.8607 1600640918
0.8740999999999999 1600640918
0.9765 1600640918
0.9616999999999999 1600640918
0.8486 1600640918
1.0692 1600640918
1.0293 1600640918
0.8953000000000001 1600640918
0.9113 1600640918
1.0045000000000002 1600640918
0.9874 1600640918
1.1168 1600640918
0.6084 1600640918
0.7381 1600640918
0.816 1600640918
1.0768 1600640918
1.0094 1600640918
0.9155 1600640918
0.8117 1600640918
0.7752 1600640918
1.0872 1600640918
0.9400999999999999 1600640918
0.7608 1600640918
0.8099999999999999 1600640918
0.8963000000000001 1600640918
0.8053 1600640918
0.8989999999999999 1600640918
0.8967 1600640918
1.0253999999999999 1600640918
1.0337 1600640918
0.8953 1600640918
0.8948 1600640918
0.8151 1600640918
0.8386999999999999 1600640918
0.7809000000000001 1600640918
0.8226000000000001 1600640918
0.8063 1600640918
0.9136000000000001 1600640918
0.787 1600640918
0.8484999999999999 1600640918
0.9771000000000001 1600640918
0.8524 1600640918
0.8713 1600640918
0.8588 1600640918
0.8033000000000001 1600640918
0.7013999999999999 1600640918
0.8389999999999999 1600640918
0.8738999999999999 1600640918
0.9725 1600640918
0.8146 1600640918
1.0191000000000001 1600640918
0.8252 1600640918
1.1008 1600640918
1.0796 1600640918
0.8992000000000001 1600640918
0.8756 1600640918
0.8406 1600640918
0.8981 1600640918
1.1055 1600640918
0.775 1600640918
0.8093 1600640918
0.8557999999999999 1600640918
0.8365 1600640918
1.1582 1600640918
0.9969999999999999 1600640918
0.5374 1600640918
0.7025999999999999 1600640918
0.8627 1600640918
0.8744999999999999 1600640918
0.8093 1600640918
0.7875000000000001 1600640918
0.9549 1600640918
0.8157000000000001 1600640918
0.9119 1600640918
0.9984000000000001 1600640918
0.7345 1600640918
0.7242999999999999 1600640918
0.7869999999999999 1600640918
0.8215000000000001 1600640918
0.9829000000000001 1600640918
0.9335000000000001 1600640918
1.0297 1600640918
0.8051000000000001 1600640918
0.8391 1600640918
0.9695 1600640918
1.2155999999999998 1600640918
0.9028999999999999 1600640918
1.0301 1600640918
0.9729 1600640918
0.9331000000000002 1600640918
0.9293000000000001 1600640918
0.8179 1600640918
0.8441 1600640918
0.6172000000000001 1600640918
0.8160999999999999 1600640918
0.9891000000000001 1600640918
0.8816 1600640918
1.0665999999999998 1600640918
0.9823000000000001 1600640918
1.0252000000000001 1600640918
0.8731000000000001 1600640918
0.9196 1600640918
0.9726 1600640918
1.1364999999999998 1600640918
0.8877999999999999 1600640918
1.0945999999999998 1600640918
0.7398999999999999 1600640918
0.7525000000000001 1600640918
0.9677000000000001 1600640918
0.8321000000000001 1600640918
1.2173 1600640918
0.6697 1600640918
0.9445000000000001 1600640918
0.9898000000000001 1600640918
0.7949 1600640918
0.8693000000000001 1600640918
1.0572 1600640918
0.6835 1600640918
0.9815999999999999 1600640918
0.7431999999999999 1600640918
0.8185999999999999 1600640918
1.0213999999999999 1600640918
0.9977 1600640918
0.9692 1600640918
0.8752 1600640918
0.9251999999999999 1600640918
0.8515000000000001 1600640918
1.0491 1600640918
0.8221 1600640918
0.8847 1600640918
1.0085 1600640918
0.8304 1600640918
0.8733 1600640918
0.9191999999999999 1600640918
0.8421000000000001 1600640918
1.0645 1600640918
0.8702000000000001 1600640918
0.9557000000000001 1600640918
0.8465 1600640918
0.5106 1600640918
0.8572000000000001 1600640918
0.8305999999999999 1600640918
0.7577 1600640918
0.9450000000000001 1600640918
0.8283999999999999 1600640918
0.8074 1600640918
0.8298000000000001 1600640918
0.8001 1600640918
0.8884999999999998 1600640918
1.085 1600640918
0.9039999999999999 1600640918
0.8578999999999999 1600640918
0.8163999999999999 1600640918
0.7045000000000001 1600640918
0.8110999999999999 1600640918
1.0857 1600640918
0.9522999999999999 1600640918
0.7867 1600640918
0.7496999999999999 1600640918
0.9731000000000001 1600640918
0.8412999999999999 1600640918
0.9813 1600640918
0.8259000000000001 1600640918
0.8975 1600640918
0.8403999999999999 1600640918
0.733 1600640918
0.6989000000000001 1600640918
0.7804 1600640918
0.7685 1600640918
0.9021 1600640918
1.1013 1600640918
0.8141999999999999 1600640918
1.0545999999999998 1600640918
0.8927 1600640918
0.7735000000000001 1600640918
1.0066 1600640918
0.9424000000000001 1600640918
0.8465 1600640918
0.8172 1600640918
0.9666 1600640918
0.8823999999999999 1600640918
1.0271000000000001 1600640918
0.6091999999999999 1600640918
0.9716 1600640918
0.8561000000000001 1600640918
0.7888000000000001 1600640918
0.9689 1600640918
0.8623 1600640918
0.8998 1600640918
0.6935 1600640918
1.0524999999999998 1600640918
1.1432 1600640918
0.8328999999999999 1600640918
1.1528 1600640918
0.6312 1600640918
0.7553 1600640918
0.6897 1600640918
1.0872 1600640918
0.8808000000000001 1600640918
1.1591999999999998 1600640918
0.7409000000000001 1600640918
0.9383 1600640918
0.7613000000000001 1600640918
0.9997999999999999 1600640918
0.9642000000000001 1600640918
0.9118 1600640918
0.9533999999999999 1600640918
0.8955 1600640918
1.0108000000000001 1600640918
0.7555 1600640918
0.7834999999999999 1600640918
0.7929999999999999 1600640918
0.7143 1600640918
0.8276999999999999 1600640918
0.49760000000000015 1600640918
0.8639 1600640918
0.7545999999999999 1600640918
0.7946 1600640918
1.0537 1600640918
0.7658 1600640918
0.8551000000000001 1600640918
0.9173 1600640918
0.7621 1600640918
1.0389 1600640918
0.8696999999999999 1600640918
0.7779999999999999 1600640918
0.6243 1600640918
1.1019999999999999 1600640918
0.7188999999999999 1600640918
0.7933000000000001 1600640918
0.9235 1600640918
0.7308999999999999 1600640918
1.0234 1600640918
0.9972 1600640918
0.7752999999999999 1600640918
0.8992 1600640918
0.9556000000000001 1600640918
0.837 1600640918
1.0364 1600640918
1.0110000000000001 1600640918
0.9770999999999999 1600640918
0.9770000000000001 1600640918
0.9855 1600640918
0.9044 1600640918
0.9269999999999999 1600640918
0.7582999999999999 1600640918
1.0567 1600640918
0.7824000000000001 1600640918
0.8041 1600640918
0.7711999999999999 1600640918
0.6803 1600640918
0.6614 1600640918
1.002 1600640918
0.7237999999999999 1600640918
1.0616999999999999 1600640918
0.8075 1600640918
0.9071 1600640918
0.9086000000000001 1600640918
0.8844 1600640918
0.9846000000000001 1600640918
1.024 1600640918
0.9067 1600640918
1.0519 1600640918
0.8607999999999999 1600640918
0.8921999999999999 1600640918
