0.8203999999999999 1600343601
1.1545 1600343601
1.2536999999999998 1600343601
1.3377 1600343601
1.1537000000000002 1600343601
0.9855999999999999 1600343601
1.4072999999999998 1600343601
1.154 1600343601
1.3281999999999998 1600343601
1.3424999999999998 1600343601
1.1293000000000002 1600343601
1.6851000000000003 1600343601
1.3988 1600343601
1.2875 1600343601
1.782 1600343601
1.4066999999999998 1600343601
1.3605999999999998 1600343601
1.6856 1600343601
1.3596 1600343601
1.1075 1600343601
1.6103999999999998 1600343601
1.1541000000000001 1600343601
1.1536 1600343601
1.2404000000000002 1600343601
1.2795 1600343601
1.1486 1600343601
1.1614 1600343601
1.3599999999999999 1600343601
1.3035999999999999 1600343601
1.3035 1600343601
1.2530000000000001 1600343601
1.4977999999999998 1600343601
1.1768999999999998 1600343601
1.4444 1600343601
1.1772 1600343601
1.451 1600343601
1.2938999999999998 1600343601
1.3986999999999998 1600343601
1.3603 1600343601
1.1572 1600343601
1.4613 1600343601
1.2953000000000001 1600343601
1.1038999999999999 1600343601
1.1532 1600343601
1.6746000000000003 1600343601
1.2441 1600343601
1.5581999999999998 1600343601
1.1536 1600343601
1.7244000000000002 1600343601
0.9857999999999999 1600343601
1.4893999999999998 1600343601
1.7937000000000003 1600343601
1.6880000000000002 1600343601
1.4072999999999998 1600343601
1.565 1600343601
1.1296 1600343601
1.1526999999999998 1600343601
1.2405 1600343601
1.2952 1600343601
1.8075 1600343601
1.1522999999999999 1600343601
1.0105 1600343601
1.3456000000000001 1600343601
1.404 1600343601
1.4296000000000002 1600343601
1.8096 1600343601
1.4030999999999998 1600343601
1.4062999999999999 1600343601
1.7629000000000001 1600343601
1.8087999999999997 1600343601
1.4569999999999999 1600343601
1.1535000000000002 1600343601
1.4453 1600343601
1.1524999999999999 1600343601
1.5023 1600343601
1.5804 1600343601
1.2134 1600343601
1.2534999999999998 1600343601
1.3288000000000002 1600343601
1.8045999999999998 1600343601
1.7921 1600343601
1.7100999999999997 1600343601
1.2136 1600343601
1.1560000000000001 1600343601
1.1442 1600343601
1.3534000000000002 1600343601
1.6816 1600343601
1.7231999999999998 1600343601
1.4341 1600343601
1.3034 1600343601
1.7273999999999998 1600343601
1.4365999999999999 1600343601
1.6061999999999999 1600343601
1.2532999999999999 1600343601
1.4449999999999998 1600343601
1.1524 1600343601
1.129 1600343601
1.6427 1600343601
1.2136999999999998 1600343601
1.1537000000000002 1600343601
1.2595999999999998 1600343601
1.2946 1600343601
1.2404000000000002 1600343601
1.1521 1600343601
1.7908 1600343601
1.3952 1600343601
1.7917999999999998 1600343601
1.2400000000000002 1600343601
1.7761999999999998 1600343601
1.8077999999999999 1600343601
1.2597 1600343601
1.2403 1600343601
1.4449 1600343601
1.7906 1600343601
1.7917999999999998 1600343601
1.5590000000000002 1600343601
1.4990999999999999 1600343601
1.4459 1600343601
1.762 1600343601
1.3984999999999999 1600343601
1.2441 1600343601
1.5642 1600343601
1.4455999999999998 1600343601
1.4946000000000002 1600343601
1.2164000000000001 1600343601
1.8862999999999999 1600343601
1.6175000000000002 1600343601
1.8087 1600343601
1.3536000000000001 1600343601
1.1532 1600343601
1.1535000000000002 1600343601
1.3855 1600343601
1.7898 1600343601
1.1534 1600343601
1.7889999999999997 1600343601
1.3607 1600343601
1.4394 1600343601
1.7906999999999997 1600343601
1.7479 1600343601
1.5950000000000002 1600343601
1.4458000000000002 1600343601
1.1069 1600343601
1.6795 1600343601
1.8062 1600343601
1.7908 1600343601
1.1040999999999999 1600343601
1.5023 1600343601
1.213 1600343601
1.2405 1600343601
1.0103 1600343601
1.2439999999999998 1600343601
1.1452 1600343601
1.2165 1600343601
1.7906999999999997 1600343601
1.2938 1600343601
1.6715 1600343601
1.1522999999999999 1600343601
1.4455 1600343601
1.7616999999999998 1600343601
1.339 1600343601
1.7001999999999997 1600343601
1.3285 1600343601
1.1519 1600343601
1.1357 1600343601
1.6539000000000001 1600343601
1.2529 1600343601
1.7624 1600343601
1.1038000000000001 1600343601
1.7875999999999999 1600343601
1.1537000000000002 1600343601
1.1522999999999999 1600343601
1.1542 1600343601
1.8049 1600343601
1.1071 1600343601
1.2400000000000002 1600343601
1.2071999999999998 1600343601
1.4451999999999998 1600343601
1.7639 1600343601
1.3188 1600343601
1.1073 1600343601
1.1536 1600343601
1.3391000000000002 1600343601
1.3199999999999998 1600343601
1.5644999999999998 1600343601
1.8077 1600343601
1.2774 1600343601
1.295 1600343601
1.4369999999999998 1600343601
1.7121999999999997 1600343601
1.1538 1600343601
1.0102000000000002 1600343601
1.6023999999999998 1600343601
1.8152 1600343601
1.2771 1600343601
1.2603 1600343601
1.6392000000000002 1600343601
1.1564 1600343601
1.3424 1600343601
1.1612 1600343601
1.6711 1600343601
1.3984 1600343601
1.319 1600343601
1.2128999999999999 1600343601
1.7896 1600343601
1.3288000000000002 1600343601
1.8590999999999998 1600343601
1.2439 1600343601
1.6387999999999998 1600343601
1.7273 1600343601
1.4653999999999998 1600343601
1.287 1600343601
1.1536 1600343601
1.1528999999999998 1600343601
1.1290999999999998 1600343601
1.5126 1600343601
1.4493999999999998 1600343601
1.7652999999999999 1600343601
1.6458 1600343601
1.6404 1600343601
1.2401 1600343601
1.4468999999999999 1600343601
1.1536 1600343601
1.3603 1600343601
1.1288999999999998 1600343601
1.7628999999999997 1600343601
1.1533000000000002 1600343601
1.4066 1600343601
1.2938 1600343601
1.1530999999999998 1600343601
1.8897999999999997 1600343601
1.6221999999999999 1600343601
1.3603 1600343601
1.2146 1600343601
1.4352 1600343601
1.3349000000000002 1600343601
1.3980000000000001 1600343601
1.3032 1600343601
1.7801999999999998 1600343601
1.2399 1600343601
1.3538000000000001 1600343601
1.2441 1600343601
1.4968 1600343601
1.1377000000000002 1600343601
1.7609 1600343601
1.1522000000000001 1600343601
1.3538000000000001 1600343601
1.4864000000000002 1600343601
1.4213999999999998 1600343601
1.4451999999999998 1600343601
1.7910999999999997 1600343601
1.2936999999999999 1600343601
1.1484999999999999 1600343601
1.8148999999999997 1600343601
1.432 1600343601
1.3367 1600343601
1.1080999999999999 1600343601
1.2397999999999998 1600343601
1.1684 1600343601
1.1454 1600343601
1.5360999999999998 1600343601
1.7917999999999998 1600343601
1.7631999999999999 1600343601
1.2529 1600343601
1.2452 1600343601
1.8472 1600343601
1.4569999999999999 1600343601
1.3197999999999999 1600343601
1.3986999999999998 1600343601
1.1532 1600343601
1.1482999999999999 1600343601
1.8049 1600343601
1.1288999999999998 1600343601
1.1069 1600343601
1.8596999999999997 1600343601
1.2404000000000002 1600343601
1.4472999999999998 1600343601
1.1286999999999998 1600343601
1.2405 1600343601
1.2772000000000001 1600343601
1.806 1600343601
1.4300000000000002 1600343601
1.1562999999999999 1600343601
1.5856 1600343601
1.4434999999999998 1600343601
1.2770000000000001 1600343601
1.2869000000000002 1600343601
1.7658999999999998 1600343601
1.2482000000000002 1600343601
1.2134 1600343601
1.2795 1600343601
1.3683999999999998 1600343601
1.2134 1600343601
1.2930000000000001 1600343601
1.1534 1600343601
1.7302999999999997 1600343601
1.2132 1600343601
1.7776999999999998 1600343601
1.1764999999999999 1600343601
1.3586 1600343601
1.1534 1600343601
1.3037999999999998 1600343601
1.2595999999999998 1600343601
1.4441000000000002 1600343601
1.7917 1600343601
1.1541000000000001 1600343601
1.2534 1600343601
1.3283 1600343601
1.1448999999999998 1600343601
1.3037999999999998 1600343601
1.7755 1600343601
1.1562999999999999 1600343601
1.8068999999999997 1600343601
1.4466 1600343601
1.3535 1600343601
1.3037 1600343601
1.3389000000000002 1600343601
1.3986 1600343601
1.2404000000000002 1600343601
1.8605999999999998 1600343601
1.3532000000000002 1600343601
1.1562000000000001 1600343601
1.8049999999999997 1600343601
1.3035 1600343601
1.7041999999999997 1600343601
1.6032000000000002 1600343601
1.4303 1600343601
1.4447999999999999 1600343601
1.7898 1600343601
1.1452 1600343601
1.5669 1600343601
1.2132999999999998 1600343601
1.5825999999999998 1600343601
1.4466 1600343601
1.3535 1600343601
1.3114 1600343601
1.177 1600343601
1.303 1600343601
1.8582 1600343601
1.4375 1600343601
1.7771 1600343601
1.2951000000000001 1600343601
1.2869000000000002 1600343601
1.2482000000000002 1600343601
1.1612 1600343601
1.3607 1600343601
1.6442 1600343601
1.5586000000000002 1600343601
1.674 1600343601
1.8148999999999997 1600343601
1.1521 1600343601
1.8053 1600343601
1.4950999999999999 1600343601
1.6736999999999997 1600343601
1.1770999999999998 1600343601
1.3986999999999998 1600343601
1.2403 1600343601
1.755 1600343601
1.5633 1600343601
1.4371999999999998 1600343601
1.8018 1600343601
1.7915999999999999 1600343601
1.1536 1600343601
1.4966 1600343601
1.3039 1600343601
1.5617 1600343601
1.4356 1600343601
1.8041 1600343601
1.4318 1600343601
1.3035 1600343601
1.8874999999999997 1600343601
1.3189000000000002 1600343601
1.2405 1600343601
1.7591999999999999 1600343601
1.5924999999999998 1600343601
1.1539000000000001 1600343601
1.2003 1600343601
1.2951000000000001 1600343601
1.5063 1600343601
1.3201999999999998 1600343601
1.6351 1600343601
1.4423 1600343601
1.7725999999999997 1600343601
1.3153000000000001 1600343601
1.1534 1600343601
1.2595999999999998 1600343601
1.8053999999999997 1600343601
1.3605 1600343601
1.3374000000000001 1600343601
1.359 1600343601
1.4072 1600343601
1.2139000000000002 1600343601
1.1517 1600343601
1.1612999999999998 1600343601
1.8054999999999999 1600343601
1.0190000000000001 1600343601
1.2142 1600343601
1.1543 1600343601
1.5076 1600343601
1.2787000000000002 1600343601
1.7115999999999998 1600343601
1.7734 1600343601
1.1070000000000002 1600343601
1.7662 1600343601
1.5032 1600343601
1.1080999999999999 1600343601
1.3342 1600343601
1.4392 1600343601
1.3032 1600343601
1.7725 1600343601
1.1453000000000002 1600343601
1.4653 1600343601
1.3034 1600343601
1.4455 1600343601
1.7704999999999997 1600343601
1.3369 1600343601
1.1535000000000002 1600343601
1.5993 1600343601
1.6711 1600343601
1.4907 1600343601
1.3982999999999999 1600343601
1.8066 1600343601
1.1536 1600343601
1.8079 1600343601
1.7904 1600343601
1.2161 1600343601
1.1465999999999998 1600343601
1.8226999999999998 1600343601
1.1290999999999998 1600343601
1.4594 1600343601
1.1534 1600343601
1.3382 1600343601
1.3580999999999999 1600343601
1.6892 1600343601
1.8062999999999998 1600343601
1.4323000000000001 1600343601
1.2437999999999998 1600343601
1.2786 1600343601
1.1537000000000002 1600343601
1.3984999999999999 1600343601
1.4371 1600343601
1.6717 1600343601
1.7896999999999998 1600343601
1.8054999999999999 1600343601
1.4186999999999999 1600343601
1.3281999999999998 1600343601
1.7506999999999997 1600343601
1.1997 1600343601
1.3986999999999998 1600343601
1.2401 1600343601
1.4504000000000001 1600343601
1.7678000000000003 1600343601
1.5072 1600343601
1.2403 1600343601
1.8064 1600343601
1.4047 1600343601
1.6706000000000003 1600343601
1.3039 1600343601
1.2795999999999998 1600343601
1.8090000000000002 1600343601
1.8046000000000002 1600343601
1.3578999999999999 1600343601
1.8079 1600343601
1.4565000000000001 1600343601
1.0485000000000002 1600343601
1.3601999999999999 1600343601
1.4461 1600343601
1.705 1600343601
1.6520000000000001 1600343601
1.6848 1600343601
1.3283 1600343601
1.1766 1600343601
1.8060999999999998 1600343601
1.4285 1600343601
1.4434 1600343601
1.4438 1600343601
1.4472999999999998 1600343601
1.2402000000000002 1600343601
1.3033000000000001 1600343601
1.7035 1600343601
1.8093999999999997 1600343601
1.6347999999999998 1600343601
1.7776 1600343601
1.6537000000000002 1600343601
1.7841 1600343601
1.428 1600343601
1.3155000000000001 1600343601
1.1293000000000002 1600343601
1.3039 1600343601
1.6737000000000002 1600343601
1.3199 1600343601
1.5899 1600343601
1.7643 1600343601
1.8583000000000003 1600343601
1.6376 1600343601
1.8123 1600343601
1.4434999999999998 1600343601
1.7705000000000002 1600343601
1.6683 1600343601
1.7814 1600343601
1.3603999999999998 1600343601
1.3603 1600343601
1.4310999999999998 1600343601
1.4365 1600343601
1.4195000000000002 1600343601
1.6272000000000002 1600343601
1.4437000000000002 1600343601
1.1562000000000001 1600343601
1.6715 1600343601
1.287 1600343601
1.8464 1600343601
1.4914999999999998 1600343601
1.3986 1600343601
