0.9896 1600344105
1.4866 1600344105
1.4101000000000001 1600344105
1.1434999999999997 1600344105
1.3354000000000001 1600344105
1.4709 1600344105
1.6663 1600344105
1.5123 1600344105
1.2623 1600344105
1.2263 1600344105
1.2086 1600344105
1.5264 1600344105
1.6658000000000002 1600344105
1.2459 1600344105
1.1398 1600344105
1.5138999999999998 1600344105
1.5298 1600344105
1.5039 1600344105
1.4390999999999998 1600344105
1.4606000000000001 1600344105
1.3357 1600344105
1.5557999999999998 1600344105
1.7200999999999997 1600344105
1.1436 1600344105
1.4941 1600344105
1.1403999999999999 1600344105
1.4067999999999998 1600344105
1.0925999999999998 1600344105
1.5037 1600344105
1.51 1600344105
1.4812999999999998 1600344105
1.2173 1600344105
1.2564000000000002 1600344105
1.2268 1600344105
1.1993 1600344105
1.4495999999999998 1600344105
1.5562 1600344105
1.3487999999999998 1600344105
1.4598999999999998 1600344105
1.5923999999999998 1600344105
1.4064 1600344105
1.6673999999999998 1600344105
1.2172 1600344105
1.1687999999999998 1600344105
1.1400000000000001 1600344105
1.6484 1600344105
1.2106999999999999 1600344105
1.3216 1600344105
1.2370999999999999 1600344105
1.1392999999999998 1600344105
1.4635 1600344105
1.1483 1600344105
1.3271 1600344105
1.3484 1600344105
1.1434999999999997 1600344105
1.7076 1600344105
1.4168 1600344105
1.5096999999999998 1600344105
1.2457999999999998 1600344105
1.0892000000000002 1600344105
0.9896999999999998 1600344105
1.727 1600344105
1.2840999999999998 1600344105
1.3627999999999998 1600344105
1.6872 1600344105
1.4478 1600344105
1.3294000000000001 1600344105
1.5308000000000002 1600344105
1.3351 1600344105
1.2462 1600344105
1.7403 1600344105
1.5125000000000002 1600344105
1.7299999999999998 1600344105
1.2088 1600344105
1.7401 1600344105
1.1597 1600344105
1.5553 1600344105
1.3569999999999998 1600344105
1.553 1600344105
1.2567 1600344105
1.2621999999999998 1600344105
1.6936999999999998 1600344105
1.5560999999999998 1600344105
1.4867 1600344105
1.217 1600344105
1.3584999999999998 1600344105
1.7612 1600344105
1.6703000000000001 1600344105
1.3565999999999998 1600344105
1.4363000000000001 1600344105
1.4644 1600344105
1.4706000000000001 1600344105
1.2458999999999998 1600344105
1.5543999999999998 1600344105
1.2900999999999998 1600344105
1.3008000000000002 1600344105
1.5509000000000002 1600344105
1.3176 1600344105
1.5558 1600344105
1.407 1600344105
1.2319 1600344105
1.52 1600344105
1.6673 1600344105
1.6576 1600344105
1.4705000000000001 1600344105
1.4859 1600344105
1.3066999999999998 1600344105
1.5524999999999998 1600344105
1.3106999999999998 1600344105
1.5292 1600344105
1.5564999999999998 1600344105
1.2837999999999998 1600344105
1.4479 1600344105
1.1480000000000001 1600344105
1.2458999999999998 1600344105
1.7031 1600344105
1.2172999999999998 1600344105
1.7416 1600344105
1.7277 1600344105
1.4518 1600344105
1.4588999999999999 1600344105
1.2372 1600344105
1.4138000000000002 1600344105
1.658 1600344105
1.3106 1600344105
1.1229 1600344105
1.5535999999999999 1600344105
1.5311 1600344105
1.3347999999999998 1600344105
1.1689 1600344105
1.7161000000000002 1600344105
1.6488999999999998 1600344105
1.4363 1600344105
1.3264999999999998 1600344105
1.4874 1600344105
1.4586999999999999 1600344105
1.6635000000000002 1600344105
1.3484999999999998 1600344105
1.5118 1600344105
1.1316000000000002 1600344105
1.4411999999999998 1600344105
1.5101 1600344105
1.0292 1600344105
1.5556 1600344105
1.5218 1600344105
1.5189000000000001 1600344105
1.4863000000000002 1600344105
1.6539000000000001 1600344105
1.4601 1600344105
1.4552999999999998 1600344105
1.4497 1600344105
1.4634 1600344105
1.5099999999999998 1600344105
1.3064999999999998 1600344105
1.2778999999999998 1600344105
1.4588 1600344105
1.3138 1600344105
1.4859999999999998 1600344105
1.4855999999999998 1600344105
1.5505999999999998 1600344105
1.4584 1600344105
1.7096 1600344105
0.9973000000000001 1600344105
1.4609 1600344105
1.7289 1600344105
1.4062000000000001 1600344105
1.4851999999999999 1600344105
1.4127999999999998 1600344105
1.3629999999999998 1600344105
1.4068999999999998 1600344105
1.218 1600344105
1.2309 1600344105
1.1669999999999998 1600344105
1.5101999999999998 1600344105
1.2595 1600344105
1.3582 1600344105
1.6301 1600344105
1.4866 1600344105
1.2250999999999999 1600344105
1.38 1600344105
1.5518 1600344105
1.3466 1600344105
1.5106000000000002 1600344105
1.4765000000000001 1600344105
1.5505999999999998 1600344105
1.5505999999999998 1600344105
1.5099999999999998 1600344105
1.2041 1600344105
1.197 1600344105
1.1507 1600344105
0.9973000000000001 1600344105
1.2668 1600344105
1.23 1600344105
1.0836999999999999 1600344105
1.4706000000000001 1600344105
1.5189 1600344105
1.7395999999999998 1600344105
1.1004 1600344105
1.3571 1600344105
1.6481 1600344105
1.4165 1600344105
1.5072 1600344105
1.0891000000000002 1600344105
1.4704000000000002 1600344105
1.44 1600344105
1.4594999999999998 1600344105
1.4484 1600344105
1.3483 1600344105
1.4175 1600344105
1.1431999999999998 1600344105
1.318 1600344105
1.5015999999999998 1600344105
1.3074 1600344105
1.0838999999999999 1600344105
1.1974 1600344105
1.4482 1600344105
1.3008000000000002 1600344105
1.3573 1600344105
1.1974999999999998 1600344105
1.2263000000000002 1600344105
1.4478 1600344105
1.3351000000000002 1600344105
1.4586000000000001 1600344105
1.4136000000000002 1600344105
1.29 1600344105
1.3348999999999998 1600344105
1.7389999999999999 1600344105
1.2096999999999998 1600344105
1.2086000000000001 1600344105
1.4586999999999999 1600344105
1.4586999999999999 1600344105
1.4483000000000001 1600344105
1.4695999999999998 1600344105
1.7588 1600344105
1.2262 1600344105
1.3639000000000001 1600344105
1.2622 1600344105
1.3269000000000002 1600344105
1.5179 1600344105
1.1441 1600344105
1.4483000000000001 1600344105
0.9895 1600344105
1.267 1600344105
1.1976999999999998 1600344105
0.9893000000000001 1600344105
1.1013000000000002 1600344105
1.3144999999999998 1600344105
1.1517 1600344105
1.4862000000000002 1600344105
1.5221999999999998 1600344105
1.5556999999999999 1600344105
1.2484000000000002 1600344105
1.1595 1600344105
1.29 1600344105
1.4601000000000002 1600344105
1.7102 1600344105
1.2596 1600344105
1.3234000000000001 1600344105
1.4635 1600344105
1.4547 1600344105
1.7411 1600344105
1.3568 1600344105
1.4063 1600344105
1.6496000000000002 1600344105
1.5547000000000002 1600344105
1.5546 1600344105
1.4603 1600344105
1.514 1600344105
1.6794999999999998 1600344105
1.4867000000000001 1600344105
1.6744 1600344105
1.3099 1600344105
1.3015 1600344105
1.5207 1600344105
1.4602000000000002 1600344105
1.5214 1600344105
1.6792999999999998 1600344105
1.5546 1600344105
1.2171 1600344105
1.1390999999999998 1600344105
1.4151 1600344105
1.4484000000000001 1600344105
1.5056999999999998 1600344105
1.4705000000000001 1600344105
1.7251 1600344105
1.3947999999999998 1600344105
1.4587 1600344105
1.2840999999999998 1600344105
1.2859999999999998 1600344105
1.4709 1600344105
1.4585000000000001 1600344105
1.2885000000000002 1600344105
1.1393000000000002 1600344105
1.3377000000000001 1600344105
1.5464 1600344105
1.5559 1600344105
1.4696999999999998 1600344105
1.0891 1600344105
1.4414999999999998 1600344105
1.6824999999999999 1600344105
1.4707000000000001 1600344105
1.2444 1600344105
1.4814 1600344105
1.4707999999999999 1600344105
1.632 1600344105
1.5047 1600344105
1.5523999999999998 1600344105
1.5734000000000001 1600344105
1.5527 1600344105
1.1514 1600344105
1.4865000000000002 1600344105
1.4138 1600344105
1.4783000000000002 1600344105
1.4166999999999998 1600344105
1.4294 1600344105
1.4602000000000002 1600344105
1.4868 1600344105
1.4601 1600344105
1.4477 1600344105
1.4155 1600344105
1.5165 1600344105
1.4603 1600344105
1.2451999999999999 1600344105
1.6531999999999998 1600344105
1.7123000000000002 1600344105
1.4862 1600344105
1.4149 1600344105
1.2457999999999998 1600344105
1.3295000000000001 1600344105
1.6683999999999999 1600344105
1.0893 1600344105
1.6279000000000001 1600344105
1.3270000000000002 1600344105
1.3141999999999998 1600344105
1.4366999999999999 1600344105
1.1682 1600344105
1.5462 1600344105
1.7564 1600344105
1.4702 1600344105
1.14 1600344105
1.5526000000000002 1600344105
1.2457999999999998 1600344105
1.5677999999999999 1600344105
1.3579 1600344105
1.5538 1600344105
1.5667000000000002 1600344105
1.2297999999999998 1600344105
1.357 1600344105
1.5094 1600344105
0.9890000000000001 1600344105
1.6584 1600344105
1.5594 1600344105
1.4464 1600344105
1.4709999999999999 1600344105
1.5147000000000002 1600344105
1.1430999999999998 1600344105
1.6954999999999998 1600344105
1.7384000000000002 1600344105
1.0290000000000001 1600344105
1.2592999999999999 1600344105
1.5959 1600344105
1.4063999999999999 1600344105
1.4626 1600344105
1.2457 1600344105
1.2083000000000002 1600344105
1.4591999999999998 1600344105
1.2794 1600344105
1.348 1600344105
1.2623 1600344105
1.7243000000000002 1600344105
1.3095 1600344105
1.5178 1600344105
1.4138 1600344105
1.4515 1600344105
1.5031999999999999 1600344105
1.5047 1600344105
1.3496 1600344105
1.1668 1600344105
1.2933000000000001 1600344105
1.3484 1600344105
1.7386000000000001 1600344105
1.5099999999999998 1600344105
1.4814 1600344105
1.3103999999999998 1600344105
1.4704 1600344105
1.4586 1600344105
1.4475 1600344105
1.5959 1600344105
1.5010000000000001 1600344105
1.5136 1600344105
1.6573 1600344105
1.4866 1600344105
1.6992 1600344105
1.6540000000000001 1600344105
1.4946 1600344105
1.2798999999999998 1600344105
1.2293999999999998 1600344105
1.28 1600344105
1.3175000000000001 1600344105
1.4818 1600344105
1.5952 1600344105
1.2638999999999998 1600344105
1.7234999999999998 1600344105
1.6845 1600344105
1.3364999999999998 1600344105
1.5100999999999998 1600344105
1.4606000000000001 1600344105
1.4286999999999999 1600344105
1.4151 1600344105
1.4172 1600344105
1.7093999999999998 1600344105
1.4299000000000002 1600344105
1.5599 1600344105
1.4978999999999998 1600344105
1.7537999999999998 1600344105
1.3350000000000002 1600344105
1.5542999999999998 1600344105
1.7147 1600344105
1.3297999999999999 1600344105
1.6658000000000002 1600344105
1.5300999999999998 1600344105
1.6679000000000002 1600344105
1.5963 1600344105
1.6661 1600344105
1.3105999999999998 1600344105
1.5201 1600344105
1.2621 1600344105
1.4168999999999998 1600344105
1.6659 1600344105
1.7161000000000002 1600344105
1.1432 1600344105
1.449 1600344105
1.4709 1600344105
1.2264000000000002 1600344105
1.5325 1600344105
1.4481 1600344105
1.2457 1600344105
1.4065999999999999 1600344105
1.7398999999999998 1600344105
1.4579000000000002 1600344105
1.3486999999999998 1600344105
1.7539 1600344105
1.6798 1600344105
1.2085000000000001 1600344105
1.6567999999999998 1600344105
1.5523 1600344105
1.7131999999999998 1600344105
1.6636 1600344105
1.4606000000000001 1600344105
1.5098999999999998 1600344105
1.6485 1600344105
1.5912 1600344105
1.5530000000000002 1600344105
1.3289000000000002 1600344105
1.5512 1600344105
1.7590999999999999 1600344105
1.2621 1600344105
1.5561999999999998 1600344105
1.4585000000000001 1600344105
1.2373 1600344105
1.277 1600344105
1.5544999999999998 1600344105
1.4949000000000001 1600344105
1.1432999999999998 1600344105
1.7522 1600344105
1.6491 1600344105
1.5605 1600344105
1.5161 1600344105
1.2512 1600344105
1.4702 1600344105
1.4948 1600344105
1.4637999999999998 1600344105
1.7154999999999998 1600344105
1.7398 1600344105
1.1969 1600344105
1.5134999999999998 1600344105
1.1438 1600344105
1.5536 1600344105
1.4067999999999998 1600344105
1.4477 1600344105
1.5214 1600344105
1.2310999999999999 1600344105
1.1392 1600344105
1.0892000000000002 1600344105
1.4183999999999999 1600344105
1.5108 1600344105
1.0837 1600344105
1.0538 1600344105
1.57 1600344105
1.4789999999999999 1600344105
1.481 1600344105
1.6643999999999999 1600344105
1.7470999999999999 1600344105
1.6624 1600344105
1.6653999999999998 1600344105
1.5908 1600344105
1.7006999999999999 1600344105
1.5198000000000003 1600344105
1.6714000000000002 1600344105
1.7513999999999998 1600344105
1.5167 1600344105
1.4252 1600344105
1.7489999999999999 1600344105
1.5317999999999998 1600344105
1.7037 1600344105
1.5502000000000002 1600344105
1.7348 1600344105
1.737 1600344105
1.6995000000000002 1600344105
1.6432 1600344105
1.5463000000000002 1600344105
1.7358 1600344105
