9.105599999999999 1600518631
9.105599999999999 1600518631
9.105599999999999 1600518631
9.105699999999999 1600518631
8.362400000000001 1600518631
8.362400000000001 1600518631
8.362400000000001 1600518631
8.362400000000001 1600518631
4.687900000000003 1600518631
4.687799999999999 1600518631
4.687900000000003 1600518631
4.687900000000003 1600518631
1.8516000000000012 1600518631
1.8515999999999977 1600518631
1.8515000000000015 1600518631
1.8515999999999977 1600518631
6.277899999999999 1600518631
6.277799999999999 1600518631
6.277700000000003 1600518631
6.277799999999999 1600518631
3.8557999999999986 1600518631
3.8475 1600518631
3.8557999999999986 1600518631
3.855900000000002 1600518631
0.7375000000000007 1600518631
0.7373999999999974 1600518631
0.7373999999999974 1600518631
0.7347999999999999 1600518631
9.0793 1600518631
9.0793 1600518631
9.0794 1600518631
9.0793 1600518631
5.214100000000002 1600518631
5.214100000000002 1600518631
5.214100000000002 1600518631
5.214100000000002 1600518631
5.3399 1600518631
5.3399 1600518631
5.3401 1600518631
5.34 1600518631
3.5890999999999984 1600518631
3.5889999999999986 1600518631
3.5889999999999986 1600518631
3.587399999999999 1600518631
6.446899999999999 1600518631
6.446899999999999 1600518631
6.446899999999999 1600518631
6.446899999999999 1600518631
4.853100000000001 1600518631
4.852999999999998 1600518631
4.853100000000001 1600518631
4.853200000000001 1600518631
7.9635 1600518631
7.9634 1600518631
7.9634 1600518631
7.9634 1600518631
5.6739 1600518631
5.6739 1600518631
5.6739 1600518631
5.6738 1600518631
1.8867000000000012 1600518631
1.8865999999999978 1600518631
1.8867000000000012 1600518631
1.8867000000000012 1600518631
5.341100000000001 1600518631
5.341200000000001 1600518631
5.341200000000001 1600518631
5.341200000000001 1600518631
5.679200000000002 1600518631
5.675999999999998 1600518631
5.675999999999998 1600518631
5.679200000000002 1600518631
0.9994999999999976 1600518631
0.9995000000000012 1600518631
0.9995000000000012 1600518631
0.9994999999999976 1600518631
4.586399999999998 1600518631
4.586400000000001 1600518631
4.586399999999998 1600518631
4.586400000000001 1600518631
2.1555 1600518631
2.1555 1600518631
2.1555999999999997 1600518631
2.1555999999999997 1600518631
6.214500000000001 1600518631
6.214600000000001 1600518631
6.214400000000001 1600518631
6.214500000000001 1600518631
5.6370000000000005 1600518631
5.6370000000000005 1600518631
5.636900000000001 1600518631
5.636899999999997 1600518631
5.442899999999998 1600518631
5.442900000000002 1600518631
5.442999999999998 1600518631
5.442999999999998 1600518631
5.239699999999999 1600518631
5.239699999999999 1600518631
5.239699999999999 1600518631
5.239699999999999 1600518631
7.7044 1600518631
7.7044 1600518631
7.7044 1600518631
7.7044999999999995 1600518631
6.1921 1600518631
6.1922 1600518631
6.1921 1600518631
6.1921 1600518631
9.0384 1600518631
9.0383 1600518631
9.0383 1600518631
9.038400000000003 1600518631
4.664399999999997 1600518631
4.664399999999997 1600518631
4.6645 1600518631
4.6616 1600518631
6.997899999999998 1600518631
6.998000000000001 1600518631
6.998000000000001 1600518631
6.9979999999999976 1600518631
0.11050000000000182 1600518631
0.11050000000000182 1600518631
0.11050000000000182 1600518631
0.11050000000000182 1600518631
6.5136 1600518631
6.5137 1600518631
6.5138 1600518631
6.5138 1600518631
6.8919999999999995 1600518631
6.892199999999999 1600518631
6.892199999999999 1600518631
6.892099999999999 1600518631
7.5808 1600518631
7.5808 1600518631
7.5807 1600518631
7.5808 1600518631
5.549499999999998 1600518631
5.552199999999999 1600518631
5.552199999999999 1600518631
5.552199999999999 1600518631
2.950899999999997 1600518631
2.950899999999997 1600518631
2.950999999999997 1600518631
2.950999999999997 1600518631
4.064299999999999 1600518631
4.064300000000003 1600518631
4.064299999999999 1600518631
4.064299999999999 1600518631
10.215 1600518631
10.215 1600518631
10.2149 1600518631
10.215 1600518631
6.911100000000001 1600518631
6.911099999999998 1600518631
6.911099999999998 1600518631
6.909300000000002 1600518631
5.9841000000000015 1600518631
5.986799999999999 1600518631
5.986900000000002 1600518631
5.986799999999999 1600518631
8.699300000000001 1600518631
8.6994 1600518631
8.699300000000001 1600518631
8.699300000000001 1600518631
5.262499999999999 1600518631
5.2623999999999995 1600518631
5.262499999999999 1600518631
5.2623999999999995 1600518631
6.3766 1600518631
6.3766 1600518631
6.3766 1600518631
6.3766 1600518631
8.842600000000001 1600518631
8.842699999999997 1600518631
8.842599999999997 1600518631
8.842600000000001 1600518631
6.8917 1600518631
6.8917 1600518631
6.8917 1600518631
6.8917 1600518631
8.092299999999998 1600518631
8.092299999999998 1600518631
8.0897 1600518631
8.092199999999998 1600518631
1.5825999999999993 1600518631
1.582699999999999 1600518631
1.5828000000000024 1600518631
1.5827000000000027 1600518631
6.735700000000001 1600518631
6.735800000000001 1600518631
6.735700000000001 1600518631
6.734000000000002 1600518631
5.644100000000002 1600518631
5.644100000000002 1600518631
5.644000000000002 1600518631
5.644000000000002 1600518631
3.9891999999999967 1600518631
3.9892000000000003 1600518631
3.9891999999999967 1600518631
3.9890000000000008 1600518631
6.3612 1600518631
6.3612 1600518631
6.3611 1600518631
6.3612 1600518631
4.4178999999999995 1600518631
4.4178 1600518631
4.4177 1600518631
4.4178999999999995 1600518631
3.8141 1600518631
3.8142999999999994 1600518631
3.8141 1600518631
3.8141 1600518631
7.6495999999999995 1600518631
7.649799999999999 1600518631
7.649799999999999 1600518631
7.649699999999999 1600518631
5.178599999999999 1600518631
5.178599999999999 1600518631
5.178599999999999 1600518631
5.178599999999999 1600518631
6.033899999999999 1600518631
6.033899999999999 1600518631
6.033899999999999 1600518631
6.033899999999999 1600518631
5.077400000000001 1600518631
5.077500000000001 1600518631
5.077400000000001 1600518631
5.077399999999997 1600518631
2.0768999999999984 1600518631
2.0767999999999986 1600518631
2.0768999999999984 1600518631
2.0768999999999984 1600518631
4.560100000000002 1600518631
4.560200000000002 1600518631
4.5600999999999985 1600518631
4.560100000000002 1600518631
4.7483 1600518631
4.7484 1600518631
4.7483 1600518631
4.7485 1600518631
4.244500000000002 1600518631
4.244600000000002 1600518631
4.244500000000002 1600518631
4.244600000000002 1600518631
1.644000000000002 1600518631
1.644000000000002 1600518631
1.644000000000002 1600518631
1.6441000000000017 1600518631
5.510400000000001 1600518631
5.510400000000001 1600518631
5.5105 1600518631
5.510400000000001 1600518631
6.1179999999999986 1600518631
6.1236999999999995 1600518631
6.118500000000001 1600518631
6.118300000000001 1600518631
4.1434 1600518631
4.1433 1600518631
4.1433 1600518631
4.1433 1600518631
3.7257 1600518631
3.725800000000003 1600518631
3.7257999999999996 1600518631
3.7257999999999996 1600518631
3.953400000000002 1600518631
3.953500000000002 1600518631
3.953400000000002 1600518631
3.9533999999999985 1600518631
8.2589 1600518631
8.258700000000001 1600518631
8.2588 1600518631
8.2589 1600518631
5.629300000000001 1600518631
5.629300000000001 1600518631
5.629300000000001 1600518631
5.629300000000001 1600518631
6.9830000000000005 1600518631
6.9830000000000005 1600518631
6.982800000000001 1600518631
6.9830000000000005 1600518631
4.6584 1600518631
4.6584 1600518631
4.6585 1600518631
4.6585 1600518631
1.9688000000000017 1600518631
1.9689000000000014 1600518631
1.966000000000001 1600518631
1.9689000000000014 1600518631
3.7204999999999977 1600518631
3.7203000000000017 1600518631
3.7204000000000015 1600518631
3.7205000000000013 1600518631
7.386600000000001 1600518631
7.386500000000002 1600518631
7.386499999999998 1600518631
7.386600000000001 1600518631
5.0062 1600518631
5.0061 1600518631
5.0061 1600518631
5.0061 1600518631
5.275300000000001 1600518631
5.275100000000002 1600518631
5.275400000000001 1600518631
5.274999999999999 1600518631
2.278299999999998 1600518631
2.278299999999998 1600518631
2.278299999999998 1600518631
2.278299999999998 1600518631
8.087700000000002 1600518631
8.087699999999998 1600518631
8.087699999999998 1600518631
8.087699999999998 1600518631
5.080400000000001 1600518631
5.080500000000001 1600518631
5.080500000000001 1600518631
5.080500000000001 1600518631
7.659099999999999 1600518631
7.659099999999999 1600518631
7.6591999999999985 1600518631
7.659299999999998 1600518631
8.4435 1600518631
8.4436 1600518631
8.4436 1600518631
8.4436 1600518631
6.991500000000002 1600518631
6.991299999999999 1600518631
6.991299999999999 1600518631
6.991399999999999 1600518631
2.0863000000000014 1600518631
2.0863000000000014 1600518631
2.086400000000001 1600518631
2.086500000000001 1600518631
6.762899999999998 1600518631
6.762999999999998 1600518631
6.763099999999998 1600518631
6.7607 1600518631
1.790700000000001 1600518631
1.790700000000001 1600518631
1.7908000000000008 1600518631
1.790700000000001 1600518631
1.2401000000000018 1600518631
1.2401000000000018 1600518631
1.2402000000000015 1600518631
1.2401000000000018 1600518631
2.998100000000001 1600518631
2.998100000000001 1600518631
2.9982000000000006 1600518631
2.998100000000001 1600518631
4.651599999999998 1600518631
4.651699999999998 1600518631
4.651799999999998 1600518631
4.651700000000002 1600518631
3.5111000000000026 1600518631
3.511099999999999 1600518631
3.5111000000000026 1600518631
3.5109999999999992 1600518631
4.305699999999998 1600518631
4.305699999999998 1600518631
4.305799999999998 1600518631
4.305799999999998 1600518631
2.2929999999999993 1600518631
2.2929999999999993 1600518631
2.2928999999999995 1600518631
2.293099999999999 1600518631
7.346299999999999 1600518631
7.346299999999999 1600518631
7.346399999999999 1600518631
7.3462 1600518631
5.947099999999999 1600518631
5.947199999999999 1600518631
5.947199999999999 1600518631
5.947099999999999 1600518631
5.754100000000001 1600518631
5.754199999999997 1600518631
5.754100000000001 1600518631
5.754200000000001 1600518631
5.8797 1600518631
5.8797 1600518631
5.8797 1600518631
5.8796 1600518631
0.47350000000000136 1600518631
0.47439999999999927 1600518631
0.47439999999999927 1600518631
0.47439999999999927 1600518631
5.5579 1600518631
5.5579 1600518631
5.5579 1600518631
5.5578 1600518631
5.693299999999997 1600518631
5.693200000000001 1600518631
5.693199999999997 1600518631
5.693300000000001 1600518631
3.7509000000000015 1600518631
3.750899999999998 1600518631
3.7510000000000012 1600518631
3.7510000000000012 1600518631
9.2759 1600518631
9.2759 1600518631
9.2759 1600518631
9.2758 1600518631
7.314499999999999 1600518631
7.3125 1600518631
7.3145000000000024 1600518631
7.3145000000000024 1600518631
0.9581999999999979 1600518631
0.9583999999999975 1600518631
0.9583999999999975 1600518631
0.9583999999999975 1600518631
4.739899999999999 1600518631
4.739899999999999 1600518631
4.739899999999999 1600518631
4.739899999999999 1600518631
5.834 1600518631
5.834 1600518631
5.834 1600518631
5.834 1600518631
5.645199999999999 1600518631
5.645199999999999 1600518631
5.645199999999999 1600518631
5.645099999999999 1600518631
4.446899999999999 1600518631
4.446899999999999 1600518631
4.447000000000003 1600518631
4.446900000000003 1600518631
8.3357 1600518631
8.3356 1600518631
8.335800000000003 1600518631
8.335799999999999 1600518631
5.5913 1600518631
5.5915 1600518631
5.5915 1600518631
5.5914 1600518631
6.2387000000000015 1600518631
6.240600000000001 1600518631
6.2392 1600518631
6.2393 1600518631
6.5839 1600518631
6.5839 1600518631
6.584000000000003 1600518631
6.584 1600518631
8.185899999999997 1600518631
8.1859 1600518631
8.1859 1600518631
8.185899999999997 1600518631
8.599499999999999 1600518631
8.599500000000003 1600518631
8.599500000000003 1600518631
8.599500000000003 1600518631
4.380700000000001 1600518631
4.380800000000001 1600518631
4.380800000000001 1600518631
4.380700000000001 1600518631
7.7132000000000005 1600518631
7.7132000000000005 1600518631
7.713100000000001 1600518631
7.7132000000000005 1600518631
6.660899999999998 1600518631
6.660899999999998 1600518631
6.660999999999998 1600518631
6.660899999999998 1600518631
4.9704000000000015 1600518631
4.970500000000001 1600518631
4.970500000000001 1600518631
4.970500000000001 1600518631
0.9224999999999994 1600518631
0.9225999999999992 1600518631
0.9226000000000028 1600518631
0.9225999999999992 1600518631
5.287300000000002 1600518631
5.287400000000002 1600518631
5.287300000000002 1600518631
5.2866 1600518631
5.0398 1600518631
5.039900000000003 1600518631
5.0398 1600518631
5.0398 1600518631
6.4571000000000005 1600518631
6.4571000000000005 1600518631
6.457000000000001 1600518631
6.457000000000001 1600518631
6.104700000000001 1600518631
6.104699999999998 1600518631
6.101600000000001 1600518631
6.104599999999998 1600518631
4.400299999999998 1600518631
4.400399999999998 1600518631
4.400400000000001 1600518631
4.400199999999998 1600518631
3.7078000000000024 1600518631
3.707799999999999 1600518631
3.707699999999999 1600518631
3.7078000000000024 1600518631
7.6507000000000005 1600518631
7.6507000000000005 1600518631
7.6507000000000005 1600518631
7.6507000000000005 1600518631
4.901300000000003 1600518631
4.901300000000003 1600518631
4.901200000000003 1600518631
4.901300000000003 1600518631
4.058 1600518631
4.0578 1600518631
4.058 1600518631
4.058 1600518631
9.105900000000002 1600518631
9.105900000000002 1600518631
9.105900000000002 1600518631
9.105900000000002 1600518631
6.6888000000000005 1600518631
6.688700000000001 1600518631
6.6888000000000005 1600518631
6.6888000000000005 1600518631
4.076799999999999 1600518631
4.079599999999999 1600518631
4.079699999999999 1600518631
4.079599999999999 1600518631
0.7958999999999996 1600518631
0.7931999999999988 1600518631
0.7958999999999996 1600518631
0.7957999999999998 1600518631
2.2868999999999993 1600518631
2.286999999999999 1600518631
2.2870000000000026 1600518631
2.287099999999999 1600518631
5.9411999999999985 1600518631
5.941099999999999 1600518631
5.941099999999999 1600518631
5.941099999999999 1600518631
6.319700000000001 1600518631
6.319700000000001 1600518631
6.319700000000001 1600518631
6.319700000000001 1600518631
3.6769999999999996 1600518631
3.677000000000003 1600518631
3.6769 1600518631
3.6769999999999996 1600518631
0.17719999999999914 1600518631
0.17719999999999914 1600518631
0.1745999999999981 1600518631
0.17719999999999914 1600518631
6.432399999999998 1600518631
6.432500000000001 1600518631
6.432400000000001 1600518631
6.4323000000000015 1600518631
5.087900000000001 1600518631
5.087899999999998 1600518631
5.087899999999998 1600518631
5.087799999999998 1600518631
8.506999999999998 1600518631
8.506999999999998 1600518631
8.506999999999998 1600518631
8.506899999999998 1600518631
1.6953999999999994 1600518631
1.6951999999999998 1600518631
1.6953999999999994 1600518631
1.6953999999999994 1600518631
5.7155999999999985 1600518631
5.7155999999999985 1600518631
5.7155999999999985 1600518631
5.715699999999998 1600518631
6.221799999999998 1600518631
6.221700000000002 1600518631
6.221800000000002 1600518631
6.2216999999999985 1600518631
6.552099999999999 1600518631
6.552099999999999 1600518631
6.552099999999999 1600518631
6.552100000000003 1600518631
4.568300000000001 1600518631
4.5685 1600518631
4.5685 1600518631
4.5717 1600518631
6.8673 1600518631
6.8673 1600518631
6.8672 1600518631
6.8672 1600518631
5.4558 1600518631
5.4559 1600518631
5.4558 1600518631
5.4558 1600518631
1.902899999999999 1600518631
1.9028000000000027 1600518631
1.9027999999999992 1600518631
1.9027999999999992 1600518631
6.003399999999999 1600518631
6.003399999999999 1600518631
6.003399999999999 1600518631
6.003299999999999 1600518631
4.533000000000001 1600518631
4.5336 1600518631
4.5337 1600518631
4.5336 1600518631
7.218399999999999 1600518631
7.218399999999999 1600518631
7.218500000000002 1600518631
7.218499999999999 1600518631
10.197399999999998 1600518631
10.197099999999999 1600518631
10.197299999999998 1600518631
10.197299999999998 1600518631
5.5974 1600518631
5.5975 1600518631
5.597300000000001 1600518631
5.597300000000001 1600518631
6.394300000000001 1600518631
6.394199999999998 1600518631
6.394200000000001 1600518631
6.394099999999998 1600518631
6.717199999999998 1600518631
6.717199999999998 1600518631
6.717199999999998 1600518631
6.7170999999999985 1600518631
5.989999999999998 1600518631
5.995099999999997 1600518631
5.990099999999998 1600518631
5.9893 1600518631
8.7466 1600518631
8.746500000000001 1600518631
8.7466 1600518631
8.7466 1600518631
5.244899999999998 1600518631
5.244999999999997 1600518631
5.244999999999997 1600518631
5.244899999999998 1600518631
4.683399999999999 1600518631
4.683399999999999 1600518631
4.683399999999999 1600518631
4.683499999999999 1600518631
8.359399999999997 1600518631
8.3594 1600518631
8.3595 1600518631
8.359200000000001 1600518631
5.896100000000001 1600518631
5.896100000000001 1600518631
5.896000000000001 1600518631
5.896100000000001 1600518631
5.959800000000001 1600518631
5.959800000000001 1600518631
5.959800000000001 1600518631
5.959800000000001 1600518631
9.2101 1600518631
9.2101 1600518631
9.209499999999998 1600518631
9.21 1600518631
8.166500000000003 1600518631
8.166600000000003 1600518631
8.166700000000002 1600518631
8.166599999999999 1600518631
5.5624 1600518631
5.5624 1600518631
5.5623000000000005 1600518631
5.5624 1600518631
2.0304 1600518631
2.0304 1600518631
2.0304 1600518631
2.0303000000000004 1600518631
3.6712000000000025 1600518631
3.671199999999999 1600518631
3.6712000000000025 1600518631
3.6712000000000025 1600518631
7.933399999999999 1600518631
7.933399999999999 1600518631
7.933399999999999 1600518631
7.933399999999999 1600518631
1.7786000000000008 1600518631
1.778699999999997 1600518631
1.7787000000000006 1600518631
1.7787000000000006 1600518631
0.4710000000000001 1600518631
0.4710000000000001 1600518631
0.4710000000000001 1600518631
0.4709000000000003 1600518631
6.9956 1600518631
6.9986 1600518631
6.998700000000003 1600518631
6.998799999999999 1600518631
4.3355999999999995 1600518631
4.337999999999997 1600518631
4.337999999999997 1600518631
4.338100000000001 1600518631
10.604200000000002 1600518631
10.604200000000002 1600518631
10.604200000000002 1600518631
10.604200000000002 1600518631
4.9361999999999995 1600518631
4.9361 1600518631
4.9361 1600518631
4.9361999999999995 1600518631
4.8477 1600518631
4.8477 1600518631
4.8477 1600518631
4.8477 1600518631
9.6324 1600518631
9.6325 1600518631
9.6323 1600518631
9.6323 1600518631
5.497699999999998 1600518631
5.497699999999998 1600518631
5.497700000000002 1600518631
5.497700000000002 1600518631
6.313099999999999 1600518631
6.313199999999998 1600518631
6.313099999999999 1600518631
6.313199999999998 1600518631
7.926000000000002 1600518631
7.926000000000002 1600518631
7.926000000000002 1600518631
7.925900000000002 1600518631
2.7189999999999976 1600518631
2.7189999999999976 1600518631
2.7190999999999974 1600518631
2.7189999999999976 1600518631
4.468 1600518631
4.4679 1600518631
4.4679 1600518631
4.468 1600518631
8.7578 1600518631
8.7578 1600518631
8.7578 1600518631
8.7578 1600518631
7.124400000000001 1600518631
7.124400000000001 1600518631
7.124300000000002 1600518631
7.124300000000002 1600518631
0.46019999999999683 1600518631
0.4601000000000006 1600518631
0.46019999999999683 1600518631
0.4601000000000006 1600518631
6.3187999999999995 1600518631
6.321100000000001 1600518631
6.3211999999999975 1600518631
6.3187999999999995 1600518631
3.6891 1600518631
3.6891999999999996 1600518631
3.6891 1600518631
3.6891 1600518631
5.8368 1600518631
5.8369 1600518631
5.8368 1600518631
5.8368 1600518631
5.0122 1600518631
5.0122 1600518631
5.0122 1600518631
5.0122 1600518631
3.6121000000000016 1600518631
3.6121000000000016 1600518631
3.6121000000000016 1600518631
3.6121000000000016 1600518631
4.580400000000001 1600518631
4.580500000000001 1600518631
4.580400000000001 1600518631
4.580299999999998 1600518631
4.811800000000002 1600518631
4.807200000000002 1600518631
4.811900000000001 1600518631
4.811900000000001 1600518631
4.051500000000001 1600518631
4.051500000000001 1600518631
4.051500000000001 1600518631
4.051499999999997 1600518631
6.113500000000002 1600518631
6.1174 1600518631
6.113499999999998 1600518631
6.1173 1600518631
1.457699999999999 1600518631
1.457699999999999 1600518631
1.4577999999999989 1600518631
1.4578000000000024 1600518631
1.7483000000000004 1600518631
1.7484000000000002 1600518631
1.7484000000000002 1600518631
1.7483000000000004 1600518631
4.756799999999998 1600518631
4.756800000000002 1600518631
4.756800000000002 1600518631
4.756900000000002 1600518631
7.5184 1600518631
7.5184999999999995 1600518631
7.518699999999999 1600518631
7.518699999999999 1600518631
6.840700000000002 1600518631
6.840799999999998 1600518631
6.840700000000002 1600518631
6.840799999999998 1600518631
5.0070000000000014 1600518631
5.0070000000000014 1600518631
5.006900000000002 1600518631
5.0070000000000014 1600518631
4.788899999999998 1600518631
4.788800000000002 1600518631
4.788899999999998 1600518631
4.788899999999998 1600518631
5.718600000000002 1600518631
5.718700000000002 1600518631
5.718600000000002 1600518631
5.718600000000002 1600518631
5.394300000000001 1600518631
5.394300000000001 1600518631
5.394300000000001 1600518631
5.394300000000001 1600518631
4.123600000000003 1600518631
4.123600000000003 1600518631
4.1236 1600518631
4.1236 1600518631
5.988599999999998 1600518631
5.988699999999998 1600518631
5.988699999999998 1600518631
5.988599999999998 1600518631
3.611799999999999 1600518631
3.611699999999999 1600518631
3.611799999999999 1600518631
3.611799999999999 1600518631
4.299299999999999 1600518631
4.299199999999999 1600518631
4.2989999999999995 1600518631
4.299199999999999 1600518631
9.274999999999999 1600518631
9.274999999999999 1600518631
9.275199999999998 1600518631
9.274999999999999 1600518631
7.8049 1600518631
7.8048 1600518631
7.8048 1600518631
7.8048 1600518631
7.133499999999998 1600518631
7.1335000000000015 1600518631
7.133399999999998 1600518631
7.133399999999998 1600518631
8.544599999999999 1600518631
8.544600000000003 1600518631
8.544599999999999 1600518631
8.544599999999999 1600518631
5.057600000000001 1600518631
5.057500000000001 1600518631
5.057500000000001 1600518631
5.057499999999997 1600518631
7.263599999999997 1600518631
7.2635000000000005 1600518631
7.2636 1600518631
7.263499999999997 1600518631
8.3903 1600518631
8.3904 1600518631
8.3903 1600518631
8.3903 1600518631
5.247899999999998 1600518631
5.255499999999998 1600518631
5.255499999999998 1600518631
5.255499999999998 1600518631
3.696300000000001 1600518631
3.6961999999999975 1600518631
3.6962999999999973 1600518631
3.6961999999999975 1600518631
4.746199999999998 1600518631
4.746199999999998 1600518631
4.746099999999998 1600518631
4.746199999999998 1600518631
3.9237 1600518631
3.9235000000000007 1600518631
3.9235000000000007 1600518631
3.9236000000000004 1600518631
9.198500000000003 1600518631
9.198699999999999 1600518631
9.198599999999999 1600518631
9.198500000000003 1600518631
8.385000000000002 1600518631
8.385100000000001 1600518631
8.385100000000001 1600518631
8.385100000000001 1600518631
4.5748999999999995 1600518631
4.5748999999999995 1600518631
4.574999999999999 1600518631
4.574999999999999 1600518631
6.295400000000001 1600518631
6.295400000000001 1600518631
6.295400000000001 1600518631
6.2928 1600518631
5.052499999999998 1600518631
5.052400000000002 1600518631
5.052399999999999 1600518631
5.052399999999999 1600518631
2.236799999999999 1600518631
2.2368999999999986 1600518631
2.236699999999999 1600518631
2.236699999999999 1600518631
5.839700000000001 1600518631
5.839700000000001 1600518631
5.8399 1600518631
5.8398 1600518631
7.6129999999999995 1600518631
7.613100000000003 1600518631
7.613100000000003 1600518631
7.613099999999999 1600518631
9.8051 1600518631
9.805 1600518631
9.805 1600518631
9.805 1600518631
2.4328000000000003 1600518631
2.4328000000000003 1600518631
2.4328000000000003 1600518631
2.4329 1600518631
4.1861999999999995 1600518631
4.186 1600518631
4.186100000000003 1600518631
4.186100000000003 1600518631
0.1960000000000015 1600518631
0.19490000000000052 1600518631
0.1958999999999982 1600518631
0.19590000000000174 1600518631
4.431199999999997 1600518631
4.4312000000000005 1600518631
4.4313 1600518631
4.431199999999997 1600518631
8.478200000000001 1600518631
8.478200000000001 1600518631
8.478099999999998 1600518631
8.478200000000001 1600518631
0.9879999999999995 1600518631
0.9879000000000033 1600518631
0.9880000000000031 1600518631
0.9880000000000031 1600518631
0.4477000000000011 1600518631
0.4477000000000011 1600518631
0.44790000000000063 1600518631
0.44790000000000063 1600518631
4.8416 1600518631
4.841600000000003 1600518631
4.841399999999997 1600518631
4.8415 1600518631
5.750399999999999 1600518631
5.750499999999999 1600518631
5.750499999999999 1600518631
5.750500000000002 1600518631
5.340500000000002 1600518631
5.340499999999999 1600518631
5.340399999999999 1600518631
5.340399999999999 1600518631
3.0517000000000003 1600518631
3.0516000000000005 1600518631
3.0517000000000003 1600518631
3.0517000000000003 1600518631
4.084800000000001 1600518631
4.087900000000001 1600518631
4.084800000000001 1600518631
4.088000000000001 1600518631
7.261599999999998 1600518631
7.261500000000002 1600518631
7.261499999999998 1600518631
7.261499999999998 1600518631
0.7916999999999987 1600518631
0.7916999999999987 1600518631
0.791599999999999 1600518631
0.7916999999999987 1600518631
6.6797 1600518631
6.6797 1600518631
6.6797 1600518631
6.6797 1600518631
6.4282 1600518631
6.4282 1600518631
6.428100000000001 1600518631
6.4283 1600518631
2.026200000000003 1600518631
2.029299999999999 1600518631
2.0290999999999997 1600518631
2.0293000000000028 1600518631
6.1798 1600518631
6.1798 1600518631
6.1797 1600518631
6.1798 1600518631
3.924299999999999 1600518631
3.9243999999999986 1600518631
3.924299999999999 1600518631
3.924299999999999 1600518631
5.004100000000001 1600518631
5.004100000000001 1600518631
5.006699999999999 1600518631
5.006700000000002 1600518631
0.8204999999999991 1600518631
0.8205999999999989 1600518631
0.8205999999999989 1600518631
0.8205999999999989 1600518631
4.7071000000000005 1600518631
4.7071000000000005 1600518631
4.7072 1600518631
4.7073 1600518631
5.4632000000000005 1600518631
5.463100000000001 1600518631
5.4633 1600518631
5.466100000000001 1600518631
8.654800000000002 1600518631
8.654700000000002 1600518631
8.654800000000002 1600518631
8.654800000000002 1600518631
3.7702000000000027 1600518631
3.7700999999999993 1600518631
3.770299999999999 1600518631
3.770299999999999 1600518631
8.136600000000001 1600518631
8.136500000000002 1600518631
8.136600000000001 1600518631
8.136600000000001 1600518631
4.3155 1600518631
4.3184000000000005 1600518631
4.3154 1600518631
4.3184000000000005 1600518631
5.099800000000002 1600518631
5.099800000000002 1600518631
5.099900000000002 1600518631
5.099800000000002 1600518631
5.432500000000001 1600518631
5.432600000000001 1600518631
5.430100000000003 1600518631
5.430300000000003 1600518631
6.144500000000001 1600518631
6.144500000000001 1600518631
6.144500000000001 1600518631
6.144500000000001 1600518631
5.075900000000001 1600518631
5.075900000000001 1600518631
5.075900000000001 1600518631
5.075800000000001 1600518631
8.751999999999999 1600518631
8.751999999999999 1600518631
8.751999999999999 1600518631
8.751999999999999 1600518631
5.0474 1600518631
5.047499999999999 1600518631
5.047499999999999 1600518631
5.047599999999999 1600518631
7.0366 1600518631
7.0366 1600518631
7.0365 1600518631
7.0366 1600518631
3.9115 1600518631
3.9116 1600518631
3.9115 1600518631
3.9115 1600518631
2.761700000000001 1600518631
2.7590000000000003 1600518631
2.758999999999997 1600518631
2.7616000000000014 1600518631
2.2932999999999986 1600518631
2.2933999999999983 1600518631
2.2933999999999983 1600518631
2.2933999999999983 1600518631
2.1315000000000026 1600518631
2.1316000000000024 1600518631
2.1316000000000024 1600518631
2.1316000000000024 1600518631
5.9193 1600518631
5.9193999999999996 1600518631
5.919499999999999 1600518631
5.919599999999999 1600518631
4.138099999999998 1600518631
4.137999999999998 1600518631
4.137999999999998 1600518631
4.138099999999998 1600518631
8.472099999999998 1600518631
8.472000000000001 1600518631
8.472100000000001 1600518631
8.472100000000001 1600518631
7.275600000000001 1600518631
7.275500000000001 1600518631
7.275599999999997 1600518631
7.275600000000001 1600518631
4.476099999999999 1600518631
4.476200000000002 1600518631
4.476300000000002 1600518631
4.476300000000002 1600518631
2.009300000000003 1600518631
2.009300000000003 1600518631
2.0092999999999996 1600518631
2.009300000000003 1600518631
3.5928000000000004 1600518631
3.5929 1600518631
3.5929 1600518631
3.5929 1600518631
8.843699999999998 1600518631
8.843799999999998 1600518631
8.843799999999998 1600518631
8.843799999999998 1600518631
0.07809999999999917 1600518631
0.0779999999999994 1600518631
0.0779999999999994 1600518631
0.0779999999999994 1600518631
9.1039 1600518631
9.1039 1600518631
9.1039 1600518631
9.1039 1600518631
6.968600000000002 1600518631
6.968600000000002 1600518631
6.968700000000002 1600518631
6.968600000000002 1600518631
8.348600000000001 1600518631
8.348600000000001 1600518631
8.348500000000001 1600518631
8.348500000000001 1600518631
6.5168 1600518631
6.5168 1600518631
6.5169 1600518631
6.5169 1600518631
0.18559999999999732 1600518631
0.18559999999999732 1600518631
0.18560000000000088 1600518631
0.18559999999999732 1600518631
3.418800000000001 1600518631
3.418800000000001 1600518631
3.4186000000000014 1600518631
3.4189000000000007 1600518631
4.508299999999998 1600518631
4.508199999999999 1600518631
4.508299999999998 1600518631
4.508200000000002 1600518631
3.280199999999997 1600518631
3.280199999999997 1600518631
3.280199999999997 1600518631
3.2799999999999976 1600518631
4.986799999999999 1600518631
4.986799999999999 1600518631
4.986800000000002 1600518631
4.986900000000002 1600518631
1.2708000000000013 1600518631
1.2684000000000033 1600518631
1.2708000000000013 1600518631
1.2684000000000033 1600518631
4.790200000000002 1600518631
4.790199999999999 1600518631
4.790199999999999 1600518631
4.790200000000002 1600518631
5.361900000000002 1600518631
5.361800000000002 1600518631
5.361799999999999 1600518631
5.361700000000003 1600518631
4.669700000000002 1600518631
4.669700000000002 1600518631
4.669900000000002 1600518631
4.669800000000002 1600518631
3.2327999999999975 1600518631
3.2326999999999977 1600518631
3.2327999999999975 1600518631
3.2326999999999977 1600518631
3.883700000000001 1600518631
3.8836000000000013 1600518631
3.8835999999999977 1600518631
3.883700000000001 1600518631
7.479200000000002 1600518631
7.479200000000002 1600518631
7.479200000000002 1600518631
7.479200000000002 1600518631
3.2439999999999998 1600518631
3.2439999999999998 1600518631
3.241500000000002 1600518631
3.2417000000000016 1600518631
3.5195000000000007 1600518631
3.519400000000001 1600518631
3.5192000000000014 1600518631
3.5195000000000007 1600518631
9.348099999999999 1600518631
9.348100000000002 1600518631
9.348000000000003 1600518631
9.347999999999999 1600518631
9.0003 1600518631
9.0001 1600518631
9.0003 1600518631
9.0003 1600518631
4.145799999999998 1600518631
4.145800000000001 1600518631
4.142099999999999 1600518631
4.145799999999998 1600518631
9.793499999999998 1600518631
9.796399999999998 1600518631
9.796499999999998 1600518631
9.793599999999998 1600518631
5.793600000000001 1600518631
5.793600000000001 1600518631
5.793600000000001 1600518631
5.793600000000001 1600518631
0.1399000000000008 1600518631
0.1399000000000008 1600518631
0.13989999999999725 1600518631
0.1399000000000008 1600518631
3.671400000000002 1600518631
3.671400000000002 1600518631
3.671400000000002 1600518631
3.6715000000000018 1600518631
5.128899999999998 1600518631
5.128899999999998 1600518631
5.128899999999998 1600518631
5.1286999999999985 1600518631
6.7224 1600518631
6.7225 1600518631
6.7224 1600518631
6.7224 1600518631
8.542099999999998 1600518631
8.542099999999998 1600518631
8.542199999999998 1600518631
8.542199999999998 1600518631
2.757200000000001 1600518631
2.757200000000001 1600518631
2.7573000000000008 1600518631
2.757200000000001 1600518631
8.000900000000001 1600518631
8.000900000000001 1600518631
8.001000000000001 1600518631
8.001000000000001 1600518631
5.159299999999998 1600518631
5.1590000000000025 1600518631
5.158899999999999 1600518631
5.159300000000002 1600518631
0.1714999999999982 1600518631
0.17159999999999798 1600518631
0.17159999999999798 1600518631
0.16869999999999763 1600518631
4.756500000000003 1600518631
4.7562999999999995 1600518631
4.756600000000002 1600518631
4.756500000000003 1600518631
5.305600000000002 1600518631
5.305599999999998 1600518631
5.305599999999998 1600518631
5.305699999999998 1600518631
5.3233999999999995 1600518631
5.3233999999999995 1600518631
5.323499999999999 1600518631
5.3233999999999995 1600518631
6.143699999999999 1600518631
6.143799999999999 1600518631
6.143799999999999 1600518631
6.143799999999999 1600518631
10.128 1600518631
10.1282 1600518631
10.1279 1600518631
10.1281 1600518631
5.520200000000003 1600518631
5.520299999999999 1600518631
5.520200000000003 1600518631
5.520199999999999 1600518631
5.145099999999999 1600518631
5.145299999999999 1600518631
5.145099999999999 1600518631
5.145099999999999 1600518631
7.4651 1600518631
7.465199999999999 1600518631
7.465199999999999 1600518631
7.465199999999999 1600518631
7.678899999999999 1600518631
7.678799999999999 1600518631
7.678799999999999 1600518631
7.678900000000002 1600518631
0.8115999999999985 1600518631
0.8115999999999985 1600518631
0.8116999999999983 1600518631
0.8115999999999985 1600518631
3.7173000000000016 1600518631
3.717399999999998 1600518631
3.7174000000000014 1600518631
3.7174000000000014 1600518631
8.884800000000002 1600518631
8.885000000000002 1600518631
8.8838 1600518631
8.885000000000002 1600518631
9.967099999999999 1600518631
9.967099999999999 1600518631
9.967199999999998 1600518631
9.967099999999999 1600518631
7.6986000000000026 1600518631
7.6986000000000026 1600518631
7.698700000000002 1600518631
7.698599999999999 1600518631
7.9589 1600518631
7.9589 1600518631
7.9589 1600518631
7.9589 1600518631
8.764 1600518631
8.764100000000003 1600518631
8.764100000000003 1600518631
8.764100000000003 1600518631
3.9354000000000013 1600518631
3.935500000000001 1600518631
3.935500000000001 1600518631
3.935500000000001 1600518631
3.7390000000000008 1600518631
3.740500000000001 1600518631
3.740500000000001 1600518631
3.738900000000001 1600518631
5.375899999999998 1600518631
5.371199999999998 1600518631
5.3759000000000015 1600518631
5.375899999999998 1600518631
3.1971999999999987 1600518631
3.1971999999999987 1600518631
3.1971999999999987 1600518631
3.1971999999999987 1600518631
5.5961 1600518631
5.5962 1600518631
5.596299999999999 1600518631
5.596299999999999 1600518631
7.882299999999997 1600518631
7.882200000000001 1600518631
7.882399999999997 1600518631
7.882399999999997 1600518631
3.4987999999999992 1600518631
3.4986999999999995 1600518631
3.4986999999999995 1600518631
3.498899999999999 1600518631
5.064 1600518631
5.060899999999997 1600518631
5.0639999999999965 1600518631
5.0608 1600518631
6.7833000000000006 1600518631
6.783299999999997 1600518631
6.7833000000000006 1600518631
6.783299999999997 1600518631
5.8035 1600518631
5.8035 1600518631
5.8035 1600518631
5.8035 1600518631
7.223800000000001 1600518631
7.223800000000001 1600518631
7.223800000000001 1600518631
7.223800000000001 1600518631
7.3979000000000035 1600518631
7.3979000000000035 1600518631
7.3978 1600518631
7.3979000000000035 1600518631
3.4145000000000003 1600518631
3.4145000000000003 1600518631
3.4117999999999995 1600518631
3.4145000000000003 1600518631
3.6553000000000004 1600518631
3.6553000000000004 1600518631
3.6553000000000004 1600518631
3.6553000000000004 1600518631
3.5589999999999975 1600518631
3.5588999999999977 1600518631
3.559000000000001 1600518631
3.5589999999999975 1600518631
7.610199999999999 1600518631
7.6102000000000025 1600518631
7.610300000000002 1600518631
7.610299999999999 1600518631
3.8148000000000017 1600518631
3.8148000000000017 1600518631
3.814700000000002 1600518631
3.814700000000002 1600518631
1.8757999999999981 1600518631
1.8756999999999984 1600518631
1.8756999999999984 1600518631
1.8757999999999981 1600518631
3.829900000000002 1600518631
3.830099999999998 1600518631
3.8297999999999988 1600518631
3.829900000000002 1600518631
4.594199999999997 1600518631
4.594100000000001 1600518631
4.594099999999997 1600518631
4.594099999999997 1600518631
4.8689 1600518631
4.8689 1600518631
4.8689 1600518631
4.8689 1600518631
9.328 1600518631
9.328 1600518631
9.328 1600518631
9.328100000000003 1600518631
5.073 1600518631
5.073 1600518631
5.073 1600518631
5.0731 1600518631
5.452000000000002 1600518631
5.452000000000002 1600518631
5.452000000000002 1600518631
5.451900000000002 1600518631
6.037299999999998 1600518631
6.037199999999999 1600518631
6.037200000000002 1600518631
6.037200000000002 1600518631
3.8856 1600518631
3.8857999999999997 1600518631
3.8857 1600518631
3.8857 1600518631
4.325299999999999 1600518631
4.325199999999999 1600518631
4.325199999999999 1600518631
4.325199999999999 1600518631
4.105599999999999 1600518631
4.105599999999999 1600518631
4.105800000000002 1600518631
4.105799999999999 1600518631
5.9039 1600518631
5.9039 1600518631
5.9039 1600518631
5.904 1600518631
10.195699999999999 1600518631
10.195699999999999 1600518631
10.195799999999998 1600518631
10.195799999999998 1600518631
4.546400000000002 1600518631
4.546400000000002 1600518631
4.546400000000002 1600518631
4.546400000000002 1600518631
5.030200000000001 1600518631
5.030199999999997 1600518631
5.030200000000001 1600518631
5.030199999999997 1600518631
5.536099999999998 1600518631
5.536100000000001 1600518631
5.536099999999998 1600518631
5.536099999999998 1600518631
7.837299999999999 1600518631
7.837399999999999 1600518631
7.837299999999999 1600518631
7.837299999999999 1600518631
8.293599999999998 1600518631
8.293499999999998 1600518631
8.293499999999998 1600518631
8.293499999999998 1600518631
6.4802 1600518631
6.4802 1600518631
6.4802 1600518631
6.4803 1600518631
6.0913 1600518631
6.0915 1600518631
6.0915 1600518631
6.0913 1600518631
4.669700000000002 1600518631
4.669699999999999 1600518631
4.669800000000002 1600518631
4.669799999999999 1600518631
3.8027000000000015 1600518631
3.802699999999998 1600518631
3.8027999999999977 1600518631
3.8027000000000015 1600518631
5.883700000000001 1600518631
5.8836999999999975 1600518631
5.883700000000001 1600518631
5.8836999999999975 1600518631
6.783000000000001 1600518631
6.7829000000000015 1600518631
6.783000000000001 1600518631
6.7829000000000015 1600518631
5.1594000000000015 1600518631
5.159300000000002 1600518631
5.1594000000000015 1600518631
5.1594000000000015 1600518631
3.116900000000001 1600518631
3.1171000000000006 1600518631
3.1167000000000016 1600518631
3.117000000000001 1600518631
1.892400000000002 1600518631
1.8922999999999988 1600518631
1.8923999999999985 1600518631
1.8922999999999988 1600518631
5.0291 1600518631
5.0291999999999994 1600518631
5.0291999999999994 1600518631
5.0291 1600518631
9.280999999999999 1600518631
9.281300000000002 1600518631
9.281200000000002 1600518631
9.280999999999999 1600518631
5.1203 1600518631
5.1202000000000005 1600518631
5.1203 1600518631
5.1203 1600518631
0.165300000000002 1600518631
0.16829999999999856 1600518631
0.1681999999999988 1600518631
0.1659000000000006 1600518631
4.793500000000002 1600518631
4.793500000000002 1600518631
4.793600000000001 1600518631
4.793400000000002 1600518631
6.229500000000002 1600518631
6.232199999999999 1600518631
6.232199999999999 1600518631
6.229500000000002 1600518631
6.133199999999999 1600518631
6.133199999999999 1600518631
6.133199999999999 1600518631
6.133199999999999 1600518631
0.14399999999999835 1600518631
0.14409999999999812 1600518631
0.14410000000000167 1600518631
0.14409999999999812 1600518631
4.893500000000003 1600518631
4.893600000000003 1600518631
4.893600000000003 1600518631
4.893600000000003 1600518631
4.3825 1600518631
4.3828 1600518631
4.3828 1600518631
4.3828 1600518631
5.017199999999999 1600518631
5.017299999999999 1600518631
5.017400000000002 1600518631
5.017300000000002 1600518631
8.1049 1600518631
8.104899999999997 1600518631
8.1049 1600518631
8.104899999999997 1600518631
4.437000000000001 1600518631
4.437000000000001 1600518631
4.436900000000001 1600518631
4.437000000000001 1600518631
5.1097 1600518631
5.1098 1600518631
5.1097 1600518631
5.1097 1600518631
9.203800000000001 1600518631
9.2039 1600518631
9.203800000000001 1600518631
9.203899999999997 1600518631
7.3111 1600518631
7.3111 1600518631
7.3111 1600518631
7.311 1600518631
9.8279 1600518631
9.8279 1600518631
9.828 1600518631
9.828 1600518631
6.3947 1600518631
6.3948 1600518631
6.3948 1600518631
6.3948 1600518631
6.075500000000002 1600518631
6.075499999999998 1600518631
6.075500000000002 1600518631
6.075500000000002 1600518631
5.0138 1600518631
5.0138 1600518631
5.0138 1600518631
5.0138 1600518631
5.979000000000003 1600518631
5.9791000000000025 1600518631
5.9791000000000025 1600518631
5.9791000000000025 1600518631
5.167999999999999 1600518631
5.167999999999999 1600518631
5.1648 1600518631
5.1678999999999995 1600518631
8.1451 1600518631
8.1451 1600518631
8.145 1600518631
8.145 1600518631
3.971 1600518631
3.971 1600518631
3.971 1600518631
3.9711 1600518631
5.1615 1600518631
5.161199999999997 1600518631
5.161300000000001 1600518631
5.1615 1600518631
1.9375999999999998 1600518631
1.9376999999999995 1600518631
1.9375999999999998 1600518631
1.9376999999999995 1600518631
8.834 1600518631
8.8339 1600518631
8.8341 1600518631
8.834 1600518631
7.4419 1600518631
7.442 1600518631
7.4419 1600518631
7.4419 1600518631
5.9238 1600518631
5.9237 1600518631
5.9238 1600518631
5.9238 1600518631
0.7276999999999987 1600518631
0.7303999999999995 1600518631
0.7277999999999984 1600518631
0.7275999999999989 1600518631
8.0028 1600518631
8.0029 1600518631
8.0029 1600518631
7.9999 1600518631
6.2547999999999995 1600518631
6.2547999999999995 1600518631
6.254899999999999 1600518631
6.2547999999999995 1600518631
6.238399999999999 1600518631
6.238299999999999 1600518631
6.238099999999999 1600518631
6.238499999999998 1600518631
5.125699999999998 1600518631
5.125800000000002 1600518631
5.125800000000002 1600518631
5.125800000000002 1600518631
7.3851999999999975 1600518631
7.3851999999999975 1600518631
7.385200000000001 1600518631
7.385300000000001 1600518631
3.0573999999999977 1600518631
3.0573999999999977 1600518631
3.0573999999999977 1600518631
3.057299999999998 1600518631
4.808599999999998 1600518631
4.808599999999998 1600518631
4.808499999999999 1600518631
4.808599999999998 1600518631
4.8917 1600518631
4.8918 1600518631
4.8918 1600518631
4.8918 1600518631
8.0702 1600518631
8.070200000000003 1600518631
8.070300000000003 1600518631
8.0702 1600518631
5.840299999999999 1600518631
5.840300000000003 1600518631
5.840300000000003 1600518631
5.840300000000003 1600518631
4.302 1600518631
4.302 1600518631
4.3019 1600518631
4.3019 1600518631
6.7516 1600518631
6.7515 1600518631
6.751100000000001 1600518631
6.7516 1600518631
7.499599999999997 1600518631
7.499600000000001 1600518631
7.4985 1600518631
7.4984 1600518631
6.769300000000001 1600518631
6.769200000000001 1600518631
6.769400000000001 1600518631
6.769200000000001 1600518631
5.093800000000002 1600518631
5.093900000000001 1600518631
5.093799999999998 1600518631
5.093800000000002 1600518631
2.807000000000002 1600518631
2.807100000000002 1600518631
2.807000000000002 1600518631
2.807000000000002 1600518631
8.277000000000001 1600518631
8.277000000000001 1600518631
8.276900000000001 1600518631
8.277000000000001 1600518631
6.884900000000002 1600518631
6.885000000000002 1600518631
6.885100000000001 1600518631
6.885000000000002 1600518631
1.6954999999999991 1600518631
1.698599999999999 1600518631
1.6987999999999985 1600518631
1.6987999999999985 1600518631
0.10069999999999979 1600518631
0.10060000000000002 1600518631
0.10069999999999979 1600518631
0.10060000000000002 1600518631
8.6982 1600518631
8.6981 1600518631
8.6982 1600518631
8.6982 1600518631
6.026599999999998 1600518631
6.026699999999998 1600518631
6.026599999999998 1600518631
6.026599999999998 1600518631
7.816300000000002 1600518631
7.816400000000002 1600518631
7.816400000000002 1600518631
7.816400000000002 1600518631
4.750399999999999 1600518631
4.750499999999999 1600518631
4.750500000000002 1600518631
4.7475999999999985 1600518631
1.923099999999998 1600518631
1.923099999999998 1600518631
1.923099999999998 1600518631
1.9208999999999996 1600518631
4.4725 1600518631
4.4725 1600518631
4.4725 1600518631
4.472399999999997 1600518631
7.4009 1600518631
7.4009 1600518631
7.4008 1600518631
7.4008 1600518631
4.635200000000001 1600518631
4.6351999999999975 1600518631
4.635200000000001 1600518631
4.635300000000001 1600518631
0.9184000000000019 1600518631
0.9184000000000019 1600518631
0.9184999999999981 1600518631
0.9185000000000016 1600518631
6.4742999999999995 1600518631
6.4742999999999995 1600518631
6.4742999999999995 1600518631
6.4742999999999995 1600518631
4.062799999999999 1600518631
4.062799999999999 1600518631
4.062899999999999 1600518631
4.062899999999999 1600518631
8.9117 1600518631
8.9117 1600518631
8.911700000000003 1600518631
8.9116 1600518631
4.767000000000003 1600518631
4.7669999999999995 1600518631
4.764500000000002 1600518631
4.7669999999999995 1600518631
5.599799999999998 1600518631
5.597300000000001 1600518631
5.599900000000002 1600518631
5.597100000000001 1600518631
8.6203 1600518631
8.6203 1600518631
8.6203 1600518631
8.6202 1600518631
5.261600000000001 1600518631
5.260400000000001 1600518631
5.261800000000001 1600518631
5.261700000000001 1600518631
4.7591 1600518631
4.759 1600518631
4.759 1600518631
4.759 1600518631
6.866900000000001 1600518631
6.867000000000001 1600518631
6.867000000000001 1600518631
6.867000000000001 1600518631
6.2258 1600518631
6.225899999999999 1600518631
6.225899999999999 1600518631
6.2258 1600518631
5.886800000000001 1600518631
5.886800000000001 1600518631
5.886700000000001 1600518631
5.886700000000001 1600518631
3.9496 1600518631
3.9497000000000035 1600518631
3.9496 1600518631
3.9495000000000005 1600518631
6.0458 1600518631
6.0458 1600518631
6.0427 1600518631
6.0426 1600518631
6.031099999999999 1600518631
6.031199999999998 1600518631
6.031100000000002 1600518631
6.031100000000002 1600518631
5.5230999999999995 1600518631
5.5230999999999995 1600518631
5.523 1600518631
5.5230999999999995 1600518631
7.726700000000001 1600518631
7.726600000000001 1600518631
7.726600000000001 1600518631
7.729999999999997 1600518631
7.0394000000000005 1600518631
7.039300000000001 1600518631
7.039300000000001 1600518631
7.0394000000000005 1600518631
6.929100000000002 1600518631
6.929100000000002 1600518631
6.929100000000002 1600518631
6.929200000000002 1600518631
4.194400000000002 1600518631
4.194200000000002 1600518631
4.194399999999998 1600518631
4.194399999999998 1600518631
8.544799999999999 1600518631
8.544799999999999 1600518631
8.542200000000001 1600518631
8.544799999999999 1600518631
10.209599999999998 1600518631
10.209599999999998 1600518631
10.206399999999999 1600518631
10.206299999999999 1600518631
8.0485 1600518631
8.048399999999997 1600518631
8.0485 1600518631
8.048399999999997 1600518631
1.6057000000000023 1600518631
1.6058000000000021 1600518631
1.6058000000000021 1600518631
1.6058000000000021 1600518631
5.893999999999998 1600518631
5.893899999999999 1600518631
5.893999999999998 1600518631
5.893999999999998 1600518631
5.8812999999999995 1600518631
5.8811 1600518631
5.8811 1600518631
5.8811 1600518631
7.654700000000002 1600518631
7.654800000000002 1600518631
7.654700000000002 1600518631
7.654800000000002 1600518631
5.506900000000002 1600518631
5.506700000000002 1600518631
5.506800000000002 1600518631
5.506799999999998 1600518631
5.060700000000001 1600518631
5.0595 1600518631
5.0608 1600518631
5.0593 1600518631
6.7881 1600518631
6.788 1600518631
6.7881 1600518631
6.7881 1600518631
9.1096 1600518631
9.1095 1600518631
9.1096 1600518631
9.1097 1600518631
7.238499999999998 1600518631
7.238399999999999 1600518631
7.238399999999999 1600518631
7.238399999999999 1600518631
4.91 1600518631
4.9101 1600518631
4.9101 1600518631
4.91 1600518631
5.2042 1600518631
5.2043 1600518631
5.2043 1600518631
5.2043 1600518631
4.617000000000001 1600518631
4.616900000000001 1600518631
4.617000000000001 1600518631
4.616900000000001 1600518631
4.383899999999997 1600518631
4.383900000000001 1600518631
4.3841 1600518631
4.383800000000001 1600518631
7.905700000000003 1600518631
7.905700000000003 1600518631
7.905700000000003 1600518631
7.905700000000003 1600518631
1.3469999999999978 1600518631
1.3467999999999982 1600518631
1.3469999999999978 1600518631
1.3449999999999989 1600518631
1.1496999999999993 1600518631
1.1495999999999995 1600518631
1.1496999999999993 1600518631
1.1495999999999995 1600518631
4.314200000000003 1600518631
4.314200000000003 1600518631
4.314300000000003 1600518631
4.314300000000003 1600518631
7.360800000000001 1600518631
7.360800000000001 1600518631
7.360700000000001 1600518631
7.360700000000001 1600518631
10.262 1600518631
10.262 1600518631
10.262 1600518631
10.2621 1600518631
10.3995 1600518631
10.3994 1600518631
10.3994 1600518631
10.3995 1600518631
5.597100000000001 1600518631
5.5970999999999975 1600518631
5.596999999999998 1600518631
5.597100000000001 1600518631
6.3663000000000025 1600518631
6.366400000000002 1600518631
6.366399999999999 1600518631
6.3663000000000025 1600518631
5.475999999999999 1600518631
5.476100000000002 1600518631
5.475999999999999 1600518631
5.476000000000003 1600518631
6.364000000000001 1600518631
6.3641000000000005 1600518631
6.364000000000001 1600518631
6.364000000000001 1600518631
5.178699999999999 1600518631
5.1784 1600518631
5.1813 1600518631
5.1813 1600518631
4.935700000000001 1600518631
4.9354999999999976 1600518631
4.935699999999997 1600518631
4.935600000000001 1600518631
6.463800000000003 1600518631
6.463900000000002 1600518631
6.463700000000003 1600518631
6.463800000000003 1600518631
4.645 1600518631
4.645099999999999 1600518631
4.645099999999999 1600518631
4.645 1600518631
6.2805 1600518631
6.280399999999997 1600518631
6.2803 1600518631
6.2804 1600518631
8.7731 1600518631
8.7732 1600518631
8.7731 1600518631
8.773100000000003 1600518631
6.882899999999999 1600518631
6.8828 1600518631
6.882899999999999 1600518631
6.8828 1600518631
6.8393000000000015 1600518631
6.839400000000001 1600518631
6.839400000000001 1600518631
6.839400000000001 1600518631
0.0777000000000001 1600518631
0.0777000000000001 1600518631
0.0777000000000001 1600518631
0.0777000000000001 1600518631
5.388999999999999 1600518631
5.389099999999999 1600518631
5.388999999999999 1600518631
5.389099999999999 1600518631
3.2135 1600518631
3.2135999999999996 1600518631
3.2135 1600518631
3.2135 1600518631
4.979300000000002 1600518631
4.979400000000002 1600518631
4.979300000000002 1600518631
4.979400000000002 1600518631
4.286200000000001 1600518631
4.286200000000001 1600518631
4.286100000000001 1600518631
4.285999999999998 1600518631
7.392300000000002 1600518631
7.392400000000002 1600518631
7.392300000000002 1600518631
7.392299999999999 1600518631
0.07339999999999947 1600518631
0.07340000000000302 1600518631
0.07350000000000279 1600518631
0.07350000000000279 1600518631
5.290900000000001 1600518631
5.2911 1600518631
5.2911 1600518631
5.2911 1600518631
6.213799999999999 1600518631
6.213999999999999 1600518631
6.214099999999998 1600518631
6.214099999999998 1600518631
3.8507999999999996 1600518631
3.850900000000003 1600518631
3.8507999999999996 1600518631
3.850800000000003 1600518631
0.2808000000000028 1600518631
0.2808000000000028 1600518631
0.2808000000000028 1600518631
0.28089999999999904 1600518631
5.976899999999997 1600518631
5.976799999999997 1600518631
5.976799999999997 1600518631
5.976799999999997 1600518631
7.633800000000001 1600518631
7.6373 1600518631
7.633800000000001 1600518631
7.6372 1600518631
8.9894 1600518631
8.9897 1600518631
8.9897 1600518631
8.9896 1600518631
10.5273 1600518631
10.5273 1600518631
10.5273 1600518631
10.5273 1600518631
5.9466 1600518631
5.9466 1600518631
5.9465 1600518631
5.9466 1600518631
3.995000000000001 1600518631
3.995000000000001 1600518631
3.9951000000000008 1600518631
3.9951000000000008 1600518631
4.941300000000002 1600518631
4.941400000000002 1600518631
4.941500000000001 1600518631
4.941399999999998 1600518631
5.4969 1600518631
5.496799999999997 1600518631
5.4969 1600518631
5.4969 1600518631
3.6221999999999994 1600518631
3.622299999999999 1600518631
3.6221999999999994 1600518631
3.622299999999999 1600518631
5.1038 1600518631
5.1038 1600518631
5.1038 1600518631
5.1038 1600518631
5.927299999999999 1600518631
5.927299999999999 1600518631
5.927399999999999 1600518631
5.927299999999999 1600518631
7.293699999999998 1600518631
7.293799999999997 1600518631
7.293699999999998 1600518631
7.293699999999998 1600518631
4.336000000000002 1600518631
4.336100000000002 1600518631
4.336000000000002 1600518631
4.336100000000002 1600518631
10.1846 1600518631
10.1846 1600518631
10.182100000000002 1600518631
10.1845 1600518631
10.3993 1600518631
10.3994 1600518631
10.3993 1600518631
10.3992 1600518631
6.025200000000002 1600518631
6.025200000000002 1600518631
6.025300000000001 1600518631
6.025400000000001 1600518631
6.435100000000002 1600518631
6.432500000000001 1600518631
6.4350999999999985 1600518631
6.434999999999999 1600518631
6.476400000000002 1600518631
6.4765000000000015 1600518631
6.4765000000000015 1600518631
6.473500000000001 1600518631
9.600200000000001 1600518631
9.6003 1600518631
9.600200000000001 1600518631
9.600200000000001 1600518631
4.732100000000003 1600518631
4.732100000000003 1600518631
4.732000000000003 1600518631
4.732000000000003 1600518631
8.5978 1600518631
8.5978 1600518631
8.5978 1600518631
8.5978 1600518631
6.3199000000000005 1600518631
6.319800000000001 1600518631
6.3199000000000005 1600518631
6.319800000000001 1600518631
1.2205000000000013 1600518631
1.2206999999999972 1600518631
1.2206999999999972 1600518631
1.2206999999999972 1600518631
5.669699999999999 1600518631
5.669799999999999 1600518631
5.669699999999999 1600518631
5.669799999999999 1600518631
7.568200000000001 1600518631
7.570499999999999 1600518631
7.568199999999997 1600518631
7.568200000000001 1600518631
