67.1667 1600221536
62.277699999999996 1600221536
53.4692 1600221536
62.7141 1600221536
63.431 1600221536
52.2953 1600221536
63.4294 1600221536
64.3324 1600221536
63.607 1600221536
58.857299999999995 1600221536
66.1781 1600221536
66.4841 1600221536
66.08919999999999 1600221536
63.4291 1600221536
67.2177 1600221536
54.3431 1600221536
66.2376 1600221536
53.464600000000004 1600221536
42.6713 1600221536
53.3515 1600221536
56.6925 1600221536
55.787800000000004 1600221536
58.3653 1600221536
56.4319 1600221536
66.5586 1600221536
59.8598 1600221536
59.231300000000005 1600221536
66.2047 1600221536
59.8541 1600221536
57.0231 1600221536
60.3436 1600221536
47.2177 1600221536
63.893299999999996 1600221536
31.3465 1600221536
66.5476 1600221536
54.346999999999994 1600221536
59.290800000000004 1600221536
57.024499999999996 1600221536
57.8163 1600221536
65.1779 1600221536
66.8707 1600221536
65.78059999999999 1600221536
59.2451 1600221536
52.2954 1600221536
66.1168 1600221536
65.1787 1600221536
66.5337 1600221536
49.1417 1600221536
67.2179 1600221536
56.9659 1600221536
31.1876 1600221536
55.0895 1600221536
55.786199999999994 1600221536
62.7175 1600221536
56.2992 1600221536
47.22 1600221536
60.5071 1600221536
57.0252 1600221536
60.4785 1600221536
66.2375 1600221536
57.198 1600221536
62.6201 1600221536
57.0251 1600221536
63.2919 1600221536
64.74629999999999 1600221536
58.8577 1600221536
65.18130000000001 1600221536
66.3762 1600221536
65.1789 1600221536
63.2725 1600221536
62.6194 1600221536
65.55160000000001 1600221536
63.612899999999996 1600221536
66.0858 1600221536
67.1773 1600221536
67.3175 1600221536
53.6795 1600221536
63.9747 1600221536
57.1989 1600221536
65.1789 1600221536
67.3164 1600221536
50.5497 1600221536
58.8524 1600221536
59.8541 1600221536
63.8985 1600221536
62.619299999999996 1600221536
55.7819 1600221536
50.327400000000004 1600221536
66.17869999999999 1600221536
61.181200000000004 1600221536
63.0293 1600221536
63.6153 1600221536
64.0833 1600221536
53.5831 1600221536
64.7617 1600221536
57.1982 1600221536
63.8929 1600221536
63.4288 1600221536
64.1503 1600221536
57.8141 1600221536
54.347 1600221536
63.8925 1600221536
59.4688 1600221536
65.1802 1600221536
62.6185 1600221536
65.6424 1600221536
67.3173 1600221536
63.031499999999994 1600221536
63.70499999999999 1600221536
50.2577 1600221536
63.9748 1600221536
59.858 1600221536
64.0336 1600221536
36.4117 1600221536
66.3755 1600221536
43.6141 1600221536
46.234500000000004 1600221536
49.1482 1600221536
63.2734 1600221536
62.2753 1600221536
42.091899999999995 1600221536
65.717 1600221536
56.1213 1600221536
65.6427 1600221536
48.626 1600221536
50.2544 1600221536
61.5163 1600221536
56.9275 1600221536
64.25789999999999 1600221536
56.9677 1600221536
50.777100000000004 1600221536
51.0207 1600221536
67.3087 1600221536
61.5136 1600221536
14.6927 1600221536
63.0309 1600221536
64.2678 1600221536
63.7043 1600221536
62.6197 1600221536
57.8185 1600221536
67.3686 1600221536
63.0293 1600221536
51.998 1600221536
64.765 1600221536
46.6575 1600221536
65.6425 1600221536
66.3592 1600221536
52.729499999999994 1600221536
53.3485 1600221536
67.2924 1600221536
55.3639 1600221536
63.272800000000004 1600221536
67.17830000000001 1600221536
55.4617 1600221536
46.2087 1600221536
56.9276 1600221536
52.0013 1600221536
57.8188 1600221536
67.1175 1600221536
65.1789 1600221536
56.681799999999996 1600221536
62.281 1600221536
66.56269999999999 1600221536
66.3591 1600221536
67.0765 1600221536
59.234399999999994 1600221536
67.4512 1600221536
53.582100000000004 1600221536
60.5069 1600221536
53.462399999999995 1600221536
62.7125 1600221536
64.15010000000001 1600221536
65.1801 1600221536
47.8008 1600221536
66.3029 1600221536
55.7906 1600221536
65.181 1600221536
67.317 1600221536
56.4291 1600221536
57.815200000000004 1600221536
62.6192 1600221536
59.8586 1600221536
58.3681 1600221536
65.17960000000001 1600221536
62.619 1600221536
65.6437 1600221536
47.3801 1600221536
59.231899999999996 1600221536
66.9616 1600221536
63.606700000000004 1600221536
49.1481 1600221536
66.9531 1600221536
48.624 1600221536
57.2033 1600221536
50.7772 1600221536
58.859500000000004 1600221536
56.4326 1600221536
64.6762 1600221536
59.246199999999995 1600221536
49.754799999999996 1600221536
66.5053 1600221536
58.3678 1600221536
51.0576 1600221536
55.388099999999994 1600221536
64.0347 1600221536
63.029 1600221536
65.178 1600221536
63.431099999999994 1600221536
55.0769 1600221536
65.1783 1600221536
67.2008 1600221536
59.0858 1600221536
65.6991 1600221536
50.553999999999995 1600221536
67.1773 1600221536
59.3165 1600221536
59.2337 1600221536
60.507200000000005 1600221536
64.7616 1600221536
66.64320000000001 1600221536
60.4274 1600221536
67.2674 1600221536
52.7321 1600221536
63.922799999999995 1600221536
51.0582 1600221536
53.461600000000004 1600221536
64.3574 1600221536
57.0246 1600221536
66.5587 1600221536
60.0646 1600221536
52.297200000000004 1600221536
52.8789 1600221536
63.2746 1600221536
55.363899999999994 1600221536
66.9345 1600221536
62.619099999999996 1600221536
62.2757 1600221536
62.6188 1600221536
53.348499999999994 1600221536
66.2441 1600221536
60.4271 1600221536
67.1794 1600221536
65.5541 1600221536
65.1805 1600221536
65.5633 1600221536
52.7247 1600221536
66.5049 1600221536
67.1683 1600221536
56.685700000000004 1600221536
50.5491 1600221536
67.1849 1600221536
66.3488 1600221536
67.31840000000001 1600221536
67.1256 1600221536
54.342800000000004 1600221536
60.426199999999994 1600221536
53.463499999999996 1600221536
63.7801 1600221536
55.060700000000004 1600221536
61.5138 1600221536
63.2736 1600221536
60.4255 1600221536
66.50450000000001 1600221536
67.0774 1600221536
54.3422 1600221536
67.0758 1600221536
67.3179 1600221536
55.0728 1600221536
57.2002 1600221536
62.716 1600221536
67.4514 1600221536
59.2329 1600221536
53.3506 1600221536
43.7193 1600221536
55.3761 1600221536
67.20009999999999 1600221536
67.3177 1600221536
56.6865 1600221536
55.0737 1600221536
55.7909 1600221536
58.368 1600221536
55.559 1600221536
63.7327 1600221536
59.232499999999995 1600221536
63.61580000000001 1600221536
66.1828 1600221536
56.117000000000004 1600221536
59.4692 1600221536
65.6912 1600221536
67.1775 1600221536
60.073100000000004 1600221536
34.1217 1600221536
67.1436 1600221536
56.6845 1600221536
57.0278 1600221536
63.7175 1600221536
64.3198 1600221536
57.8162 1600221536
65.1783 1600221536
45.9014 1600221536
64.1507 1600221536
64.7649 1600221536
67.117 1600221536
64.1705 1600221536
46.9242 1600221536
67.2674 1600221536
66.7573 1600221536
66.37650000000001 1600221536
46.8675 1600221536
66.83200000000001 1600221536
48.1798 1600221536
55.3683 1600221536
63.273799999999994 1600221536
62.6186 1600221536
63.2744 1600221536
45.3487 1600221536
63.61280000000001 1600221536
63.032 1600221536
64.25750000000001 1600221536
41.992599999999996 1600221536
63.732699999999994 1600221536
66.2428 1600221536
47.8027 1600221536
56.120000000000005 1600221536
66.7541 1600221536
67.2253 1600221536
50.2547 1600221536
59.8594 1600221536
67.1671 1600221536
67.3082 1600221536
51.9976 1600221536
10.518400000000002 1600221536
51.9704 1600221536
57.822 1600221536
65.6423 1600221536
53.469100000000005 1600221536
58.3679 1600221536
65.5512 1600221536
59.2342 1600221536
59.2609 1600221536
64.6508 1600221536
65.1782 1600221536
67.15050000000001 1600221536
65.1782 1600221536
59.8559 1600221536
66.517 1600221536
67.2923 1600221536
63.0323 1600221536
63.6074 1600221536
52.754400000000004 1600221536
65.17830000000001 1600221536
54.3457 1600221536
64.3196 1600221536
63.6065 1600221536
57.203 1600221536
54.3423 1600221536
62.2777 1600221536
59.856199999999994 1600221536
60.4248 1600221536
66.2431 1600221536
60.3437 1600221536
62.2744 1600221536
67.2436 1600221536
63.4313 1600221536
47.657599999999995 1600221536
55.7821 1600221536
65.1787 1600221536
63.7213 1600221536
63.031800000000004 1600221536
66.0916 1600221536
56.4249 1600221536
66.5055 1600221536
55.7864 1600221536
39.260400000000004 1600221536
56.9658 1600221536
58.37 1600221536
19.2133 1600221536
57.8201 1600221536
64.76180000000001 1600221536
63.0338 1600221536
65.1791 1600221536
66.9529 1600221536
59.8579 1600221536
66.5179 1600221536
47.2183 1600221536
51.0222 1600221536
58.8539 1600221536
49.141799999999996 1600221536
65.1832 1600221536
58.3664 1600221536
50.7772 1600221536
66.6439 1600221536
61.5139 1600221536
65.6899 1600221536
48.6245 1600221536
56.4458 1600221536
57.198 1600221536
62.2764 1600221536
65.6447 1600221536
63.61299999999999 1600221536
63.892799999999994 1600221536
56.926899999999996 1600221536
57.8115 1600221536
67.35940000000001 1600221536
58.8559 1600221536
63.892199999999995 1600221536
63.611999999999995 1600221536
50.7723 1600221536
67.2184 1600221536
59.2376 1600221536
56.3007 1600221536
59.2326 1600221536
59.854 1600221536
63.6138 1600221536
60.3431 1600221536
66.575 1600221536
56.428999999999995 1600221536
18.9459 1600221536
67.1664 1600221536
63.7047 1600221536
48.6254 1600221536
51.997699999999995 1600221536
67.4511 1600221536
66.2038 1600221536
66.8412 1600221536
51.4152 1600221536
66.558 1600221536
53.349399999999996 1600221536
35.9445 1600221536
55.462 1600221536
55.4132 1600221536
66.6764 1600221536
57.0274 1600221536
57.2023 1600221536
47.8044 1600221536
56.967099999999995 1600221536
64.6779 1600221536
58.8521 1600221536
22.2297 1600221536
59.858000000000004 1600221536
40.9485 1600221536
60.4304 1600221536
65.64229999999999 1600221536
64.1919 1600221536
52.754999999999995 1600221536
61.5139 1600221536
65.6893 1600221536
66.93509999999999 1600221536
59.304700000000004 1600221536
67.1901 1600221536
49.1492 1600221536
59.245200000000004 1600221536
60.4274 1600221536
60.4824 1600221536
65.6423 1600221536
46.9261 1600221536
61.5143 1600221536
49.7478 1600221536
61.1813 1600221536
49.7509 1600221536
63.0631 1600221536
62.2734 1600221536
63.4555 1600221536
48.6245 1600221536
67.2252 1600221536
66.30510000000001 1600221536
65.18130000000001 1600221536
63.6312 1600221536
63.430499999999995 1600221536
67.2175 1600221536
50.546 1600221536
63.892799999999994 1600221536
50.7772 1600221536
57.815599999999996 1600221536
50.3271 1600221536
66.7539 1600221536
56.4278 1600221536
67.2179 1600221536
51.4234 1600221536
26.1388 1600221536
51.980000000000004 1600221536
28.9248 1600221536
63.42909999999999 1600221536
52.2915 1600221536
66.5754 1600221536
58.851299999999995 1600221536
53.4655 1600221536
54.3462 1600221536
65.6937 1600221536
59.854 1600221536
67.2925 1600221536
55.0612 1600221536
62.275299999999994 1600221536
56.426500000000004 1600221536
67.3269 1600221536
63.72240000000001 1600221536
31.3474 1600221536
56.698 1600221536
63.2729 1600221536
67.3191 1600221536
48.6229 1600221536
50.3258 1600221536
60.4781 1600221536
57.0266 1600221536
64.76520000000001 1600221536
63.6544 1600221536
13.087200000000001 1600221536
59.8587 1600221536
62.274499999999996 1600221536
53.3482 1600221536
62.2766 1600221536
0.010299999999999976 1600221536
