31.2532 1600650223
25.822300000000002 1600650223
20.4601 1600650223
26.0747 1600650223
20.459999999999997 1600650223
24.058 1600650223
23.191 1600650223
18.555899999999998 1600650223
29.8846 1600650223
23.4596 1600650223
25.4892 1600650223
20.026699999999998 1600650223
23.8422 1600650223
29.9073 1600650223
29.904899999999998 1600650223
23.8421 1600650223
32.7044 1600650223
17.109599999999997 1600650223
17.1051 1600650223
22.571099999999998 1600650223
22.6358 1600650223
25.0921 1600650223
17.516399999999997 1600650223
18.7486 1600650223
18.7089 1600650223
23.2988 1600650223
15.3757 1600650223
21.072699999999998 1600650223
19.226 1600650223
22.426 1600650223
23.6752 1600650223
18.708699999999997 1600650223
21.8102 1600650223
25.4908 1600650223
30.8795 1600650223
20.0401 1600650223
25.0654 1600650223
21.697499999999998 1600650223
17.2639 1600650223
26.0595 1600650223
30.879099999999998 1600650223
24.389499999999998 1600650223
30.081 1600650223
15.9507 1600650223
17.877699999999997 1600650223
25.6787 1600650223
25.644499999999997 1600650223
22.4679 1600650223
24.389899999999997 1600650223
32.587900000000005 1600650223
23.1481 1600650223
18.5967 1600650223
29.9291 1600650223
22.228499999999997 1600650223
25.729899999999997 1600650223
21.7613 1600650223
27.1102 1600650223
18.555899999999998 1600650223
22.9919 1600650223
23.5083 1600650223
28.6483 1600650223
19.6692 1600650223
29.9451 1600650223
24.5449 1600650223
24.545299999999997 1600650223
19.641299999999998 1600650223
31.8506 1600650223
18.5608 1600650223
23.9057 1600650223
17.064 1600650223
30.3269 1600650223
20.2715 1600650223
23.7881 1600650223
15.0173 1600650223
17.2688 1600650223
19.2819 1600650223
29.9161 1600650223
19.5258 1600650223
23.1691 1600650223
29.8223 1600650223
19.4758 1600650223
24.525199999999998 1600650223
32.3918 1600650223
23.5581 1600650223
18.4299 1600650223
23.4815 1600650223
23.5434 1600650223
24.413999999999998 1600650223
23.543599999999998 1600650223
24.127 1600650223
18.029899999999998 1600650223
22.119 1600650223
19.712699999999998 1600650223
24.353199999999998 1600650223
24.534399999999998 1600650223
24.327599999999997 1600650223
21.7457 1600650223
29.9527 1600650223
18.8495 1600650223
32.7393 1600650223
18.4404 1600650223
24.4572 1600650223
25.719199999999997 1600650223
21.616799999999998 1600650223
30.8678 1600650223
24.8367 1600650223
29.581799999999998 1600650223
21.7124 1600650223
31.1539 1600650223
19.5518 1600650223
21.6909 1600650223
24.281499999999998 1600650223
24.871499999999997 1600650223
25.147499999999997 1600650223
18.4404 1600650223
31.306199999999997 1600650223
25.3322 1600650223
31.054 1600650223
21.493599999999997 1600650223
23.4632 1600650223
20.0875 1600650223
23.9345 1600650223
24.490299999999998 1600650223
28.0052 1600650223
24.4907 1600650223
29.1968 1600650223
30.129099999999998 1600650223
24.490299999999998 1600650223
25.9241 1600650223
23.4635 1600650223
25.8314 1600650223
29.935 1600650223
32.299099999999996 1600650223
17.5189 1600650223
20.927999999999997 1600650223
26.1828 1600650223
28.7306 1600650223
23.6925 1600650223
15.3001 1600650223
19.2747 1600650223
20.195700000000002 1600650223
23.7323 1600650223
25.669 1600650223
23.7078 1600650223
24.8879 1600650223
17.499699999999997 1600650223
29.6227 1600650223
15.2475 1600650223
32.7516 1600650223
22.627599999999997 1600650223
22.7154 1600650223
24.0916 1600650223
23.0841 1600650223
25.4469 1600650223
29.019199999999998 1600650223
24.960299999999997 1600650223
18.3292 1600650223
26.859699999999997 1600650223
30.880699999999997 1600650223
21.4879 1600650223
18.328799999999998 1600650223
24.3908 1600650223
21.677 1600650223
23.0734 1600650223
21.7071 1600650223
29.2156 1600650223
29.676 1600650223
19.525399999999998 1600650223
22.2515 1600650223
23.1447 1600650223
23.763199999999998 1600650223
29.093 1600650223
24.6017 1600650223
29.9791 1600650223
25.001199999999997 1600650223
25.5476 1600650223
25.5258 1600650223
18.6921 1600650223
23.2656 1600650223
28.1302 1600650223
20.949499999999997 1600650223
32.015499999999996 1600650223
26.077599999999997 1600650223
23.7272 1600650223
23.955099999999998 1600650223
29.909399999999998 1600650223
15.8762 1600650223
25.5396 1600650223
26.164299999999997 1600650223
23.952299999999997 1600650223
29.912799999999997 1600650223
16.601499999999998 1600650223
16.502799999999997 1600650223
22.6205 1600650223
16.601799999999997 1600650223
23.9802 1600650223
17.0917 1600650223
19.962699999999998 1600650223
31.065299999999997 1600650223
19.0979 1600650223
28.7534 1600650223
18.0905 1600650223
19.507 1600650223
21.673099999999998 1600650223
23.9077 1600650223
23.544600000000003 1600650223
26.1339 1600650223
29.698999999999998 1600650223
23.889499999999998 1600650223
29.8828 1600650223
21.3944 1600650223
25.128999999999998 1600650223
25.4818 1600650223
20.2706 1600650223
31.236500000000003 1600650223
22.9455 1600650223
29.624299999999998 1600650223
19.4469 1600650223
23.0534 1600650223
25.6892 1600650223
26.1882 1600650223
23.053299999999997 1600650223
29.877000000000002 1600650223
25.187600000000003 1600650223
19.636799999999997 1600650223
25.959799999999998 1600650223
18.418899999999997 1600650223
30.9473 1600650223
18.325999999999997 1600650223
21.514699999999998 1600650223
19.4336 1600650223
32.3593 1600650223
18.6363 1600650223
23.188 1600650223
29.6864 1600650223
18.8478 1600650223
22.525199999999998 1600650223
23.725199999999997 1600650223
23.6859 1600650223
29.7027 1600650223
23.9016 1600650223
19.8476 1600650223
25.991899999999998 1600650223
24.521299999999997 1600650223
19.88 1600650223
19.979599999999998 1600650223
22.051299999999998 1600650223
31.8848 1600650223
17.739099999999997 1600650223
18.591199999999997 1600650223
26.037300000000002 1600650223
18.9905 1600650223
25.418799999999997 1600650223
22.2183 1600650223
24.049899999999997 1600650223
24.241699999999998 1600650223
18.9906 1600650223
24.223 1600650223
26.0612 1600650223
24.050099999999997 1600650223
20.195999999999998 1600650223
25.981099999999998 1600650223
24.2228 1600650223
22.1195 1600650223
31.4208 1600650223
18.3474 1600650223
25.776999999999997 1600650223
21.0062 1600650223
25.3824 1600650223
15.951500000000001 1600650223
22.3842 1600650223
22.7823 1600650223
24.1847 1600650223
27.712999999999997 1600650223
15.951600000000001 1600650223
17.944599999999998 1600650223
19.1266 1600650223
22.6693 1600650223
28.443099999999998 1600650223
19.055 1600650223
32.608200000000004 1600650223
22.2867 1600650223
23.2353 1600650223
23.536299999999997 1600650223
29.8846 1600650223
23.3803 1600650223
23.649099999999997 1600650223
24.950899999999997 1600650223
18.5613 1600650223
20.060699999999997 1600650223
29.6806 1600650223
21.7122 1600650223
23.8141 1600650223
17.7263 1600650223
23.380399999999998 1600650223
21.691399999999998 1600650223
24.366999999999997 1600650223
30.235999999999997 1600650223
31.3496 1600650223
14.9337 1600650223
21.4975 1600650223
23.448999999999998 1600650223
21.7248 1600650223
22.835099999999997 1600650223
22.775499999999997 1600650223
25.4006 1600650223
25.5595 1600650223
23.0762 1600650223
23.8404 1600650223
29.9317 1600650223
23.956799999999998 1600650223
24.0068 1600650223
21.392 1600650223
26.8965 1600650223
30.8779 1600650223
22.176099999999998 1600650223
21.485 1600650223
25.246 1600650223
30.8778 1600650223
18.587999999999997 1600650223
22.176499999999997 1600650223
22.2361 1600650223
24.999599999999997 1600650223
24.9382 1600650223
22.231499999999997 1600650223
18.238799999999998 1600650223
25.383599999999998 1600650223
22.0382 1600650223
25.444399999999998 1600650223
18.234299999999998 1600650223
32.0158 1600650223
26.2858 1600650223
21.150199999999998 1600650223
24.9495 1600650223
28.6451 1600650223
23.0506 1600650223
23.3526 1600650223
17.792199999999998 1600650223
29.5021 1600650223
17.792499999999997 1600650223
19.3527 1600650223
22.2138 1600650223
23.4651 1600650223
29.879399999999997 1600650223
18.319799999999997 1600650223
25.9286 1600650223
31.2902 1600650223
18.706999999999997 1600650223
21.5518 1600650223
25.9883 1600650223
21.5337 1600650223
29.9055 1600650223
25.3143 1600650223
23.1102 1600650223
27.008999999999997 1600650223
21.793699999999998 1600650223
29.9556 1600650223
25.374 1600650223
22.4885 1600650223
23.8412 1600650223
24.2841 1600650223
19.9683 1600650223
24.257299999999997 1600650223
32.7943 1600650223
26.510199999999998 1600650223
22.8535 1600650223
25.842599999999997 1600650223
19.5743 1600650223
29.8785 1600650223
18.5747 1600650223
22.482999999999997 1600650223
23.927699999999998 1600650223
15.1783 1600650223
21.951 1600650223
23.938399999999998 1600650223
18.9852 1600650223
26.546799999999998 1600650223
18.961499999999997 1600650223
17.365299999999998 1600650223
30.1752 1600650223
29.112499999999997 1600650223
22.040599999999998 1600650223
24.255499999999998 1600650223
27.0463 1600650223
22.1849 1600650223
30.9878 1600650223
21.3986 1600650223
24.409499999999998 1600650223
27.086 1600650223
23.926599999999997 1600650223
27.3297 1600650223
23.9267 1600650223
21.020799999999998 1600650223
16.1299 1600650223
24.616899999999998 1600650223
25.750799999999998 1600650223
32.021 1600650223
22.522299999999998 1600650223
23.6803 1600650223
29.6784 1600650223
23.6968 1600650223
28.645699999999998 1600650223
18.772599999999997 1600650223
29.3111 1600650223
23.5387 1600650223
18.555899999999998 1600650223
23.235899999999997 1600650223
27.269299999999998 1600650223
17.0213 1600650223
23.317 1600650223
25.3193 1600650223
17.8267 1600650223
31.572899999999997 1600650223
25.3448 1600650223
29.9464 1600650223
22.5719 1600650223
26.1455 1600650223
18.814 1600650223
20.1328 1600650223
30.7837 1600650223
16.3177 1600650223
18.748199999999997 1600650223
25.022499999999997 1600650223
23.4363 1600650223
24.1204 1600650223
18.748399999999997 1600650223
26.965999999999998 1600650223
18.746899999999997 1600650223
15.013300000000001 1600650223
26.2881 1600650223
17.84 1600650223
22.223499999999998 1600650223
25.8542 1600650223
21.046599999999998 1600650223
30.8793 1600650223
25.5981 1600650223
25.7179 1600650223
19.186799999999998 1600650223
30.8796 1600650223
24.257199999999997 1600650223
29.0596 1600650223
15.978900000000001 1600650223
28.7399 1600650223
18.3857 1600650223
19.7369 1600650223
32.4853 1600650223
25.1951 1600650223
22.0445 1600650223
21.401899999999998 1600650223
26.5181 1600650223
28.1279 1600650223
21.0186 1600650223
29.9285 1600650223
23.0981 1600650223
23.516499999999997 1600650223
24.6023 1600650223
29.880399999999998 1600650223
24.552 1600650223
24.5518 1600650223
17.5845 1600650223
29.6696 1600650223
22.783099999999997 1600650223
32.6815 1600650223
18.316599999999998 1600650223
25.9343 1600650223
17.292299999999997 1600650223
15.1454 1600650223
21.5001 1600650223
20.837999999999997 1600650223
29.2255 1600650223
17.389499999999998 1600650223
17.915499999999998 1600650223
27.3657 1600650223
18.049799999999998 1600650223
17.2684 1600650223
22.7095 1600650223
25.726599999999998 1600650223
19.8969 1600650223
31.6471 1600650223
22.6081 1600650223
23.5738 1600650223
23.484299999999998 1600650223
26.1088 1600650223
23.5739 1600650223
28.7721 1600650223
20.0734 1600650223
25.2304 1600650223
16.870199999999997 1600650223
23.7152 1600650223
29.952199999999998 1600650223
23.746199999999998 1600650223
26.8833 1600650223
18.436799999999998 1600650223
22.0095 1600650223
17.2596 1600650223
32.6448 1600650223
25.147599999999997 1600650223
27.6279 1600650223
24.9077 1600650223
29.153499999999998 1600650223
31.0154 1600650223
22.468 1600650223
27.8807 1600650223
18.440399999999997 1600650223
25.061799999999998 1600650223
22.726499999999998 1600650223
23.100099999999998 1600650223
30.9453 1600650223
17.5658 1600650223
19.4845 1600650223
26.7492 1600650223
19.551399999999997 1600650223
