0.4335 1600648413
0.5648 1600648413
0.5862 1600648413
0.38310000000000005 1600648413
0.6805 1600648413
0.45919999999999994 1600648413
0.2861000000000001 1600648413
0.5106999999999999 1600648413
0.45920000000000005 1600648413
0.3576 1600648413
0.6191 1600648413
0.3866 1600648413
0.4849 1600648413
0.5601 1600648413
0.47519999999999996 1600648413
0.414 1600648413
0.364 1600648413
0.4142 1600648413
0.47479999999999994 1600648413
0.3985 1600648413
0.4804 1600648413
0.5845 1600648413
0.5291000000000001 1600648413
0.49150000000000005 1600648413
0.3534 1600648413
0.3968 1600648413
0.34830000000000005 1600648413
0.3529 1600648413
0.6277 1600648413
0.5587 1600648413
0.6126 1600648413
0.6328 1600648413
0.5814 1600648413
0.5222 1600648413
0.513 1600648413
0.4714 1600648413
0.5146000000000001 1600648413
0.4085 1600648413
0.5904 1600648413
0.544 1600648413
0.5263 1600648413
0.6106 1600648413
0.27720000000000006 1600648413
0.48730000000000007 1600648413
0.43299999999999994 1600648413
0.5021 1600648413
0.4728 1600648413
0.4976 1600648413
0.418 1600648413
0.541 1600648413
0.38749999999999996 1600648413
0.5462 1600648413
0.5061 1600648413
0.47319999999999995 1600648413
0.5618 1600648413
0.5629 1600648413
0.4798 1600648413
0.5544 1600648413
0.5688 1600648413
0.5806 1600648413
0.5178 1600648413
0.40299999999999997 1600648413
0.48600000000000004 1600648413
0.4113 1600648413
0.4403 1600648413
0.5669000000000001 1600648413
0.39059999999999995 1600648413
0.38569999999999993 1600648413
0.5082 1600648413
0.4346 1600648413
0.4253 1600648413
0.4704999999999999 1600648413
0.49360000000000004 1600648413
0.3203 1600648413
0.5092 1600648413
0.44720000000000004 1600648413
0.4941 1600648413
0.3833 1600648413
0.4547 1600648413
0.4237 1600648413
0.6006 1600648413
0.3679 1600648413
0.44399999999999995 1600648413
0.5061 1600648413
0.3921 1600648413
0.3484 1600648413
0.6716 1600648413
0.6095999999999999 1600648413
0.3537 1600648413
0.4966999999999999 1600648413
0.5184 1600648413
0.6438 1600648413
0.3901 1600648413
0.485 1600648413
0.49860000000000004 1600648413
0.5465 1600648413
0.2725 1600648413
0.5289 1600648413
0.43049999999999994 1600648413
0.4162 1600648413
0.5034 1600648413
0.4376 1600648413
0.4135 1600648413
0.4998 1600648413
0.2776 1600648413
0.498 1600648413
0.416 1600648413
0.44170000000000004 1600648413
0.6881999999999999 1600648413
0.48919999999999997 1600648413
0.4559000000000001 1600648413
0.483 1600648413
0.4222 1600648413
0.3978 1600648413
0.44380000000000003 1600648413
0.42879999999999996 1600648413
0.6112 1600648413
0.466 1600648413
0.5498 1600648413
0.7104 1600648413
0.6148 1600648413
0.5072 1600648413
0.4071 1600648413
0.3539999999999999 1600648413
0.4552999999999999 1600648413
0.45330000000000004 1600648413
0.5650999999999999 1600648413
0.587 1600648413
0.5315 1600648413
0.574 1600648413
0.4648 1600648413
0.43589999999999995 1600648413
0.3813 1600648413
0.6329 1600648413
0.496 1600648413
0.48300000000000004 1600648413
0.3589 1600648413
0.5148 1600648413
0.5452 1600648413
0.5347 1600648413
0.6500999999999999 1600648413
0.44160000000000005 1600648413
0.5199 1600648413
0.4394 1600648413
0.4036 1600648413
0.5425 1600648413
0.3636 1600648413
0.5015000000000001 1600648413
0.591 1600648413
0.35289999999999994 1600648413
0.485 1600648413
0.4405 1600648413
0.5230999999999999 1600648413
0.6489 1600648413
0.5992999999999999 1600648413
0.5644 1600648413
0.5787 1600648413
0.6016 1600648413
0.47 1600648413
0.4819 1600648413
0.478 1600648413
0.40590000000000004 1600648413
0.43860000000000005 1600648413
0.5529 1600648413
0.4428 1600648413
0.4012 1600648413
0.43820000000000003 1600648413
0.5157 1600648413
0.41669999999999996 1600648413
0.5599000000000001 1600648413
0.4042 1600648413
0.5981000000000001 1600648413
0.4551 1600648413
0.4311999999999999 1600648413
0.3909 1600648413
0.3212 1600648413
0.5208999999999999 1600648413
0.6557 1600648413
0.4457 1600648413
0.5428999999999999 1600648413
0.6679999999999999 1600648413
0.4275 1600648413
0.5028999999999999 1600648413
0.5545 1600648413
0.49929999999999997 1600648413
0.4328000000000001 1600648413
0.5207999999999999 1600648413
0.5543 1600648413
0.6144999999999999 1600648413
0.5428 1600648413
0.5720000000000001 1600648413
0.5221 1600648413
0.41090000000000004 1600648413
0.3236 1600648413
0.5621999999999999 1600648413
0.5818000000000001 1600648413
0.5346 1600648413
0.40880000000000005 1600648413
0.5539000000000001 1600648413
0.33890000000000003 1600648413
0.45339999999999997 1600648413
0.568 1600648413
0.5463 1600648413
0.4912 1600648413
0.5478 1600648413
0.5403 1600648413
0.6955 1600648413
0.4457 1600648413
0.4132 1600648413
0.5768 1600648413
0.5295000000000001 1600648413
0.45019999999999993 1600648413
0.6372 1600648413
0.4704 1600648413
0.5457000000000001 1600648413
0.4602 1600648413
0.4948 1600648413
0.4417 1600648413
0.5633 1600648413
0.35929999999999995 1600648413
0.344 1600648413
0.3224 1600648413
0.5868 1600648413
0.3669 1600648413
0.35639999999999994 1600648413
0.4344 1600648413
0.5539000000000001 1600648413
0.4616 1600648413
0.5574999999999999 1600648413
0.5674999999999999 1600648413
0.4224 1600648413
0.5828 1600648413
0.5984999999999999 1600648413
0.5333000000000001 1600648413
0.4417 1600648413
0.40829999999999994 1600648413
0.6386 1600648413
0.3994 1600648413
0.4962 1600648413
0.48169999999999996 1600648413
0.6113999999999999 1600648413
0.48410000000000003 1600648413
0.43579999999999997 1600648413
0.6634 1600648413
0.4256 1600648413
0.42669999999999997 1600648413
0.5527 1600648413
0.4857 1600648413
0.41100000000000003 1600648413
0.42689999999999995 1600648413
0.43700000000000006 1600648413
0.5563 1600648413
0.4916 1600648413
0.5467 1600648413
0.43659999999999993 1600648413
0.37649999999999995 1600648413
0.5615999999999999 1600648413
0.48990000000000006 1600648413
0.40220000000000006 1600648413
0.3929 1600648413
0.4789 1600648413
0.4601 1600648413
0.6805 1600648413
0.5800000000000001 1600648413
0.5004 1600648413
0.42899999999999994 1600648413
0.3727 1600648413
0.5327999999999999 1600648413
0.44070000000000004 1600648413
0.6126 1600648413
0.35660000000000003 1600648413
0.6927 1600648413
0.5117999999999999 1600648413
0.4305999999999999 1600648413
0.42010000000000003 1600648413
0.413 1600648413
0.3639 1600648413
0.5581 1600648413
0.5731999999999999 1600648413
0.48590000000000005 1600648413
0.5317000000000001 1600648413
0.5686 1600648413
0.4711000000000001 1600648413
0.5016 1600648413
0.5013 1600648413
0.5549 1600648413
0.36769999999999997 1600648413
0.4452 1600648413
0.5016 1600648413
0.5014 1600648413
0.38880000000000003 1600648413
0.3683 1600648413
0.3543 1600648413
0.6824 1600648413
0.4317 1600648413
0.5011 1600648413
0.5237 1600648413
0.5128999999999999 1600648413
0.5962 1600648413
0.45570000000000005 1600648413
0.6131 1600648413
0.5664 1600648413
0.7394000000000001 1600648413
0.3459 1600648413
0.41489999999999994 1600648413
0.5719 1600648413
0.4317 1600648413
0.4744 1600648413
0.6483 1600648413
0.5474999999999999 1600648413
0.39590000000000003 1600648413
0.4413 1600648413
0.4022 1600648413
0.4528 1600648413
0.5305000000000001 1600648413
0.41729999999999995 1600648413
0.32480000000000003 1600648413
0.4138 1600648413
0.3965 1600648413
0.5772999999999999 1600648413
0.3865 1600648413
0.4633 1600648413
0.6292 1600648413
0.47919999999999996 1600648413
0.581 1600648413
0.5991 1600648413
0.4596 1600648413
0.49890000000000007 1600648413
0.5019 1600648413
0.45959999999999995 1600648413
0.4788 1600648413
0.3373 1600648413
0.38580000000000003 1600648413
0.3021 1600648413
0.5224 1600648413
0.4546 1600648413
0.4555 1600648413
0.49050000000000005 1600648413
0.7518 1600648413
0.32949999999999996 1600648413
0.4038 1600648413
0.5557000000000001 1600648413
0.4488 1600648413
0.5205 1600648413
0.5003 1600648413
0.5335 1600648413
0.3607 1600648413
0.38860000000000006 1600648413
0.4427 1600648413
0.40399999999999997 1600648413
0.5288999999999999 1600648413
0.38180000000000003 1600648413
0.4875 1600648413
0.4732 1600648413
0.4263 1600648413
0.5057 1600648413
0.32089999999999996 1600648413
0.44139999999999996 1600648413
0.36590000000000006 1600648413
0.5077999999999999 1600648413
0.5293999999999999 1600648413
0.5066 1600648413
0.4599 1600648413
0.5229999999999999 1600648413
0.5563 1600648413
0.4719 1600648413
0.434 1600648413
0.6833 1600648413
0.4736 1600648413
0.5349999999999999 1600648413
0.36660000000000004 1600648413
0.43590000000000007 1600648413
0.4357 1600648413
0.5016 1600648413
0.4758 1600648413
0.3622 1600648413
0.41940000000000005 1600648413
0.3256 1600648413
0.4318 1600648413
0.38070000000000004 1600648413
0.3932 1600648413
0.40399999999999997 1600648413
0.6256 1600648413
0.5722 1600648413
0.5929 1600648413
0.5425 1600648413
0.47219999999999995 1600648413
0.4193 1600648413
0.5625 1600648413
0.21949999999999997 1600648413
0.6856000000000001 1600648413
0.5190999999999999 1600648413
0.4826 1600648413
0.5134000000000001 1600648413
0.40459999999999996 1600648413
0.3887 1600648413
0.6389 1600648413
0.7664 1600648413
0.438 1600648413
0.6559999999999999 1600648413
0.3554 1600648413
0.4936 1600648413
0.5142 1600648413
0.6738 1600648413
0.3546 1600648413
0.46490000000000004 1600648413
0.5046 1600648413
0.6319 1600648413
0.639 1600648413
0.44710000000000005 1600648413
0.6343000000000001 1600648413
0.5526 1600648413
0.6629 1600648413
0.5891 1600648413
0.44489999999999996 1600648413
0.611 1600648413
0.4229 1600648413
0.42329999999999995 1600648413
0.44060000000000005 1600648413
0.4712 1600648413
0.34079999999999994 1600648413
0.4848 1600648413
0.4024 1600648413
0.45169999999999993 1600648413
0.32769999999999994 1600648413
0.32819999999999994 1600648413
0.4926 1600648413
0.43989999999999996 1600648413
0.42710000000000004 1600648413
0.5252 1600648413
0.46430000000000005 1600648413
0.3794 1600648413
0.5734 1600648413
0.5764 1600648413
0.48300000000000004 1600648413
0.5716000000000001 1600648413
0.4299 1600648413
0.5326 1600648413
0.502 1600648413
0.5843 1600648413
0.38020000000000004 1600648413
0.39829999999999993 1600648413
0.4534 1600648413
0.466 1600648413
0.5383 1600648413
0.4632 1600648413
0.3771 1600648413
0.4855 1600648413
0.47919999999999996 1600648413
0.48529999999999995 1600648413
0.5035000000000001 1600648413
0.4780000000000001 1600648413
0.5467 1600648413
0.4629 1600648413
0.6875 1600648413
0.4956 1600648413
0.28409999999999996 1600648413
0.562 1600648413
0.4631 1600648413
0.4742 1600648413
0.479 1600648413
0.39859999999999995 1600648413
0.4478 1600648413
0.46730000000000005 1600648413
0.35150000000000003 1600648413
0.47350000000000003 1600648413
0.4425 1600648413
0.47080000000000005 1600648413
0.5549999999999999 1600648413
0.47480000000000006 1600648413
0.5359 1600648413
0.414 1600648413
0.5739000000000001 1600648413
0.5213000000000001 1600648413
0.442 1600648413
0.3712 1600648413
0.4266 1600648413
0.45249999999999996 1600648413
0.43210000000000004 1600648413
0.4662 1600648413
0.4485 1600648413
0.5631999999999999 1600648413
0.6044999999999999 1600648413
0.6302 1600648413
0.5354000000000001 1600648413
0.46779999999999994 1600648413
0.45299999999999996 1600648413
0.43600000000000005 1600648413
0.4499 1600648413
0.45740000000000003 1600648413
0.5235000000000001 1600648413
0.5518 1600648413
0.4701 1600648413
0.43490000000000006 1600648413
0.4751 1600648413
0.39880000000000004 1600648413
0.41309999999999997 1600648413
0.40479999999999994 1600648413
0.5488999999999999 1600648413
0.49100000000000005 1600648413
0.22410000000000008 1600648413
0.37579999999999997 1600648413
0.6307 1600648413
0.4358000000000001 1600648413
0.35119999999999996 1600648413
0.6173000000000001 1600648413
0.35660000000000003 1600648413
0.4038 1600648413
0.41039999999999993 1600648413
0.4112 1600648413
0.45999999999999996 1600648413
0.4324 1600648413
