0.14169999999999996 1600648634
0.4769 1600648634
0.41 1600648634
0.3234 1600648634
0.48910000000000003 1600648634
0.3970000000000001 1600648634
0.21689999999999998 1600648634
0.4366 1600648634
0.4186 1600648634
0.3187 1600648634
0.46690000000000004 1600648634
0.20279999999999998 1600648634
0.3402 1600648634
0.36590000000000006 1600648634
0.30850000000000005 1600648634
0.34989999999999993 1600648634
0.2526 1600648634
0.2961 1600648634
0.3286 1600648634
0.2619 1600648634
0.3588 1600648634
0.42879999999999996 1600648634
0.5124 1600648634
0.4194 1600648634
0.2842 1600648634
0.3507 1600648634
0.28650000000000003 1600648634
0.43500000000000005 1600648634
0.31000000000000005 1600648634
0.4666 1600648634
0.4663999999999999 1600648634
0.44100000000000006 1600648634
0.5934 1600648634
0.41450000000000004 1600648634
0.39390000000000003 1600648634
0.4385 1600648634
0.4841 1600648634
0.3106 1600648634
0.39490000000000003 1600648634
0.43470000000000003 1600648634
0.40179999999999993 1600648634
0.5402 1600648634
0.23349999999999999 1600648634
0.3404 1600648634
0.30739999999999995 1600648634
0.339 1600648634
0.3485 1600648634
0.3466000000000001 1600648634
0.3467 1600648634
0.2953 1600648634
0.3127 1600648634
0.4529 1600648634
0.5573 1600648634
0.4246 1600648634
0.43260000000000004 1600648634
0.48100000000000004 1600648634
0.42079999999999995 1600648634
0.4818 1600648634
0.5225 1600648634
0.5675999999999999 1600648634
0.2525 1600648634
0.34269999999999995 1600648634
0.46449999999999997 1600648634
0.25730000000000003 1600648634
0.4191 1600648634
0.4836 1600648634
0.3117 1600648634
0.25289999999999996 1600648634
0.38060000000000005 1600648634
0.41709999999999997 1600648634
0.39999999999999997 1600648634
0.4153 1600648634
0.36 1600648634
0.27699999999999997 1600648634
0.3784 1600648634
0.33140000000000003 1600648634
0.2439 1600648634
0.3023 1600648634
0.35989999999999994 1600648634
0.4376 1600648634
0.3361 1600648634
0.436 1600648634
0.2809 1600648634
0.3367 1600648634
0.2499 1600648634
0.19310000000000005 1600648634
0.5678 1600648634
0.3527 1600648634
0.235 1600648634
0.48610000000000003 1600648634
0.3151 1600648634
0.36629999999999996 1600648634
0.22919999999999996 1600648634
0.3544 1600648634
0.3184 1600648634
0.3974 1600648634
0.30400000000000005 1600648634
0.5002 1600648634
0.42740000000000006 1600648634
0.31010000000000004 1600648634
0.40340000000000004 1600648634
0.38730000000000003 1600648634
0.4237000000000001 1600648634
0.43529999999999996 1600648634
0.2901 1600648634
0.5239 1600648634
0.5851 1600648634
0.26499999999999996 1600648634
0.3679 1600648634
0.4123 1600648634
0.4694 1600648634
0.5163 1600648634
0.3513 1600648634
0.3680999999999999 1600648634
0.45940000000000003 1600648634
0.3801 1600648634
0.3467 1600648634
0.3686 1600648634
0.378 1600648634
0.5487 1600648634
0.2439 1600648634
0.35430000000000006 1600648634
0.24209999999999998 1600648634
0.3359 1600648634
0.2157 1600648634
0.3739 1600648634
0.3642 1600648634
0.24869999999999998 1600648634
0.26589999999999997 1600648634
0.3882 1600648634
0.28350000000000003 1600648634
0.33449999999999996 1600648634
0.26610000000000006 1600648634
0.5889 1600648634
0.3663 1600648634
0.4945 1600648634
0.3393 1600648634
0.3833 1600648634
0.42419999999999997 1600648634
0.5256 1600648634
0.41670000000000007 1600648634
0.3698 1600648634
0.43240000000000006 1600648634
0.3368 1600648634
0.402 1600648634
0.3723 1600648634
0.25439999999999996 1600648634
0.24619999999999997 1600648634
0.48450000000000004 1600648634
0.37989999999999996 1600648634
0.35950000000000004 1600648634
0.38050000000000006 1600648634
0.28329999999999994 1600648634
0.29400000000000004 1600648634
0.35509999999999997 1600648634
0.46530000000000005 1600648634
0.49449999999999994 1600648634
0.4337 1600648634
0.29419999999999996 1600648634
0.2982 1600648634
0.6275 1600648634
0.34120000000000006 1600648634
0.44649999999999995 1600648634
0.24280000000000002 1600648634
0.4139 1600648634
0.2949 1600648634
0.43459999999999993 1600648634
0.35169999999999996 1600648634
0.4053 1600648634
0.4576 1600648634
0.32720000000000005 1600648634
0.45230000000000004 1600648634
0.4786 1600648634
0.3607 1600648634
0.31429999999999997 1600648634
0.35430000000000006 1600648634
0.45790000000000003 1600648634
0.2602 1600648634
0.37800000000000006 1600648634
0.42350000000000004 1600648634
0.2795 1600648634
0.3068 1600648634
0.3909 1600648634
0.3801 1600648634
0.41990000000000005 1600648634
0.398 1600648634
0.33720000000000006 1600648634
0.3995 1600648634
0.4769 1600648634
0.41369999999999996 1600648634
0.46380000000000005 1600648634
0.41880000000000006 1600648634
0.336 1600648634
0.32500000000000007 1600648634
0.45170000000000005 1600648634
0.4383 1600648634
0.34120000000000006 1600648634
0.35300000000000004 1600648634
0.4817 1600648634
0.38299999999999995 1600648634
0.39259999999999995 1600648634
0.42760000000000004 1600648634
0.3114 1600648634
0.32820000000000005 1600648634
0.23070000000000002 1600648634
0.48719999999999997 1600648634
0.46819999999999995 1600648634
0.28099999999999997 1600648634
0.5032000000000001 1600648634
0.32010000000000005 1600648634
0.44630000000000003 1600648634
0.3583 1600648634
0.4737 1600648634
0.41519999999999996 1600648634
0.47970000000000007 1600648634
0.35320000000000007 1600648634
0.24799999999999994 1600648634
0.20539999999999997 1600648634
0.3986 1600648634
0.3905 1600648634
0.2679 1600648634
0.3754 1600648634
0.39829999999999993 1600648634
0.38099999999999995 1600648634
0.3353 1600648634
0.42739999999999995 1600648634
0.44260000000000005 1600648634
0.5255 1600648634
0.43199999999999994 1600648634
0.36589999999999995 1600648634
0.4356 1600648634
0.6393 1600648634
0.3951 1600648634
0.46460000000000007 1600648634
0.34269999999999995 1600648634
0.3401 1600648634
0.35159999999999997 1600648634
0.43929999999999997 1600648634
0.3992 1600648634
0.49520000000000003 1600648634
0.44179999999999997 1600648634
0.3476000000000001 1600648634
0.24620000000000003 1600648634
0.52 1600648634
0.46 1600648634
0.3591 1600648634
0.4825 1600648634
0.40470000000000006 1600648634
0.3236 1600648634
0.39459999999999995 1600648634
0.2953 1600648634
0.45610000000000006 1600648634
0.3771 1600648634
0.39830000000000004 1600648634
0.37589999999999996 1600648634
0.39730000000000004 1600648634
0.5678 1600648634
0.5548 1600648634
0.3585 1600648634
0.19540000000000002 1600648634
0.3267 1600648634
0.42890000000000006 1600648634
0.48739999999999994 1600648634
0.35990000000000005 1600648634
0.2797 1600648634
0.3757 1600648634
0.35519999999999996 1600648634
0.4591 1600648634
0.4662 1600648634
0.4727 1600648634
0.41119999999999995 1600648634
0.5296 1600648634
0.29660000000000003 1600648634
0.4922 1600648634
0.33659999999999995 1600648634
0.36739999999999995 1600648634
0.28700000000000003 1600648634
0.355 1600648634
0.4255 1600648634
0.35400000000000004 1600648634
0.3661 1600648634
0.47450000000000003 1600648634
0.346 1600648634
0.5708 1600648634
0.6378 1600648634
0.4779 1600648634
0.27280000000000004 1600648634
0.31650000000000006 1600648634
0.41119999999999995 1600648634
0.38039999999999996 1600648634
0.4288 1600648634
0.38860000000000006 1600648634
0.36699999999999994 1600648634
0.43600000000000005 1600648634
0.3017 1600648634
0.2841 1600648634
0.3712 1600648634
0.49529999999999996 1600648634
0.512 1600648634
0.3061 1600648634
0.5121 1600648634
0.46240000000000003 1600648634
0.38330000000000003 1600648634
0.24120000000000003 1600648634
0.3717 1600648634
0.43119999999999997 1600648634
0.37229999999999996 1600648634
0.4388 1600648634
0.3392 1600648634
0.609 1600648634
0.35860000000000003 1600648634
0.41030000000000005 1600648634
0.4038 1600648634
0.4132 1600648634
0.32639999999999997 1600648634
0.34190000000000004 1600648634
0.32770000000000005 1600648634
0.39890000000000003 1600648634
0.2908 1600648634
0.5777 1600648634
0.34309999999999996 1600648634
0.44999999999999996 1600648634
0.4324 1600648634
0.4977 1600648634
0.548 1600648634
0.6276999999999999 1600648634
0.3549 1600648634
0.5186 1600648634
0.38470000000000004 1600648634
0.47939999999999994 1600648634
0.5155000000000001 1600648634
0.35860000000000003 1600648634
0.44300000000000006 1600648634
0.4374 1600648634
0.48560000000000003 1600648634
0.36210000000000003 1600648634
0.28809999999999997 1600648634
0.45330000000000004 1600648634
0.5746 1600648634
0.401 1600648634
0.4376 1600648634
0.40459999999999996 1600648634
0.38170000000000004 1600648634
0.3171999999999999 1600648634
0.348 1600648634
0.34800000000000003 1600648634
0.3278 1600648634
0.43079999999999996 1600648634
0.26909999999999995 1600648634
0.3845 1600648634
0.624 1600648634
0.27730000000000005 1600648634
0.5175000000000001 1600648634
0.42980000000000007 1600648634
0.4403 1600648634
0.4417 1600648634
0.43890000000000007 1600648634
0.4188 1600648634
0.3741 1600648634
0.3844 1600648634
0.4509 1600648634
0.3674 1600648634
0.4679 1600648634
0.5208 1600648634
0.482 1600648634
0.27880000000000005 1600648634
0.34820000000000007 1600648634
0.4424 1600648634
0.3393999999999999 1600648634
0.47950000000000004 1600648634
0.29240000000000005 1600648634
0.3761 1600648634
0.3694 1600648634
0.536 1600648634
0.4696 1600648634
0.4275 1600648634
0.3602 1600648634
0.3819 1600648634
0.3686 1600648634
0.3876 1600648634
0.41030000000000005 1600648634
0.4498 1600648634
0.46230000000000004 1600648634
0.5544 1600648634
0.4068 1600648634
0.5402 1600648634
0.3767 1600648634
0.31229999999999997 1600648634
0.41969999999999996 1600648634
0.37129999999999996 1600648634
0.5861999999999999 1600648634
0.38760000000000006 1600648634
0.38649999999999995 1600648634
0.4507 1600648634
0.34520000000000006 1600648634
0.4069 1600648634
0.33990000000000004 1600648634
0.4329 1600648634
0.2936 1600648634
0.4575 1600648634
0.25709999999999994 1600648634
0.37540000000000007 1600648634
0.3968999999999999 1600648634
0.5121 1600648634
0.27159999999999995 1600648634
0.4618 1600648634
0.34440000000000004 1600648634
0.6292 1600648634
0.3678 1600648634
0.3421 1600648634
0.44580000000000003 1600648634
0.4703 1600648634
0.5745 1600648634
0.359 1600648634
0.45070000000000005 1600648634
0.5196000000000001 1600648634
0.5177 1600648634
0.399 1600648634
0.3921 1600648634
0.4725 1600648634
0.2123 1600648634
0.45749999999999996 1600648634
0.3851 1600648634
0.47709999999999997 1600648634
0.3083 1600648634
0.25400000000000006 1600648634
0.44370000000000004 1600648634
0.4422 1600648634
0.3491 1600648634
0.3137 1600648634
0.4366 1600648634
0.4433 1600648634
0.5205 1600648634
0.39399999999999996 1600648634
0.42510000000000003 1600648634
0.48910000000000003 1600648634
0.392 1600648634
0.42879999999999996 1600648634
0.43040000000000006 1600648634
0.44 1600648634
0.3633 1600648634
0.384 1600648634
0.40979999999999994 1600648634
0.434 1600648634
0.3298 1600648634
0.4143 1600648634
0.3402 1600648634
0.5153 1600648634
0.3736 1600648634
0.28280000000000005 1600648634
0.5288 1600648634
0.42839999999999995 1600648634
0.4009 1600648634
0.4501 1600648634
0.49910000000000004 1600648634
0.3772 1600648634
0.20489999999999997 1600648634
0.3032 1600648634
0.44060000000000005 1600648634
0.3377 1600648634
0.43550000000000005 1600648634
0.5342 1600648634
0.3768 1600648634
0.2531 1600648634
0.2992 1600648634
0.30289999999999995 1600648634
0.2755 1600648634
0.507 1600648634
0.36289999999999994 1600648634
0.5066 1600648634
0.4642 1600648634
0.46649999999999997 1600648634
0.40659999999999996 1600648634
0.5386 1600648634
0.4661 1600648634
0.37400000000000005 1600648634
0.3582 1600648634
0.4919 1600648634
0.3483 1600648634
0.30260000000000004 1600648634
0.34759999999999996 1600648634
0.31590000000000007 1600648634
0.5887 1600648634
0.4363 1600648634
0.5274000000000001 1600648634
0.30779999999999996 1600648634
0.4115 1600648634
0.32589999999999997 1600648634
0.34600000000000003 1600648634
0.38100000000000006 1600648634
0.3712 1600648634
0.40940000000000004 1600648634
0.33869999999999995 1600648634
0.44110000000000005 1600648634
0.45430000000000004 1600648634
0.4326 1600648634
0.426 1600648634
0.4027 1600648634
0.4452 1600648634
0.4914 1600648634
0.3021 1600648634
0.39300000000000007 1600648634
0.4837 1600648634
0.24369999999999997 1600648634
0.3202 1600648634
0.24020000000000002 1600648634
0.41750000000000004 1600648634
0.24230000000000002 1600648634
0.31360000000000005 1600648634
0.38519999999999993 1600648634
0.3756 1600648634
0.4437 1600648634
