5.3074 1600649395
4.017399999999999 1600649395
4.9976 1600649395
7.331799999999999 1600649395
3.6181 1600649395
2.7156 1600649395
4.0302999999999995 1600649395
5.9665 1600649395
7.7269000000000005 1600649395
7.517 1600649395
4.513999999999999 1600649395
2.5423 1600649395
4.5519 1600649395
2.5471 1600649395
4.6335999999999995 1600649395
10.0764 1600649395
2.9766 1600649395
2.3142 1600649395
4.9672 1600649395
3.2255 1600649395
2.2726 1600649395
3.5725000000000002 1600649395
3.2089 1600649395
7.6707 1600649395
7.7715000000000005 1600649395
3.1041 1600649395
6.976 1600649395
1.1126 1600649395
5.811 1600649395
2.597 1600649395
9.8483 1600649395
2.2344 1600649395
6.8884 1600649395
2.9097 1600649395
3.3493 1600649395
3.7801 1600649395
7.4293 1600649395
3.5452999999999997 1600649395
7.3414 1600649395
7.7563 1600649395
7.5691999999999995 1600649395
7.1982 1600649395
9.8629 1600649395
4.2668 1600649395
3.0751 1600649395
3.2669 1600649395
8.4192 1600649395
7.3268 1600649395
4.9352 1600649395
2.2719 1600649395
7.1162 1600649395
4.8721000000000005 1600649395
7.6325 1600649395
3.0570999999999997 1600649395
6.423699999999999 1600649395
9.6681 1600649395
4.7273 1600649395
9.6586 1600649395
9.9055 1600649395
3.1751 1600649395
9.834900000000001 1600649395
4.541799999999999 1600649395
3.1595 1600649395
7.2156 1600649395
3.1582 1600649395
4.2883000000000004 1600649395
6.558400000000001 1600649395
4.2197000000000005 1600649395
5.2986 1600649395
7.678 1600649395
3.1044 1600649395
4.8741 1600649395
2.8771 1600649395
3.6671 1600649395
2.597 1600649395
3.2664 1600649395
3.1151 1600649395
6.6074 1600649395
3.3271 1600649395
3.3494 1600649395
3.9856000000000003 1600649395
2.754 1600649395
6.6722 1600649395
3.0517 1600649395
7.4753 1600649395
4.5914 1600649395
7.0407 1600649395
3.5643 1600649395
4.223 1600649395
4.8009 1600649395
10.0012 1600649395
3.892 1600649395
7.0587 1600649395
2.4985 1600649395
4.875900000000001 1600649395
3.5904 1600649395
6.889399999999999 1600649395
2.5181999999999998 1600649395
3.2717 1600649395
1.8004 1600649395
4.514200000000001 1600649395
2.4719 1600649395
9.6157 1600649395
3.6498999999999997 1600649395
8.2243 1600649395
3.4888999999999997 1600649395
4.1031 1600649395
2.9505 1600649395
9.8993 1600649395
4.1525 1600649395
2.4276 1600649395
3.1599999999999997 1600649395
5.0363999999999995 1600649395
3.0753 1600649395
7.5187 1600649395
4.128500000000001 1600649395
3.7156 1600649395
2.7548 1600649395
3.5583 1600649395
2.9551 1600649395
6.8143 1600649395
3.4562999999999997 1600649395
3.3608 1600649395
3.0454 1600649395
3.9278 1600649395
4.0029 1600649395
5.2844999999999995 1600649395
5.9428 1600649395
1.3787 1600649395
3.1077999999999997 1600649395
4.2169 1600649395
7.0763 1600649395
5.2641 1600649395
4.222499999999999 1600649395
5.0755 1600649395
2.4587999999999997 1600649395
3.2584 1600649395
2.7547 1600649395
4.046399999999999 1600649395
8.4692 1600649395
3.3518 1600649395
4.2011 1600649395
7.3797999999999995 1600649395
3.1781 1600649395
7.409999999999999 1600649395
9.6521 1600649395
4.089700000000001 1600649395
2.7053000000000003 1600649395
4.5034 1600649395
2.4233 1600649395
4.9451 1600649395
4.8690999999999995 1600649395
3.3937 1600649395
3.1595 1600649395
4.7620000000000005 1600649395
3.5443 1600649395
4.5862 1600649395
1.3288 1600649395
7.4196 1600649395
4.067 1600649395
6.7506 1600649395
3.7072000000000003 1600649395
2.8833 1600649395
9.657100000000002 1600649395
2.8613 1600649395
8.2652 1600649395
3.2858 1600649395
3.6422999999999996 1600649395
7.0687999999999995 1600649395
3.4757 1600649395
8.4403 1600649395
3.7983000000000002 1600649395
7.325 1600649395
6.185300000000001 1600649395
4.156000000000001 1600649395
7.1982 1600649395
3.8266999999999998 1600649395
9.8618 1600649395
2.2972 1600649395
5.2049 1600649395
10.0401 1600649395
8.2111 1600649395
2.899 1600649395
3.0469 1600649395
4.0051 1600649395
4.7605 1600649395
6.207400000000001 1600649395
2.5701 1600649395
3.8373 1600649395
7.7204 1600649395
4.601500000000001 1600649395
3.0258000000000003 1600649395
9.6853 1600649395
9.843300000000001 1600649395
2.5127 1600649395
3.9727 1600649395
3.8769 1600649395
4.1475 1600649395
5.1955 1600649395
3.9103 1600649395
2.4055999999999997 1600649395
7.3072 1600649395
5.1874 1600649395
7.4430000000000005 1600649395
7.762099999999999 1600649395
5.0003 1600649395
7.7236 1600649395
3.9008 1600649395
4.8972999999999995 1600649395
4.2755 1600649395
4.9438 1600649395
3.9705000000000004 1600649395
4.7953 1600649395
2.3952 1600649395
4.375900000000001 1600649395
3.9858999999999996 1600649395
7.433 1600649395
4.819 1600649395
4.7926 1600649395
2.7887 1600649395
7.524 1600649395
2.8297999999999996 1600649395
5.0269 1600649395
4.2228 1600649395
2.7387 1600649395
4.516500000000001 1600649395
2.8989 1600649395
3.2590999999999997 1600649395
4.8221 1600649395
7.2901 1600649395
4.633500000000001 1600649395
2.2723999999999998 1600649395
8.5012 1600649395
3.7897 1600649395
6.4239 1600649395
3.6199 1600649395
4.6867 1600649395
3.6115999999999997 1600649395
5.1071 1600649395
3.1685999999999996 1600649395
4.4853000000000005 1600649395
9.8201 1600649395
4.840800000000001 1600649395
2.0322 1600649395
3.7529 1600649395
2.2723 1600649395
3.5435 1600649395
2.041 1600649395
2.6174 1600649395
3.3819 1600649395
7.1530000000000005 1600649395
7.0116 1600649395
2.7559 1600649395
8.4349 1600649395
3.9137 1600649395
3.2917 1600649395
2.2485 1600649395
3.7295000000000003 1600649395
5.6772 1600649395
2.8502 1600649395
9.092500000000001 1600649395
3.5441 1600649395
2.5882 1600649395
7.7865 1600649395
2.756 1600649395
4.1141 1600649395
6.7849 1600649395
2.4922 1600649395
3.1329000000000002 1600649395
5.2043 1600649395
9.9358 1600649395
3.2003 1600649395
5.3062000000000005 1600649395
4.8214 1600649395
4.0045 1600649395
2.7151 1600649395
4.6343000000000005 1600649395
4.2015 1600649395
7.4375 1600649395
7.4086 1600649395
3.4610000000000003 1600649395
5.0927999999999995 1600649395
3.2794 1600649395
4.1404000000000005 1600649395
4.9144 1600649395
2.6002 1600649395
3.0809 1600649395
3.8131999999999997 1600649395
7.0442 1600649395
3.6389 1600649395
3.2609 1600649395
4.1427 1600649395
3.2561 1600649395
4.3293 1600649395
9.2637 1600649395
7.1535 1600649395
5.3884 1600649395
3.7394000000000003 1600649395
3.6507 1600649395
9.6736 1600649395
4.5593 1600649395
2.4867 1600649395
7.3702000000000005 1600649395
3.2142999999999997 1600649395
3.7535 1600649395
3.3493 1600649395
3.7977000000000003 1600649395
2.9747999999999997 1600649395
4.422599999999999 1600649395
7.341200000000001 1600649395
8.800600000000001 1600649395
4.0414 1600649395
5.1334 1600649395
3.1056999999999997 1600649395
5.0972 1600649395
3.8030999999999997 1600649395
5.206499999999999 1600649395
2.671 1600649395
4.8223 1600649395
4.6194 1600649395
5.3013 1600649395
3.3498 1600649395
3.3712 1600649395
7.380199999999999 1600649395
7.720199999999999 1600649395
9.6625 1600649395
2.7157 1600649395
4.025399999999999 1600649395
5.4883999999999995 1600649395
4.4639999999999995 1600649395
4.5421000000000005 1600649395
10.0495 1600649395
3.8131 1600649395
1.2764 1600649395
3.1529000000000003 1600649395
4.1107000000000005 1600649395
4.7545 1600649395
3.2779000000000003 1600649395
4.330699999999999 1600649395
3.0738 1600649395
7.396 1600649395
5.1441 1600649395
3.7312 1600649395
4.7599 1600649395
3.1206 1600649395
8.2256 1600649395
4.6254 1600649395
3.6309 1600649395
8.4169 1600649395
3.6136 1600649395
3.7975 1600649395
3.3493 1600649395
3.6449000000000003 1600649395
7.324 1600649395
2.7849999999999997 1600649395
3.6685 1600649395
7.741300000000001 1600649395
3.0239000000000003 1600649395
9.658000000000001 1600649395
3.8615 1600649395
5.0835 1600649395
8.211400000000001 1600649395
2.8800999999999997 1600649395
2.9611 1600649395
7.4088 1600649395
4.1556999999999995 1600649395
3.5983 1600649395
4.2018 1600649395
7.6751 1600649395
6.4233 1600649395
3.7445999999999997 1600649395
0.5116999999999999 1600649395
9.7118 1600649395
2.7052 1600649395
2.7846 1600649395
4.259 1600649395
7.9486 1600649395
2.5955999999999997 1600649395
4.1666 1600649395
4.1135 1600649395
4.4495 1600649395
5.7913 1600649395
2.7277 1600649395
6.6795 1600649395
3.0742000000000003 1600649395
4.7379 1600649395
7.1107 1600649395
4.617500000000001 1600649395
3.6057 1600649395
4.4494 1600649395
4.9812 1600649395
4.892399999999999 1600649395
3.4573 1600649395
3.1504999999999996 1600649395
2.8299999999999996 1600649395
3.9175 1600649395
5.1976 1600649395
3.2995 1600649395
7.3245 1600649395
4.1563 1600649395
3.1178999999999997 1600649395
7.074999999999999 1600649395
3.3725 1600649395
9.959100000000001 1600649395
8.5249 1600649395
3.0875 1600649395
0.5729 1600649395
3.2611999999999997 1600649395
4.1194999999999995 1600649395
5.678100000000001 1600649395
5.038399999999999 1600649395
3.4874 1600649395
4.665 1600649395
2.501 1600649395
1.5736 1600649395
6.5832 1600649395
4.5138 1600649395
2.4665 1600649395
8.1669 1600649395
4.547 1600649395
3.1768 1600649395
4.5306 1600649395
5.1545000000000005 1600649395
2.7773999999999996 1600649395
6.948799999999999 1600649395
1.5413000000000001 1600649395
4.111400000000001 1600649395
2.4632 1600649395
3.2131 1600649395
7.1757 1600649395
7.761500000000001 1600649395
4.3707 1600649395
4.8838 1600649395
3.8588 1600649395
9.940100000000001 1600649395
4.9754000000000005 1600649395
2.4857 1600649395
4.7944 1600649395
4.794700000000001 1600649395
2.1624999999999996 1600649395
5.2509 1600649395
3.855 1600649395
5.9514000000000005 1600649395
3.2133 1600649395
7.3603000000000005 1600649395
6.964300000000001 1600649395
2.2051000000000003 1600649395
4.837199999999999 1600649395
3.6532 1600649395
8.1645 1600649395
7.916099999999999 1600649395
4.6218 1600649395
3.2600000000000002 1600649395
6.939299999999999 1600649395
7.3392 1600649395
3.2592999999999996 1600649395
4.0428 1600649395
2.4138 1600649395
7.3797 1600649395
2.5564 1600649395
4.3408999999999995 1600649395
2.9941 1600649395
4.813 1600649395
4.790699999999999 1600649395
8.1919 1600649395
4.5416 1600649395
5.1082 1600649395
2.4455 1600649395
3.9363999999999995 1600649395
4.113700000000001 1600649395
4.4018 1600649395
2.8314999999999997 1600649395
4.531899999999999 1600649395
2.7534 1600649395
7.3828000000000005 1600649395
4.0145 1600649395
7.1532 1600649395
2.0808 1600649395
3.7024 1600649395
4.7427 1600649395
9.984599999999999 1600649395
2.7028 1600649395
3.2912 1600649395
6.8898 1600649395
4.7236 1600649395
3.9168 1600649395
5.1964999999999995 1600649395
2.8722999999999996 1600649395
7.3247 1600649395
2.8725 1600649395
4.5874 1600649395
3.2136 1600649395
7.4483 1600649395
4.2414000000000005 1600649395
3.1946 1600649395
5.5092 1600649395
10.0966 1600649395
3.6673 1600649395
3.6372 1600649395
4.2938 1600649395
8.4692 1600649395
3.9179 1600649395
4.2017999999999995 1600649395
3.0601 1600649395
7.7202 1600649395
4.2250000000000005 1600649395
4.8436 1600649395
4.2341 1600649395
9.6856 1600649395
9.8436 1600649395
8.227400000000001 1600649395
7.040500000000001 1600649395
