1.8012000000000001 1600211966
1.8824 1600211966
2.0233999999999996 1600211966
2.097 1600211966
1.7475999999999998 1600211966
1.749 1600211966
1.7395 1600211966
2.0275 1600211966
1.8926 1600211966
2.0184 1600211966
1.9641000000000002 1600211966
1.7235999999999998 1600211966
1.8274 1600211966
1.734 1600211966
1.8628999999999998 1600211966
1.8256999999999999 1600211966
1.9577999999999998 1600211966
1.8525 1600211966
1.7974 1600211966
2.094 1600211966
1.7262 1600211966
1.8649 1600211966
1.7489000000000003 1600211966
2.1149 1600211966
2.0454 1600211966
1.8246 1600211966
1.7330999999999999 1600211966
2.0631 1600211966
1.8821 1600211966
1.8569000000000002 1600211966
1.7265000000000001 1600211966
2.0997999999999997 1600211966
1.855 1600211966
1.8309000000000002 1600211966
1.8905999999999998 1600211966
1.4980999999999998 1600211966
1.835 1600211966
1.83 1600211966
1.9562 1600211966
1.8336 1600211966
1.7215 1600211966
1.8942 1600211966
2.068 1600211966
1.9966 1600211966
1.8705 1600211966
1.7226 1600211966
1.8954 1600211966
1.6170999999999998 1600211966
1.8275000000000001 1600211966
1.7471 1600211966
2.0069 1600211966
1.7332 1600211966
1.7214999999999998 1600211966
1.7312 1600211966
2.0619 1600211966
1.9626000000000001 1600211966
1.9570000000000003 1600211966
1.8142 1600211966
1.8650000000000002 1600211966
1.8425000000000002 1600211966
1.8822 1600211966
1.8954999999999997 1600211966
1.6217000000000001 1600211966
1.9941 1600211966
1.8262 1600211966
1.7187000000000001 1600211966
2.0987999999999998 1600211966
1.7202 1600211966
1.7225000000000001 1600211966
2.0532 1600211966
1.972 1600211966
1.8022 1600211966
1.8318 1600211966
2.106 1600211966
1.7266 1600211966
2.0968 1600211966
1.9129 1600211966
2.0083 1600211966
1.7214 1600211966
2.103 1600211966
1.8568 1600211966
1.8900000000000001 1600211966
1.8727 1600211966
1.8446000000000002 1600211966
2.095 1600211966
1.7905000000000002 1600211966
1.7197999999999998 1600211966
2.0169 1600211966
1.8499000000000003 1600211966
1.8435000000000001 1600211966
1.9537 1600211966
1.8786 1600211966
1.8962 1600211966
1.6266000000000003 1600211966
1.8396 1600211966
1.8955000000000002 1600211966
2.0995 1600211966
1.7350999999999999 1600211966
1.8268 1600211966
1.6272000000000002 1600211966
1.7524000000000002 1600211966
1.8925 1600211966
2.108 1600211966
1.8855999999999997 1600211966
1.8673000000000002 1600211966
1.8872999999999998 1600211966
1.8346 1600211966
2.1116 1600211966
1.7957999999999998 1600211966
1.9535 1600211966
1.8574000000000002 1600211966
2.1026 1600211966
1.7264 1600211966
1.838 1600211966
1.8657 1600211966
2.0199 1600211966
1.8381000000000003 1600211966
1.7279 1600211966
1.6202 1600211966
1.7056 1600211966
1.4888 1600211966
2.1093 1600211966
1.8222 1600211966
2.1038 1600211966
1.7271 1600211966
1.7239999999999998 1600211966
1.7271 1600211966
1.7277 1600211966
1.7357 1600211966
1.9565 1600211966
1.7243 1600211966
1.7052 1600211966
1.8628999999999998 1600211966
1.7404000000000002 1600211966
1.723 1600211966
1.4937999999999998 1600211966
1.7337000000000002 1600211966
1.8315000000000001 1600211966
1.6485999999999998 1600211966
1.8259000000000003 1600211966
1.7357 1600211966
2.102 1600211966
1.7732999999999999 1600211966
1.8349 1600211966
1.7075 1600211966
2.0928 1600211966
1.7179000000000002 1600211966
1.834 1600211966
1.8171999999999997 1600211966
1.8602 1600211966
1.7267000000000001 1600211966
2.0980000000000003 1600211966
1.8597 1600211966
1.8404 1600211966
1.8405 1600211966
1.9636999999999998 1600211966
1.8813999999999997 1600211966
1.8921000000000001 1600211966
1.8935999999999997 1600211966
2.1128 1600211966
1.967 1600211966
1.7449000000000001 1600211966
1.8835000000000002 1600211966
1.8881999999999999 1600211966
1.8306 1600211966
1.7382 1600211966
1.8664 1600211966
2.0624000000000002 1600211966
1.8339000000000003 1600211966
1.6274000000000002 1600211966
1.8323999999999998 1600211966
1.8702999999999999 1600211966
1.7177000000000002 1600211966
2.0935 1600211966
1.7685999999999997 1600211966
1.6199 1600211966
1.7373999999999998 1600211966
1.7195 1600211966
2.0952 1600211966
2.1090999999999998 1600211966
1.6551 1600211966
2.0946 1600211966
2.1057 1600211966
2.0969999999999995 1600211966
2.1103 1600211966
2.0324 1600211966
2.0968999999999998 1600211966
1.7354000000000003 1600211966
1.8365999999999998 1600211966
1.6283 1600211966
1.7906999999999997 1600211966
2.1061 1600211966
2.0982000000000003 1600211966
2.0987999999999998 1600211966
1.8570000000000002 1600211966
1.8903000000000003 1600211966
1.8300999999999998 1600211966
2.0361000000000002 1600211966
1.7947 1600211966
1.9644 1600211966
1.831 1600211966
1.961 1600211966
1.8592 1600211966
1.8905999999999998 1600211966
1.7565 1600211966
1.8641 1600211966
1.4958 1600211966
1.7187999999999999 1600211966
2.0998 1600211966
2.0987 1600211966
1.7575 1600211966
1.6143999999999998 1600211966
2.0343 1600211966
2.0878 1600211966
1.8939 1600211966
1.4968 1600211966
1.8821999999999999 1600211966
1.7377000000000002 1600211966
1.8596000000000001 1600211966
2.101 1600211966
1.9528999999999999 1600211966
1.6529999999999998 1600211966
1.9217 1600211966
1.9625000000000004 1600211966
1.8255000000000001 1600211966
1.7233 1600211966
1.4941 1600211966
1.8948999999999998 1600211966
2.0918 1600211966
1.9598 1600211966
1.9142000000000001 1600211966
1.8571 1600211966
1.8674 1600211966
1.4948 1600211966
1.7507000000000001 1600211966
1.7122000000000002 1600211966
1.8918 1600211966
1.7278 1600211966
2.0048 1600211966
1.6112000000000002 1600211966
1.4769999999999999 1600211966
1.9338 1600211966
1.8679000000000001 1600211966
1.8834999999999997 1600211966
1.8842999999999996 1600211966
1.7266 1600211966
1.8533 1600211966
1.7362 1600211966
1.8373000000000002 1600211966
1.8350999999999997 1600211966
1.8019 1600211966
1.8329999999999997 1600211966
1.9257999999999997 1600211966
1.8346 1600211966
1.8727999999999998 1600211966
2.0938 1600211966
2.021 1600211966
1.8746000000000003 1600211966
2.0489 1600211966
1.8892999999999998 1600211966
1.7222 1600211966
1.6256 1600211966
1.7300000000000002 1600211966
1.7308000000000003 1600211966
1.9599000000000002 1600211966
1.932 1600211966
2.018 1600211966
1.8399999999999999 1600211966
1.9510999999999998 1600211966
1.8401 1600211966
2.0060000000000002 1600211966
1.9488 1600211966
2.0964 1600211966
1.7256 1600211966
2.101 1600211966
1.9605000000000001 1600211966
2.067 1600211966
2.1187 1600211966
1.9543999999999997 1600211966
1.867 1600211966
1.8339000000000003 1600211966
1.7259000000000002 1600211966
1.8268 1600211966
1.8362999999999998 1600211966
1.8707000000000003 1600211966
1.8299999999999998 1600211966
1.8699000000000001 1600211966
1.6244999999999998 1600211966
1.9355000000000002 1600211966
1.8580999999999999 1600211966
1.9194000000000002 1600211966
1.8704999999999998 1600211966
1.8355000000000001 1600211966
1.7287 1600211966
1.8304999999999998 1600211966
1.8692000000000002 1600211966
1.8285999999999998 1600211966
1.8241 1600211966
1.8809 1600211966
1.6278000000000001 1600211966
1.8086999999999998 1600211966
1.8278999999999999 1600211966
1.4865 1600211966
1.8645 1600211966
1.8428999999999998 1600211966
1.7222999999999997 1600211966
1.8807 1600211966
2.1011 1600211966
1.766 1600211966
1.7335000000000003 1600211966
1.7269 1600211966
2.0445 1600211966
1.9559000000000002 1600211966
1.7971 1600211966
1.7533 1600211966
1.9954999999999998 1600211966
1.714 1600211966
2.0084999999999997 1600211966
1.8683999999999998 1600211966
1.7107999999999999 1600211966
1.9506000000000001 1600211966
2.105 1600211966
1.8631000000000002 1600211966
1.9853 1600211966
2.0203 1600211966
1.7289000000000003 1600211966
1.7077 1600211966
1.8608 1600211966
2.0995 1600211966
1.8217999999999996 1600211966
1.8639000000000001 1600211966
1.8347000000000002 1600211966
1.6354 1600211966
1.7316 1600211966
1.8780999999999999 1600211966
1.8609 1600211966
1.7948 1600211966
1.7269 1600211966
1.8643 1600211966
1.7557 1600211966
1.8531 1600211966
1.8652000000000002 1600211966
1.8353000000000002 1600211966
1.7334999999999998 1600211966
1.6477000000000002 1600211966
1.8179 1600211966
2.109 1600211966
1.6257000000000001 1600211966
1.82 1600211966
1.8916 1600211966
1.9898000000000002 1600211966
1.8119 1600211966
1.8912999999999998 1600211966
1.9669999999999999 1600211966
1.8248000000000002 1600211966
2.1026000000000002 1600211966
1.8392 1600211966
1.7259 1600211966
1.7332 1600211966
2.0183999999999997 1600211966
1.8573 1600211966
1.7195 1600211966
2.0151000000000003 1600211966
1.7614999999999998 1600211966
1.9180000000000001 1600211966
1.9545000000000001 1600211966
1.8283 1600211966
1.8223 1600211966
1.8500999999999999 1600211966
1.4937 1600211966
2.0535 1600211966
1.7404 1600211966
1.7037 1600211966
1.7217000000000002 1600211966
1.6161 1600211966
1.8108 1600211966
1.8467 1600211966
1.9257000000000002 1600211966
2.096 1600211966
1.8304 1600211966
1.7548 1600211966
1.6123999999999998 1600211966
1.6237999999999997 1600211966
1.7348000000000003 1600211966
1.8291 1600211966
1.7266000000000004 1600211966
1.9628 1600211966
2.0139 1600211966
1.8426 1600211966
1.7199999999999998 1600211966
1.9450999999999998 1600211966
1.918 1600211966
1.8586999999999998 1600211966
1.8417000000000003 1600211966
1.8303000000000003 1600211966
1.9132999999999998 1600211966
1.8321999999999998 1600211966
1.8357999999999999 1600211966
1.8155000000000001 1600211966
1.8089 1600211966
1.8025 1600211966
1.9248 1600211966
1.7236 1600211966
1.8408000000000002 1600211966
2.1052999999999997 1600211966
2.0977 1600211966
2.1075 1600211966
1.8779 1600211966
1.6273999999999997 1600211966
2.0939 1600211966
1.8721999999999999 1600211966
1.8426999999999998 1600211966
2.093 1600211966
1.8611999999999997 1600211966
1.8792 1600211966
1.7969000000000002 1600211966
1.8450999999999997 1600211966
1.639 1600211966
1.9106 1600211966
1.8352 1600211966
2.0829 1600211966
1.6211000000000002 1600211966
1.8058999999999998 1600211966
1.8344 1600211966
1.7366000000000001 1600211966
2.0937 1600211966
1.8779 1600211966
1.9196000000000002 1600211966
1.7302 1600211966
1.7853999999999999 1600211966
2.092 1600211966
1.7919 1600211966
1.8377000000000001 1600211966
2.1076 1600211966
1.83 1600211966
1.4882 1600211966
1.8631000000000002 1600211966
1.623 1600211966
1.8306 1600211966
1.8364999999999998 1600211966
1.4893 1600211966
1.8535 1600211966
2.0374999999999996 1600211966
1.9389 1600211966
2.0138 1600211966
1.8441 1600211966
1.638 1600211966
1.8245000000000002 1600211966
2.1102 1600211966
1.7973999999999997 1600211966
1.6245000000000003 1600211966
1.834 1600211966
2.0968 1600211966
2.0962 1600211966
2.1076 1600211966
1.4989000000000003 1600211966
1.8554 1600211966
1.8221999999999998 1600211966
1.9490999999999998 1600211966
2.1079999999999997 1600211966
1.885 1600211966
1.9556999999999998 1600211966
1.9571 1600211966
2.1146000000000003 1600211966
1.7161 1600211966
1.8013000000000001 1600211966
1.8338999999999999 1600211966
2.0917000000000003 1600211966
2.1075999999999997 1600211966
1.885 1600211966
1.8350999999999997 1600211966
1.9059999999999997 1600211966
1.8359999999999999 1600211966
1.9606 1600211966
1.8611 1600211966
1.7239999999999998 1600211966
2.1099 1600211966
1.8683 1600211966
1.6287 1600211966
1.9517 1600211966
1.9154 1600211966
1.8649999999999998 1600211966
1.839 1600211966
1.8264 1600211966
2.108 1600211966
1.7496999999999998 1600211966
1.9475000000000002 1600211966
1.7566000000000002 1600211966
2.0952 1600211966
1.8791000000000002 1600211966
1.4927000000000001 1600211966
1.8693 1600211966
1.9621 1600211966
1.8576000000000001 1600211966
1.7193999999999998 1600211966
1.8558000000000001 1600211966
1.8397999999999999 1600211966
1.7320999999999998 1600211966
1.8542999999999998 1600211966
1.9490999999999998 1600211966
1.9524 1600211966
1.8375 1600211966
1.8933000000000002 1600211966
1.7422999999999997 1600211966
2.1087000000000002 1600211966
1.8397000000000001 1600211966
1.7279 1600211966
1.8274 1600211966
1.8567999999999998 1600211966
1.7311 1600211966
2.1088 1600211966
1.8350999999999997 1600211966
