0.5084 1600642117
0.5462 1600642117
0.6181 1600642117
0.5536000000000001 1600642117
0.7312 1600642117
0.6214 1600642117
0.5379999999999999 1600642117
0.6180000000000001 1600642117
0.5936 1600642117
0.627 1600642117
0.5737 1600642117
0.6679999999999999 1600642117
0.7081 1600642117
0.6232 1600642117
0.6811 1600642117
0.5713999999999999 1600642117
0.7086 1600642117
0.6579999999999999 1600642117
0.5462 1600642117
0.5773999999999999 1600642117
0.4987999999999999 1600642117
0.6135999999999999 1600642117
0.6751 1600642117
0.5518000000000001 1600642117
0.6371 1600642117
0.5218 1600642117
0.5490999999999999 1600642117
0.7052 1600642117
0.5737 1600642117
0.5773999999999999 1600642117
0.6461000000000001 1600642117
0.7545999999999999 1600642117
0.5791 1600642117
0.5947 1600642117
0.5465 1600642117
0.565 1600642117
0.6031 1600642117
0.7076 1600642117
0.6763 1600642117
0.5809 1600642117
0.5702999999999999 1600642117
0.7113 1600642117
0.5949 1600642117
0.5448 1600642117
0.6419999999999999 1600642117
0.6068 1600642117
0.7334 1600642117
0.5341 1600642117
0.6252 1600642117
0.5612999999999999 1600642117
0.643 1600642117
0.6353 1600642117
0.5302 1600642117
0.5649 1600642117
0.5119 1600642117
0.5208999999999999 1600642117
0.6191 1600642117
0.5746 1600642117
0.5285 1600642117
0.6094999999999999 1600642117
0.5721 1600642117
0.6597999999999999 1600642117
0.5906 1600642117
0.5872999999999999 1600642117
0.6394 1600642117
0.6999 1600642117
0.5677000000000001 1600642117
0.5436000000000001 1600642117
0.5583 1600642117
0.6808000000000001 1600642117
0.6385000000000001 1600642117
0.49920000000000003 1600642117
0.6135999999999999 1600642117
0.5675000000000001 1600642117
0.5623 1600642117
0.5566 1600642117
0.5612999999999999 1600642117
0.5455000000000001 1600642117
0.6895 1600642117
0.6349 1600642117
0.6013 1600642117
0.5748 1600642117
0.6815 1600642117
0.6819 1600642117
0.5673999999999999 1600642117
0.5933999999999999 1600642117
0.6396999999999999 1600642117
0.6234999999999999 1600642117
0.5337000000000001 1600642117
0.6663000000000001 1600642117
0.5097 1600642117
0.6265000000000001 1600642117
0.6127 1600642117
0.6618999999999999 1600642117
0.5939000000000001 1600642117
0.5155000000000001 1600642117
0.6367999999999999 1600642117
0.5526 1600642117
0.6582 1600642117
0.4755 1600642117
0.6773 1600642117
0.6600999999999999 1600642117
0.6059000000000001 1600642117
0.5720000000000001 1600642117
0.6126999999999999 1600642117
0.5914999999999999 1600642117
0.5042 1600642117
0.6402000000000001 1600642117
0.6375 1600642117
0.5212000000000001 1600642117
0.6306 1600642117
0.6596 1600642117
0.6061 1600642117
0.6392 1600642117
0.6831 1600642117
0.6477999999999999 1600642117
0.562 1600642117
0.5469999999999999 1600642117
0.5619000000000001 1600642117
0.6365000000000001 1600642117
0.5292000000000001 1600642117
0.6504000000000001 1600642117
0.7289000000000001 1600642117
0.6905000000000001 1600642117
0.6678999999999999 1600642117
0.6022000000000001 1600642117
0.6358999999999999 1600642117
0.47890000000000005 1600642117
0.5334 1600642117
0.5192 1600642117
0.5406 1600642117
0.5575000000000001 1600642117
0.6194 1600642117
0.7021 1600642117
0.679 1600642117
0.6054999999999999 1600642117
0.5472 1600642117
0.5733999999999999 1600642117
0.5617000000000001 1600642117
0.6207 1600642117
0.6630999999999999 1600642117
0.6504000000000001 1600642117
0.5355000000000001 1600642117
0.5267999999999999 1600642117
0.6885 1600642117
0.5099 1600642117
0.5379 1600642117
0.6042000000000001 1600642117
0.48790000000000006 1600642117
0.5619000000000001 1600642117
0.5431999999999999 1600642117
0.5912 1600642117
0.5335 1600642117
0.6645000000000001 1600642117
0.5622 1600642117
0.4943 1600642117
0.6786000000000001 1600642117
0.5330999999999999 1600642117
0.5721 1600642117
0.5294000000000001 1600642117
0.7163999999999999 1600642117
0.6402000000000001 1600642117
0.5834999999999999 1600642117
0.5805 1600642117
0.5981 1600642117
0.6091 1600642117
0.5538000000000001 1600642117
0.6318999999999999 1600642117
0.6394 1600642117
0.6171 1600642117
0.6782999999999999 1600642117
0.6136999999999999 1600642117
0.6582000000000001 1600642117
0.5446 1600642117
0.6640999999999999 1600642117
0.47559999999999997 1600642117
0.6887 1600642117
0.5484 1600642117
0.6160000000000001 1600642117
0.6101000000000001 1600642117
0.5684 1600642117
0.5776000000000001 1600642117
0.5382 1600642117
0.5209999999999999 1600642117
0.5764 1600642117
0.6164000000000001 1600642117
0.5430999999999999 1600642117
0.4714 1600642117
0.5852999999999999 1600642117
0.6171 1600642117
0.5217 1600642117
0.6231 1600642117
0.6781999999999999 1600642117
0.5095000000000001 1600642117
0.7139 1600642117
0.6799999999999999 1600642117
0.6643000000000001 1600642117
0.6368 1600642117
0.5629 1600642117
0.4592 1600642117
0.7067 1600642117
0.6576 1600642117
0.6659999999999999 1600642117
0.6019000000000001 1600642117
0.5514000000000001 1600642117
0.5768 1600642117
0.6309 1600642117
0.7091000000000001 1600642117
0.6947 1600642117
0.4612 1600642117
0.6378999999999999 1600642117
0.5468 1600642117
0.7562 1600642117
0.6721999999999999 1600642117
0.5459 1600642117
0.4973 1600642117
0.5720000000000001 1600642117
0.5942000000000001 1600642117
0.599 1600642117
0.6903999999999999 1600642117
0.4915 1600642117
0.5465 1600642117
0.5693999999999999 1600642117
0.5851999999999999 1600642117
0.7068 1600642117
0.6312 1600642117
0.5983 1600642117
0.6552 1600642117
0.5732999999999999 1600642117
0.4924 1600642117
0.6387 1600642117
0.5768 1600642117
0.6069 1600642117
0.6511 1600642117
0.6945000000000001 1600642117
0.6243000000000001 1600642117
0.7576 1600642117
0.5308999999999999 1600642117
0.6847000000000001 1600642117
0.5379 1600642117
0.6927 1600642117
0.5471999999999999 1600642117
0.5616000000000001 1600642117
0.6517999999999999 1600642117
0.6209 1600642117
0.5250999999999999 1600642117
0.5249999999999999 1600642117
0.5272000000000001 1600642117
0.6448 1600642117
0.5711999999999999 1600642117
0.6364000000000001 1600642117
0.5987 1600642117
0.6249 1600642117
0.6207 1600642117
0.575 1600642117
0.5539000000000001 1600642117
0.4879 1600642117
0.6287999999999999 1600642117
0.6710999999999999 1600642117
0.5428999999999999 1600642117
0.6355 1600642117
0.5619 1600642117
0.5676 1600642117
0.5265 1600642117
0.6758 1600642117
0.6092 1600642117
0.6591 1600642117
0.5932999999999999 1600642117
0.7618999999999999 1600642117
0.6878 1600642117
0.6228 1600642117
0.6800999999999999 1600642117
0.6362 1600642117
0.6223 1600642117
0.6061000000000001 1600642117
0.595 1600642117
0.588 1600642117
0.47009999999999996 1600642117
0.6512 1600642117
0.6811 1600642117
0.6969 1600642117
0.6134 1600642117
0.7081 1600642117
0.6219000000000001 1600642117
0.5958 1600642117
0.5121 1600642117
0.522 1600642117
0.5343 1600642117
0.6285 1600642117
0.5841 1600642117
0.5547 1600642117
0.6751 1600642117
0.7653 1600642117
0.5095 1600642117
0.6738999999999999 1600642117
0.6659999999999999 1600642117
0.6667 1600642117
0.6602 1600642117
0.6171 1600642117
0.6845000000000001 1600642117
0.6119 1600642117
0.5317 1600642117
0.6341000000000001 1600642117
0.6092 1600642117
0.6135999999999999 1600642117
0.6286999999999999 1600642117
0.5942 1600642117
0.6965000000000001 1600642117
0.6012 1600642117
0.6247999999999999 1600642117
0.6455 1600642117
0.5882000000000001 1600642117
0.5223 1600642117
0.5551999999999999 1600642117
0.5511999999999999 1600642117
0.609 1600642117
0.5576 1600642117
0.6252 1600642117
0.5012000000000001 1600642117
0.591 1600642117
0.7241 1600642117
0.46099999999999997 1600642117
0.6265999999999999 1600642117
0.6061 1600642117
0.5977 1600642117
0.6527999999999999 1600642117
0.7095 1600642117
0.6441 1600642117
0.639 1600642117
0.5529 1600642117
0.7291 1600642117
0.6395 1600642117
0.6843 1600642117
0.5577000000000001 1600642117
0.5901000000000001 1600642117
0.5490999999999999 1600642117
0.6365 1600642117
0.6267999999999999 1600642117
0.5808 1600642117
0.6294 1600642117
0.4673999999999999 1600642117
0.5737 1600642117
0.5799 1600642117
0.7304999999999999 1600642117
0.5236999999999999 1600642117
0.5701999999999999 1600642117
0.5327999999999999 1600642117
0.468 1600642117
0.5337 1600642117
0.5527 1600642117
0.6123999999999999 1600642117
0.6391 1600642117
0.5756 1600642117
0.6785 1600642117
0.5982 1600642117
0.5515 1600642117
0.5466 1600642117
0.6289 1600642117
0.6969 1600642117
0.5745 1600642117
0.6107 1600642117
0.5549999999999999 1600642117
0.5904999999999999 1600642117
0.5900000000000001 1600642117
0.5105999999999999 1600642117
0.6738 1600642117
0.5398 1600642117
0.6587000000000001 1600642117
0.6153 1600642117
0.6526 1600642117
0.5952999999999999 1600642117
0.6398999999999999 1600642117
0.5404 1600642117
0.6352 1600642117
0.6018 1600642117
0.4985 1600642117
0.5448999999999999 1600642117
0.6753 1600642117
0.6055999999999999 1600642117
0.52 1600642117
0.5628 1600642117
0.5611999999999999 1600642117
0.7282 1600642117
0.6249 1600642117
0.6538999999999999 1600642117
0.5680999999999999 1600642117
0.5480999999999999 1600642117
0.6083999999999999 1600642117
0.6134999999999999 1600642117
0.5041 1600642117
0.6068 1600642117
0.6361 1600642117
0.7315999999999999 1600642117
0.6850999999999999 1600642117
0.6453 1600642117
0.5549999999999999 1600642117
0.6931999999999999 1600642117
0.5361 1600642117
0.6351 1600642117
0.5095999999999999 1600642117
0.5493 1600642117
0.5809 1600642117
0.6064999999999999 1600642117
0.5874999999999999 1600642117
0.5655 1600642117
0.5144 1600642117
0.5351 1600642117
0.591 1600642117
0.5681999999999999 1600642117
0.623 1600642117
0.5531999999999999 1600642117
0.6121000000000001 1600642117
0.5956 1600642117
0.6650999999999999 1600642117
0.6930999999999999 1600642117
0.5363 1600642117
0.7105 1600642117
0.6841999999999999 1600642117
0.6162 1600642117
0.5751999999999999 1600642117
0.5961 1600642117
0.5378999999999999 1600642117
0.6043 1600642117
0.6779999999999999 1600642117
0.5939 1600642117
0.5909 1600642117
0.6493 1600642117
0.6065999999999999 1600642117
0.5630999999999999 1600642117
0.6316999999999999 1600642117
0.5436 1600642117
0.7167000000000001 1600642117
0.6201 1600642117
0.5006999999999999 1600642117
0.6158 1600642117
0.6051 1600642117
0.6716 1600642117
0.6285999999999999 1600642117
0.5516 1600642117
0.6207 1600642117
0.5436 1600642117
0.4708 1600642117
0.6807 1600642117
0.6061 1600642117
0.6244 1600642117
0.5730999999999999 1600642117
0.6841999999999999 1600642117
0.5511999999999999 1600642117
0.5333 1600642117
0.5581 1600642117
0.6285999999999999 1600642117
0.5289999999999999 1600642117
0.6768 1600642117
0.6392 1600642117
0.5251 1600642117
0.5146999999999999 1600642117
0.6126999999999999 1600642117
0.5535000000000001 1600642117
0.6598999999999999 1600642117
0.6066 1600642117
0.618 1600642117
0.5327999999999999 1600642117
0.7628999999999999 1600642117
0.7123999999999999 1600642117
0.629 1600642117
0.6682 1600642117
0.5632999999999999 1600642117
0.6938 1600642117
0.5882 1600642117
0.5941000000000001 1600642117
0.6648000000000001 1600642117
0.6808000000000001 1600642117
0.6201 1600642117
0.5467 1600642117
0.5806 1600642117
0.5575000000000001 1600642117
0.6505000000000001 1600642117
0.5942000000000001 1600642117
0.6457999999999999 1600642117
0.6053 1600642117
0.5543 1600642117
0.5713 1600642117
0.5986 1600642117
0.6534 1600642117
0.6544 1600642117
0.6086 1600642117
0.5446 1600642117
0.648 1600642117
0.5749 1600642117
0.495 1600642117
0.4971 1600642117
0.6873 1600642117
0.6378 1600642117
0.6384 1600642117
0.5619999999999999 1600642117
0.5694 1600642117
0.5515000000000001 1600642117
0.6311 1600642117
0.6255 1600642117
0.7601 1600642117
0.48969999999999997 1600642117
0.5695000000000001 1600642117
0.7606999999999999 1600642117
0.7227000000000001 1600642117
0.5438999999999999 1600642117
0.5687 1600642117
0.6920999999999999 1600642117
0.5268999999999999 1600642117
0.6438999999999999 1600642117
0.5569999999999999 1600642117
0.6232 1600642117
0.5731999999999999 1600642117
