13.374900000000002 1600228362
11.8491 1600228362
12.0047 1600228362
12.467000000000002 1600228362
12.004100000000001 1600228362
13.0756 1600228362
12.810000000000002 1600228362
15.938600000000001 1600228362
12.809700000000001 1600228362
13.911900000000001 1600228362
15.8419 1600228362
13.8557 1600228362
13.878 1600228362
14.943399999999999 1600228362
14.859399999999999 1600228362
15.841800000000001 1600228362
14.928899999999999 1600228362
9.0386 1600228362
12.063699999999999 1600228362
14.6884 1600228362
14.688600000000001 1600228362
12.044500000000001 1600228362
13.912200000000002 1600228362
9.8209 1600228362
15.8162 1600228362
13.877699999999999 1600228362
14.734699999999998 1600228362
9.8216 1600228362
10.1813 1600228362
14.734100000000002 1600228362
15.3407 1600228362
15.709999999999999 1600228362
15.7597 1600228362
10.844800000000001 1600228362
15.708599999999999 1600228362
11.7434 1600228362
15.759099999999998 1600228362
11.7456 1600228362
11.9452 1600228362
12.441999999999998 1600228362
15.759099999999998 1600228362
14.936200000000001 1600228362
15.7586 1600228362
15.8164 1600228362
12.1089 1600228362
15.759099999999998 1600228362
12.658599999999998 1600228362
13.9153 1600228362
13.910400000000001 1600228362
15.382699999999998 1600228362
13.877400000000002 1600228362
15.7595 1600228362
12.656799999999999 1600228362
14.943900000000001 1600228362
15.7358 1600228362
14.9432 1600228362
11.9453 1600228362
15.766599999999999 1600228362
11.9454 1600228362
15.7672 1600228362
11.9454 1600228362
15.4824 1600228362
12.4441 1600228362
15.7659 1600228362
15.758799999999999 1600228362
12.4421 1600228362
14.936300000000001 1600228362
12.441699999999999 1600228362
13.6696 1600228362
10.148499999999999 1600228362
13.908399999999999 1600228362
11.742899999999999 1600228362
15.7584 1600228362
11.776299999999999 1600228362
7.912599999999999 1600228362
11.8661 1600228362
9.8208 1600228362
12.625200000000001 1600228362
10.7896 1600228362
13.669400000000001 1600228362
9.8186 1600228362
11.7431 1600228362
14.9488 1600228362
12.1077 1600228362
14.943100000000001 1600228362
10.116600000000002 1600228362
10.2164 1600228362
13.624699999999999 1600228362
13.5614 1600228362
8.1153 1600228362
13.9382 1600228362
8.357700000000001 1600228362
10.2164 1600228362
10.3247 1600228362
13.9087 1600228362
12.2201 1600228362
13.8757 1600228362
10.7528 1600228362
10.3131 1600228362
14.9426 1600228362
11.889899999999999 1600228362
13.908399999999999 1600228362
8.6839 1600228362
14.762299999999998 1600228362
10.3132 1600228362
11.0876 1600228362
11.6501 1600228362
13.910400000000001 1600228362
15.765399999999998 1600228362
10.764299999999999 1600228362
9.4714 1600228362
11.4726 1600228362
14.243699999999999 1600228362
11.4657 1600228362
15.327599999999999 1600228362
10.8195 1600228362
13.824600000000002 1600228362
8.723099999999999 1600228362
10.6074 1600228362
12.357999999999999 1600228362
12.825000000000001 1600228362
10.7637 1600228362
11.5499 1600228362
14.859699999999998 1600228362
12.3011 1600228362
13.2261 1600228362
8.3573 1600228362
14.259500000000001 1600228362
8.6055 1600228362
13.2174 1600228362
8.991299999999999 1600228362
10.6409 1600228362
11.0397 1600228362
10.7638 1600228362
14.484800000000002 1600228362
11.000399999999999 1600228362
12.0627 1600228362
12.745299999999999 1600228362
11.0003 1600228362
13.8757 1600228362
13.878 1600228362
11.610800000000001 1600228362
15.7359 1600228362
12.063400000000001 1600228362
8.6059 1600228362
11.743 1600228362
13.9107 1600228362
11.8667 1600228362
8.605699999999999 1600228362
13.878400000000001 1600228362
15.069799999999999 1600228362
10.1487 1600228362
10.2679 1600228362
10.997 1600228362
10.7646 1600228362
12.0077 1600228362
12.3575 1600228362
12.672099999999999 1600228362
15.052100000000001 1600228362
12.342699999999999 1600228362
8.6061 1600228362
9.8341 1600228362
14.943 1600228362
8.605599999999999 1600228362
10.1504 1600228362
11.000399999999999 1600228362
11.8443 1600228362
12.720699999999999 1600228362
12.643299999999998 1600228362
13.9131 1600228362
15.3273 1600228362
10.1553 1600228362
10.1506 1600228362
10.7646 1600228362
10.7638 1600228362
10.7956 1600228362
12.6408 1600228362
11.866399999999999 1600228362
10.788599999999999 1600228362
14.7613 1600228362
8.6055 1600228362
12.6547 1600228362
11.7937 1600228362
13.9157 1600228362
14.9276 1600228362
8.7233 1600228362
9.520999999999999 1600228362
13.876900000000001 1600228362
15.3879 1600228362
8.876399999999999 1600228362
11.6508 1600228362
13.877999999999998 1600228362
14.9279 1600228362
8.8767 1600228362
15.3877 1600228362
9.4719 1600228362
9.4712 1600228362
9.8213 1600228362
13.217699999999999 1600228362
9.7276 1600228362
13.913400000000001 1600228362
9.7273 1600228362
13.9087 1600228362
10.8308 1600228362
14.8601 1600228362
9.7276 1600228362
13.876900000000001 1600228362
9.821 1600228362
11.311399999999999 1600228362
11.7435 1600228362
15.9761 1600228362
12.212599999999998 1600228362
11.8445 1600228362
12.4812 1600228362
13.9106 1600228362
9.726899999999999 1600228362
15.250099999999998 1600228362
11.254199999999999 1600228362
11.2543 1600228362
13.9101 1600228362
14.935999999999998 1600228362
8.8765 1600228362
10.9603 1600228362
14.936099999999998 1600228362
11.311499999999999 1600228362
12.441999999999998 1600228362
11.0003 1600228362
13.2953 1600228362
13.819799999999999 1600228362
11.2541 1600228362
13.7708 1600228362
11.944500000000001 1600228362
14.726799999999999 1600228362
12.5041 1600228362
14.859699999999998 1600228362
13.853399999999999 1600228362
15.3877 1600228362
8.723099999999999 1600228362
8.6055 1600228362
13.145100000000001 1600228362
8.357299999999999 1600228362
8.9857 1600228362
14.942 1600228362
8.9856 1600228362
10.8156 1600228362
14.740499999999999 1600228362
15.614600000000001 1600228362
9.0383 1600228362
7.904399999999999 1600228362
10.180399999999999 1600228362
12.4051 1600228362
10.155 1600228362
11.789399999999999 1600228362
12.504499999999998 1600228362
14.789800000000001 1600228362
12.655599999999998 1600228362
8.605599999999999 1600228362
11.6502 1600228362
14.789699999999998 1600228362
11.831199999999999 1600228362
13.8821 1600228362
8.605699999999999 1600228362
8.605599999999999 1600228362
10.0959 1600228362
12.504800000000001 1600228362
9.9909 1600228362
11.7991 1600228362
10.4681 1600228362
12.388 1600228362
10.751 1600228362
13.877 1600228362
11.651299999999999 1600228362
14.7342 1600228362
11.7433 1600228362
8.605599999999999 1600228362
13.748199999999999 1600228362
9.9693 1600228362
14.734 1600228362
12.028 1600228362
8.7843 1600228362
8.8219 1600228362
15.2703 1600228362
11.2089 1600228362
12.6337 1600228362
9.0384 1600228362
13.7475 1600228362
10.2163 1600228362
13.2339 1600228362
8.0537 1600228362
13.7047 1600228362
8.6325 1600228362
13.7035 1600228362
14.7521 1600228362
11.3121 1600228362
8.604999999999999 1600228362
13.770999999999999 1600228362
15.009300000000001 1600228362
9.5005 1600228362
13.771199999999999 1600228362
10.1501 1600228362
13.669500000000001 1600228362
10.794699999999999 1600228362
10.794699999999999 1600228362
13.2953 1600228362
10.7949 1600228362
10.8159 1600228362
13.911699999999998 1600228362
10.7949 1600228362
12.452599999999999 1600228362
10.7643 1600228362
11.754100000000001 1600228362
15.0036 1600228362
15.7784 1600228362
11.9062 1600228362
12.4523 1600228362
13.9399 1600228362
8.6594 1600228362
14.297499999999998 1600228362
10.7903 1600228362
14.730800000000002 1600228362
11.014700000000001 1600228362
14.297400000000001 1600228362
15.9446 1600228362
11.6486 1600228362
8.6138 1600228362
9.7694 1600228362
9.871 1600228362
10.7701 1600228362
10.8025 1600228362
11.164 1600228362
11.1051 1600228362
14.798399999999999 1600228362
10.802900000000001 1600228362
13.7053 1600228362
15.626499999999998 1600228362
10.7677 1600228362
11.6481 1600228362
8.6591 1600228362
11.8242 1600228362
12.0064 1600228362
12.511999999999999 1600228362
14.9979 1600228362
12.006 1600228362
13.945500000000001 1600228362
15.391599999999999 1600228362
8.6135 1600228362
13.7052 1600228362
8.6591 1600228362
15.6212 1600228362
9.054 1600228362
8.6593 1600228362
13.855399999999998 1600228362
6.991999999999999 1600228362
8.6593 1600228362
11.9679 1600228362
8.659600000000001 1600228362
9.054 1600228362
12.9321 1600228362
14.871899999999998 1600228362
9.8712 1600228362
12.826600000000001 1600228362
9.871500000000001 1600228362
11.278699999999999 1600228362
10.307 1600228362
11.6487 1600228362
8.659600000000001 1600228362
13.729500000000002 1600228362
11.6492 1600228362
15.415999999999999 1600228362
12.494200000000001 1600228362
14.7751 1600228362
9.0541 1600228362
9.552 1600228362
10.3066 1600228362
9.871200000000002 1600228362
10.8026 1600228362
13.8927 1600228362
10.802299999999999 1600228362
13.855300000000002 1600228362
9.871 1600228362
14.762199999999998 1600228362
9.053899999999999 1600228362
10.8026 1600228362
10.940299999999999 1600228362
12.729999999999999 1600228362
10.931 1600228362
15.118 1600228362
11.169699999999999 1600228362
11.1695 1600228362
11.2859 1600228362
8.6594 1600228362
12.5209 1600228362
13.937500000000002 1600228362
11.2782 1600228362
11.6485 1600228362
15.358300000000002 1600228362
11.9607 1600228362
12.7069 1600228362
8.7618 1600228362
13.8785 1600228362
11.9641 1600228362
11.2107 1600228362
12.435699999999999 1600228362
15.7663 1600228362
11.8324 1600228362
14.222199999999999 1600228362
14.9978 1600228362
8.7622 1600228362
10.026299999999999 1600228362
12.705999999999998 1600228362
13.9488 1600228362
13.189500000000002 1600228362
14.8149 1600228362
10.1627 1600228362
13.1047 1600228362
9.0543 1600228362
8.7621 1600228362
8.9589 1600228362
12.0094 1600228362
10.2803 1600228362
11.8497 1600228362
12.811300000000001 1600228362
13.937600000000002 1600228362
10.2804 1600228362
12.705700000000002 1600228362
9.054599999999999 1600228362
13.2307 1600228362
9.0537 1600228362
14.8801 1600228362
10.1557 1600228362
15.8682 1600228362
11.3131 1600228362
11.3119 1600228362
14.8145 1600228362
11.2557 1600228362
12.851999999999999 1600228362
13.9183 1600228362
11.2556 1600228362
14.2497 1600228362
11.2562 1600228362
11.8668 1600228362
15.046999999999999 1600228362
11.8339 1600228362
12.747200000000001 1600228362
15.268199999999998 1600228362
8.7616 1600228362
12.7084 1600228362
9.8714 1600228362
15.7596 1600228362
12.8185 1600228362
8.7996 1600228362
10.1638 1600228362
11.964 1600228362
15.280299999999999 1600228362
12.706299999999999 1600228362
10.1304 1600228362
15.280499999999998 1600228362
11.6486 1600228362
11.906500000000001 1600228362
13.9393 1600228362
9.0543 1600228362
11.7457 1600228362
14.731100000000001 1600228362
11.9295 1600228362
13.8927 1600228362
2.081 1600228362
14.297499999999998 1600228362
9.054100000000002 1600228362
10.4078 1600228362
15.0311 1600228362
13.893 1600228362
9.5524 1600228362
12.818299999999999 1600228362
9.5519 1600228362
9.5519 1600228362
10.157 1600228362
15.280499999999998 1600228362
9.5521 1600228362
9.871200000000002 1600228362
11.6488 1600228362
11.6486 1600228362
12.0906 1600228362
7.1417 1600228362
12.706000000000001 1600228362
10.1116 1600228362
13.9304 1600228362
14.736600000000001 1600228362
12.063799999999999 1600228362
15.048499999999999 1600228362
9.8712 1600228362
13.9182 1600228362
9.551699999999999 1600228362
10.8215 1600228362
12.830599999999999 1600228362
11.3133 1600228362
13.9111 1600228362
13.9064 1600228362
9.0533 1600228362
8.7988 1600228362
12.359699999999998 1600228362
8.7988 1600228362
9.5862 1600228362
14.3024 1600228362
9.5627 1600228362
9.678199999999999 1600228362
9.8668 1600228362
13.7295 1600228362
9.7517 1600228362
9.6506 1600228362
14.7658 1600228362
11.753599999999999 1600228362
11.9663 1600228362
