60.625299999999996 1600359058
10.5374 1600359058
10.9883 1600359058
11.6791 1600359058
18.2643 1600359058
11.6721 1600359058
40.560199999999995 1600359058
60.596799999999995 1600359058
59.0326 1600359058
13.4606 1600359058
10.9881 1600359058
68.786 1600359058
10.9878 1600359058
11.8218 1600359058
66.257 1600359058
40.5602 1600359058
60.192299999999996 1600359058
40.5602 1600359058
60.7559 1600359058
11.517 1600359058
14.597 1600359058
66.43520000000001 1600359058
71.0688 1600359058
59.3371 1600359058
71.4736 1600359058
60.57749999999999 1600359058
69.6999 1600359058
40.9029 1600359058
59.2711 1600359058
14.597 1600359058
68.8292 1600359058
11.5169 1600359058
60.9304 1600359058
11.8913 1600359058
13.1692 1600359058
43.5612 1600359058
13.5883 1600359058
49.0387 1600359058
66.5549 1600359058
59.147099999999995 1600359058
13.1693 1600359058
48.073299999999996 1600359058
71.4029 1600359058
59.9509 1600359058
70.9746 1600359058
40.5822 1600359058
60.5776 1600359058
10.9883 1600359058
17.6023 1600359058
70.4601 1600359058
11.678700000000001 1600359058
13.5998 1600359058
68.6701 1600359058
13.597900000000001 1600359058
71.4936 1600359058
13.8723 1600359058
10.9875 1600359058
42.155499999999996 1600359058
71.4652 1600359058
15.0558 1600359058
11.246799999999999 1600359058
69.81230000000001 1600359058
11.6762 1600359058
13.6058 1600359058
10.9878 1600359058
14.7833 1600359058
13.8232 1600359058
69.2589 1600359058
70.5814 1600359058
11.1342 1600359058
66.6264 1600359058
11.1341 1600359058
59.8132 1600359058
69.1953 1600359058
70.4602 1600359058
11.4748 1600359058
11.6721 1600359058
71.2547 1600359058
11.4154 1600359058
12.5808 1600359058
13.5821 1600359058
42.0355 1600359058
70.4601 1600359058
40.5602 1600359058
68.9006 1600359058
11.6722 1600359058
10.9876 1600359058
11.7122 1600359058
10.5369 1600359058
11.4356 1600359058
13.046199999999999 1600359058
15.1327 1600359058
71.43910000000001 1600359058
65.7628 1600359058
13.404 1600359058
66.6084 1600359058
66.4034 1600359058
11.2674 1600359058
60.495799999999996 1600359058
11.3523 1600359058
43.561 1600359058
11.676 1600359058
68.78450000000001 1600359058
13.5977 1600359058
70.5816 1600359058
11.6758 1600359058
70.58170000000001 1600359058
12.6669 1600359058
11.6759 1600359058
50.982499999999995 1600359058
10.536999999999999 1600359058
66.4852 1600359058
10.842600000000001 1600359058
15.9418 1600359058
47.4034 1600359058
71.1421 1600359058
17.7501 1600359058
10.7902 1600359058
66.4032 1600359058
11.6601 1600359058
68.4043 1600359058
11.676 1600359058
66.32990000000001 1600359058
11.6758 1600359058
11.9742 1600359058
10.7901 1600359058
11.9576 1600359058
13.303 1600359058
15.604099999999999 1600359058
13.2681 1600359058
60.596399999999996 1600359058
14.952 1600359058
50.891999999999996 1600359058
13.2681 1600359058
69.2589 1600359058
59.9799 1600359058
13.2681 1600359058
43.546 1600359058
58.9974 1600359058
66.2376 1600359058
60.596399999999996 1600359058
66.52590000000001 1600359058
70.5498 1600359058
60.5962 1600359058
66.3592 1600359058
11.2163 1600359058
60.5967 1600359058
11.2468 1600359058
71.37089999999999 1600359058
58.9962 1600359058
61.2756 1600359058
11.328899999999999 1600359058
11.3944 1600359058
12.7437 1600359058
50.9582 1600359058
13.8666 1600359058
58.9963 1600359058
69.7322 1600359058
69.3284 1600359058
60.2455 1600359058
50.3097 1600359058
10.7903 1600359058
11.678600000000001 1600359058
66.6471 1600359058
71.0134 1600359058
12.325099999999999 1600359058
48.342299999999994 1600359058
40.5891 1600359058
71.5085 1600359058
59.2366 1600359058
50.0353 1600359058
68.76520000000001 1600359058
61.24 1600359058
47.5338 1600359058
69.4344 1600359058
10.7909 1600359058
68.0351 1600359058
71.62049999999999 1600359058
10.3729 1600359058
11.676 1600359058
12.1885 1600359058
15.9267 1600359058
13.3464 1600359058
68.8682 1600359058
13.3467 1600359058
66.4559 1600359058
61.2817 1600359058
57.9286 1600359058
70.11510000000001 1600359058
10.7903 1600359058
10.425 1600359058
11.9121 1600359058
58.1716 1600359058
69.80030000000001 1600359058
71.4735 1600359058
50.575399999999995 1600359058
41.2036 1600359058
70.0762 1600359058
10.4254 1600359058
70.6006 1600359058
11.5339 1600359058
11.6871 1600359058
40.5412 1600359058
60.591899999999995 1600359058
66.2078 1600359058
71.0119 1600359058
10.3728 1600359058
71.025 1600359058
10.8426 1600359058
11.3636 1600359058
19.3097 1600359058
13.3889 1600359058
13.3666 1600359058
61.2747 1600359058
11.676 1600359058
66.6012 1600359058
71.20660000000001 1600359058
13.1883 1600359058
71.4652 1600359058
13.540799999999999 1600359058
13.389 1600359058
71.2818 1600359058
13.5976 1600359058
71.2655 1600359058
10.7386 1600359058
71.09400000000001 1600359058
10.7733 1600359058
11.8133 1600359058
11.7187 1600359058
69.7369 1600359058
11.134 1600359058
18.0869 1600359058
43.077600000000004 1600359058
71.21100000000001 1600359058
14.6639 1600359058
11.246599999999999 1600359058
70.4604 1600359058
11.2464 1600359058
71.4457 1600359058
11.6787 1600359058
13.3887 1600359058
41.852599999999995 1600359058
60.2866 1600359058
40.5136 1600359058
68.801 1600359058
15.9272 1600359058
11.134 1600359058
66.44330000000001 1600359058
12.328700000000001 1600359058
66.3426 1600359058
15.189599999999999 1600359058
71.2107 1600359058
13.517800000000001 1600359058
48.752900000000004 1600359058
65.7629 1600359058
71.49350000000001 1600359058
40.645199999999996 1600359058
59.8604 1600359058
71.2385 1600359058
59.2583 1600359058
11.1341 1600359058
13.529399999999999 1600359058
13.5159 1600359058
66.77890000000001 1600359058
11.3523 1600359058
43.5141 1600359058
66.3233 1600359058
11.702 1600359058
52.6407 1600359058
11.7018 1600359058
17.709500000000002 1600359058
11.9761 1600359058
12.7406 1600359058
41.793 1600359058
13.582 1600359058
60.1891 1600359058
10.7096 1600359058
50.0542 1600359058
66.4597 1600359058
11.3008 1600359058
71.2701 1600359058
11.891399999999999 1600359058
71.5085 1600359058
35.3679 1600359058
11.352300000000001 1600359058
12.0378 1600359058
18.227800000000002 1600359058
12.5895 1600359058
15.916699999999999 1600359058
13.5161 1600359058
71.2112 1600359058
15.9037 1600359058
11.333499999999999 1600359058
60.111000000000004 1600359058
14.6629 1600359058
50.0106 1600359058
59.0941 1600359058
66.33380000000001 1600359058
52.631099999999996 1600359058
11.3332 1600359058
71.3818 1600359058
40.584199999999996 1600359058
58.9861 1600359058
15.2065 1600359058
11.3778 1600359058
70.4615 1600359058
12.553799999999999 1600359058
50.61 1600359058
69.16420000000001 1600359058
40.587 1600359058
71.14110000000001 1600359058
59.1488 1600359058
11.3532 1600359058
43.5442 1600359058
11.699599999999998 1600359058
66.43610000000001 1600359058
11.3026 1600359058
71.49380000000001 1600359058
10.963000000000001 1600359058
11.7375 1600359058
40.6404 1600359058
59.9962 1600359058
71.21140000000001 1600359058
55.364 1600359058
11.2928 1600359058
18.7767 1600359058
40.561499999999995 1600359058
70.5656 1600359058
10.1995 1600359058
70.5581 1600359058
11.3839 1600359058
11.719800000000001 1600359058
70.2309 1600359058
11.3846 1600359058
40.56079999999999 1600359058
70.9769 1600359058
11.2928 1600359058
16.8963 1600359058
40.5615 1600359058
70.58260000000001 1600359058
11.3846 1600359058
11.725999999999999 1600359058
11.384 1600359058
11.7337 1600359058
70.0695 1600359058
13.5527 1600359058
13.9362 1600359058
60.3088 1600359058
49.0516 1600359058
13.5528 1600359058
71.4934 1600359058
15.2656 1600359058
11.7258 1600359058
48.6431 1600359058
66.4564 1600359058
15.736799999999999 1600359058
13.5527 1600359058
70.5655 1600359058
70.5655 1600359058
13.9548 1600359058
68.7369 1600359058
13.5527 1600359058
11.293099999999999 1600359058
13.9547 1600359058
69.59320000000001 1600359058
59.296800000000005 1600359058
11.2928 1600359058
58.5254 1600359058
11.3844 1600359058
15.9073 1600359058
71.49380000000001 1600359058
11.5386 1600359058
61.3063 1600359058
40.561299999999996 1600359058
70.63080000000001 1600359058
14.694700000000001 1600359058
11.385200000000001 1600359058
13.6309 1600359058
66.3546 1600359058
13.9365 1600359058
49.6656 1600359058
71.1593 1600359058
59.0938 1600359058
70.5655 1600359058
51.0079 1600359058
71.50450000000001 1600359058
11.3846 1600359058
12.0766 1600359058
71.25619999999999 1600359058
12.061300000000001 1600359058
59.0939 1600359058
71.2119 1600359058
59.0666 1600359058
10.8782 1600359058
41.7935 1600359058
11.1185 1600359058
70.1091 1600359058
40.5616 1600359058
66.3324 1600359058
11.3846 1600359058
11.463 1600359058
11.7283 1600359058
71.4397 1600359058
40.5616 1600359058
70.5656 1600359058
11.384500000000001 1600359058
11.3847 1600359058
12.0274 1600359058
18.2541 1600359058
12.6157 1600359058
15.590900000000001 1600359058
11.3846 1600359058
13.978100000000001 1600359058
11.6263 1600359058
11.6192 1600359058
13.847100000000001 1600359058
70.5828 1600359058
12.002 1600359058
13.565 1600359058
69.2701 1600359058
12.0023 1600359058
47.4138 1600359058
60.5798 1600359058
11.619 1600359058
68.7967 1600359058
40.5617 1600359058
11.6877 1600359058
44.903299999999994 1600359058
70.58290000000001 1600359058
15.7805 1600359058
59.0175 1600359058
11.6878 1600359058
15.481300000000001 1600359058
70.5654 1600359058
11.6782 1600359058
13.6379 1600359058
59.2411 1600359058
40.6316 1600359058
68.6602 1600359058
40.587399999999995 1600359058
2.0253 1600359058
66.769 1600359058
71.44000000000001 1600359058
9.2202 1600359058
10.5975 1600359058
12.0697 1600359058
48.3861 1600359058
13.6055 1600359058
40.4015 1600359058
68.4427 1600359058
65.76440000000001 1600359058
70.6838 1600359058
71.7864 1600359058
65.764 1600359058
10.5728 1600359058
44.9414 1600359058
17.2982 1600359058
11.1541 1600359058
11.6878 1600359058
66.3511 1600359058
71.4396 1600359058
11.6877 1600359058
11.9283 1600359058
16.8558 1600359058
71.1412 1600359058
13.4214 1600359058
13.630600000000001 1600359058
50.9563 1600359058
65.5772 1600359058
71.4935 1600359058
59.2579 1600359058
11.9282 1600359058
68.8165 1600359058
11.6878 1600359058
11.1541 1600359058
43.578799999999994 1600359058
11.5384 1600359058
66.6126 1600359058
11.7195 1600359058
11.737300000000001 1600359058
11.5383 1600359058
66.6331 1600359058
11.5385 1600359058
11.6647 1600359058
42.216699999999996 1600359058
11.946 1600359058
11.6627 1600359058
41.7544 1600359058
69.34410000000001 1600359058
40.6875 1600359058
69.1716 1600359058
11.9459 1600359058
13.9549 1600359058
6.8466 1600359058
10.445400000000001 1600359058
11.6191 1600359058
59.2361 1600359058
70.5655 1600359058
11.9276 1600359058
12.6988 1600359058
69.98020000000001 1600359058
12.698 1600359058
70.5655 1600359058
59.0939 1600359058
58.9411 1600359058
13.2256 1600359058
40.7748 1600359058
69.0965 1600359058
71.49380000000001 1600359058
13.2256 1600359058
66.379 1600359058
59.147999999999996 1600359058
