1.4437000000000002 1600354278
1.4434 1600354278
1.6639000000000002 1600354278
1.6461 1600354278
1.5840999999999998 1600354278
1.5863 1600354278
1.5480999999999998 1600354278
1.6637999999999997 1600354278
1.6243999999999998 1600354278
1.439 1600354278
1.5156 1600354278
1.5870000000000002 1600354278
1.6545 1600354278
1.6738999999999997 1600354278
1.5867 1600354278
1.6223 1600354278
1.5829 1600354278
1.5624000000000002 1600354278
1.4439000000000002 1600354278
1.6797999999999997 1600354278
1.6227 1600354278
1.6881999999999997 1600354278
1.6089000000000002 1600354278
1.4806 1600354278
1.7074 1600354278
1.6488 1600354278
1.5870000000000002 1600354278
1.6016 1600354278
1.6225 1600354278
1.6223 1600354278
1.5867 1600354278
1.7075 1600354278
1.5864 1600354278
1.6984000000000001 1600354278
1.4431 1600354278
1.4446999999999999 1600354278
1.6986999999999999 1600354278
1.6293 1600354278
1.5825 1600354278
1.6868 1600354278
1.5864 1600354278
1.6503999999999999 1600354278
1.5147 1600354278
1.5315999999999999 1600354278
1.5624 1600354278
1.4435 1600354278
1.5574999999999999 1600354278
1.6632 1600354278
1.5492 1600354278
1.6698999999999997 1600354278
1.7077 1600354278
1.5472000000000001 1600354278
1.646 1600354278
1.6115 1600354278
1.6471 1600354278
1.5152999999999999 1600354278
1.5501 1600354278
1.492 1600354278
1.6326 1600354278
1.5868000000000002 1600354278
1.5238999999999998 1600354278
1.524 1600354278
1.4925000000000002 1600354278
1.7064 1600354278
1.6213 1600354278
1.6207 1600354278
1.7056 1600354278
1.6113 1600354278
1.5866 1600354278
1.7068999999999999 1600354278
1.5823 1600354278
1.6208 1600354278
1.6985000000000001 1600354278
1.7077 1600354278
1.6116 1600354278
1.5488 1600354278
1.6701000000000001 1600354278
1.6635999999999997 1600354278
1.6781000000000001 1600354278
1.5936 1600354278
1.6218 1600354278
1.523 1600354278
1.5863 1600354278
1.6867999999999999 1600354278
1.7073 1600354278
1.5866 1600354278
1.6764000000000001 1600354278
1.4545 1600354278
1.5865 1600354278
1.6487 1600354278
1.7063 1600354278
1.6218 1600354278
1.6488 1600354278
1.6877999999999997 1600354278
1.6482999999999999 1600354278
1.4797 1600354278
1.7069999999999999 1600354278
1.6972999999999998 1600354278
1.6541 1600354278
1.6643 1600354278
1.5869 1600354278
1.5233999999999999 1600354278
1.6053 1600354278
1.4432 1600354278
1.6502999999999999 1600354278
1.557 1600354278
1.6212 1600354278
1.6044 1600354278
1.5867 1600354278
1.5148 1600354278
1.562 1600354278
1.6456 1600354278
1.6433 1600354278
1.6211 1600354278
1.6319 1600354278
1.4379 1600354278
1.7073 1600354278
1.6112 1600354278
1.6633 1600354278
1.6104 1600354278
1.5092999999999999 1600354278
1.6629999999999998 1600354278
1.6797 1600354278
1.5209 1600354278
1.5866 1600354278
1.6223999999999998 1600354278
1.7056 1600354278
1.4434 1600354278
1.6231 1600354278
1.5152999999999999 1600354278
1.6086 1600354278
1.6219 1600354278
1.6483999999999999 1600354278
1.6093 1600354278
1.547 1600354278
1.4435 1600354278
1.6118 1600354278
1.6292 1600354278
1.6864 1600354278
1.6324999999999998 1600354278
1.6873999999999998 1600354278
1.6403999999999999 1600354278
1.6710999999999998 1600354278
1.6986999999999999 1600354278
1.5455999999999999 1600354278
1.7064 1600354278
1.5453999999999999 1600354278
1.6537 1600354278
1.4384 1600354278
1.4428999999999998 1600354278
1.4436 1600354278
1.6333 1600354278
1.6462999999999999 1600354278
1.6218 1600354278
1.6443999999999999 1600354278
1.6438 1600354278
1.5505 1600354278
1.4790999999999999 1600354278
1.5235999999999998 1600354278
1.4794 1600354278
1.6072 1600354278
1.4385 1600354278
1.4427999999999999 1600354278
1.4798 1600354278
1.5623 1600354278
1.5865 1600354278
1.6455 1600354278
1.7063 1600354278
1.6375 1600354278
1.6674999999999998 1600354278
1.6442999999999999 1600354278
1.6874999999999998 1600354278
1.6537 1600354278
1.6373 1600354278
1.438 1600354278
1.6643999999999999 1600354278
1.5454999999999999 1600354278
1.6113 1600354278
1.7071999999999998 1600354278
1.646 1600354278
1.6873 1600354278
1.6876 1600354278
1.6053 1600354278
1.5374999999999999 1600354278
1.6877999999999997 1600354278
1.7072 1600354278
1.6645999999999999 1600354278
1.6781 1600354278
1.6868 1600354278
1.6638 1600354278
1.4428999999999998 1600354278
1.6012 1600354278
1.5362 1600354278
1.7059 1600354278
1.5849 1600354278
1.4456 1600354278
1.623 1600354278
1.7047 1600354278
1.5854000000000001 1600354278
1.5815000000000001 1600354278
1.6487 1600354278
1.514 1600354278
1.5613000000000001 1600354278
1.6239000000000001 1600354278
1.6764999999999999 1600354278
1.608 1600354278
1.5076999999999998 1600354278
1.6097000000000001 1600354278
1.6 1600354278
1.5199 1600354278
1.6432 1600354278
1.6076000000000001 1600354278
1.7051 1600354278
1.7057 1600354278
1.4421000000000002 1600354278
1.5126000000000002 1600354278
1.5221 1600354278
1.5851000000000002 1600354278
1.5835 1600354278
1.5295999999999998 1600354278
1.5874000000000001 1600354278
1.6211 1600354278
1.5812000000000002 1600354278
1.5137 1600354278
1.6489 1600354278
1.5857 1600354278
1.6135000000000002 1600354278
1.4924000000000002 1600354278
1.7060000000000002 1600354278
1.6426 1600354278
1.5812000000000002 1600354278
1.667 1600354278
1.668 1600354278
1.4411 1600354278
1.4453 1600354278
1.6098000000000001 1600354278
1.6535 1600354278
1.6287 1600354278
1.5486 1600354278
1.6502000000000001 1600354278
1.5083 1600354278
1.4922 1600354278
1.7062000000000002 1600354278
1.5564 1600354278
1.4774 1600354278
1.5853000000000002 1600354278
1.6626 1600354278
1.6256000000000002 1600354278
1.6605 1600354278
1.6199000000000001 1600354278
1.4422000000000001 1600354278
1.6469 1600354278
1.4912 1600354278
1.6468 1600354278
1.4911 1600354278
1.6448 1600354278
1.4385999999999999 1600354278
1.6865 1600354278
1.7071999999999998 1600354278
1.4434 1600354278
1.5464 1600354278
1.5839999999999999 1600354278
1.5864 1600354278
1.4436 1600354278
1.6686 1600354278
1.6449 1600354278
1.4463 1600354278
1.6498 1600354278
1.515 1600354278
1.6218 1600354278
1.4378 1600354278
1.5152999999999999 1600354278
1.6386 1600354278
1.4431 1600354278
1.5206 1600354278
1.6356 1600354278
1.7067999999999999 1600354278
1.4788999999999999 1600354278
1.5148 1600354278
1.586 1600354278
1.6542 1600354278
1.5465 1600354278
1.6494 1600354278
1.6982000000000002 1600354278
1.6760000000000002 1600354278
1.7049999999999998 1600354278
1.6182 1600354278
1.4924 1600354278
1.653 1600354278
1.5617 1600354278
1.5883 1600354278
1.6624 1600354278
1.6979000000000002 1600354278
1.6078 1600354278
1.6965000000000001 1600354278
1.5857999999999999 1600354278
1.6981 1600354278
1.6609 1600354278
1.5476 1600354278
1.5834 1600354278
1.6965999999999999 1600354278
1.6468 1600354278
1.4923 1600354278
1.6314 1600354278
1.6875 1600354278
1.5841 1600354278
1.6213 1600354278
1.6015 1600354278
1.6715 1600354278
1.5619 1600354278
1.5471 1600354278
1.707 1600354278
1.582 1600354278
1.5831 1600354278
1.6733 1600354278
1.4919 1600354278
1.5575 1600354278
1.5376 1600354278
1.6677000000000002 1600354278
1.5829 1600354278
1.5488 1600354278
1.4539 1600354278
1.6216 1600354278
1.7069999999999999 1600354278
1.6514 1600354278
1.5513 1600354278
1.6106 1600354278
1.6315 1600354278
1.6008 1600354278
1.6216 1600354278
1.6534 1600354278
1.6406 1600354278
1.5834 1600354278
1.6077 1600354278
1.6543 1600354278
1.646 1600354278
1.4429 1600354278
1.6184 1600354278
1.6371 1600354278
1.562 1600354278
1.6156 1600354278
1.6321 1600354278
1.5364 1600354278
1.5861 1600354278
1.4918 1600354278
1.5861 1600354278
1.5203 1600354278
1.6627999999999998 1600354278
1.4919 1600354278
1.4792 1600354278
1.6791999999999998 1600354278
1.492 1600354278
1.4466 1600354278
1.6639 1600354278
1.635 1600354278
1.5205 1600354278
1.6545 1600354278
1.6107 1600354278
1.6728999999999998 1600354278
1.446 1600354278
1.6492 1600354278
1.6084 1600354278
1.5415 1600354278
1.6481999999999999 1600354278
1.5491 1600354278
1.6508 1600354278
1.7048999999999999 1600354278
1.6287 1600354278
1.6323 1600354278
1.5088 1600354278
1.5148 1600354278
1.4477 1600354278
1.583 1600354278
1.6108 1600354278
1.6631 1600354278
1.608 1600354278
1.6146 1600354278
1.6544 1600354278
1.6644 1600354278
1.6288 1600354278
1.6544 1600354278
1.5832 1600354278
1.6622 1600354278
1.5863 1600354278
1.5614999999999999 1600354278
1.6247 1600354278
1.5821 1600354278
1.4915 1600354278
1.6869999999999998 1600354278
1.5453 1600354278
1.6627999999999998 1600354278
1.6868999999999998 1600354278
1.5862 1600354278
1.698 1600354278
1.6612999999999998 1600354278
1.6458 1600354278
1.6622 1600354278
1.6479 1600354278
1.6709 1600354278
1.6338 1600354278
1.5616 1600354278
1.6793 1600354278
1.5363 1600354278
1.6498 1600354278
1.6880000000000002 1600354278
1.604 1600354278
1.5487 1600354278
1.6225 1600354278
1.6873999999999998 1600354278
1.6005 1600354278
1.6615000000000002 1600354278
1.6689999999999998 1600354278
1.6606999999999998 1600354278
1.4425 1600354278
1.6216 1600354278
1.5828 1600354278
1.648 1600354278
1.5827 1600354278
1.5145 1600354278
1.6211 1600354278
1.5145 1600354278
1.6627 1600354278
1.5411 1600354278
1.6497 1600354278
1.5862 1600354278
1.6293 1600354278
1.6408 1600354278
1.5145 1600354278
1.6122 1600354278
1.5863 1600354278
1.6612999999999998 1600354278
1.6776000000000002 1600354278
1.6983000000000001 1600354278
1.5489 1600354278
1.6245 1600354278
1.5967 1600354278
1.6968 1600354278
1.5832 1600354278
1.6485 1600354278
1.6481999999999999 1600354278
1.4782 1600354278
1.6479 1600354278
1.7055999999999998 1600354278
1.707 1600354278
1.542 1600354278
1.633 1600354278
1.5831 1600354278
1.6497 1600354278
1.6215 1600354278
1.562 1600354278
1.5838999999999999 1600354278
1.6984 1600354278
1.6795999999999998 1600354278
1.5932 1600354278
1.6012 1600354278
1.4435 1600354278
1.6503999999999999 1600354278
1.6475 1600354278
1.5825 1600354278
1.6799 1600354278
1.5238 1600354278
1.5825 1600354278
1.5832 1600354278
1.4791999999999998 1600354278
1.6268 1600354278
1.5866 1600354278
1.7069 1600354278
1.6013 1600354278
1.5489 1600354278
1.633 1600354278
1.6616 1600354278
1.7075 1600354278
1.6985999999999999 1600354278
1.5824 1600354278
1.6552 1600354278
1.5455999999999999 1600354278
1.6795 1600354278
1.6247 1600354278
1.6879 1600354278
1.645 1600354278
1.5823 1600354278
1.5857999999999999 1600354278
1.6108 1600354278
1.5869 1600354278
1.6012 1600354278
1.5864 1600354278
1.5319 1600354278
1.6322999999999999 1600354278
1.6881 1600354278
1.6214 1600354278
1.4434 1600354278
1.6501 1600354278
1.5823 1600354278
1.7056 1600354278
1.6116 1600354278
1.5860999999999998 1600354278
1.4426999999999999 1600354278
1.5868 1600354278
1.4434 1600354278
1.5831 1600354278
1.5884 1600354278
1.5868 1600354278
1.6213 1600354278
1.5864 1600354278
1.6612 1600354278
1.6191 1600354278
1.5456999999999999 1600354278
1.6985000000000001 1600354278
1.6488 1600354278
1.6767999999999998 1600354278
1.6018999999999999 1600354278
1.6292 1600354278
