0.06669999999999998 1600635247
0.06160000000000032 1600635247
0.0929000000000002 1600635247
0.09410000000000007 1600635247
0.07939999999999969 1600635247
0.08679999999999932 1600635247
0.09279999999999955 1600635247
0.07449999999999957 1600635247
0.03479999999999972 1600635247
0.06740000000000013 1600635247
0.07479999999999976 1600635247
0.07379999999999942 1600635247
0.08750000000000036 1600635247
0.05709999999999926 1600635247
0.09389999999999965 1600635247
0.07430000000000003 1600635247
0.06079999999999952 1600635247
0.06309999999999949 1600635247
0.05719999999999992 1600635247
0.06319999999999926 1600635247
0.06280000000000019 1600635247
0.10229999999999961 1600635247
0.06919999999999948 1600635247
0.042300000000000004 1600635247
0.07719999999999949 1600635247
0.07079999999999931 1600635247
0.08209999999999962 1600635247
0.062100000000000044 1600635247
0.033199999999999896 1600635247
0.09379999999999988 1600635247
0.0884999999999998 1600635247
0.05469999999999953 1600635247
0.07509999999999994 1600635247
0.07279999999999998 1600635247
0.06170000000000009 1600635247
0.027699999999999392 1600635247
0.08949999999999925 1600635247
0.06509999999999927 1600635247
0.09089999999999954 1600635247
0.037799999999999834 1600635247
0.10449999999999982 1600635247
0.06089999999999929 1600635247
0.09089999999999954 1600635247
0.05339999999999989 1600635247
0.06049999999999933 1600635247
0.05059999999999931 1600635247
0.06299999999999972 1600635247
0.08449999999999935 1600635247
0.040000000000000036 1600635247
0.06740000000000013 1600635247
0.06089999999999929 1600635247
0.05909999999999993 1600635247
0.06759999999999966 1600635247
0.08679999999999932 1600635247
0.10419999999999963 1600635247
0.0862999999999996 1600635247
0.11719999999999953 1600635247
0.05790000000000006 1600635247
0.06989999999999963 1600635247
0.0660999999999996 1600635247
0.0484 1600635247
0.0671999999999997 1600635247
0.05889999999999951 1600635247
0.06559999999999988 1600635247
0.05989999999999984 1600635247
0.0895999999999999 1600635247
0.09359999999999946 1600635247
0.09189999999999987 1600635247
0.10400000000000009 1600635247
0.0495000000000001 1600635247
0.07529999999999948 1600635247
0.06229999999999958 1600635247
0.050499999999999545 1600635247
0.11499999999999932 1600635247
0.06049999999999933 1600635247
0.0801999999999996 1600635247
0.0779999999999994 1600635247
0.07929999999999993 1600635247
0.06979999999999986 1600635247
0.07149999999999945 1600635247
0.05449999999999999 1600635247
0.0979000000000001 1600635247
0.0934999999999997 1600635247
0.052999999999999936 1600635247
0.09260000000000002 1600635247
0.07339999999999947 1600635247
0.08179999999999943 1600635247
0.08109999999999928 1600635247
0.09189999999999987 1600635247
0.07289999999999974 1600635247
0.11620000000000008 1600635247
0.07200000000000006 1600635247
0.039200000000000124 1600635247
0.06309999999999949 1600635247
0.07609999999999939 1600635247
0.03730000000000011 1600635247
0.06590000000000007 1600635247
0.06809999999999938 1600635247
0.09469999999999956 1600635247
0.0732999999999997 1600635247
0.08679999999999932 1600635247
0.07319999999999993 1600635247
0.04779999999999962 1600635247
0.05059999999999931 1600635247
0.03929999999999989 1600635247
0.0484 1600635247
0.09640000000000004 1600635247
0.08899999999999952 1600635247
0.055299999999999905 1600635247
0.07869999999999955 1600635247
0.09469999999999956 1600635247
0.06699999999999928 1600635247
0.06579999999999941 1600635247
0.05879999999999974 1600635247
0.06369999999999987 1600635247
0.09389999999999965 1600635247
0.08929999999999971 1600635247
0.08259999999999934 1600635247
0.06689999999999952 1600635247
0.07779999999999987 1600635247
0.0862999999999996 1600635247
0.05969999999999942 1600635247
0.08769999999999989 1600635247
0.11959999999999926 1600635247
0.0862999999999996 1600635247
0.05830000000000002 1600635247
0.05830000000000002 1600635247
0.10170000000000012 1600635247
0.08030000000000026 1600635247
0.05849999999999955 1600635247
0.04469999999999974 1600635247
0.09739999999999949 1600635247
0.06579999999999941 1600635247
0.0699999999999994 1600635247
0.06219999999999981 1600635247
0.07529999999999948 1600635247
0.06879999999999953 1600635247
0.05830000000000002 1600635247
0.06769999999999943 1600635247
0.08829999999999938 1600635247
0.08899999999999952 1600635247
0.07629999999999981 1600635247
0.08029999999999937 1600635247
0.05830000000000002 1600635247
0.08119999999999994 1600635247
0.11649999999999938 1600635247
0.09009999999999962 1600635247
0.12739999999999974 1600635247
0.09149999999999991 1600635247
0.06799999999999962 1600635247
0.1036999999999999 1600635247
0.09870000000000001 1600635247
0.08069999999999933 1600635247
0.09739999999999949 1600635247
0.048199999999999577 1600635247
0.07449999999999957 1600635247
0.0710999999999995 1600635247
0.07469999999999999 1600635247
0.048799999999999955 1600635247
0.0497999999999994 1600635247
0.07479999999999976 1600635247
0.12709999999999955 1600635247
0.06020000000000003 1600635247
0.052200000000000024 1600635247
0.09529999999999994 1600635247
0.061299999999999244 1600635247
0.09009999999999962 1600635247
0.09909999999999997 1600635247
0.05710000000000015 1600635247
0.07279999999999998 1600635247
0.08190000000000008 1600635247
0.09839999999999982 1600635247
0.09469999999999956 1600635247
0.07029999999999959 1600635247
0.08179999999999943 1600635247
0.07559999999999967 1600635247
0.08139999999999947 1600635247
0.08559999999999945 1600635247
0.07079999999999931 1600635247
0.09309999999999974 1600635247
0.08199999999999985 1600635247
0.06419999999999959 1600635247
0.08689999999999998 1600635247
0.09399999999999942 1600635247
0.09260000000000002 1600635247
0.054799999999999294 1600635247
0.06059999999999999 1600635247
0.09289999999999932 1600635247
0.08199999999999985 1600635247
0.09189999999999987 1600635247
0.06639999999999979 1600635247
0.06639999999999979 1600635247
0.07739999999999991 1600635247
0.09309999999999974 1600635247
0.09279999999999955 1600635247
0.04800000000000004 1600635247
0.0968 1600635247
0.07589999999999986 1600635247
0.07879999999999932 1600635247
0.09199999999999964 1600635247
0.08489999999999931 1600635247
0.09109999999999996 1600635247
0.07649999999999935 1600635247
0.05539999999999967 1600635247
0.09439999999999937 1600635247
0.03589999999999982 1600635247
0.06489999999999974 1600635247
0.08840000000000003 1600635247
0.04699999999999971 1600635247
0.08059999999999956 1600635247
0.061499999999999666 1600635247
0.06259999999999977 1600635247
0.06630000000000003 1600635247
0.11529999999999951 1600635247
0.06199999999999939 1600635247
0.037799999999999834 1600635247
0.03279999999999994 1600635247
0.08420000000000005 1600635247
0.08309999999999995 1600635247
0.11709999999999976 1600635247
0.09489999999999998 1600635247
0.06099999999999994 1600635247
0.13419999999999987 1600635247
0.06590000000000007 1600635247
0.08309999999999995 1600635247
0.1271999999999993 1600635247
0.08449999999999935 1600635247
0.07449999999999957 1600635247
0.08420000000000005 1600635247
0.08069999999999933 1600635247
0.09339999999999993 1600635247
0.027899999999999814 1600635247
0.10029999999999983 1600635247
0.07119999999999926 1600635247
0.06639999999999979 1600635247
0.0636000000000001 1600635247
0.03279999999999994 1600635247
0.08570000000000011 1600635247
0.06619999999999937 1600635247
0.058099999999999596 1600635247
0.0931999999999995 1600635247
0.0895999999999999 1600635247
0.0934999999999997 1600635247
0.07229999999999936 1600635247
0.08689999999999998 1600635247
0.09229999999999983 1600635247
0.05600000000000005 1600635247
0.0804999999999998 1600635247
0.0801999999999996 1600635247
0.08389999999999986 1600635247
0.06309999999999949 1600635247
0.07179999999999964 1600635247
0.06479999999999997 1600635247
0.08719999999999928 1600635247
0.08779999999999966 1600635247
0.09389999999999965 1600635247
0.05889999999999951 1600635247
0.09579999999999966 1600635247
0.03979999999999961 1600635247
0.07040000000000024 1600635247
0.0920999999999994 1600635247
0.07310000000000016 1600635247
0.05550000000000033 1600635247
0.07749999999999968 1600635247
0.09759999999999991 1600635247
0.07000000000000028 1600635247
0.0942999999999996 1600635247
0.13959999999999972 1600635247
0.11689999999999934 1600635247
0.10780000000000012 1600635247
0.0777000000000001 1600635247
0.06929999999999925 1600635247
0.07339999999999947 1600635247
0.08709999999999951 1600635247
0.04859999999999953 1600635247
0.09329999999999927 1600635247
0.12880000000000003 1600635247
0.08559999999999945 1600635247
0.10109999999999975 1600635247
0.09249999999999936 1600635247
0.0934999999999997 1600635247
0.06079999999999952 1600635247
0.08460000000000001 1600635247
0.05649999999999977 1600635247
0.02740000000000009 1600635247
0.0873999999999997 1600635247
0.0934999999999997 1600635247
0.10400000000000009 1600635247
0.047399999999999665 1600635247
0.06280000000000019 1600635247
0.05799999999999983 1600635247
0.052999999999999936 1600635247
0.09759999999999991 1600635247
0.055600000000000094 1600635247
0.08990000000000009 1600635247
0.07369999999999965 1600635247
0.04260000000000019 1600635247
0.09799999999999986 1600635247
0.06319999999999926 1600635247
0.07449999999999957 1600635247
0.0788000000000002 1600635247
0.06820000000000004 1600635247
0.08559999999999945 1600635247
0.05209999999999937 1600635247
0.07779999999999987 1600635247
0.10879999999999956 1600635247
0.07089999999999996 1600635247
0.08209999999999962 1600635247
0.07850000000000001 1600635247
0.08199999999999985 1600635247
0.06229999999999958 1600635247
0.1109 1600635247
0.09450000000000003 1600635247
0.09260000000000002 1600635247
0.1050999999999993 1600635247
0.08319999999999972 1600635247
0.08199999999999985 1600635247
0.03929999999999989 1600635247
0.09089999999999954 1600635247
0.05209999999999937 1600635247
0.05769999999999964 1600635247
0.08009999999999984 1600635247
0.07169999999999987 1600635247
0.06240000000000023 1600635247
0.08809999999999985 1600635247
0.05679999999999996 1600635247
0.0873999999999997 1600635247
0.06820000000000004 1600635247
0.11190000000000033 1600635247
0.08919999999999995 1600635247
0.06869999999999976 1600635247
0.04760000000000009 1600635247
0.08009999999999984 1600635247
0.08789999999999942 1600635247
0.06909999999999972 1600635247
0.0779999999999994 1600635247
0.06170000000000009 1600635247
0.05830000000000002 1600635247
0.058399999999999785 1600635247
0.08749999999999947 1600635247
0.043700000000000294 1600635247
0.06259999999999977 1600635247
0.1061999999999994 1600635247
0.06899999999999995 1600635247
0.1285999999999996 1600635247
0.10630000000000006 1600635247
0.06699999999999928 1600635247
0.07529999999999948 1600635247
0.10349999999999948 1600635247
0.06919999999999948 1600635247
0.08939999999999948 1600635247
0.0649999999999995 1600635247
0.0907 1600635247
0.08499999999999996 1600635247
0.07340000000000035 1600635247
0.06679999999999975 1600635247
0.08809999999999985 1600635247
0.060099999999999376 1600635247
0.12009999999999987 1600635247
0.0851999999999995 1600635247
0.06660000000000021 1600635247
0.0923999999999996 1600635247
0.0777000000000001 1600635247
0.062399999999999345 1600635247
0.06099999999999994 1600635247
0.09689999999999976 1600635247
0.08219999999999938 1600635247
0.11179999999999968 1600635247
0.036900000000000155 1600635247
0.09199999999999964 1600635247
0.11259999999999959 1600635247
0.12729999999999997 1600635247
0.052799999999999514 1600635247
0.06219999999999981 1600635247
0.05469999999999953 1600635247
0.062399999999999345 1600635247
0.07449999999999957 1600635247
0.051899999999999835 1600635247
0.10329999999999995 1600635247
0.09279999999999955 1600635247
0.06509999999999927 1600635247
0.07580000000000009 1600635247
0.09389999999999965 1600635247
0.10379999999999967 1600635247
0.12119999999999997 1600635247
0.042899999999999494 1600635247
0.08879999999999999 1600635247
0.08990000000000009 1600635247
0.12870000000000026 1600635247
0.09519999999999929 1600635247
0.03169999999999984 1600635247
0.040000000000000036 1600635247
0.07149999999999945 1600635247
0.09089999999999954 1600635247
0.0838000000000001 1600635247
0.08249999999999957 1600635247
0.08939999999999948 1600635247
0.08819999999999961 1600635247
0.06679999999999975 1600635247
0.05569999999999986 1600635247
0.06419999999999959 1600635247
0.08279999999999976 1600635247
0.0497999999999994 1600635247
0.11829999999999963 1600635247
0.06419999999999959 1600635247
0.12270000000000003 1600635247
0.06649999999999956 1600635247
0.051599999999999646 1600635247
0.0827 1600635247
0.06539999999999946 1600635247
0.04420000000000002 1600635247
0.09669999999999934 1600635247
0.07540000000000013 1600635247
0.09830000000000005 1600635247
0.043699999999999406 1600635247
0.08249999999999957 1600635247
0.04750000000000032 1600635247
0.06619999999999937 1600635247
0.09269999999999978 1600635247
0.09959999999999969 1600635247
0.08769999999999989 1600635247
0.05750000000000011 1600635247
0.0591999999999997 1600635247
0.08619999999999983 1600635247
0.11529999999999951 1600635247
0.10179999999999989 1600635247
0.05909999999999993 1600635247
0.041999999999999815 1600635247
0.06899999999999995 1600635247
0.12460000000000004 1600635247
0.06349999999999945 1600635247
0.046499999999999986 1600635247
0.09379999999999988 1600635247
0.08040000000000003 1600635247
0.10020000000000007 1600635247
0.07639999999999958 1600635247
0.054799999999999294 1600635247
0.10099999999999998 1600635247
0.04800000000000004 1600635247
0.055600000000000094 1600635247
0.09419999999999984 1600635247
0.04530000000000012 1600635247
0.04459999999999997 1600635247
0.0660999999999996 1600635247
0.06659999999999933 1600635247
0.0530999999999997 1600635247
0.08760000000000012 1600635247
0.06299999999999972 1600635247
0.07709999999999972 1600635247
0.10409999999999986 1600635247
0.10879999999999956 1600635247
0.08669999999999956 1600635247
0.08639999999999937 1600635247
0.09879999999999978 1600635247
0.1379999999999999 1600635247
0.08599999999999941 1600635247
0.05859999999999932 1600635247
0.09299999999999997 1600635247
0.07019999999999982 1600635247
0.07850000000000001 1600635247
0.0519999999999996 1600635247
0.09619999999999962 1600635247
0.0838000000000001 1600635247
0.04299999999999926 1600635247
0.07000000000000028 1600635247
0.06409999999999982 1600635247
0.0934999999999997 1600635247
0.05739999999999945 1600635247
0.05909999999999993 1600635247
0.0804999999999998 1600635247
0.08939999999999948 1600635247
0.045399999999999885 1600635247
0.08570000000000011 1600635247
0.09450000000000003 1600635247
0.07309999999999928 1600635247
0.07039999999999935 1600635247
0.07869999999999955 1600635247
0.07869999999999955 1600635247
0.09600000000000009 1600635247
0.0931999999999995 1600635247
0.04969999999999963 1600635247
0.08040000000000003 1600635247
0.0660999999999996 1600635247
0.09619999999999962 1600635247
0.11620000000000008 1600635247
0.06199999999999939 1600635247
0.052999999999999936 1600635247
0.03810000000000002 1600635247
0.0970999999999993 1600635247
0.10109999999999975 1600635247
0.043099999999999916 1600635247
0.04139999999999944 1600635247
0.09329999999999927 1600635247
0.062399999999999345 1600635247
0.0688999999999993 1600635247
0.12359999999999971 1600635247
0.0827 1600635247
0.1257999999999999 1600635247
0.07089999999999996 1600635247
0.08420000000000005 1600635247
0.09299999999999997 1600635247
0.07379999999999942 1600635247
0.04789999999999939 1600635247
0.0602999999999998 1600635247
0.06170000000000009 1600635247
0.09059999999999935 1600635247
0.08359999999999967 1600635247
0.08829999999999938 1600635247
0.06569999999999965 1600635247
0.09849999999999959 1600635247
0.07209999999999983 1600635247
0.057299999999999685 1600635247
