213.0695 1600332007
212.9389 1600332007
214.4685 1600332007
204.819 1600332007
215.4221 1600332007
202.699 1600332007
211.3153 1600332007
198.9659 1600332007
200.09879999999998 1600332007
212.2415 1600332007
210.0416 1600332007
215.1204 1600332007
206.6188 1600332007
202.7232 1600332007
214.2597 1600332007
211.4768 1600332007
215.0192 1600332007
209.4365 1600332007
201.5344 1600332007
210.4249 1600332007
199.0676 1600332007
204.2234 1600332007
210.2374 1600332007
215.38569999999999 1600332007
213.5993 1600332007
211.7648 1600332007
211.6236 1600332007
212.218 1600332007
209.71359999999999 1600332007
212.7363 1600332007
214.3658 1600332007
214.0601 1600332007
203.6323 1600332007
207.19140000000002 1600332007
204.1375 1600332007
203.8846 1600332007
214.3683 1600332007
213.405 1600332007
210.97990000000001 1600332007
214.14679999999998 1600332007
212.2388 1600332007
213.5289 1600332007
211.56980000000001 1600332007
214.1558 1600332007
213.5798 1600332007
214.64839999999998 1600332007
209.573 1600332007
211.0186 1600332007
213.3143 1600332007
209.6397 1600332007
214.991 1600332007
213.7699 1600332007
207.4125 1600332007
208.4356 1600332007
211.7077 1600332007
210.1985 1600332007
213.826 1600332007
215.4435 1600332007
212.1549 1600332007
213.3722 1600332007
213.2314 1600332007
214.5535 1600332007
214.5335 1600332007
208.9909 1600332007
209.6385 1600332007
214.7598 1600332007
214.6329 1600332007
214.1548 1600332007
215.23020000000002 1600332007
214.3647 1600332007
214.9899 1600332007
207.2666 1600332007
212.105 1600332007
214.0354 1600332007
215.0991 1600332007
209.9254 1600332007
211.9228 1600332007
213.0377 1600332007
207.7597 1600332007
214.0006 1600332007
201.3191 1600332007
214.9498 1600332007
209.6226 1600332007
214.0635 1600332007
214.4332 1600332007
215.1824 1600332007
215.4601 1600332007
211.3103 1600332007
213.0671 1600332007
212.56459999999998 1600332007
213.4349 1600332007
215.4654 1600332007
211.3664 1600332007
202.1389 1600332007
213.11950000000002 1600332007
210.7638 1600332007
215.3053 1600332007
206.465 1600332007
206.4457 1600332007
204.275 1600332007
211.9053 1600332007
208.1703 1600332007
209.4524 1600332007
209.43880000000001 1600332007
209.2204 1600332007
209.0594 1600332007
211.47390000000001 1600332007
209.0641 1600332007
204.3652 1600332007
209.4121 1600332007
202.1371 1600332007
215.0999 1600332007
209.415 1600332007
208.1352 1600332007
211.0248 1600332007
212.2361 1600332007
214.6317 1600332007
210.1816 1600332007
211.71 1600332007
208.7414 1600332007
213.10139999999998 1600332007
203.8859 1600332007
194.7225 1600332007
212.26160000000002 1600332007
214.8082 1600332007
206.3322 1600332007
207.9019 1600332007
206.6491 1600332007
211.3306 1600332007
213.0335 1600332007
215.267 1600332007
211.7123 1600332007
214.61180000000002 1600332007
211.2056 1600332007
206.07 1600332007
204.99960000000002 1600332007
212.969 1600332007
204.4824 1600332007
209.4328 1600332007
211.1184 1600332007
215.4264 1600332007
209.8649 1600332007
205.4592 1600332007
204.2605 1600332007
213.5494 1600332007
214.3364 1600332007
214.791 1600332007
212.7319 1600332007
211.0471 1600332007
213.23250000000002 1600332007
206.65310000000002 1600332007
213.1182 1600332007
209.2714 1600332007
200.3072 1600332007
212.2671 1600332007
209.7103 1600332007
210.6507 1600332007
215.38739999999999 1600332007
208.27439999999999 1600332007
214.7893 1600332007
209.7207 1600332007
202.2542 1600332007
210.5842 1600332007
205.7536 1600332007
207.8963 1600332007
203.9271 1600332007
208.2403 1600332007
215.2695 1600332007
206.3284 1600332007
209.0336 1600332007
205.7166 1600332007
213.9817 1600332007
208.6527 1600332007
214.3139 1600332007
214.9524 1600332007
214.80780000000001 1600332007
214.241 1600332007
211.3656 1600332007
208.1338 1600332007
109.6336 1600332007
208.8845 1600332007
210.8946 1600332007
211.5123 1600332007
204.0582 1600332007
211.5876 1600332007
213.9997 1600332007
212.9178 1600332007
212.3049 1600332007
213.6804 1600332007
210.1342 1600332007
214.7901 1600332007
208.3067 1600332007
213.5511 1600332007
212.99360000000001 1600332007
212.7142 1600332007
212.66809999999998 1600332007
214.1935 1600332007
206.09969999999998 1600332007
210.2006 1600332007
212.7127 1600332007
214.9881 1600332007
214.8423 1600332007
213.14079999999998 1600332007
211.571 1600332007
214.56810000000002 1600332007
215.1532 1600332007
214.91570000000002 1600332007
213.1202 1600332007
211.8876 1600332007
207.8955 1600332007
209.7636 1600332007
215.29070000000002 1600332007
201.4389 1600332007
214.1501 1600332007
200.2483 1600332007
211.4932 1600332007
213.5525 1600332007
215.0055 1600332007
209.1685 1600332007
210.4415 1600332007
213.96450000000002 1600332007
204.1813 1600332007
214.948 1600332007
209.4887 1600332007
210.6454 1600332007
207.7234 1600332007
207.8286 1600332007
208.0136 1600332007
214.3674 1600332007
205.7719 1600332007
209.624 1600332007
212.0055 1600332007
212.21699999999998 1600332007
206.6222 1600332007
208.53730000000002 1600332007
209.413 1600332007
204.3416 1600332007
212.7635 1600332007
208.312 1600332007
213.3161 1600332007
214.7582 1600332007
211.5321 1600332007
214.4043 1600332007
215.1232 1600332007
215.4242 1600332007
209.6735 1600332007
214.2964 1600332007
201.9159 1600332007
209.323 1600332007
209.32580000000002 1600332007
213.0241 1600332007
201.5297 1600332007
214.8616 1600332007
206.9498 1600332007
190.7584 1600332007
214.1569 1600332007
208.4364 1600332007
207.5616 1600332007
209.762 1600332007
214.9148 1600332007
206.3274 1600332007
207.3328 1600332007
213.9304 1600332007
207.9467 1600332007
213.8248 1600332007
211.0831 1600332007
210.0335 1600332007
199.6103 1600332007
211.1677 1600332007
211.7293 1600332007
209.2168 1600332007
207.9768 1600332007
209.3164 1600332007
208.6757 1600332007
211.3045 1600332007
211.16559999999998 1600332007
215.4663 1600332007
209.4878 1600332007
214.71 1600332007
210.4929 1600332007
212.9736 1600332007
213.1564 1600332007
212.66520000000003 1600332007
212.1018 1600332007
214.757 1600332007
207.0546 1600332007
213.5983 1600332007
212.4246 1600332007
205.6333 1600332007
211.7765 1600332007
58.988600000000005 1600332007
207.7299 1600332007
210.8162 1600332007
213.7019 1600332007
213.6083 1600332007
204.26919999999998 1600332007
208.8392 1600332007
215.3547 1600332007
204.2205 1600332007
214.5327 1600332007
206.54739999999998 1600332007
200.8355 1600332007
213.4695 1600332007
206.5309 1600332007
209.0326 1600332007
214.6073 1600332007
214.1491 1600332007
213.7032 1600332007
215.4454 1600332007
205.8956 1600332007
210.7958 1600332007
213.3152 1600332007
210.0321 1600332007
211.6786 1600332007
215.0694 1600332007
210.9735 1600332007
215.3208 1600332007
206.211 1600332007
209.34380000000002 1600332007
208.6256 1600332007
211.5103 1600332007
207.9487 1600332007
203.6287 1600332007
209.3238 1600332007
213.60490000000001 1600332007
215.3887 1600332007
214.5575 1600332007
212.898 1600332007
214.6498 1600332007
214.74020000000002 1600332007
214.947 1600332007
214.5555 1600332007
212.1027 1600332007
207.9247 1600332007
213.5779 1600332007
208.3956 1600332007
208.9162 1600332007
207.2682 1600332007
212.2224 1600332007
206.88580000000002 1600332007
214.6053 1600332007
214.8599 1600332007
209.7885 1600332007
208.3944 1600332007
201.5716 1600332007
212.7078 1600332007
214.77429999999998 1600332007
200.297 1600332007
213.5617 1600332007
213.4322 1600332007
201.6933 1600332007
206.1733 1600332007
214.9505 1600332007
164.9916 1600332007
214.8256 1600332007
203.5018 1600332007
213.1576 1600332007
212.4886 1600332007
210.1975 1600332007
215.12040000000002 1600332007
215.2896 1600332007
210.7811 1600332007
208.4999 1600332007
211.5651 1600332007
213.3713 1600332007
215.2316 1600332007
213.8432 1600332007
212.2017 1600332007
215.4929 1600332007
213.9626 1600332007
214.1478 1600332007
211.1669 1600332007
209.3183 1600332007
205.7562 1600332007
210.0427 1600332007
211.3644 1600332007
201.5554 1600332007
214.2108 1600332007
205.0437 1600332007
205.707 1600332007
214.6094 1600332007
212.0793 1600332007
215.12199999999999 1600332007
207.7285 1600332007
197.6103 1600332007
214.7391 1600332007
215.2158 1600332007
212.2005 1600332007
209.7176 1600332007
214.5562 1600332007
213.8224 1600332007
203.0087 1600332007
211.7109 1600332007
207.3362 1600332007
212.7466 1600332007
211.6758 1600332007
207.0761 1600332007
213.7717 1600332007
214.315 1600332007
212.1062 1600332007
212.9204 1600332007
215.2679 1600332007
202.9498 1600332007
209.7852 1600332007
211.7274 1600332007
210.5487 1600332007
205.5241 1600332007
214.82670000000002 1600332007
212.1505 1600332007
205.2623 1600332007
206.61499999999998 1600332007
214.2263 1600332007
213.0254 1600332007
214.0016 1600332007
215.4955 1600332007
212.87630000000001 1600332007
209.2404 1600332007
212.0306 1600332007
211.57410000000002 1600332007
211.6602 1600332007
205.2968 1600332007
212.1398 1600332007
212.9025 1600332007
204.54240000000001 1600332007
209.9442 1600332007
208.8818 1600332007
203.2793 1600332007
213.9987 1600332007
214.9138 1600332007
215.4973 1600332007
211.7066 1600332007
199.2098 1600332007
200.7992 1600332007
214.8277 1600332007
206.56619999999998 1600332007
215.27100000000002 1600332007
204.5499 1600332007
205.0376 1600332007
205.4125 1600332007
214.6512 1600332007
204.9617 1600332007
206.33880000000002 1600332007
208.9923 1600332007
214.9555 1600332007
214.243 1600332007
213.0323 1600332007
214.8812 1600332007
213.8239 1600332007
208.9937 1600332007
2.7153 1600332007
214.3388 1600332007
211.6866 1600332007
209.0649 1600332007
188.8294 1600332007
211.9239 1600332007
211.6775 1600332007
211.572 1600332007
208.4327 1600332007
212.0083 1600332007
205.3129 1600332007
213.0688 1600332007
213.4178 1600332007
209.1633 1600332007
203.58079999999998 1600332007
214.24190000000002 1600332007
215.4232 1600332007
201.5396 1600332007
205.3878 1600332007
215.27519999999998 1600332007
213.6268 1600332007
214.3169 1600332007
210.6948 1600332007
202.0258 1600332007
214.5366 1600332007
211.9043 1600332007
214.8608 1600332007
208.2797 1600332007
212.9678 1600332007
210.746 1600332007
207.4408 1600332007
213.0283 1600332007
209.8852 1600332007
214.3179 1600332007
212.2689 1600332007
208.7812 1600332007
214.6082 1600332007
210.389 1600332007
211.8 1600332007
208.1308 1600332007
205.0646 1600332007
214.987 1600332007
198.2666 1600332007
205.4179 1600332007
212.0035 1600332007
207.3775 1600332007
211.6189 1600332007
215.4274 1600332007
207.1549 1600332007
214.3398 1600332007
210.14430000000002 1600332007
211.8483 1600332007
215.47990000000001 1600332007
215.4463 1600332007
212.9091 1600332007
208.5153 1600332007
213.8441 1600332007
211.4776 1600332007
211.31629999999998 1600332007
208.5784 1600332007
211.9075 1600332007
215.4965 1600332007
214.1946 1600332007
