25.298199999999998 1600225324
21.118499999999997 1600225324
25.029999999999998 1600225324
18.9042 1600225324
25.299 1600225324
21.118000000000002 1600225324
10.9639 1600225324
20.2204 1600225324
18.7426 1600225324
23.9974 1600225324
24.6077 1600225324
17.826999999999998 1600225324
24.607499999999998 1600225324
25.366699999999998 1600225324
18.7423 1600225324
24.6074 1600225324
21.1172 1600225324
25.3995 1600225324
23.9953 1600225324
21.1176 1600225324
24.4666 1600225324
19.0034 1600225324
10.4504 1600225324
25.029 1600225324
18.7431 1600225324
10.8867 1600225324
23.1239 1600225324
15.0518 1600225324
24.7778 1600225324
24.608 1600225324
21.1165 1600225324
25.3995 1600225324
19.7916 1600225324
19.7515 1600225324
25.0426 1600225324
23.122 1600225324
12.8358 1600225324
25.2789 1600225324
23.9969 1600225324
24.883 1600225324
16.0469 1600225324
24.883499999999998 1600225324
18.7444 1600225324
25.2979 1600225324
24.883599999999998 1600225324
19.7887 1600225324
19.6632 1600225324
18.415 1600225324
21.118499999999997 1600225324
25.2167 1600225324
23.123 1600225324
16.3706 1600225324
24.4664 1600225324
15.737000000000002 1600225324
23.994600000000002 1600225324
18.8074 1600225324
25.3996 1600225324
18.415399999999998 1600225324
23.123 1600225324
25.0296 1600225324
21.1173 1600225324
18.4147 1600225324
20.2212 1600225324
24.4666 1600225324
16.0462 1600225324
24.607699999999998 1600225324
19.0048 1600225324
24.807199999999998 1600225324
25.399900000000002 1600225324
18.741500000000002 1600225324
23.1429 1600225324
24.4664 1600225324
25.1576 1600225324
16.3706 1600225324
19.0048 1600225324
25.400299999999998 1600225324
19.7896 1600225324
24.883499999999998 1600225324
24.6937 1600225324
20.2209 1600225324
17.4951 1600225324
23.998 1600225324
25.2495 1600225324
18.8086 1600225324
25.399 1600225324
6.3762 1600225324
20.3855 1600225324
24.8068 1600225324
25.3719 1600225324
20.0519 1600225324
18.9039 1600225324
18.9042 1600225324
23.997899999999998 1600225324
24.9204 1600225324
24.6079 1600225324
17.1145 1600225324
15.4368 1600225324
16.564 1600225324
23.7853 1600225324
24.608 1600225324
23.994600000000002 1600225324
17.494500000000002 1600225324
24.8068 1600225324
25.3991 1600225324
19.789099999999998 1600225324
23.1219 1600225324
25.0498 1600225324
23.1218 1600225324
23.996199999999998 1600225324
15.084999999999999 1600225324
23.995 1600225324
24.608 1600225324
15.052200000000001 1600225324
24.6341 1600225324
16.3706 1600225324
25.2682 1600225324
19.0059 1600225324
18.741600000000002 1600225324
23.997400000000003 1600225324
25.029 1600225324
19.789099999999998 1600225324
23.8114 1600225324
23.994799999999998 1600225324
24.608 1600225324
15.0517 1600225324
23.1223 1600225324
20.3864 1600225324
23.996299999999998 1600225324
10.962 1600225324
12.8368 1600225324
16.3749 1600225324
25.2979 1600225324
23.782 1600225324
25.4861 1600225324
25.2162 1600225324
18.91 1600225324
18.8097 1600225324
24.4697 1600225324
23.7891 1600225324
23.9984 1600225324
25.0295 1600225324
18.4144 1600225324
24.6078 1600225324
24.0917 1600225324
18.8074 1600225324
3.3321 1600225324
18.4152 1600225324
20.2224 1600225324
21.1159 1600225324
24.7371 1600225324
23.781200000000002 1600225324
24.0912 1600225324
18.0003 1600225324
23.9953 1600225324
12.8037 1600225324
23.7819 1600225324
24.4671 1600225324
20.2207 1600225324
24.6343 1600225324
25.1673 1600225324
25.217299999999998 1600225324
24.6081 1600225324
23.1218 1600225324
17.4953 1600225324
23.9954 1600225324
23.9952 1600225324
19.789 1600225324
21.1176 1600225324
17.4935 1600225324
23.1222 1600225324
23.810299999999998 1600225324
19.7895 1600225324
19.0048 1600225324
23.9952 1600225324
24.6082 1600225324
20.2207 1600225324
17.4943 1600225324
23.7835 1600225324
18.7421 1600225324
23.1218 1600225324
23.9954 1600225324
23.9956 1600225324
25.0422 1600225324
24.8831 1600225324
23.9954 1600225324
21.1173 1600225324
23.782 1600225324
24.807199999999998 1600225324
24.883399999999998 1600225324
23.9954 1600225324
23.1227 1600225324
25.3844 1600225324
15.6719 1600225324
23.996299999999998 1600225324
18.9039 1600225324
25.2168 1600225324
25.3998 1600225324
17.8259 1600225324
20.0518 1600225324
23.8096 1600225324
25.400199999999998 1600225324
23.782999999999998 1600225324
10.890699999999999 1600225324
19.0048 1600225324
24.5914 1600225324
24.4668 1600225324
16.0457 1600225324
23.180799999999998 1600225324
19.7913 1600225324
24.9046 1600225324
24.6342 1600225324
20.2208 1600225324
25.2989 1600225324
18.808 1600225324
24.646900000000002 1600225324
24.607200000000002 1600225324
17.494699999999998 1600225324
25.0294 1600225324
25.3718 1600225324
16.371299999999998 1600225324
21.1233 1600225324
18.909299999999998 1600225324
18.9042 1600225324
23.997799999999998 1600225324
17.494699999999998 1600225324
20.3587 1600225324
23.997799999999998 1600225324
25.2684 1600225324
23.1222 1600225324
18.741500000000002 1600225324
23.9967 1600225324
25.2162 1600225324
19.7902 1600225324
18.8078 1600225324
19.836199999999998 1600225324
21.1178 1600225324
23.9953 1600225324
24.7377 1600225324
18.8078 1600225324
24.6079 1600225324
19.789499999999997 1600225324
25.0294 1600225324
15.7332 1600225324
24.4664 1600225324
23.9969 1600225324
18.7422 1600225324
25.1574 1600225324
17.116400000000002 1600225324
24.8466 1600225324
18.8092 1600225324
20.386499999999998 1600225324
21.1175 1600225324
23.9953 1600225324
24.6083 1600225324
19.7906 1600225324
24.6082 1600225324
17.494799999999998 1600225324
24.466 1600225324
25.400199999999998 1600225324
15.4408 1600225324
23.7823 1600225324
18.8073 1600225324
25.4861 1600225324
19.7885 1600225324
19.2214 1600225324
21.1173 1600225324
20.3878 1600225324
10.8903 1600225324
23.7831 1600225324
23.1227 1600225324
23.7821 1600225324
24.6346 1600225324
25.217 1600225324
4.9131 1600225324
24.7781 1600225324
16.3711 1600225324
23.9948 1600225324
17.4893 1600225324
25.3998 1600225324
20.9771 1600225324
18.9038 1600225324
24.467 1600225324
23.9955 1600225324
18.7427 1600225324
25.1673 1600225324
20.2207 1600225324
24.6079 1600225324
25.2683 1600225324
17.494699999999998 1600225324
19.7893 1600225324
24.6079 1600225324
19.7887 1600225324
25.3997 1600225324
23.8097 1600225324
15.7299 1600225324
24.607 1600225324
19.788999999999998 1600225324
25.2683 1600225324
20.2209 1600225324
23.122 1600225324
24.807199999999998 1600225324
25.3708 1600225324
19.7917 1600225324
24.4671 1600225324
10.8893 1600225324
23.9954 1600225324
8.0247 1600225324
19.0038 1600225324
16.3718 1600225324
20.349700000000002 1600225324
25.249100000000002 1600225324
25.4862 1600225324
23.1452 1600225324
23.1232 1600225324
23.782799999999998 1600225324
20.2208 1600225324
24.9289 1600225324
19.7911 1600225324
17.4946 1600225324
23.125799999999998 1600225324
18.808699999999998 1600225324
24.607499999999998 1600225324
23.8101 1600225324
23.7824 1600225324
23.8097 1600225324
23.7817 1600225324
25.029 1600225324
21.1161 1600225324
20.2208 1600225324
23.122799999999998 1600225324
23.9976 1600225324
16.3704 1600225324
23.998 1600225324
15.0512 1600225324
0.1451 1600225324
18.7439 1600225324
24.5912 1600225324
24.5914 1600225324
25.2167 1600225324
19.788999999999998 1600225324
20.052 1600225324
24.465500000000002 1600225324
25.399 1600225324
24.465700000000002 1600225324
21.1173 1600225324
25.2167 1600225324
21.1174 1600225324
24.6083 1600225324
19.7907 1600225324
21.1174 1600225324
21.1163 1600225324
23.7835 1600225324
24.738 1600225324
24.5913 1600225324
23.996 1600225324
16.0477 1600225324
19.0047 1600225324
25.1448 1600225324
18.743100000000002 1600225324
24.466 1600225324
25.3526 1600225324
16.0457 1600225324
25.2495 1600225324
19.789099999999998 1600225324
20.2223 1600225324
21.1177 1600225324
25.157999999999998 1600225324
23.8101 1600225324
17.4927 1600225324
25.157899999999998 1600225324
18.5155 1600225324
23.7821 1600225324
16.5654 1600225324
24.5909 1600225324
25.2493 1600225324
23.1223 1600225324
18.8076 1600225324
18.7427 1600225324
18.4942 1600225324
21.1464 1600225324
20.221999999999998 1600225324
24.6079 1600225324
24.4672 1600225324
25.2168 1600225324
19.79 1600225324
25.400199999999998 1600225324
24.607499999999998 1600225324
19.7911 1600225324
23.997400000000003 1600225324
18.7439 1600225324
25.2973 1600225324
21.115000000000002 1600225324
21.1162 1600225324
23.7835 1600225324
24.9045 1600225324
25.05 1600225324
23.9961 1600225324
24.4662 1600225324
20.2211 1600225324
17.4955 1600225324
19.0042 1600225324
25.2167 1600225324
18.8091 1600225324
21.1159 1600225324
17.4933 1600225324
23.1213 1600225324
25.041700000000002 1600225324
10.9624 1600225324
18.8078 1600225324
24.6344 1600225324
25.2169 1600225324
18.7426 1600225324
23.144099999999998 1600225324
21.1178 1600225324
25.2167 1600225324
20.0537 1600225324
23.810499999999998 1600225324
24.4659 1600225324
25.3996 1600225324
23.7822 1600225324
17.0989 1600225324
1.9343000000000001 1600225324
25.145 1600225324
24.6075 1600225324
16.589199999999998 1600225324
15.088099999999999 1600225324
24.5917 1600225324
23.1223 1600225324
21.118199999999998 1600225324
23.9975 1600225324
16.5645 1600225324
23.7821 1600225324
23.9957 1600225324
24.466 1600225324
18.904 1600225324
23.9951 1600225324
17.4948 1600225324
6.5164 1600225324
23.997600000000002 1600225324
25.3661 1600225324
16.0473 1600225324
19.7909 1600225324
23.7819 1600225324
24.8462 1600225324
24.608 1600225324
10.885499999999999 1600225324
23.9975 1600225324
24.6079 1600225324
7.959900000000001 1600225324
17.1163 1600225324
15.4393 1600225324
25.3527 1600225324
19.7907 1600225324
24.6071 1600225324
23.810000000000002 1600225324
24.6931 1600225324
25.0296 1600225324
23.1219 1600225324
25.0296 1600225324
18.7421 1600225324
23.782 1600225324
25.2682 1600225324
16.5645 1600225324
23.9958 1600225324
23.9953 1600225324
19.7888 1600225324
24.6083 1600225324
24.6937 1600225324
24.6079 1600225324
21.1177 1600225324
24.8645 1600225324
24.8462 1600225324
21.1163 1600225324
25.2336 1600225324
25.0423 1600225324
18.4153 1600225324
24.6079 1600225324
15.111199999999998 1600225324
24.466 1600225324
24.807199999999998 1600225324
16.046999999999997 1600225324
24.8463 1600225324
20.054 1600225324
23.9954 1600225324
24.8069 1600225324
17.4927 1600225324
19.7895 1600225324
25.3997 1600225324
24.6084 1600225324
17.4944 1600225324
18.7426 1600225324
24.5912 1600225324
19.789099999999998 1600225324
20.0524 1600225324
23.9958 1600225324
23.7824 1600225324
23.9955 1600225324
21.1177 1600225324
24.466 1600225324
18.7422 1600225324
19.0044 1600225324
21.1162 1600225324
23.9981 1600225324
25.4862 1600225324
23.9973 1600225324
21.1177 1600225324
20.0528 1600225324
24.6936 1600225324
24.4666 1600225324
15.7316 1600225324
23.122799999999998 1600225324
24.6079 1600225324
