24.2618 1600225559
0.06459999999999999 1600225559
27.4012 1600225559
20.7695 1600225559
27.261000000000003 1600225559
20.3898 1600225559
21.4247 1600225559
27.2097 1600225559
22.538800000000002 1600225559
24.3094 1600225559
19.841 1600225559
27.0104 1600225559
22.532600000000002 1600225559
24.2616 1600225559
26.5452 1600225559
27.6586 1600225559
20.7729 1600225559
13.831100000000001 1600225559
21.922500000000003 1600225559
26.5481 1600225559
25.6266 1600225559
9.7628 1600225559
20.773200000000003 1600225559
26.547700000000003 1600225559
26.5459 1600225559
20.7883 1600225559
27.5988 1600225559
27.358 1600225559
22.532500000000002 1600225559
24.311700000000002 1600225559
26.548000000000002 1600225559
27.0108 1600225559
12.0746 1600225559
27.7676 1600225559
17.7647 1600225559
20.0041 1600225559
17.7021 1600225559
21.229100000000003 1600225559
26.544800000000002 1600225559
20.7866 1600225559
27.4161 1600225559
22.2281 1600225559
26.900000000000002 1600225559
14.656799999999999 1600225559
26.546300000000002 1600225559
25.646 1600225559
13.964799999999999 1600225559
27.194200000000002 1600225559
21.3652 1600225559
19.5319 1600225559
26.9058 1600225559
24.3111 1600225559
23.063200000000002 1600225559
26.5452 1600225559
27.010099999999998 1600225559
12.0754 1600225559
13.0298 1600225559
22.533 1600225559
27.8093 1600225559
20.7683 1600225559
22.5323 1600225559
26.547800000000002 1600225559
27.625500000000002 1600225559
26.546200000000002 1600225559
27.569200000000002 1600225559
20.7867 1600225559
27.6368 1600225559
26.279700000000002 1600225559
21.922800000000002 1600225559
1.8717000000000001 1600225559
17.703500000000002 1600225559
20.7725 1600225559
26.9007 1600225559
18.7788 1600225559
26.900000000000002 1600225559
27.7676 1600225559
22.229200000000002 1600225559
26.900000000000002 1600225559
19.5047 1600225559
27.5988 1600225559
27.810000000000002 1600225559
20.389400000000002 1600225559
26.5455 1600225559
26.5489 1600225559
18.7786 1600225559
26.900000000000002 1600225559
27.2606 1600225559
27.8094 1600225559
14.1482 1600225559
27.2264 1600225559
20.7684 1600225559
22.2287 1600225559
27.5988 1600225559
27.809900000000003 1600225559
26.549100000000003 1600225559
9.337399999999999 1600225559
27.204700000000003 1600225559
18.7803 1600225559
27.0104 1600225559
22.532600000000002 1600225559
19.8414 1600225559
27.0104 1600225559
12.2956 1600225559
26.279700000000002 1600225559
14.1815 1600225559
27.4512 1600225559
27.625400000000003 1600225559
19.5313 1600225559
10.0711 1600225559
21.9249 1600225559
22.228 1600225559
18.848300000000002 1600225559
21.922900000000002 1600225559
25.628600000000002 1600225559
26.2793 1600225559
25.6455 1600225559
20.773 1600225559
22.532 1600225559
27.8093 1600225559
22.227899999999998 1600225559
18.779300000000003 1600225559
25.6646 1600225559
24.3111 1600225559
27.6909 1600225559
26.279700000000002 1600225559
26.899700000000003 1600225559
18.7798 1600225559
26.899900000000002 1600225559
9.848899999999999 1600225559
27.261100000000003 1600225559
17.765900000000002 1600225559
27.8166 1600225559
19.535 1600225559
21.2295 1600225559
27.5987 1600225559
22.229100000000003 1600225559
20.3899 1600225559
22.5321 1600225559
17.8015 1600225559
19.8413 1600225559
26.5485 1600225559
26.5466 1600225559
3.6118000000000006 1600225559
27.5989 1600225559
22.2281 1600225559
27.392400000000002 1600225559
20.772299999999998 1600225559
23.048099999999998 1600225559
27.392400000000002 1600225559
22.5321 1600225559
12.0744 1600225559
27.8094 1600225559
12.0755 1600225559
23.049500000000002 1600225559
17.705 1600225559
26.5488 1600225559
18.7787 1600225559
27.6587 1600225559
23.0488 1600225559
24.2615 1600225559
13.9653 1600225559
26.900000000000002 1600225559
27.5606 1600225559
9.3314 1600225559
27.261100000000003 1600225559
14.656799999999999 1600225559
19.534000000000002 1600225559
19.5319 1600225559
20.7888 1600225559
26.546400000000002 1600225559
24.311200000000003 1600225559
20.785600000000002 1600225559
27.6914 1600225559
20.7729 1600225559
20.3903 1600225559
19.8457 1600225559
25.6658 1600225559
22.23 1600225559
26.5474 1600225559
27.010099999999998 1600225559
21.438000000000002 1600225559
26.2806 1600225559
27.010199999999998 1600225559
26.544999999999998 1600225559
7.8611 1600225559
20.788600000000002 1600225559
27.8094 1600225559
18.7406 1600225559
20.7593 1600225559
27.209400000000002 1600225559
21.365000000000002 1600225559
26.5604 1600225559
26.900100000000002 1600225559
19.8416 1600225559
27.261100000000003 1600225559
27.6368 1600225559
26.9003 1600225559
26.5489 1600225559
20.768800000000002 1600225559
27.1395 1600225559
9.764100000000001 1600225559
27.261100000000003 1600225559
12.625 1600225559
27.0106 1600225559
12.6251 1600225559
19.532300000000003 1600225559
12.2951 1600225559
27.625500000000002 1600225559
20.7883 1600225559
26.573700000000002 1600225559
24.3102 1600225559
24.261 1600225559
20.471 1600225559
25.6265 1600225559
13.83 1600225559
22.2277 1600225559
26.9002 1600225559
21.922800000000002 1600225559
26.2796 1600225559
27.415699999999998 1600225559
24.311500000000002 1600225559
17.700400000000002 1600225559
27.809900000000003 1600225559
27.0108 1600225559
19.8413 1600225559
27.0104 1600225559
19.699 1600225559
26.2803 1600225559
26.549100000000003 1600225559
17.7022 1600225559
19.5318 1600225559
27.659 1600225559
12.0802 1600225559
21.4403 1600225559
27.3928 1600225559
20.7694 1600225559
24.262 1600225559
26.5451 1600225559
11.4989 1600225559
27.261400000000002 1600225559
24.2619 1600225559
18.779500000000002 1600225559
25.6261 1600225559
14.6578 1600225559
21.2313 1600225559
10.070599999999999 1600225559
27.6586 1600225559
20.003800000000002 1600225559
19.6991 1600225559
19.5393 1600225559
26.5481 1600225559
12.625 1600225559
20.0044 1600225559
27.0106 1600225559
27.4161 1600225559
27.6764 1600225559
20.7886 1600225559
27.7676 1600225559
27.416 1600225559
18.9384 1600225559
17.7647 1600225559
26.9002 1600225559
27.809600000000003 1600225559
20.471 1600225559
26.2803 1600225559
26.899900000000002 1600225559
21.436700000000002 1600225559
25.645400000000002 1600225559
20.7891 1600225559
27.0107 1600225559
20.7728 1600225559
3.9564000000000004 1600225559
23.0486 1600225559
22.2303 1600225559
12.075700000000001 1600225559
27.5997 1600225559
26.2806 1600225559
19.8065 1600225559
27.3859 1600225559
24.2611 1600225559
21.2299 1600225559
19.7069 1600225559
26.5473 1600225559
24.2611 1600225559
26.5451 1600225559
27.784100000000002 1600225559
26.549200000000003 1600225559
17.7008 1600225559
23.0486 1600225559
21.4246 1600225559
27.261300000000002 1600225559
22.5318 1600225559
12.2076 1600225559
27.809700000000003 1600225559
27.0107 1600225559
25.6458 1600225559
19.5316 1600225559
23.0489 1600225559
18.9178 1600225559
26.9004 1600225559
27.0104 1600225559
21.229100000000003 1600225559
26.547800000000002 1600225559
26.5452 1600225559
11.291599999999999 1600225559
21.229000000000003 1600225559
22.227999999999998 1600225559
23.048199999999998 1600225559
22.2289 1600225559
26.9004 1600225559
26.5478 1600225559
26.546799999999998 1600225559
20.7883 1600225559
27.809700000000003 1600225559
20.470299999999998 1600225559
18.7793 1600225559
22.2281 1600225559
24.313200000000002 1600225559
25.6265 1600225559
17.702 1600225559
25.6266 1600225559
19.532400000000003 1600225559
26.279600000000002 1600225559
20.6688 1600225559
21.4249 1600225559
13.026 1600225559
27.1389 1600225559
26.9004 1600225559
22.2291 1600225559
26.5453 1600225559
21.4246 1600225559
26.2799 1600225559
12.6257 1600225559
26.547800000000002 1600225559
22.23 1600225559
27.0105 1600225559
25.6462 1600225559
24.3119 1600225559
27.415599999999998 1600225559
21.9221 1600225559
12.213899999999999 1600225559
20.393 1600225559
26.5654 1600225559
26.8997 1600225559
18.7418 1600225559
27.261000000000003 1600225559
27.010199999999998 1600225559
14.6585 1600225559
23.049500000000002 1600225559
22.229000000000003 1600225559
21.4374 1600225559
21.4265 1600225559
20.3899 1600225559
22.228 1600225559
26.549400000000002 1600225559
27.610400000000002 1600225559
27.4163 1600225559
26.549500000000002 1600225559
27.392400000000002 1600225559
25.6463 1600225559
22.229 1600225559
18.7786 1600225559
27.0104 1600225559
27.4161 1600225559
25.6282 1600225559
24.2616 1600225559
22.534200000000002 1600225559
22.532400000000003 1600225559
26.5456 1600225559
20.768900000000002 1600225559
27.4909 1600225559
27.010199999999998 1600225559
26.279600000000002 1600225559
22.2303 1600225559
24.2612 1600225559
27.010199999999998 1600225559
7.8605 1600225559
25.6266 1600225559
6.197900000000001 1600225559
22.241699999999998 1600225559
26.545 1600225559
27.6762 1600225559
13.847399999999999 1600225559
12.074 1600225559
27.014200000000002 1600225559
20.7876 1600225559
20.3898 1600225559
26.546100000000003 1600225559
19.806900000000002 1600225559
22.23 1600225559
26.547900000000002 1600225559
22.2281 1600225559
13.028500000000001 1600225559
27.261200000000002 1600225559
25.6507 1600225559
27.0106 1600225559
27.6762 1600225559
26.9005 1600225559
25.627100000000002 1600225559
27.3777 1600225559
20.7885 1600225559
27.5988 1600225559
26.279999999999998 1600225559
22.2277 1600225559
4.670400000000001 1600225559
26.5452 1600225559
10.0756 1600225559
22.228199999999998 1600225559
18.7798 1600225559
26.5451 1600225559
20.389499999999998 1600225559
14.1814 1600225559
24.2616 1600225559
18.975 1600225559
26.5452 1600225559
20.7725 1600225559
26.899900000000002 1600225559
20.7593 1600225559
27.2761 1600225559
26.5496 1600225559
19.807100000000002 1600225559
23.0488 1600225559
27.4159 1600225559
27.809700000000003 1600225559
22.230600000000003 1600225559
27.691300000000002 1600225559
21.229300000000002 1600225559
20.7725 1600225559
22.5329 1600225559
26.5456 1600225559
27.122400000000003 1600225559
27.0109 1600225559
26.28 1600225559
27.4162 1600225559
9.7676 1600225559
21.5891 1600225559
27.416 1600225559
22.228 1600225559
13.8297 1600225559
27.8093 1600225559
19.8065 1600225559
26.5458 1600225559
26.2803 1600225559
27.8093 1600225559
21.9052 1600225559
10.071499999999999 1600225559
24.261400000000002 1600225559
11.293099999999999 1600225559
18.938100000000002 1600225559
27.0105 1600225559
24.2616 1600225559
27.0137 1600225559
21.922500000000003 1600225559
27.0108 1600225559
22.2303 1600225559
26.2806 1600225559
26.5455 1600225559
18.938200000000002 1600225559
26.900000000000002 1600225559
27.0105 1600225559
27.392500000000002 1600225559
27.691300000000002 1600225559
23.0485 1600225559
26.899900000000002 1600225559
27.8167 1600225559
21.6472 1600225559
21.2288 1600225559
26.544999999999998 1600225559
26.5498 1600225559
27.0103 1600225559
27.415699999999998 1600225559
27.809199999999997 1600225559
18.7786 1600225559
20.768800000000002 1600225559
27.415599999999998 1600225559
27.010099999999998 1600225559
20.5016 1600225559
26.900100000000002 1600225559
13.964699999999999 1600225559
26.547800000000002 1600225559
12.2076 1600225559
19.532700000000002 1600225559
21.922600000000003 1600225559
26.9003 1600225559
27.0104 1600225559
21.229000000000003 1600225559
26.547700000000003 1600225559
19.3712 1600225559
25.6264 1600225559
26.573700000000002 1600225559
27.0103 1600225559
27.809700000000003 1600225559
26.549100000000003 1600225559
24.311500000000002 1600225559
12.207799999999999 1600225559
14.661299999999999 1600225559
26.5527 1600225559
26.899900000000002 1600225559
13.839500000000001 1600225559
27.6758 1600225559
23.0501 1600225559
22.2315 1600225559
21.2286 1600225559
14.656400000000001 1600225559
26.9004 1600225559
24.2617 1600225559
19.531799999999997 1600225559
27.6907 1600225559
22.5321 1600225559
19.8066 1600225559
22.533 1600225559
27.6914 1600225559
