7.764900000000001 1600459599
11.118900000000002 1600459599
12.1902 1600459599
10.198599999999999 1600459599
10.449099999999998 1600459599
8.2229 1600459599
6.775600000000001 1600459599
13.1397 1600459599
11.7386 1600459599
6.032299999999999 1600459599
7.823599999999999 1600459599
9.904 1600459599
6.2536999999999985 1600459599
8.864799999999999 1600459599
7.507300000000001 1600459599
7.288700000000002 1600459599
5.947600000000001 1600459599
6.666699999999999 1600459599
10.848600000000001 1600459599
13.3583 1600459599
7.254200000000001 1600459599
6.493699999999997 1600459599
11.6168 1600459599
11.064499999999999 1600459599
11.5392 1600459599
7.7806 1600459599
10.419500000000001 1600459599
12.904600000000002 1600459599
12.4558 1600459599
11.618200000000002 1600459599
7.436 1600459599
10.7119 1600459599
9.2135 1600459599
6.859400000000001 1600459599
7.499700000000001 1600459599
12.545 1600459599
6.8740999999999985 1600459599
6.690000000000001 1600459599
8.825799999999997 1600459599
6.363399999999999 1600459599
11.7366 1600459599
11.168899999999999 1600459599
7.102 1600459599
7.6327 1600459599
6.310400000000001 1600459599
10.012900000000002 1600459599
9.542599999999997 1600459599
5.540800000000001 1600459599
9.0901 1600459599
10.0865 1600459599
12.201200000000002 1600459599
9.496300000000002 1600459599
8.911999999999999 1600459599
9.330799999999998 1600459599
7.495000000000001 1600459599
8.9361 1600459599
10.2863 1600459599
10.2073 1600459599
13.9008 1600459599
12.5653 1600459599
11.510299999999999 1600459599
14.216099999999999 1600459599
12.8117 1600459599
8.075400000000002 1600459599
12.5332 1600459599
10.4128 1600459599
8.209699999999998 1600459599
8.4847 1600459599
6.547499999999999 1600459599
2.9924999999999997 1600459599
11.4995 1600459599
10.3689 1600459599
11.5203 1600459599
6.850900000000003 1600459599
10.033800000000001 1600459599
7.9708000000000006 1600459599
7.3825 1600459599
8.270800000000001 1600459599
13.6988 1600459599
8.505099999999999 1600459599
11.6813 1600459599
11.016 1600459599
11.100600000000002 1600459599
10.343699999999998 1600459599
6.220300000000002 1600459599
3.6722 1600459599
6.202099999999998 1600459599
13.0702 1600459599
10.4643 1600459599
11.029600000000002 1600459599
9.579799999999999 1600459599
9.7791 1600459599
12.6436 1600459599
10.701799999999999 1600459599
11.697000000000001 1600459599
11.6228 1600459599
13.3216 1600459599
13.335799999999999 1600459599
11.1865 1600459599
6.075099999999999 1600459599
9.098000000000003 1600459599
7.127200000000002 1600459599
11.964999999999998 1600459599
8.877799999999997 1600459599
11.1095 1600459599
13.368899999999998 1600459599
7.2574000000000005 1600459599
12.865199999999998 1600459599
10.977599999999999 1600459599
7.730499999999999 1600459599
11.457900000000002 1600459599
13.352300000000001 1600459599
10.9093 1600459599
12.408100000000001 1600459599
4.747800000000002 1600459599
13.129700000000001 1600459599
3.7510999999999974 1600459599
11.882600000000002 1600459599
8.764299999999999 1600459599
8.041800000000002 1600459599
9.8898 1600459599
8.889400000000002 1600459599
11.207899999999999 1600459599
9.4666 1600459599
12.222000000000001 1600459599
11.825199999999999 1600459599
9.295299999999997 1600459599
11.3006 1600459599
12.826200000000002 1600459599
8.334399999999999 1600459599
8.880400000000002 1600459599
8.1736 1600459599
8.593900000000001 1600459599
7.914899999999999 1600459599
10.0463 1600459599
11.8033 1600459599
7.775200000000002 1600459599
8.5563 1600459599
6.1615 1600459599
10.5949 1600459599
11.0939 1600459599
7.981299999999997 1600459599
11.096699999999998 1600459599
13.0585 1600459599
6.7474000000000025 1600459599
8.3402 1600459599
11.6878 1600459599
9.275500000000001 1600459599
8.9267 1600459599
5.714400000000001 1600459599
4.8965 1600459599
6.940799999999999 1600459599
10.649299999999998 1600459599
10.850100000000001 1600459599
0.5580999999999996 1600459599
10.458699999999999 1600459599
8.248700000000003 1600459599
11.164700000000002 1600459599
12.384199999999998 1600459599
9.899799999999999 1600459599
11.865899999999998 1600459599
7.330099999999998 1600459599
9.134999999999998 1600459599
6.9344 1600459599
6.491299999999999 1600459599
7.970499999999998 1600459599
13.171499999999998 1600459599
9.1259 1600459599
7.588099999999997 1600459599
10.561200000000001 1600459599
7.430399999999999 1600459599
10.6668 1600459599
8.547 1600459599
7.156299999999998 1600459599
11.7547 1600459599
6.611999999999998 1600459599
9.859900000000001 1600459599
10.4499 1600459599
6.822900000000001 1600459599
10.061200000000001 1600459599
14.276699999999998 1600459599
11.8533 1600459599
10.4848 1600459599
8.2776 1600459599
13.717500000000001 1600459599
12.079399999999998 1600459599
8.418 1600459599
1.783800000000003 1600459599
6.9483 1600459599
10.7634 1600459599
10.3295 1600459599
5.896599999999999 1600459599
11.887 1600459599
0.01910000000000167 1600459599
12.744299999999999 1600459599
6.319499999999998 1600459599
5.581699999999998 1600459599
12.7188 1600459599
6.9041 1600459599
10.8191 1600459599
13.1031 1600459599
7.355999999999998 1600459599
10.532799999999998 1600459599
10.8279 1600459599
6.639800000000001 1600459599
8.678 1600459599
6.041800000000002 1600459599
3.417099999999998 1600459599
7.190999999999999 1600459599
14.137400000000001 1600459599
11.063699999999999 1600459599
7.101199999999999 1600459599
10.620900000000002 1600459599
11.295400000000003 1600459599
10.4923 1600459599
5.206199999999999 1600459599
5.470500000000001 1600459599
13.002500000000001 1600459599
12.078700000000001 1600459599
8.970500000000001 1600459599
13.935899999999998 1600459599
7.0764 1600459599
8.5366 1600459599
11.887299999999998 1600459599
13.8971 1600459599
6.383000000000003 1600459599
5.9785 1600459599
11.567499999999999 1600459599
10.181099999999999 1600459599
9.9325 1600459599
5.178799999999999 1600459599
10.9586 1600459599
7.095500000000001 1600459599
9.5397 1600459599
4.591200000000001 1600459599
10.0576 1600459599
13.4402 1600459599
5.118100000000002 1600459599
2.700000000000003 1600459599
11.992700000000001 1600459599
9.307899999999998 1600459599
14.510700000000002 1600459599
9.707100000000002 1600459599
10.1546 1600459599
10.9046 1600459599
9.431900000000002 1600459599
6.058200000000003 1600459599
12.832500000000001 1600459599
13.348199999999999 1600459599
10.024999999999999 1600459599
11.135100000000001 1600459599
11.1107 1600459599
11.2973 1600459599
9.015699999999999 1600459599
8.230500000000003 1600459599
6.529500000000002 1600459599
12.4441 1600459599
8.482599999999998 1600459599
5.7835 1600459599
9.661000000000001 1600459599
9.201400000000001 1600459599
12.535599999999999 1600459599
4.836199999999998 1600459599
8.445599999999999 1600459599
5.9879999999999995 1600459599
12.4193 1600459599
10.3946 1600459599
11.126500000000002 1600459599
8.747399999999999 1600459599
8.007100000000001 1600459599
6.883399999999998 1600459599
11.090600000000002 1600459599
13.246400000000001 1600459599
5.295200000000001 1600459599
9.3356 1600459599
7.2105 1600459599
10.7033 1600459599
12.964900000000002 1600459599
6.932000000000002 1600459599
10.4615 1600459599
9.475399999999999 1600459599
11.5639 1600459599
8.833099999999998 1600459599
10.9787 1600459599
5.476700000000001 1600459599
10.775899999999998 1600459599
6.3154 1600459599
7.040599999999998 1600459599
13.92 1600459599
7.812999999999999 1600459599
10.408800000000001 1600459599
8.831400000000002 1600459599
7.9140000000000015 1600459599
9.605899999999998 1600459599
6.538 1600459599
6.4603 1600459599
12.891799999999998 1600459599
12.013699999999998 1600459599
11.135700000000002 1600459599
7.6997 1600459599
6.988400000000002 1600459599
6.3062000000000005 1600459599
12.867600000000001 1600459599
8.3874 1600459599
10.381699999999999 1600459599
13.923799999999998 1600459599
8.0606 1600459599
10.769 1600459599
13.0886 1600459599
5.374300000000002 1600459599
9.4855 1600459599
9.910300000000001 1600459599
7.297799999999999 1600459599
10.4657 1600459599
9.236 1600459599
13.359300000000001 1600459599
10.8472 1600459599
7.799599999999998 1600459599
9.6534 1600459599
10.688500000000001 1600459599
11.842400000000001 1600459599
8.8783 1600459599
10.9219 1600459599
6.494900000000001 1600459599
6.504199999999997 1600459599
6.4422999999999995 1600459599
6.8211999999999975 1600459599
12.810200000000002 1600459599
11.2915 1600459599
6.5915 1600459599
7.9512 1600459599
9.5431 1600459599
12.838000000000001 1600459599
13.0497 1600459599
12.461000000000002 1600459599
9.1311 1600459599
10.112300000000001 1600459599
10.8413 1600459599
8.546599999999998 1600459599
10.6111 1600459599
8.036000000000001 1600459599
10.6293 1600459599
12.356 1600459599
10.669500000000001 1600459599
8.194399999999998 1600459599
10.0663 1600459599
8.8804 1600459599
11.645999999999999 1600459599
10.834 1600459599
7.1701000000000015 1600459599
6.5654 1600459599
10.061399999999999 1600459599
10.416400000000001 1600459599
6.982499999999998 1600459599
9.535599999999999 1600459599
9.890199999999998 1600459599
8.451799999999999 1600459599
5.999600000000001 1600459599
13.838499999999998 1600459599
11.7911 1600459599
9.2029 1600459599
6.133800000000001 1600459599
7.0467999999999975 1600459599
10.947399999999998 1600459599
10.3765 1600459599
10.328 1600459599
5.488300000000002 1600459599
12.000799999999998 1600459599
8.125200000000003 1600459599
7.2134 1600459599
9.942300000000001 1600459599
10.338300000000002 1600459599
7.1388 1600459599
12.361999999999998 1600459599
10.8731 1600459599
0.008199999999998653 1600459599
6.719000000000001 1600459599
10.8149 1600459599
12.606100000000001 1600459599
12.7845 1600459599
10.196700000000002 1600459599
12.370800000000001 1600459599
6.319600000000001 1600459599
12.463799999999999 1600459599
7.5017 1600459599
7.424200000000003 1600459599
9.038499999999999 1600459599
13.4333 1600459599
12.256499999999999 1600459599
11.862799999999998 1600459599
7.8443000000000005 1600459599
11.036100000000001 1600459599
7.1507000000000005 1600459599
13.1446 1600459599
7.8354 1600459599
10.8199 1600459599
12.737300000000001 1600459599
7.816099999999999 1600459599
2.543800000000001 1600459599
13.404499999999999 1600459599
8.84 1600459599
11.1768 1600459599
9.8467 1600459599
11.5332 1600459599
8.5076 1600459599
9.6342 1600459599
6.778000000000002 1600459599
8.089299999999998 1600459599
10.8472 1600459599
9.869399999999999 1600459599
12.5243 1600459599
7.671099999999999 1600459599
7.194800000000001 1600459599
9.2285 1600459599
14.068999999999999 1600459599
5.287199999999999 1600459599
6.9083000000000006 1600459599
11.734100000000002 1600459599
6.746299999999998 1600459599
7.646899999999999 1600459599
13.165700000000001 1600459599
11.5375 1600459599
10.278999999999998 1600459599
6.331699999999998 1600459599
8.2564 1600459599
7.660900000000002 1600459599
9.090799999999998 1600459599
9.719100000000001 1600459599
10.1502 1600459599
14.1596 1600459599
10.329799999999999 1600459599
13.853 1600459599
7.012800000000002 1600459599
7.924499999999998 1600459599
13.546500000000002 1600459599
4.148 1600459599
11.668 1600459599
11.768600000000001 1600459599
10.0877 1600459599
10.391300000000001 1600459599
13.583899999999998 1600459599
14.436800000000002 1600459599
5.554600000000001 1600459599
9.2153 1600459599
11.338999999999999 1600459599
10.220099999999999 1600459599
9.4284 1600459599
7.2789 1600459599
8.191000000000003 1600459599
9.968199999999998 1600459599
12.140200000000002 1600459599
7.076899999999998 1600459599
12.3474 1600459599
10.2857 1600459599
0.19679999999999964 1600459599
4.987299999999998 1600459599
12.41 1600459599
12.835500000000001 1600459599
8.708200000000001 1600459599
13.0941 1600459599
7.232100000000003 1600459599
8.778 1600459599
5.767899999999997 1600459599
5.6892 1600459599
6.960199999999997 1600459599
7.6404 1600459599
9.7238 1600459599
6.854999999999997 1600459599
5.484500000000001 1600459599
10.2444 1600459599
11.796399999999998 1600459599
13.089800000000002 1600459599
9.168799999999997 1600459599
8.869600000000002 1600459599
11.1509 1600459599
11.771799999999999 1600459599
7.801100000000002 1600459599
6.262699999999999 1600459599
8.230799999999999 1600459599
7.176499999999997 1600459599
6.724499999999999 1600459599
13.341500000000002 1600459599
11.3676 1600459599
9.5606 1600459599
9.3119 1600459599
11.915399999999998 1600459599
9.4316 1600459599
7.674399999999999 1600459599
11.136199999999999 1600459599
6.494700000000002 1600459599
6.042299999999997 1600459599
7.939 1600459599
9.108 1600459599
13.568900000000001 1600459599
9.2135 1600459599
10.473 1600459599
7.100200000000001 1600459599
12.7307 1600459599
13.073800000000002 1600459599
10.699699999999998 1600459599
14.5883 1600459599
9.1507 1600459599
3.6546999999999983 1600459599
10.407699999999998 1600459599
13.488499999999998 1600459599
9.433399999999999 1600459599
10.8937 1600459599
10.912000000000003 1600459599
8.239 1600459599
11.4912 1600459599
10.254600000000002 1600459599
10.469800000000001 1600459599
