0.12770000000000004 1600344952
0.1474000000000001 1600344952
0.1170000000000001 1600344952
0.16070000000000007 1600344952
0.10340000000000005 1600344952
0.12960000000000005 1600344952
0.136 1600344952
0.11750000000000005 1600344952
0.10950000000000004 1600344952
0.1341 1600344952
0.12850000000000006 1600344952
0.13650000000000007 1600344952
0.12050000000000005 1600344952
0.09350000000000003 1600344952
0.09820000000000007 1600344952
0.1845 1600344952
0.13230000000000008 1600344952
0.12770000000000004 1600344952
0.15460000000000007 1600344952
0.10810000000000008 1600344952
0.14260000000000006 1600344952
0.1511 1600344952
0.134 1600344952
0.09750000000000003 1600344952
0.10630000000000006 1600344952
0.13480000000000003 1600344952
0.14970000000000006 1600344952
0.13150000000000006 1600344952
0.19440000000000002 1600344952
0.10720000000000007 1600344952
0.09940000000000004 1600344952
0.13030000000000008 1600344952
0.1179 1600344952
0.1189 1600344952
0.12730000000000008 1600344952
0.133 1600344952
0.1201000000000001 1600344952
0.1201000000000001 1600344952
0.1403000000000001 1600344952
0.10820000000000007 1600344952
0.0998 1600344952
0.08820000000000006 1600344952
0.1514000000000001 1600344952
0.1321 1600344952
0.10760000000000003 1600344952
0.12230000000000008 1600344952
0.0907 1600344952
0.1363000000000001 1600344952
0.1471 1600344952
0.12660000000000005 1600344952
0.1633 1600344952
0.1362 1600344952
0.1241000000000001 1600344952
0.15070000000000006 1600344952
0.16910000000000003 1600344952
0.07950000000000002 1600344952
0.12120000000000009 1600344952
0.17770000000000008 1600344952
0.08350000000000002 1600344952
0.11830000000000007 1600344952
0.12030000000000007 1600344952
0.19100000000000006 1600344952
0.10440000000000005 1600344952
0.13290000000000002 1600344952
0.14280000000000004 1600344952
0.16360000000000008 1600344952
0.16300000000000003 1600344952
0.15090000000000003 1600344952
0.10470000000000002 1600344952
0.1149 1600344952
0.11640000000000006 1600344952
0.13350000000000006 1600344952
0.08730000000000004 1600344952
0.1644 1600344952
0.12430000000000008 1600344952
0.16410000000000002 1600344952
0.1472 1600344952
0.08830000000000005 1600344952
0.1443000000000001 1600344952
0.126 1600344952
0.13760000000000006 1600344952
0.20720000000000005 1600344952
0.09730000000000005 1600344952
0.10840000000000005 1600344952
0.16080000000000005 1600344952
0.12930000000000008 1600344952
0.13160000000000005 1600344952
0.13260000000000005 1600344952
0.1946 1600344952
0.13260000000000005 1600344952
0.12980000000000003 1600344952
0.10510000000000008 1600344952
0.1211000000000001 1600344952
0.15850000000000009 1600344952
0.1653 1600344952
0.10389999999999999 1600344952
0.1059000000000001 1600344952
0.1632 1600344952
0.11530000000000007 1600344952
0.12 1600344952
0.0929000000000001 1600344952
0.19390000000000007 1600344952
0.1271 1600344952
0.1544000000000001 1600344952
0.0877 1600344952
0.19090000000000007 1600344952
0.12840000000000007 1600344952
0.10550000000000004 1600344952
0.09670000000000001 1600344952
0.12490000000000001 1600344952
0.1494000000000001 1600344952
0.14750000000000008 1600344952
0.18830000000000002 1600344952
0.1279 1600344952
0.08500000000000008 1600344952
0.1693 1600344952
0.14170000000000005 1600344952
0.15180000000000005 1600344952
0.10320000000000007 1600344952
0.1887000000000001 1600344952
0.11510000000000009 1600344952
0.13070000000000004 1600344952
0.12020000000000008 1600344952
0.16380000000000006 1600344952
0.13650000000000007 1600344952
0.18720000000000003 1600344952
0.1079 1600344952
0.11530000000000007 1600344952
0.1492 1600344952
0.07850000000000001 1600344952
0.09570000000000001 1600344952
0.13180000000000003 1600344952
0.11070000000000002 1600344952
0.13270000000000004 1600344952
0.15180000000000005 1600344952
0.1442 1600344952
0.135 1600344952
0.14390000000000003 1600344952
0.1199 1600344952
0.1191000000000001 1600344952
0.09750000000000003 1600344952
0.1311 1600344952
0.1423000000000001 1600344952
0.1109 1600344952
0.135 1600344952
0.12950000000000006 1600344952
0.1352 1600344952
0.15610000000000002 1600344952
0.1474000000000001 1600344952
0.11740000000000006 1600344952
0.1181000000000001 1600344952
0.12480000000000002 1600344952
0.10820000000000007 1600344952
0.1291 1600344952
0.1564000000000001 1600344952
0.15400000000000003 1600344952
0.13280000000000003 1600344952
0.12560000000000004 1600344952
0.11240000000000006 1600344952
0.09730000000000005 1600344952
0.1867000000000001 1600344952
0.13430000000000009 1600344952
0.1504000000000001 1600344952
0.13440000000000007 1600344952
0.13290000000000002 1600344952
0.10330000000000006 1600344952
0.16070000000000007 1600344952
0.1654 1600344952
0.12770000000000004 1600344952
0.11599999999999999 1600344952
0.10260000000000002 1600344952
0.11940000000000006 1600344952
0.12370000000000003 1600344952
0.14670000000000005 1600344952
0.1472 1600344952
0.08830000000000005 1600344952
0.13590000000000002 1600344952
0.15260000000000007 1600344952
0.1645000000000001 1600344952
0.16410000000000002 1600344952
0.08940000000000003 1600344952
0.10820000000000007 1600344952
0.1603 1600344952
0.10570000000000002 1600344952
0.1332000000000001 1600344952
0.16390000000000005 1600344952
0.12009999999999998 1600344952
0.08090000000000008 1600344952
0.1411 1600344952
0.11740000000000006 1600344952
0.15160000000000007 1600344952
0.12250000000000005 1600344952
0.1392000000000001 1600344952
0.12630000000000008 1600344952
0.11440000000000006 1600344952
0.10950000000000004 1600344952
0.129 1600344952
0.18590000000000007 1600344952
0.13650000000000007 1600344952
0.1262000000000001 1600344952
0.1494000000000001 1600344952
0.13330000000000009 1600344952
0.10799999999999998 1600344952
0.12090000000000001 1600344952
0.08840000000000003 1600344952
0.11280000000000001 1600344952
0.17580000000000007 1600344952
0.15100000000000002 1600344952
0.13160000000000005 1600344952
0.13370000000000004 1600344952
0.10550000000000004 1600344952
0.15810000000000002 1600344952
0.12970000000000004 1600344952
0.17810000000000004 1600344952
0.1531 1600344952
0.1068 1600344952
0.11360000000000003 1600344952
0.14400000000000002 1600344952
0.12070000000000003 1600344952
0.15960000000000008 1600344952
0.12460000000000004 1600344952
0.14950000000000008 1600344952
0.13319999999999999 1600344952
0.12109999999999999 1600344952
0.12030000000000007 1600344952
0.12320000000000009 1600344952
0.16860000000000008 1600344952
0.12770000000000004 1600344952
0.16310000000000002 1600344952
0.1623 1600344952
0.12490000000000001 1600344952
0.11320000000000008 1600344952
0.15160000000000007 1600344952
0.15170000000000006 1600344952
0.1472 1600344952
0.15190000000000003 1600344952
0.12870000000000004 1600344952
0.14300000000000002 1600344952
0.1482 1600344952
0.12160000000000004 1600344952
0.14950000000000008 1600344952
0.1614 1600344952
0.14190000000000003 1600344952
0.13180000000000003 1600344952
0.20350000000000001 1600344952
0.19430000000000003 1600344952
0.1564000000000001 1600344952
0.10830000000000006 1600344952
0.08800000000000008 1600344952
0.1694 1600344952
0.10950000000000004 1600344952
0.11750000000000005 1600344952
0.132 1600344952
0.09820000000000007 1600344952
0.14980000000000004 1600344952
0.16290000000000004 1600344952
0.14690000000000003 1600344952
0.13240000000000007 1600344952
0.14050000000000007 1600344952
0.09700000000000009 1600344952
0.18830000000000002 1600344952
0.137 1600344952
0.12980000000000003 1600344952
0.12660000000000005 1600344952
0.12140000000000006 1600344952
0.15460000000000007 1600344952
0.13040000000000007 1600344952
0.12350000000000005 1600344952
0.12870000000000004 1600344952
0.13470000000000004 1600344952
0.1534000000000001 1600344952
0.1622 1600344952
0.10220000000000007 1600344952
0.12660000000000005 1600344952
0.12480000000000002 1600344952
0.16280000000000006 1600344952
0.11540000000000006 1600344952
0.12890000000000001 1600344952
0.1251 1600344952
0.09800000000000009 1600344952
0.1433000000000001 1600344952
0.1331 1600344952
0.12080000000000002 1600344952
0.126 1600344952
0.11280000000000001 1600344952
0.12450000000000006 1600344952
0.11320000000000008 1600344952
0.07630000000000003 1600344952
0.1189 1600344952
0.1342000000000001 1600344952
0.11570000000000003 1600344952
0.13470000000000004 1600344952
0.12880000000000003 1600344952
0.14280000000000004 1600344952
0.08810000000000007 1600344952
0.1109 1600344952
0.12760000000000005 1600344952
0.1412000000000001 1600344952
0.12160000000000004 1600344952
0.10050000000000003 1600344952
0.10400000000000009 1600344952
0.12530000000000008 1600344952
0.11720000000000008 1600344952
0.11070000000000002 1600344952
0.15290000000000004 1600344952
0.12460000000000004 1600344952
0.15170000000000006 1600344952
0.13160000000000005 1600344952
0.1423000000000001 1600344952
0.10150000000000003 1600344952
0.1513000000000001 1600344952
0.14090000000000003 1600344952
0.09640000000000004 1600344952
0.14390000000000003 1600344952
0.12160000000000004 1600344952
0.13350000000000006 1600344952
0.1977 1600344952
0.1482 1600344952
0.11260000000000003 1600344952
0.13370000000000004 1600344952
0.13170000000000004 1600344952
0.13 1600344952
0.10560000000000003 1600344952
0.12090000000000001 1600344952
0.134 1600344952
0.1633 1600344952
0.11770000000000003 1600344952
0.129 1600344952
0.1511 1600344952
0.12980000000000003 1600344952
0.14300000000000002 1600344952
0.12760000000000005 1600344952
0.10060000000000002 1600344952
0.14290000000000003 1600344952
0.1099 1600344952
0.14190000000000003 1600344952
0.10920000000000007 1600344952
0.1886 1600344952
0.1049000000000001 1600344952
0.12740000000000007 1600344952
0.10760000000000003 1600344952
0.12880000000000003 1600344952
0.12780000000000002 1600344952
0.08630000000000004 1600344952
0.12780000000000002 1600344952
0.09930000000000005 1600344952
0.11360000000000003 1600344952
0.10340000000000005 1600344952
0.10410000000000008 1600344952
0.15370000000000006 1600344952
0.1642 1600344952
0.13250000000000006 1600344952
0.1090000000000001 1600344952
0.12490000000000001 1600344952
0.09010000000000007 1600344952
0.09750000000000003 1600344952
0.12030000000000007 1600344952
0.14990000000000003 1600344952
0.122 1600344952
0.13440000000000007 1600344952
0.1291000000000001 1600344952
0.14200000000000002 1600344952
0.15280000000000005 1600344952
0.08500000000000008 1600344952
0.1412000000000001 1600344952
0.122 1600344952
0.16890000000000005 1600344952
0.17220000000000002 1600344952
0.13340000000000007 1600344952
0.1149 1600344952
0.1513 1600344952
0.1512 1600344952
0.10000000000000009 1600344952
0.15290000000000004 1600344952
0.0927 1600344952
0.14460000000000006 1600344952
0.14850000000000008 1600344952
0.13390000000000002 1600344952
0.1473 1600344952
0.1302000000000001 1600344952
0.13270000000000004 1600344952
0.14100000000000001 1600344952
0.15470000000000006 1600344952
0.10110000000000008 1600344952
0.1422000000000001 1600344952
0.1633 1600344952
0.10760000000000003 1600344952
0.1512 1600344952
0.11960000000000004 1600344952
0.13570000000000004 1600344952
0.1562 1600344952
0.10799999999999998 1600344952
0.0848000000000001 1600344952
0.08560000000000001 1600344952
0.0806 1600344952
0.135 1600344952
0.12540000000000007 1600344952
0.13430000000000009 1600344952
0.13290000000000002 1600344952
0.12009999999999998 1600344952
0.09660000000000002 1600344952
0.12040000000000006 1600344952
0.12270000000000003 1600344952
0.13330000000000009 1600344952
0.13180000000000003 1600344952
0.16090000000000004 1600344952
0.1352 1600344952
0.19300000000000006 1600344952
0.08960000000000001 1600344952
0.1252000000000001 1600344952
0.1271 1600344952
0.15190000000000003 1600344952
0.1483 1600344952
0.1442 1600344952
0.19480000000000008 1600344952
0.11220000000000008 1600344952
0.1403000000000001 1600344952
0.09950000000000003 1600344952
0.1221000000000001 1600344952
0.17820000000000003 1600344952
0.15100000000000002 1600344952
0.12980000000000003 1600344952
0.12760000000000005 1600344952
0.11780000000000002 1600344952
0.12470000000000003 1600344952
0.12480000000000002 1600344952
0.14629999999999999 1600344952
0.133 1600344952
0.1935 1600344952
0.12180000000000002 1600344952
0.11670000000000003 1600344952
0.13370000000000004 1600344952
0.12440000000000007 1600344952
0.13040000000000007 1600344952
0.1784 1600344952
0.1432 1600344952
0.13890000000000002 1600344952
0.12770000000000004 1600344952
0.12409999999999999 1600344952
0.09950000000000003 1600344952
0.1169 1600344952
0.13450000000000006 1600344952
0.12360000000000004 1600344952
0.12170000000000003 1600344952
0.13250000000000006 1600344952
0.10330000000000006 1600344952
0.10020000000000007 1600344952
0.14350000000000007 1600344952
0.10870000000000002 1600344952
0.1049 1600344952
0.1282000000000001 1600344952
0.125 1600344952
0.12030000000000007 1600344952
0.1534000000000001 1600344952
0.1321 1600344952
0.11540000000000006 1600344952
0.08950000000000002 1600344952
0.16900000000000004 1600344952
0.17910000000000004 1600344952
0.1473 1600344952
0.21600000000000008 1600344952
0.10240000000000005 1600344952
0.12140000000000006 1600344952
0.14240000000000008 1600344952
0.1714 1600344952
0.13690000000000002 1600344952
0.14140000000000008 1600344952
0.1615000000000001 1600344952
0.11330000000000007 1600344952
0.14660000000000006 1600344952
0.128 1600344952
0.12340000000000007 1600344952
0.12440000000000007 1600344952
0.10320000000000007 1600344952
0.1341 1600344952
0.18880000000000008 1600344952
0.13080000000000003 1600344952
0.1481 1600344952
0.12150000000000005 1600344952
0.1644 1600344952
0.1352000000000001 1600344952
0.11430000000000007 1600344952
0.1773 1600344952
0.14500000000000002 1600344952
0.10770000000000002 1600344952
0.10310000000000008 1600344952
0.1321 1600344952
0.13219999999999998 1600344952
0.13160000000000005 1600344952
0.10980000000000001 1600344952
0.11520000000000008 1600344952
0.14970000000000006 1600344952
0.13080000000000003 1600344952
0.10610000000000008 1600344952
0.12260000000000004 1600344952
0.09489999999999998 1600344952
0.1442000000000001 1600344952
0.12270000000000003 1600344952
0.09770000000000001 1600344952
0.1199 1600344952
0.12580000000000002 1600344952
0.1432 1600344952
0.13450000000000006 1600344952
0.08550000000000002 1600344952
0.14880000000000004 1600344952
0.1775 1600344952
0.19200000000000006 1600344952
0.12260000000000004 1600344952
0.11250000000000004 1600344952
0.11870000000000003 1600344952
0.12580000000000002 1600344952
0.10360000000000003 1600344952
