1.2012999999999998 1600349974
1.2189 1600349974
1.0535 1600349974
0.8996999999999999 1600349974
1.0034 1600349974
1.3662 1600349974
1.2009 1600349974
1.0523 1600349974
1.0501 1600349974
1.1996 1600349974
1.1091 1600349974
1.3687 1600349974
1.1934 1600349974
1.2356 1600349974
1.1691 1600349974
1.2806 1600349974
0.9675999999999999 1600349974
1.288 1600349974
1.1862 1600349974
1.3111000000000002 1600349974
1.2913999999999999 1600349974
0.912 1600349974
1.274 1600349974
1.2707000000000002 1600349974
1.2142 1600349974
0.9315999999999999 1600349974
1.2918 1600349974
0.9266 1600349974
1.0483 1600349974
0.8732000000000001 1600349974
1.3255000000000001 1600349974
0.9673999999999999 1600349974
0.9208999999999999 1600349974
1.3632 1600349974
1.2135000000000002 1600349974
1.2126 1600349974
1.3597000000000001 1600349974
1.1937 1600349974
0.8520000000000001 1600349974
1.1477 1600349974
1.218 1600349974
0.8450000000000001 1600349974
1.0232 1600349974
1.0208 1600349974
1.2457 1600349974
1.2023 1600349974
0.9617 1600349974
0.9686 1600349974
1.1358000000000001 1600349974
1.1721 1600349974
1.2408 1600349974
0.8976999999999999 1600349974
1.1225 1600349974
1.052 1600349974
0.8659000000000001 1600349974
0.9692 1600349974
1.1542999999999999 1600349974
1.2012 1600349974
1.0619 1600349974
0.9177 1600349974
0.9504000000000001 1600349974
1.2043 1600349974
1.1362999999999999 1600349974
1.1804000000000001 1600349974
1.204 1600349974
0.8867 1600349974
1.2731 1600349974
0.8916999999999999 1600349974
1.2327 1600349974
1.2084000000000001 1600349974
0.9114999999999999 1600349974
1.2556 1600349974
1.2624 1600349974
1.2698999999999998 1600349974
1.2135000000000002 1600349974
1.2106000000000001 1600349974
0.9685999999999999 1600349974
1.0539 1600349974
1.2394 1600349974
1.2436 1600349974
1.0575999999999999 1600349974
0.9370999999999999 1600349974
0.8914999999999998 1600349974
1.1536 1600349974
1.2168999999999999 1600349974
1.3373 1600349974
1.0537999999999998 1600349974
0.9574999999999999 1600349974
1.2309 1600349974
0.8416999999999999 1600349974
1.2250999999999999 1600349974
0.8468999999999999 1600349974
0.8814000000000001 1600349974
1.2886 1600349974
1.2398 1600349974
1.186 1600349974
1.2204000000000002 1600349974
1.3720999999999997 1600349974
1.0844 1600349974
1.0706 1600349974
1.3727 1600349974
1.2052 1600349974
1.2848000000000002 1600349974
1.222 1600349974
1.0693 1600349974
1.2142 1600349974
1.1272 1600349974
1.2048 1600349974
1.307 1600349974
1.2204000000000002 1600349974
1.2726000000000002 1600349974
1.1844000000000001 1600349974
1.1989999999999998 1600349974
1.1192 1600349974
1.1499000000000001 1600349974
1.0493999999999999 1600349974
1.2744 1600349974
1.1932 1600349974
0.9395999999999999 1600349974
1.1993 1600349974
1.0551 1600349974
0.892 1600349974
1.2862 1600349974
1.2095 1600349974
1.2802 1600349974
1.2132999999999998 1600349974
1.3671999999999997 1600349974
1.0556 1600349974
1.0714 1600349974
0.9143000000000001 1600349974
1.2383000000000002 1600349974
1.0027 1600349974
1.1198000000000001 1600349974
1.0745 1600349974
1.1063 1600349974
1.0480999999999998 1600349974
0.9448 1600349974
1.1215 1600349974
0.9734999999999999 1600349974
1.2685 1600349974
1.1585 1600349974
0.8919 1600349974
1.3561999999999999 1600349974
1.3746 1600349974
1.1978 1600349974
1.2396 1600349974
1.2113 1600349974
0.9663 1600349974
1.2026 1600349974
0.9471 1600349974
1.0509 1600349974
1.2736999999999998 1600349974
1.058 1600349974
0.9316000000000001 1600349974
0.9630000000000001 1600349974
0.9725999999999999 1600349974
1.0988000000000002 1600349974
0.9398 1600349974
0.9413 1600349974
1.0054 1600349974
0.8652999999999998 1600349974
0.9501999999999999 1600349974
0.9540000000000001 1600349974
0.884 1600349974
1.3631 1600349974
1.3369 1600349974
1.2191 1600349974
1.0932 1600349974
1.1269 1600349974
1.0638999999999998 1600349974
1.2248 1600349974
0.968 1600349974
1.2073 1600349974
0.8695999999999999 1600349974
1.1984 1600349974
1.0771000000000002 1600349974
0.9308 1600349974
1.2017000000000002 1600349974
1.2704999999999997 1600349974
1.1713 1600349974
0.9726 1600349974
1.2704 1600349974
1.2705 1600349974
1.2095000000000002 1600349974
1.2711999999999999 1600349974
1.2437 1600349974
1.2308999999999999 1600349974
1.2178 1600349974
0.88 1600349974
1.0478 1600349974
1.2232 1600349974
1.2386 1600349974
0.9511 1600349974
1.2141 1600349974
1.2731000000000001 1600349974
0.9387 1600349974
0.9316 1600349974
0.9518 1600349974
1.3366000000000002 1600349974
0.9119999999999999 1600349974
1.2765 1600349974
0.9817999999999999 1600349974
1.1841 1600349974
0.8795000000000001 1600349974
1.3589999999999998 1600349974
1.0065 1600349974
0.9387 1600349974
1.1954 1600349974
1.1238000000000001 1600349974
0.8988 1600349974
1.3235999999999999 1600349974
0.9070000000000001 1600349974
1.1582999999999999 1600349974
0.9742999999999999 1600349974
1.2026 1600349974
1.2012999999999998 1600349974
0.9332 1600349974
1.248 1600349974
1.2104 1600349974
1.2035 1600349974
0.9094 1600349974
0.9384999999999999 1600349974
0.9763999999999999 1600349974
1.2088999999999999 1600349974
1.2106 1600349974
1.1277 1600349974
0.8884000000000001 1600349974
0.9329 1600349974
1.2629 1600349974
0.9732999999999999 1600349974
0.8775000000000001 1600349974
1.0007000000000001 1600349974
1.1781 1600349974
1.0485 1600349974
0.9366999999999999 1600349974
0.9352999999999999 1600349974
1.06 1600349974
1.1319 1600349974
1.0469 1600349974
0.9611999999999999 1600349974
1.0514999999999999 1600349974
0.9527000000000001 1600349974
1.2736999999999998 1600349974
0.9846 1600349974
1.2123 1600349974
1.2264 1600349974
0.9289999999999999 1600349974
1.2372 1600349974
0.9150999999999999 1600349974
1.1926 1600349974
1.2207999999999999 1600349974
1.3711 1600349974
1.1979 1600349974
1.2435 1600349974
1.2155 1600349974
0.9850000000000001 1600349974
1.2083 1600349974
1.1522000000000001 1600349974
1.0945 1600349974
1.1999 1600349974
1.2007 1600349974
1.0726 1600349974
1.274 1600349974
1.2002 1600349974
0.8647 1600349974
1.3087 1600349974
0.9264999999999999 1600349974
0.833 1600349974
1.2485 1600349974
0.8689000000000001 1600349974
0.9412999999999999 1600349974
1.0462 1600349974
0.8741 1600349974
0.9972 1600349974
1.2427 1600349974
0.9098 1600349974
1.2137 1600349974
0.8948000000000002 1600349974
1.162 1600349974
1.1671 1600349974
0.8872000000000001 1600349974
0.8931999999999999 1600349974
1.277 1600349974
1.3705000000000003 1600349974
1.0539 1600349974
1.2797 1600349974
0.8667 1600349974
0.9750000000000001 1600349974
1.213 1600349974
1.2616 1600349974
0.9161 1600349974
1.1583 1600349974
1.2633999999999999 1600349974
1.0514 1600349974
1.3690000000000002 1600349974
1.182 1600349974
1.2445 1600349974
1.3582999999999998 1600349974
1.1972 1600349974
0.9611 1600349974
1.2651 1600349974
1.2778999999999998 1600349974
1.2038000000000002 1600349974
1.177 1600349974
1.213 1600349974
1.073 1600349974
0.8397 1600349974
0.9257 1600349974
1.3655 1600349974
1.2471 1600349974
1.105 1600349974
1.1673999999999998 1600349974
0.8626 1600349974
1.1273 1600349974
1.246 1600349974
1.1465 1600349974
1.1993999999999998 1600349974
1.202 1600349974
0.9181 1600349974
1.1507 1600349974
1.0987 1600349974
1.0486 1600349974
0.8433999999999999 1600349974
1.2909 1600349974
1.0638 1600349974
0.9319000000000001 1600349974
1.2911000000000001 1600349974
1.2349999999999999 1600349974
1.2323 1600349974
0.8895000000000001 1600349974
1.1925 1600349974
1.2705 1600349974
1.2496999999999998 1600349974
1.0513 1600349974
0.933 1600349974
0.9135 1600349974
1.2105 1600349974
1.2092999999999998 1600349974
1.0578 1600349974
1.2661000000000002 1600349974
1.1724999999999999 1600349974
1.2469000000000001 1600349974
0.9418 1600349974
1.3605 1600349974
1.2037 1600349974
1.2803 1600349974
1.2407 1600349974
0.9502999999999999 1600349974
0.9753999999999999 1600349974
1.2069999999999999 1600349974
0.8659 1600349974
1.2155 1600349974
1.2163 1600349974
0.9794999999999999 1600349974
1.3675 1600349974
0.8952000000000001 1600349974
0.8734000000000001 1600349974
1.0994000000000002 1600349974
1.2161 1600349974
1.2095 1600349974
1.2465 1600349974
0.9167000000000001 1600349974
1.0553 1600349974
1.1375000000000002 1600349974
0.9641000000000001 1600349974
0.9132 1600349974
1.3737 1600349974
0.9432999999999999 1600349974
0.8725 1600349974
1.2025 1600349974
1.1554 1600349974
0.9268 1600349974
1.237 1600349974
1.2017000000000002 1600349974
0.9283 1600349974
1.2389000000000001 1600349974
0.8752 1600349974
1.1516000000000002 1600349974
0.9870000000000001 1600349974
0.8783 1600349974
0.8862000000000001 1600349974
0.9522 1600349974
0.9717 1600349974
1.2464 1600349974
1.3632 1600349974
1.0486 1600349974
0.8658000000000001 1600349974
1.1455 1600349974
0.9771 1600349974
1.214 1600349974
1.1954000000000002 1600349974
0.9731000000000001 1600349974
1.3403 1600349974
1.3649000000000002 1600349974
0.9125 1600349974
0.9662000000000001 1600349974
0.9590000000000001 1600349974
1.1503999999999999 1600349974
1.3296000000000001 1600349974
0.969 1600349974
1.3016 1600349974
0.8747 1600349974
1.1996000000000002 1600349974
1.0179999999999998 1600349974
1.2768000000000002 1600349974
1.2099000000000002 1600349974
1.237 1600349974
0.8694000000000001 1600349974
1.0053999999999998 1600349974
1.2622 1600349974
1.2075 1600349974
1.1824 1600349974
1.101 1600349974
1.2251 1600349974
0.8845999999999999 1600349974
0.9241000000000001 1600349974
0.8502 1600349974
1.0688 1600349974
1.1073 1600349974
0.8794 1600349974
1.1724 1600349974
1.0698 1600349974
1.2097000000000002 1600349974
1.2309 1600349974
1.3410000000000002 1600349974
1.2688 1600349974
0.8756 1600349974
0.8549999999999999 1600349974
1.0523 1600349974
1.1315 1600349974
1.2273999999999998 1600349974
1.2262 1600349974
1.3722000000000003 1600349974
1.2685 1600349974
0.8927999999999999 1600349974
1.0547 1600349974
1.3231 1600349974
0.9532999999999999 1600349974
1.2772999999999999 1600349974
0.8479 1600349974
0.8981 1600349974
1.0880999999999998 1600349974
0.952 1600349974
1.2851 1600349974
1.1991 1600349974
1.1211 1600349974
1.2019 1600349974
1.1313 1600349974
0.9943000000000001 1600349974
1.2423 1600349974
1.2931 1600349974
1.2698 1600349974
1.2168999999999999 1600349974
0.8953 1600349974
1.1202 1600349974
1.0548 1600349974
0.9150999999999999 1600349974
1.3663000000000003 1600349974
0.9718999999999999 1600349974
1.2784 1600349974
0.9287 1600349974
0.8966999999999999 1600349974
0.9099 1600349974
0.9791 1600349974
1.0647000000000002 1600349974
1.2754 1600349974
1.2671 1600349974
0.9809000000000001 1600349974
1.2126000000000001 1600349974
0.8360000000000001 1600349974
1.1979000000000002 1600349974
0.9547 1600349974
1.3573 1600349974
0.9173 1600349974
1.1506 1600349974
0.9521999999999999 1600349974
0.8792000000000001 1600349974
0.8976 1600349974
0.9478000000000001 1600349974
0.9138 1600349974
0.8565000000000002 1600349974
1.2793 1600349974
1.3659 1600349974
1.3647999999999998 1600349974
0.8820000000000001 1600349974
1.3241 1600349974
0.9669 1600349974
0.845 1600349974
1.2231 1600349974
0.8504 1600349974
1.2059 1600349974
1.2299 1600349974
0.9210999999999999 1600349974
1.2936999999999999 1600349974
1.213 1600349974
1.2009 1600349974
1.21 1600349974
1.2497 1600349974
0.9219 1600349974
0.9151 1600349974
0.8875000000000001 1600349974
1.2694999999999999 1600349974
1.0504 1600349974
1.3304 1600349974
0.9312 1600349974
1.3714000000000002 1600349974
1.0055 1600349974
1.2618999999999998 1600349974
1.2162000000000002 1600349974
0.9321 1600349974
1.2319 1600349974
1.2846000000000002 1600349974
