0.6271000000000001 1600215746
0.7405999999999999 1600215746
1.0557999999999998 1600215746
1.3126 1600215746
1.6185999999999998 1600215746
0.6279 1600215746
1.2906 1600215746
1.0564 1600215746
1.1639 1600215746
0.5668000000000001 1600215746
1.4726 1600215746
1.6473 1600215746
0.6367999999999999 1600215746
1.1681 1600215746
0.8202999999999999 1600215746
0.5951000000000001 1600215746
1.238 1600215746
1.6305 1600215746
0.6271000000000001 1600215746
1.163 1600215746
1.2382 1600215746
0.5951000000000001 1600215746
1.0550000000000002 1600215746
1.0082 1600215746
1.6395 1600215746
0.7751 1600215746
1.0852 1600215746
1.0387 1600215746
1.1385999999999998 1600215746
1.0386000000000002 1600215746
1.0847000000000002 1600215746
1.0844 1600215746
0.8366000000000001 1600215746
0.6442 1600215746
0.6325999999999999 1600215746
1.5396999999999998 1600215746
0.6443 1600215746
0.6045999999999999 1600215746
1.6337000000000002 1600215746
0.5715 1600215746
1.198 1600215746
1.505 1600215746
1.084 1600215746
1.1954000000000002 1600215746
0.8357 1600215746
1.2902 1600215746
0.6270000000000001 1600215746
1.5150000000000001 1600215746
0.5670000000000001 1600215746
0.6382 1600215746
1.0779999999999998 1600215746
1.2828 1600215746
1.6347999999999998 1600215746
1.0156 1600215746
1.2027999999999999 1600215746
1.4975 1600215746
1.1675 1600215746
0.5671 1600215746
1.0225 1600215746
0.6384 1600215746
0.8684 1600215746
0.5930000000000001 1600215746
0.5915 1600215746
1.6312000000000002 1600215746
0.5876999999999999 1600215746
1.6345999999999998 1600215746
1.6313 1600215746
1.5406 1600215746
1.6313 1600215746
1.6313999999999997 1600215746
1.6168999999999998 1600215746
1.2391 1600215746
0.644 1600215746
1.6402 1600215746
1.2906 1600215746
0.842 1600215746
0.6384 1600215746
1.0558999999999998 1600215746
1.6286999999999998 1600215746
1.5281000000000002 1600215746
1.1387999999999998 1600215746
0.8450000000000001 1600215746
0.628 1600215746
0.5547000000000001 1600215746
1.6309999999999998 1600215746
1.1951999999999998 1600215746
1.2383000000000002 1600215746
1.0085000000000002 1600215746
1.6471 1600215746
1.4817999999999998 1600215746
1.496 1600215746
1.4828000000000001 1600215746
1.0391 1600215746
1.0388000000000002 1600215746
0.5885000000000001 1600215746
0.6269000000000001 1600215746
1.629 1600215746
1.1800000000000002 1600215746
0.6378 1600215746
1.0390000000000001 1600215746
0.6362 1600215746
0.6269000000000001 1600215746
0.5675 1600215746
0.6270000000000001 1600215746
1.1641 1600215746
0.6269000000000001 1600215746
0.5950000000000001 1600215746
0.5671 1600215746
1.0855000000000001 1600215746
1.6311 1600215746
0.7926000000000001 1600215746
1.0225 1600215746
1.4928 1600215746
0.5881 1600215746
1.4277000000000002 1600215746
0.8419 1600215746
1.6296 1600215746
1.2909000000000002 1600215746
1.5143999999999997 1600215746
1.2903000000000002 1600215746
1.6585 1600215746
1.4811999999999999 1600215746
0.5794 1600215746
0.5671 1600215746
1.6461999999999999 1600215746
1.2383000000000002 1600215746
1.1679 1600215746
1.54 1600215746
1.2393 1600215746
1.6307 1600215746
1.0707 1600215746
1.6347 1600215746
1.0224000000000002 1600215746
1.2387000000000001 1600215746
1.5309 1600215746
1.6595999999999997 1600215746
1.5404999999999998 1600215746
0.5885000000000001 1600215746
1.6176999999999997 1600215746
0.7592 1600215746
0.5552 1600215746
1.5051999999999999 1600215746
1.1680000000000001 1600215746
0.6453000000000001 1600215746
1.5303999999999998 1600215746
1.6311 1600215746
1.0151 1600215746
0.6386 1600215746
0.5670000000000001 1600215746
1.009 1600215746
1.5899999999999999 1600215746
1.2052 1600215746
1.2393999999999998 1600215746
0.588 1600215746
0.5554 1600215746
1.4943 1600215746
0.6268000000000001 1600215746
0.6269000000000001 1600215746
0.6271000000000001 1600215746
0.8173 1600215746
1.6189999999999998 1600215746
0.8436 1600215746
0.8679 1600215746
0.7414999999999999 1600215746
0.6279 1600215746
1.0932 1600215746
0.5553 1600215746
1.1956000000000002 1600215746
0.5546000000000001 1600215746
1.0554999999999999 1600215746
0.5552 1600215746
0.7536999999999999 1600215746
0.6385 1600215746
1.5044 1600215746
0.5670000000000001 1600215746
1.0556999999999999 1600215746
1.6585999999999999 1600215746
1.2904 1600215746
1.6311999999999998 1600215746
1.0224000000000002 1600215746
1.6174 1600215746
1.2183000000000002 1600215746
0.5676 1600215746
0.8433 1600215746
1.138 1600215746
1.0836000000000001 1600215746
1.0389 1600215746
1.6463 1600215746
0.8204000000000001 1600215746
1.0558999999999998 1600215746
0.6325999999999999 1600215746
1.5037000000000003 1600215746
0.8177 1600215746
1.6280999999999999 1600215746
0.7469 1600215746
0.8435 1600215746
0.6998000000000001 1600215746
1.6317 1600215746
1.1960000000000002 1600215746
1.6188000000000002 1600215746
0.5882999999999999 1600215746
1.0844 1600215746
0.7485 1600215746
1.0388000000000002 1600215746
1.1808 1600215746
1.4926999999999997 1600215746
1.5899 1600215746
1.0156 1600215746
1.0386 1600215746
0.8428000000000001 1600215746
1.6269 1600215746
1.6168 1600215746
1.0838999999999999 1600215746
1.084 1600215746
0.6268000000000001 1600215746
1.2896999999999998 1600215746
0.8836999999999999 1600215746
1.4966999999999997 1600215746
0.6324 1600215746
0.5673 1600215746
1.6341 1600215746
1.532 1600215746
1.0375999999999999 1600215746
1.6298 1600215746
0.5882999999999999 1600215746
1.2386 1600215746
1.3128000000000002 1600215746
0.6269000000000001 1600215746
1.6311999999999998 1600215746
1.2383000000000002 1600215746
1.6349 1600215746
1.4945999999999997 1600215746
0.6377 1600215746
1.6583999999999999 1600215746
0.6252000000000001 1600215746
1.5478999999999998 1600215746
1.146 1600215746
1.6168 1600215746
0.8433 1600215746
1.0389 1600215746
1.6583999999999999 1600215746
0.868 1600215746
1.5345999999999997 1600215746
0.8182999999999999 1600215746
0.6270000000000001 1600215746
1.2189999999999999 1600215746
0.8135 1600215746
1.2385000000000002 1600215746
0.6386999999999999 1600215746
0.5952000000000001 1600215746
0.6323 1600215746
0.5884999999999999 1600215746
1.0083000000000002 1600215746
0.8329000000000001 1600215746
0.5918 1600215746
1.5052000000000003 1600215746
0.8125 1600215746
0.5632 1600215746
1.1961 1600215746
0.6270000000000001 1600215746
1.2906 1600215746
1.0390000000000001 1600215746
1.6269 1600215746
1.5232999999999999 1600215746
1.6185 1600215746
0.555 1600215746
0.8186000000000001 1600215746
0.8327000000000001 1600215746
1.0844 1600215746
0.6987 1600215746
0.8436 1600215746
1.1677 1600215746
1.5267 1600215746
1.5303 1600215746
0.5676 1600215746
1.6349 1600215746
1.6294 1600215746
0.8185000000000001 1600215746
1.0840999999999998 1600215746
0.6279 1600215746
0.8327000000000001 1600215746
1.2906 1600215746
0.5882 1600215746
0.6443 1600215746
1.2384 1600215746
0.8052 1600215746
1.6339000000000001 1600215746
0.8416 1600215746
0.6386 1600215746
0.6278 1600215746
1.5126 1600215746
0.6386 1600215746
0.8357 1600215746
1.6166999999999998 1600215746
0.6442 1600215746
0.7733 1600215746
0.6443 1600215746
0.6354 1600215746
0.6271000000000001 1600215746
1.0581999999999998 1600215746
1.646 1600215746
0.6361 1600215746
1.0150000000000001 1600215746
1.0226000000000002 1600215746
0.5557 1600215746
1.0388000000000002 1600215746
1.4838999999999998 1600215746
1.0396 1600215746
1.1956000000000002 1600215746
1.0358999999999998 1600215746
1.5406999999999997 1600215746
1.0838999999999999 1600215746
1.6341999999999999 1600215746
1.6353999999999997 1600215746
1.1801 1600215746
0.5669000000000001 1600215746
1.4863 1600215746
0.7960999999999999 1600215746
1.6189 1600215746
1.2384 1600215746
1.4973999999999998 1600215746
0.8178 1600215746
1.5053 1600215746
1.0844 1600215746
1.0390000000000001 1600215746
1.5406 1600215746
1.2692999999999999 1600215746
1.0306000000000002 1600215746
1.4825999999999997 1600215746
0.8328000000000001 1600215746
0.5712 1600215746
0.5885000000000001 1600215746
1.0558 1600215746
1.6328 1600215746
1.5053999999999998 1600215746
0.7641000000000001 1600215746
0.6270000000000001 1600215746
1.4928 1600215746
1.1387 1600215746
0.6445 1600215746
1.0308000000000002 1600215746
1.0223 1600215746
0.8691000000000001 1600215746
1.1683 1600215746
1.2895999999999999 1600215746
1.6463 1600215746
0.5671 1600215746
1.0585 1600215746
0.8684999999999999 1600215746
0.6271000000000001 1600215746
1.4817 1600215746
0.8166000000000001 1600215746
0.6271000000000001 1600215746
0.6383 1600215746
0.5883999999999999 1600215746
0.8691000000000001 1600215746
0.8462 1600215746
1.6585 1600215746
1.4718 1600215746
0.5667000000000001 1600215746
1.0225 1600215746
1.6423999999999999 1600215746
0.8436 1600215746
1.0305 1600215746
1.6305999999999998 1600215746
1.6425999999999998 1600215746
0.6443 1600215746
0.6045999999999999 1600215746
1.0308000000000002 1600215746
1.2906 1600215746
1.0839999999999999 1600215746
0.8436 1600215746
1.0556999999999999 1600215746
1.2824 1600215746
1.5146000000000002 1600215746
1.5143999999999997 1600215746
1.0306000000000002 1600215746
0.5631 1600215746
1.5276 1600215746
0.596 1600215746
0.7461000000000001 1600215746
1.0390000000000001 1600215746
1.5143999999999997 1600215746
1.0352000000000001 1600215746
0.6275 1600215746
1.4926 1600215746
1.4947 1600215746
0.592 1600215746
0.7537999999999999 1600215746
1.2902 1600215746
0.6385 1600215746
0.5633 1600215746
1.0855000000000001 1600215746
0.6439 1600215746
0.5551 1600215746
0.5631 1600215746
0.5551 1600215746
0.6382 1600215746
1.1958000000000002 1600215746
1.6351999999999998 1600215746
1.1958 1600215746
1.4819999999999998 1600215746
1.2908 1600215746
0.8327000000000001 1600215746
1.0389 1600215746
0.8177 1600215746
0.8129000000000001 1600215746
1.1387 1600215746
1.5143999999999997 1600215746
1.5272000000000001 1600215746
0.7394 1600215746
0.6383 1600215746
1.5051999999999999 1600215746
0.8693000000000001 1600215746
1.5060000000000002 1600215746
1.6353 1600215746
1.4697 1600215746
1.0553 1600215746
1.0845000000000002 1600215746
0.5879 1600215746
1.1675 1600215746
1.0391 1600215746
0.5918 1600215746
0.5883999999999999 1600215746
1.0852 1600215746
1.5537999999999998 1600215746
1.1578 1600215746
1.4727000000000001 1600215746
1.6006 1600215746
1.5139999999999998 1600215746
1.0209000000000001 1600215746
1.6464000000000003 1600215746
0.6444 1600215746
0.8436 1600215746
0.6375000000000001 1600215746
1.6603000000000003 1600215746
1.6458999999999997 1600215746
1.0390000000000001 1600215746
0.5883999999999999 1600215746
1.4832999999999998 1600215746
1.291 1600215746
1.0316 1600215746
1.495 1600215746
1.1669 1600215746
1.0083000000000002 1600215746
0.5878 1600215746
1.0563000000000002 1600215746
0.5882999999999999 1600215746
1.5398999999999998 1600215746
1.6322 1600215746
1.0388000000000002 1600215746
0.8202999999999999 1600215746
1.0389 1600215746
1.2501000000000002 1600215746
1.0225 1600215746
1.5899 1600215746
1.0411 1600215746
0.6444 1600215746
1.4924 1600215746
1.0388000000000002 1600215746
0.8677999999999999 1600215746
1.6349999999999998 1600215746
1.6402999999999999 1600215746
0.8692000000000001 1600215746
1.2378 1600215746
1.646 1600215746
1.4958999999999998 1600215746
1.504 1600215746
0.5672 1600215746
1.2039 1600215746
0.5551 1600215746
1.6313999999999997 1600215746
0.6353 1600215746
1.6179000000000001 1600215746
0.5630000000000001 1600215746
1.5404999999999998 1600215746
1.5274 1600215746
1.4838999999999998 1600215746
1.0391 1600215746
1.6343 1600215746
1.6191 1600215746
0.8227000000000001 1600215746
0.636 1600215746
0.6275000000000001 1600215746
1.5046999999999997 1600215746
1.0348000000000002 1600215746
1.0845000000000002 1600215746
1.2530999999999999 1600215746
1.1635 1600215746
1.5265 1600215746
1.29 1600215746
0.5883999999999999 1600215746
1.6179999999999999 1600215746
1.646 1600215746
1.2906 1600215746
0.6279 1600215746
0.8434 1600215746
1.2395 1600215746
0.8712000000000001 1600215746
1.6187 1600215746
1.6425 1600215746
0.836 1600215746
1.146 1600215746
1.0855000000000001 1600215746
1.5263999999999998 1600215746
0.6444 1600215746
1.5309 1600215746
0.8221999999999999 1600215746
1.4275000000000002 1600215746
1.6345999999999998 1600215746
1.4832 1600215746
0.5879 1600215746
