0.36139999999999994 1600216434
0.9532 1600216434
0.8009 1600216434
0.7827 1600216434
1.2768000000000002 1600216434
0.5645 1600216434
0.5724 1600216434
0.7877000000000001 1600216434
0.7901 1600216434
1.1872 1600216434
0.8079000000000001 1600216434
1.2282 1600216434
1.0782 1600216434
1.1781 1600216434
1.1806 1600216434
0.5352 1600216434
0.5983 1600216434
1.2765 1600216434
1.0365 1600216434
0.7837000000000001 1600216434
0.6514 1600216434
1.1351 1600216434
0.7425999999999999 1600216434
0.7862 1600216434
0.8772 1600216434
0.9847999999999999 1600216434
0.8312999999999999 1600216434
1.0274 1600216434
0.6594 1600216434
0.7588999999999999 1600216434
0.7945 1600216434
0.8057000000000001 1600216434
1.0263 1600216434
0.81 1600216434
1.1875 1600216434
1.1547 1600216434
0.5803 1600216434
0.7601 1600216434
0.8007 1600216434
0.7905 1600216434
0.8533999999999999 1600216434
1.1925 1600216434
0.8281000000000001 1600216434
0.6461999999999999 1600216434
1.0361 1600216434
0.5719000000000001 1600216434
0.8033999999999999 1600216434
0.8011999999999999 1600216434
0.8249 1600216434
1.1982 1600216434
0.8811 1600216434
0.7846 1600216434
0.599 1600216434
0.6436999999999999 1600216434
0.9783999999999999 1600216434
1.1188 1600216434
0.5092 1600216434
0.9297 1600216434
1.0356 1600216434
1.1179 1600216434
1.1985 1600216434
0.8031999999999999 1600216434
0.7855000000000001 1600216434
1.0917 1600216434
0.5327 1600216434
0.7544 1600216434
1.0576 1600216434
0.6429 1600216434
1.2246000000000001 1600216434
1.2241 1600216434
0.7875000000000001 1600216434
0.589 1600216434
0.8216000000000001 1600216434
1.2286 1600216434
0.5719000000000001 1600216434
1.1872 1600216434
1.1148 1600216434
1.2109 1600216434
1.1317 1600216434
1.1504 1600216434
0.7585999999999999 1600216434
1.187 1600216434
0.5645 1600216434
0.7035 1600216434
1.2755 1600216434
0.6428 1600216434
0.8452 1600216434
0.7855000000000001 1600216434
1.2284 1600216434
1.131 1600216434
0.8491 1600216434
1.1917 1600216434
1.187 1600216434
1.1653 1600216434
0.9455 1600216434
0.8034999999999999 1600216434
1.0552000000000001 1600216434
0.5323 1600216434
0.7034 1600216434
0.5730999999999999 1600216434
0.9676 1600216434
1.086 1600216434
0.7862 1600216434
1.0832 1600216434
0.7106999999999999 1600216434
0.9368000000000001 1600216434
0.7604 1600216434
0.9298 1600216434
0.5246999999999999 1600216434
0.6436999999999999 1600216434
0.5644 1600216434
0.7830999999999999 1600216434
0.6297000000000001 1600216434
0.527 1600216434
1.1503 1600216434
0.7862 1600216434
0.7645 1600216434
0.7792999999999999 1600216434
1.1333 1600216434
0.7091000000000001 1600216434
0.6431 1600216434
1.1499 1600216434
0.7604 1600216434
0.9787999999999999 1600216434
0.8515999999999999 1600216434
0.7241 1600216434
0.8762000000000001 1600216434
0.6441999999999999 1600216434
0.5893999999999999 1600216434
0.9807999999999999 1600216434
0.5898000000000001 1600216434
0.8714999999999999 1600216434
0.7086999999999999 1600216434
0.5811 1600216434
1.1556 1600216434
1.1651 1600216434
1.1848 1600216434
0.7983 1600216434
1.2406 1600216434
1.114 1600216434
1.115 1600216434
1.1878 1600216434
0.5324 1600216434
0.6303000000000001 1600216434
0.7547999999999999 1600216434
0.806 1600216434
0.5717000000000001 1600216434
0.8200000000000001 1600216434
0.5166999999999999 1600216434
1.2104 1600216434
1.059 1600216434
0.8758999999999999 1600216434
0.8258000000000001 1600216434
0.8541000000000001 1600216434
0.9949999999999999 1600216434
0.7666 1600216434
0.8868 1600216434
1.1877 1600216434
1.1313 1600216434
0.6295999999999999 1600216434
0.5727 1600216434
0.5663 1600216434
1.2364 1600216434
1.189 1600216434
0.9641 1600216434
0.8262 1600216434
1.115 1600216434
1.0864 1600216434
0.533 1600216434
0.6520999999999999 1600216434
0.6537 1600216434
1.1188 1600216434
0.8244 1600216434
0.9541999999999999 1600216434
0.7858 1600216434
0.5734999999999999 1600216434
1.004 1600216434
0.5634999999999999 1600216434
1.2252 1600216434
0.9527000000000001 1600216434
1.1058999999999999 1600216434
0.6999 1600216434
0.8309 1600216434
1.1217 1600216434
1.0124 1600216434
1.2254 1600216434
0.7094 1600216434
0.742 1600216434
0.6535 1600216434
0.5734999999999999 1600216434
1.0364 1600216434
0.869 1600216434
1.08 1600216434
0.8543000000000001 1600216434
0.8806 1600216434
1.1228 1600216434
1.1823 1600216434
0.931 1600216434
0.5327999999999999 1600216434
0.8007 1600216434
0.7785 1600216434
0.8488 1600216434
0.8976999999999999 1600216434
0.798 1600216434
0.7781 1600216434
0.8683000000000001 1600216434
0.5718000000000001 1600216434
1.1557 1600216434
0.5915999999999999 1600216434
0.7973999999999999 1600216434
0.8749 1600216434
0.8822000000000001 1600216434
0.8057000000000001 1600216434
0.7690999999999999 1600216434
0.9791000000000001 1600216434
0.6429 1600216434
1.1879 1600216434
0.5999000000000001 1600216434
0.8029 1600216434
0.7863 1600216434
1.0821 1600216434
0.5901000000000001 1600216434
0.5485 1600216434
1.0679 1600216434
0.7784 1600216434
1.2762 1600216434
0.8853 1600216434
1.1888 1600216434
1.2247999999999999 1600216434
0.7670999999999999 1600216434
1.1569 1600216434
0.7998000000000001 1600216434
1.1151 1600216434
0.841 1600216434
0.9291 1600216434
0.774 1600216434
0.8655999999999999 1600216434
1.2395 1600216434
1.129 1600216434
0.6303000000000001 1600216434
0.5718000000000001 1600216434
1.2197 1600216434
0.9801 1600216434
1.0926 1600216434
1.1726 1600216434
1.2285 1600216434
1.1418 1600216434
0.5893999999999999 1600216434
0.7270000000000001 1600216434
1.0154 1600216434
1.0365 1600216434
0.7607999999999999 1600216434
1.1881 1600216434
1.0312 1600216434
0.9847999999999999 1600216434
0.5999000000000001 1600216434
0.6623000000000001 1600216434
0.7867 1600216434
0.8306 1600216434
0.8833 1600216434
0.6428 1600216434
1.0665 1600216434
1.1323 1600216434
0.5720000000000001 1600216434
0.871 1600216434
0.6461999999999999 1600216434
0.8497999999999999 1600216434
1.0784 1600216434
0.8769 1600216434
0.9854 1600216434
1.2179 1600216434
0.6459999999999999 1600216434
0.6593 1600216434
0.8612 1600216434
0.8154999999999999 1600216434
0.7797000000000001 1600216434
1.2277 1600216434
1.1881 1600216434
0.7424999999999999 1600216434
1.1848 1600216434
0.7783 1600216434
0.7710999999999999 1600216434
0.7451000000000001 1600216434
1.0818 1600216434
1.1656 1600216434
0.9663999999999999 1600216434
0.9643999999999999 1600216434
0.5916999999999999 1600216434
0.8115000000000001 1600216434
0.9662999999999999 1600216434
0.8027 1600216434
0.6536 1600216434
0.6634 1600216434
0.8702000000000001 1600216434
1.1463 1600216434
1.1829 1600216434
0.6377999999999999 1600216434
0.7265999999999999 1600216434
0.5845 1600216434
0.7966 1600216434
0.5987 1600216434
1.0825 1600216434
0.7704 1600216434
0.615 1600216434
0.6453 1600216434
1.082 1600216434
1.1928 1600216434
0.7832999999999999 1600216434
1.2766 1600216434
0.98 1600216434
0.9460999999999999 1600216434
1.2758 1600216434
1.1746 1600216434
0.5907 1600216434
0.7798 1600216434
0.5216 1600216434
0.8323 1600216434
0.7863 1600216434
1.1147 1600216434
0.8258000000000001 1600216434
0.8768 1600216434
1.2416 1600216434
0.7814000000000001 1600216434
0.9792000000000001 1600216434
0.5732999999999999 1600216434
0.8835 1600216434
0.6616 1600216434
0.7593000000000001 1600216434
1.1504 1600216434
0.8852 1600216434
0.6617999999999999 1600216434
0.7869999999999999 1600216434
1.1149 1600216434
1.1733 1600216434
1.15 1600216434
0.6742999999999999 1600216434
0.8865000000000001 1600216434
0.8675999999999999 1600216434
0.7981 1600216434
0.635 1600216434
1.1236 1600216434
0.7817000000000001 1600216434
0.8856999999999999 1600216434
1.1309 1600216434
0.6432 1600216434
0.6767000000000001 1600216434
0.7862 1600216434
0.7792999999999999 1600216434
0.786 1600216434
1.0362 1600216434
1.1888 1600216434
0.962 1600216434
0.9364999999999999 1600216434
0.9948999999999999 1600216434
0.528 1600216434
0.7862 1600216434
0.8017000000000001 1600216434
0.5721 1600216434
1.2761 1600216434
0.5218 1600216434
0.6600999999999999 1600216434
1.1743999999999999 1600216434
1.0877 1600216434
0.7588999999999999 1600216434
1.2761 1600216434
1.2399 1600216434
0.6339999999999999 1600216434
1.0738 1600216434
1.1244 1600216434
0.5712999999999999 1600216434
0.8756999999999999 1600216434
1.186 1600216434
1.1138 1600216434
1.0468 1600216434
1.1152 1600216434
0.8008 1600216434
0.7905 1600216434
0.6534 1600216434
1.1901 1600216434
1.1458 1600216434
1.2825 1600216434
0.8412 1600216434
1.1746 1600216434
0.8099000000000001 1600216434
0.7628999999999999 1600216434
0.8707 1600216434
0.8263 1600216434
0.8940999999999999 1600216434
0.722 1600216434
0.6429 1600216434
1.0689 1600216434
0.8647 1600216434
0.5329 1600216434
1.064 1600216434
1.1834 1600216434
0.7996000000000001 1600216434
1.1148 1600216434
0.6453 1600216434
0.8601000000000001 1600216434
0.8694 1600216434
0.8311 1600216434
0.8984000000000001 1600216434
0.6616 1600216434
0.946 1600216434
0.7888999999999999 1600216434
1.1224 1600216434
0.7983 1600216434
0.7979 1600216434
1.2412 1600216434
0.5915000000000001 1600216434
0.812 1600216434
0.8195000000000001 1600216434
1.1895 1600216434
1.0365 1600216434
1.1913 1600216434
1.2771 1600216434
1.0614999999999999 1600216434
1.1151 1600216434
1.2243 1600216434
0.8026 1600216434
1.0657 1600216434
0.6065 1600216434
0.5164 1600216434
0.9881 1600216434
1.1322 1600216434
0.7837000000000001 1600216434
0.6144000000000001 1600216434
1.2306 1600216434
1.1552 1600216434
1.2772 1600216434
0.7117 1600216434
1.2763 1600216434
0.8701000000000001 1600216434
0.9299 1600216434
0.8784000000000001 1600216434
0.5880000000000001 1600216434
0.5992 1600216434
1.2151 1600216434
0.7453000000000001 1600216434
1.1503 1600216434
0.8666 1600216434
0.8669 1600216434
0.8771 1600216434
0.5085 1600216434
0.5832999999999999 1600216434
0.8936 1600216434
0.7357 1600216434
0.7870999999999999 1600216434
0.8691 1600216434
1.2298 1600216434
1.1569 1600216434
1.1074 1600216434
0.7838 1600216434
0.7834000000000001 1600216434
1.0436 1600216434
1.0166 1600216434
0.7095 1600216434
0.6362000000000001 1600216434
0.6294 1600216434
0.7830999999999999 1600216434
1.1714 1600216434
1.1735 1600216434
0.7959 1600216434
1.1042 1600216434
0.5489999999999999 1600216434
1.1323 1600216434
1.2278 1600216434
0.9544999999999999 1600216434
1.0809 1600216434
0.7991999999999999 1600216434
1.1473 1600216434
1.088 1600216434
0.5721 1600216434
0.8006 1600216434
0.8651 1600216434
0.6444000000000001 1600216434
0.7766 1600216434
1.1908 1600216434
0.7952999999999999 1600216434
0.8004 1600216434
0.5484 1600216434
1.2207999999999999 1600216434
1.0294 1600216434
0.6720999999999999 1600216434
0.9544999999999999 1600216434
0.5991 1600216434
0.5739000000000001 1600216434
0.8068 1600216434
0.7418 1600216434
0.7892999999999999 1600216434
0.5796999999999999 1600216434
0.7454000000000001 1600216434
0.8751 1600216434
1.2756 1600216434
0.8964000000000001 1600216434
0.6343000000000001 1600216434
1.0448 1600216434
1.2772 1600216434
1.202 1600216434
1.1738 1600216434
0.8897999999999999 1600216434
1.0224 1600216434
1.1502 1600216434
0.5988 1600216434
1.1232 1600216434
0.5641 1600216434
0.6431 1600216434
1.204 1600216434
1.1918 1600216434
1.174 1600216434
1.1896 1600216434
0.7603 1600216434
