0.316 1600346139
1.2081 1600346139
0.4275 1600346139
1.2085 1600346139
1.1805 1600346139
0.7265999999999999 1600346139
0.6177999999999999 1600346139
0.7781 1600346139
1.1404 1600346139
0.6228 1600346139
0.6818 1600346139
1.6373 1600346139
0.7026000000000001 1600346139
0.8182 1600346139
1.0505 1600346139
0.40330000000000005 1600346139
0.6963999999999999 1600346139
1.173 1600346139
0.7591000000000001 1600346139
1.0899 1600346139
0.7716000000000001 1600346139
0.6972 1600346139
1.1697 1600346139
0.9468000000000001 1600346139
0.8455000000000001 1600346139
1.1219000000000001 1600346139
1.0883 1600346139
1.0274 1600346139
1.0902 1600346139
0.9241000000000001 1600346139
0.7847 1600346139
0.8203 1600346139
1.1159000000000001 1600346139
0.8106 1600346139
0.5739000000000001 1600346139
0.6785000000000001 1600346139
1.0423 1600346139
0.7026000000000001 1600346139
0.7891999999999999 1600346139
0.6890000000000001 1600346139
0.7850999999999999 1600346139
1.224 1600346139
0.8026 1600346139
0.619 1600346139
0.8130000000000002 1600346139
0.8286 1600346139
0.7067000000000001 1600346139
1.5458 1600346139
0.8157 1600346139
0.6093 1600346139
0.7064999999999999 1600346139
0.6993 1600346139
1.6800000000000002 1600346139
0.7802 1600346139
1.1403 1600346139
0.6496999999999999 1600346139
0.6375 1600346139
0.6954 1600346139
1.2239 1600346139
0.8105 1600346139
1.2104000000000001 1600346139
0.8535000000000001 1600346139
1.2074 1600346139
0.8983000000000001 1600346139
0.6194 1600346139
1.5025000000000002 1600346139
0.7733000000000001 1600346139
0.8918000000000001 1600346139
1.1702000000000001 1600346139
0.897 1600346139
1.1772 1600346139
0.9838 1600346139
0.9268000000000001 1600346139
0.9648000000000001 1600346139
0.41930000000000006 1600346139
1.2076 1600346139
1.1801000000000001 1600346139
0.7111000000000001 1600346139
1.1482 1600346139
1.2054 1600346139
0.9249 1600346139
1.211 1600346139
0.8660000000000001 1600346139
0.9749000000000001 1600346139
1.1484 1600346139
0.6378999999999999 1600346139
0.8449 1600346139
0.8745 1600346139
1.6375 1600346139
1.6059 1600346139
0.9563000000000001 1600346139
1.1909 1600346139
1.207 1600346139
0.7521 1600346139
0.5121 1600346139
0.5264 1600346139
1.1476000000000002 1600346139
0.7995000000000001 1600346139
0.5161 1600346139
0.4279 1600346139
0.5811999999999999 1600346139
0.6958 1600346139
0.8366 1600346139
0.7385999999999999 1600346139
0.9249 1600346139
0.3259 1600346139
0.645 1600346139
0.40030000000000004 1600346139
0.8034000000000001 1600346139
0.706 1600346139
0.6599999999999999 1600346139
1.09 1600346139
0.5188999999999999 1600346139
0.40330000000000005 1600346139
1.6385 1600346139
0.5948 1600346139
0.7531000000000001 1600346139
0.552 1600346139
0.9369000000000001 1600346139
1.1520000000000001 1600346139
0.8704000000000001 1600346139
1.2264000000000002 1600346139
1.0345 1600346139
1.1842000000000001 1600346139
0.7890999999999999 1600346139
0.8451 1600346139
0.6322000000000001 1600346139
0.9455 1600346139
0.696 1600346139
0.8888 1600346139
0.6964999999999999 1600346139
0.7442 1600346139
1.5742 1600346139
0.6367 1600346139
0.9487000000000001 1600346139
0.871 1600346139
0.5116 1600346139
0.8275000000000001 1600346139
0.7124999999999999 1600346139
0.8323 1600346139
0.6432 1600346139
1.1711 1600346139
1.1402 1600346139
0.5406 1600346139
0.6860999999999999 1600346139
0.8387 1600346139
0.5115000000000001 1600346139
1.1159000000000001 1600346139
1.0571000000000002 1600346139
1.2099 1600346139
0.8278000000000001 1600346139
1.5568 1600346139
0.6963999999999999 1600346139
0.6194 1600346139
0.5334000000000001 1600346139
0.4279 1600346139
0.6234 1600346139
1.2091 1600346139
0.567 1600346139
1.211 1600346139
1.6449 1600346139
0.7589999999999999 1600346139
0.9738 1600346139
0.3623 1600346139
0.448 1600346139
1.1473 1600346139
0.5202 1600346139
0.54 1600346139
1.0228000000000002 1600346139
0.9837 1600346139
0.6093999999999999 1600346139
0.8556000000000001 1600346139
0.5168999999999999 1600346139
1.1404999999999998 1600346139
0.6224000000000001 1600346139
0.47250000000000003 1600346139
0.5704 1600346139
0.47690000000000005 1600346139
0.8176000000000001 1600346139
1.0898 1600346139
1.1704 1600346139
1.1173 1600346139
0.5660000000000001 1600346139
0.7092 1600346139
1.1712 1600346139
0.9858 1600346139
1.2055 1600346139
1.1473 1600346139
0.5319 1600346139
0.7111000000000001 1600346139
0.3697 1600346139
1.5568 1600346139
1.2099 1600346139
0.7524 1600346139
0.8519000000000001 1600346139
0.7838 1600346139
0.8737000000000001 1600346139
0.7066000000000001 1600346139
0.6384000000000001 1600346139
1.637 1600346139
0.8201 1600346139
1.0877000000000001 1600346139
0.8511 1600346139
0.9239000000000002 1600346139
0.6739999999999999 1600346139
0.76 1600346139
1.1756 1600346139
0.47700000000000004 1600346139
1.1403 1600346139
0.7152000000000001 1600346139
1.1488 1600346139
1.0430000000000001 1600346139
0.6829000000000001 1600346139
1.0795000000000001 1600346139
0.3158 1600346139
0.8520000000000001 1600346139
1.2116 1600346139
1.1702000000000001 1600346139
0.7588999999999999 1600346139
0.6760999999999999 1600346139
1.1777 1600346139
1.0229000000000001 1600346139
0.7519 1600346139
0.8026 1600346139
1.0245000000000002 1600346139
1.1755 1600346139
1.1697 1600346139
0.6986000000000001 1600346139
0.8459000000000001 1600346139
1.171 1600346139
1.1801000000000001 1600346139
0.4742 1600346139
0.7588999999999999 1600346139
0.8611 1600346139
0.9443000000000001 1600346139
0.5935999999999999 1600346139
0.9148000000000001 1600346139
1.6803000000000001 1600346139
0.7834000000000001 1600346139
0.4278 1600346139
1.1835 1600346139
0.5922000000000001 1600346139
0.7527999999999999 1600346139
1.2111 1600346139
0.3158 1600346139
1.1698000000000002 1600346139
0.7599 1600346139
1.1794 1600346139
1.1802000000000001 1600346139
0.6194 1600346139
0.6339999999999999 1600346139
0.6006 1600346139
0.8952 1600346139
0.8285 1600346139
0.6329 1600346139
1.2081000000000002 1600346139
1.056 1600346139
0.7527999999999999 1600346139
0.7466999999999999 1600346139
0.5740000000000001 1600346139
0.5518000000000001 1600346139
0.7686999999999999 1600346139
0.9374 1600346139
0.5118 1600346139
1.1263 1600346139
0.6173 1600346139
0.8022 1600346139
0.9509000000000001 1600346139
0.6192 1600346139
0.8737000000000001 1600346139
1.207 1600346139
0.6358999999999999 1600346139
1.1713 1600346139
0.5118 1600346139
0.9723000000000002 1600346139
0.7099 1600346139
0.8909 1600346139
1.1712 1600346139
0.6820999999999999 1600346139
0.9266000000000001 1600346139
0.7177 1600346139
0.9483000000000001 1600346139
0.6322000000000001 1600346139
0.9908000000000001 1600346139
0.6351 1600346139
0.8276000000000001 1600346139
1.5022000000000002 1600346139
1.2108 1600346139
0.7845 1600346139
0.5895999999999999 1600346139
0.8474000000000002 1600346139
0.7442 1600346139
0.7824 1600346139
0.8718000000000001 1600346139
0.8558000000000001 1600346139
1.0507 1600346139
0.8104 1600346139
0.5443 1600346139
0.704 1600346139
0.6971 1600346139
1.6384 1600346139
0.8421000000000001 1600346139
0.6367 1600346139
1.0206000000000002 1600346139
0.5206999999999999 1600346139
0.6966000000000001 1600346139
1.1906 1600346139
0.9147000000000001 1600346139
0.6839999999999999 1600346139
0.6385000000000001 1600346139
0.9454 1600346139
0.6733 1600346139
1.1778 1600346139
0.9856 1600346139
0.6738999999999999 1600346139
0.5912 1600346139
0.9382000000000001 1600346139
0.5333000000000001 1600346139
0.8463 1600346139
0.6963999999999999 1600346139
0.9369000000000001 1600346139
0.8182 1600346139
1.171 1600346139
0.9870000000000001 1600346139
0.6362000000000001 1600346139
1.0247000000000002 1600346139
0.3854 1600346139
1.6385 1600346139
1.6235000000000002 1600346139
0.8475000000000001 1600346139
0.6920999999999999 1600346139
1.0688 1600346139
0.6961999999999999 1600346139
1.1805 1600346139
1.2277 1600346139
1.1792 1600346139
0.6073 1600346139
0.6227 1600346139
0.9237 1600346139
1.1524 1600346139
0.9576 1600346139
1.6383 1600346139
0.758 1600346139
0.6394 1600346139
0.6787000000000001 1600346139
1.1484 1600346139
0.6442000000000001 1600346139
0.8656000000000001 1600346139
1.2104000000000001 1600346139
0.5924 1600346139
1.2054 1600346139
0.2912 1600346139
0.607 1600346139
0.7589999999999999 1600346139
0.4158 1600346139
0.6954 1600346139
0.7282 1600346139
1.0521 1600346139
1.1481000000000001 1600346139
0.7244999999999999 1600346139
1.0490000000000002 1600346139
0.9841 1600346139
0.9461000000000002 1600346139
1.1741000000000001 1600346139
0.9366000000000001 1600346139
1.1769 1600346139
0.5442 1600346139
1.117 1600346139
1.574 1600346139
0.5187999999999999 1600346139
0.6378999999999999 1600346139
0.9472 1600346139
0.6368 1600346139
0.6994 1600346139
0.7953000000000001 1600346139
0.6963999999999999 1600346139
0.962 1600346139
0.5259 1600346139
1.1731 1600346139
0.8495000000000001 1600346139
1.1189 1600346139
0.6200000000000001 1600346139
0.786 1600346139
0.8033000000000001 1600346139
1.0682 1600346139
0.6963999999999999 1600346139
0.8466 1600346139
0.8757000000000001 1600346139
0.9069 1600346139
1.1749 1600346139
0.7526999999999999 1600346139
0.6926000000000001 1600346139
0.5782 1600346139
0.9733 1600346139
0.6926000000000001 1600346139
0.7530000000000001 1600346139
1.0692000000000002 1600346139
0.6922999999999999 1600346139
0.5906 1600346139
1.1781000000000001 1600346139
0.7605 1600346139
1.227 1600346139
0.7424 1600346139
0.7116 1600346139
1.2057 1600346139
0.467 1600346139
0.6222000000000001 1600346139
0.9241000000000001 1600346139
1.6803000000000001 1600346139
1.5738 1600346139
0.5205 1600346139
0.9918 1600346139
1.2061000000000002 1600346139
0.6029 1600346139
1.2273 1600346139
1.0428000000000002 1600346139
1.1481000000000001 1600346139
0.6859 1600346139
1.0879 1600346139
1.0248000000000002 1600346139
0.9053 1600346139
0.7111000000000001 1600346139
0.4997 1600346139
1.1218000000000001 1600346139
0.6361 1600346139
1.1819000000000002 1600346139
0.9236 1600346139
0.6378999999999999 1600346139
1.1767 1600346139
1.1755 1600346139
1.2053 1600346139
0.7747999999999999 1600346139
0.5437000000000001 1600346139
1.1854 1600346139
0.7606999999999999 1600346139
0.9871000000000001 1600346139
0.8348 1600346139
0.42860000000000004 1600346139
0.9426000000000001 1600346139
1.1909 1600346139
0.8765000000000001 1600346139
1.574 1600346139
0.6323000000000001 1600346139
0.6315999999999999 1600346139
0.9732000000000001 1600346139
0.6193 1600346139
0.752 1600346139
0.8202 1600346139
1.2054 1600346139
1.1697000000000002 1600346139
1.169 1600346139
0.7677 1600346139
1.1824000000000001 1600346139
1.6231 1600346139
1.0981 1600346139
0.9462000000000002 1600346139
0.9241000000000001 1600346139
0.8224999999999999 1600346139
0.7516 1600346139
1.1984000000000001 1600346139
1.2112 1600346139
1.6444 1600346139
0.9064000000000001 1600346139
1.2064 1600346139
1.0431000000000001 1600346139
1.6373 1600346139
0.8984000000000001 1600346139
1.5815000000000001 1600346139
0.6677 1600346139
1.2265000000000001 1600346139
1.02 1600346139
1.5737 1600346139
0.6697 1600346139
1.1803000000000001 1600346139
0.6053999999999999 1600346139
0.8686 1600346139
1.171 1600346139
1.1909 1600346139
0.7111000000000001 1600346139
0.7101999999999999 1600346139
0.8814000000000001 1600346139
0.9398 1600346139
0.7338 1600346139
0.7846 1600346139
1.6234 1600346139
1.0829 1600346139
0.6947000000000001 1600346139
1.6058000000000001 1600346139
0.9570000000000001 1600346139
1.2276 1600346139
0.8275000000000001 1600346139
0.6072 1600346139
1.1773 1600346139
1.0826 1600346139
0.5701 1600346139
0.8007 1600346139
0.7083999999999999 1600346139
0.8334000000000001 1600346139
0.7589999999999999 1600346139
1.2098 1600346139
1.6366 1600346139
0.9397 1600346139
1.1403 1600346139
0.6486000000000001 1600346139
1.1411 1600346139
1.0422 1600346139
1.0521 1600346139
0.5899000000000001 1600346139
1.1911 1600346139
0.6352 1600346139
1.5734000000000001 1600346139
1.0345 1600346139
