5.8928 1600227412
5.8933 1600227412
20.571 1600227412
5.8933 1600227412
17.1638 1600227412
17.093 1600227412
5.8933 1600227412
5.8933 1600227412
16.936999999999998 1600227412
17.3755 1600227412
19.1621 1600227412
21.159799999999997 1600227412
19.1919 1600227412
21.447899999999997 1600227412
24.1669 1600227412
5.893 1600227412
5.8931000000000004 1600227412
5.893 1600227412
5.8936 1600227412
5.6426 1600227412
13.7163 1600227412
20.218999999999998 1600227412
20.3294 1600227412
21.478199999999998 1600227412
21.4469 1600227412
12.5492 1600227412
17.090899999999998 1600227412
17.0441 1600227412
18.487399999999997 1600227412
23.0413 1600227412
18.456799999999998 1600227412
24.1668 1600227412
21.198800000000002 1600227412
21.449299999999997 1600227412
21.449099999999998 1600227412
23.0417 1600227412
24.167099999999998 1600227412
18.5077 1600227412
17.041999999999998 1600227412
23.0415 1600227412
23.041900000000002 1600227412
17.0409 1600227412
20.2271 1600227412
18.444599999999998 1600227412
23.041900000000002 1600227412
19.0271 1600227412
17.0084 1600227412
18.6063 1600227412
16.9564 1600227412
21.1606 1600227412
23.7486 1600227412
23.974 1600227412
16.9347 1600227412
17.8992 1600227412
24.1669 1600227412
20.1895 1600227412
17.9387 1600227412
18.2881 1600227412
20.9042 1600227412
23.0413 1600227412
24.167099999999998 1600227412
19.6312 1600227412
19.124299999999998 1600227412
20.904 1600227412
21.447799999999997 1600227412
23.0414 1600227412
18.444 1600227412
20.389599999999998 1600227412
23.0414 1600227412
23.0415 1600227412
20.189 1600227412
21.416999999999998 1600227412
23.0402 1600227412
24.1669 1600227412
18.2883 1600227412
23.0397 1600227412
19.0265 1600227412
20.232799999999997 1600227412
23.0415 1600227412
19.828899999999997 1600227412
19.0123 1600227412
20.2209 1600227412
19.672 1600227412
19.630599999999998 1600227412
19.362499999999997 1600227412
19.362299999999998 1600227412
16.1389 1600227412
17.1973 1600227412
17.375 1600227412
20.604699999999998 1600227412
5.8933 1600227412
16.4557 1600227412
13.7037 1600227412
24.1664 1600227412
13.5991 1600227412
21.4479 1600227412
16.139300000000002 1600227412
19.253899999999998 1600227412
17.374299999999998 1600227412
17.6073 1600227412
23.0414 1600227412
24.1666 1600227412
17.523 1600227412
16.2347 1600227412
17.731099999999998 1600227412
19.612299999999998 1600227412
20.5793 1600227412
20.4452 1600227412
24.167099999999998 1600227412
20.2211 1600227412
17.093 1600227412
18.508599999999998 1600227412
21.4486 1600227412
4.8950000000000005 1600227412
23.041999999999998 1600227412
18.508599999999998 1600227412
19.516 1600227412
19.83 1600227412
24.1678 1600227412
19.8299 1600227412
19.3328 1600227412
20.604599999999998 1600227412
20.712699999999998 1600227412
20.7122 1600227412
5.892799999999999 1600227412
5.8927 1600227412
23.0414 1600227412
5.8927 1600227412
17.0913 1600227412
24.1679 1600227412
16.926299999999998 1600227412
19.026699999999998 1600227412
19.011799999999997 1600227412
5.8926 1600227412
5.8928 1600227412
16.2347 1600227412
17.223699999999997 1600227412
19.3327 1600227412
16.854599999999998 1600227412
20.2202 1600227412
16.927 1600227412
18.6053 1600227412
24.1664 1600227412
18.6054 1600227412
19.631400000000003 1600227412
20.572200000000002 1600227412
20.779600000000002 1600227412
21.248 1600227412
19.3322 1600227412
20.572100000000002 1600227412
20.9044 1600227412
20.604200000000002 1600227412
22.785999999999998 1600227412
21.002200000000002 1600227412
20.904899999999998 1600227412
5.892799999999999 1600227412
17.1971 1600227412
19.5927 1600227412
19.612199999999998 1600227412
19.362299999999998 1600227412
17.375300000000003 1600227412
19.011599999999998 1600227412
19.0116 1600227412
20.221400000000003 1600227412
20.3294 1600227412
21.4483 1600227412
23.0414 1600227412
5.8929 1600227412
20.9043 1600227412
5.8927 1600227412
17.375100000000003 1600227412
18.4251 1600227412
18.8841 1600227412
19.027 1600227412
19.0482 1600227412
19.174699999999998 1600227412
21.4473 1600227412
21.447 1600227412
23.0418 1600227412
18.424899999999997 1600227412
19.174699999999998 1600227412
24.1675 1600227412
19.362299999999998 1600227412
20.432199999999998 1600227412
20.747899999999998 1600227412
18.456799999999998 1600227412
20.432199999999998 1600227412
21.6622 1600227412
20.9042 1600227412
19.0274 1600227412
5.8929 1600227412
16.1388 1600227412
21.4467 1600227412
23.0415 1600227412
18.4572 1600227412
16.9314 1600227412
16.9291 1600227412
17.938299999999998 1600227412
20.1416 1600227412
18.4439 1600227412
21.447799999999997 1600227412
18.4437 1600227412
18.506899999999998 1600227412
19.8901 1600227412
21.4481 1600227412
18.6053 1600227412
20.4314 1600227412
20.473799999999997 1600227412
20.9318 1600227412
18.5067 1600227412
20.713500000000003 1600227412
24.1665 1600227412
20.7791 1600227412
18.6051 1600227412
19.162 1600227412
19.903299999999998 1600227412
20.713099999999997 1600227412
21.4483 1600227412
23.041 1600227412
19.903299999999998 1600227412
20.2212 1600227412
21.665699999999998 1600227412
21.665899999999997 1600227412
18.6053 1600227412
20.960600000000003 1600227412
20.4321 1600227412
16.854300000000002 1600227412
20.4731 1600227412
24.1666 1600227412
18.6052 1600227412
18.2879 1600227412
19.1448 1600227412
20.189999999999998 1600227412
23.0415 1600227412
19.174599999999998 1600227412
20.330099999999998 1600227412
19.124 1600227412
20.670299999999997 1600227412
23.7489 1600227412
20.7123 1600227412
21.4474 1600227412
24.166999999999998 1600227412
20.7626 1600227412
5.8927 1600227412
23.0403 1600227412
17.0913 1600227412
23.0398 1600227412
24.166999999999998 1600227412
18.048299999999998 1600227412
16.926 1600227412
5.892799999999999 1600227412
17.6592 1600227412
21.0081 1600227412
17.0597 1600227412
17.0931 1600227412
24.1666 1600227412
5.9186 1600227412
5.9182999999999995 1600227412
5.9178999999999995 1600227412
5.9184 1600227412
5.9184 1600227412
5.9188 1600227412
5.9188 1600227412
5.918 1600227412
5.918 1600227412
5.9185 1600227412
5.918200000000001 1600227412
5.9177 1600227412
5.9178999999999995 1600227412
5.9193 1600227412
5.9178999999999995 1600227412
5.9184 1600227412
5.9178999999999995 1600227412
5.9186 1600227412
5.9182 1600227412
5.9178 1600227412
5.9185 1600227412
5.9178999999999995 1600227412
5.9185 1600227412
20.604599999999998 1600227412
5.9183 1600227412
5.9186 1600227412
20.3306 1600227412
5.9185 1600227412
5.9186 1600227412
5.9189 1600227412
5.9184 1600227412
20.6034 1600227412
5.919 1600227412
23.0403 1600227412
5.9185 1600227412
5.918 1600227412
20.749399999999998 1600227412
5.919 1600227412
5.9182 1600227412
23.0401 1600227412
5.9183 1600227412
20.604799999999997 1600227412
5.9177 1600227412
5.9182999999999995 1600227412
5.9182999999999995 1600227412
5.9181 1600227412
5.9182999999999995 1600227412
5.918699999999999 1600227412
5.9176 1600227412
5.9185 1600227412
5.9182999999999995 1600227412
5.9177 1600227412
5.918900000000001 1600227412
5.919099999999999 1600227412
5.9178999999999995 1600227412
5.9181 1600227412
20.7139 1600227412
5.9178 1600227412
5.9184 1600227412
5.9188 1600227412
5.9178999999999995 1600227412
5.919 1600227412
20.7137 1600227412
5.9184 1600227412
23.040499999999998 1600227412
5.919 1600227412
23.7545 1600227412
5.9182999999999995 1600227412
5.9189 1600227412
5.9189 1600227412
5.9181 1600227412
5.917599999999999 1600227412
5.9181 1600227412
23.040399999999998 1600227412
5.9184 1600227412
5.9176 1600227412
5.9177 1600227412
5.9185 1600227412
5.9182 1600227412
5.9185 1600227412
5.9184 1600227412
5.9190000000000005 1600227412
5.9188 1600227412
5.9192 1600227412
5.9176 1600227412
5.9192 1600227412
5.918 1600227412
5.918 1600227412
5.9178999999999995 1600227412
5.9185 1600227412
5.9178 1600227412
5.9176 1600227412
5.9185 1600227412
5.9185 1600227412
5.919099999999999 1600227412
5.9190000000000005 1600227412
5.9191 1600227412
5.9189 1600227412
5.9189 1600227412
20.7137 1600227412
5.9182 1600227412
23.040499999999998 1600227412
5.9185 1600227412
5.9188 1600227412
5.9187 1600227412
5.9174999999999995 1600227412
5.9188 1600227412
5.9182999999999995 1600227412
5.9188 1600227412
5.918399999999999 1600227412
5.918 1600227412
5.9178999999999995 1600227412
5.9192 1600227412
5.9181 1600227412
5.9175 1600227412
5.917999999999999 1600227412
5.919 1600227412
5.9177 1600227412
5.9181 1600227412
23.7547 1600227412
5.9190000000000005 1600227412
5.9186 1600227412
5.9183 1600227412
5.9184 1600227412
5.9192 1600227412
5.9182 1600227412
5.9183 1600227412
5.9184 1600227412
5.919 1600227412
5.9177 1600227412
5.917999999999999 1600227412
5.9189 1600227412
5.9185 1600227412
5.919099999999999 1600227412
5.9185 1600227412
5.9177 1600227412
5.9193999999999996 1600227412
23.040499999999998 1600227412
5.9178 1600227412
5.9192 1600227412
20.3303 1600227412
5.9187 1600227412
5.9188 1600227412
23.040499999999998 1600227412
5.919499999999999 1600227412
5.918 1600227412
5.918399999999999 1600227412
5.9193 1600227412
5.918 1600227412
5.9192 1600227412
5.9188 1600227412
5.9192 1600227412
5.917999999999999 1600227412
5.9177 1600227412
5.917999999999999 1600227412
5.919499999999999 1600227412
5.9190000000000005 1600227412
5.9186 1600227412
20.7491 1600227412
5.9188 1600227412
5.9186 1600227412
5.9178999999999995 1600227412
5.9190000000000005 1600227412
5.9182 1600227412
5.9178999999999995 1600227412
5.918699999999999 1600227412
5.9178 1600227412
23.040599999999998 1600227412
5.919 1600227412
5.2947999999999995 1600227412
5.918 1600227412
5.917 1600227412
5.9173 1600227412
5.9178 1600227412
5.9174999999999995 1600227412
5.917199999999999 1600227412
5.9174999999999995 1600227412
5.9169 1600227412
5.9177 1600227412
5.9168 1600227412
0.2126 1600227412
5.9174 1600227412
5.9174 1600227412
5.9174999999999995 1600227412
5.9181 1600227412
24.165399999999998 1600227412
5.9174 1600227412
5.9174 1600227412
20.5715 1600227412
5.9174999999999995 1600227412
5.9167000000000005 1600227412
5.9173 1600227412
5.9177 1600227412
5.9178999999999995 1600227412
5.9177 1600227412
5.9174999999999995 1600227412
5.9174 1600227412
24.1681 1600227412
5.917 1600227412
5.9169 1600227412
5.9173 1600227412
5.9171 1600227412
5.9171 1600227412
23.042099999999998 1600227412
5.9171 1600227412
5.9169 1600227412
5.9169 1600227412
5.9174 1600227412
5.9173 1600227412
24.168 1600227412
5.9172 1600227412
5.9178999999999995 1600227412
24.1679 1600227412
5.9173 1600227412
5.9173 1600227412
5.9171000000000005 1600227412
5.9173 1600227412
5.9172 1600227412
5.917 1600227412
5.9171 1600227412
5.9172 1600227412
5.9173 1600227412
5.917599999999999 1600227412
5.917 1600227412
5.9173 1600227412
5.9176 1600227412
5.9178 1600227412
5.9174 1600227412
5.9173 1600227412
5.9169 1600227412
5.9174999999999995 1600227412
5.9174 1600227412
5.9177 1600227412
5.9171 1600227412
5.917 1600227412
5.9174 1600227412
5.9178999999999995 1600227412
5.9177 1600227412
20.5714 1600227412
5.9169 1600227412
23.042099999999998 1600227412
5.9174999999999995 1600227412
5.9178 1600227412
5.9172 1600227412
23.7546 1600227412
5.9174999999999995 1600227412
20.571099999999998 1600227412
5.9172 1600227412
5.9174 1600227412
5.917 1600227412
5.9173 1600227412
5.9173 1600227412
5.917 1600227412
5.917 1600227412
5.9168 1600227412
5.917 1600227412
