0.17920000000000003 1600354879
0.7601999999999999 1600354879
0.6697000000000001 1600354879
0.9338000000000001 1600354879
1.0548000000000002 1600354879
0.6748000000000001 1600354879
0.7334 1600354879
0.6699000000000002 1600354879
0.5131 1600354879
0.7353 1600354879
0.8985000000000001 1600354879
1.0292000000000001 1600354879
0.8395 1600354879
0.5818000000000001 1600354879
1.0737 1600354879
0.5914000000000001 1600354879
0.6506 1600354879
0.7341000000000001 1600354879
0.8604 1600354879
0.8535000000000001 1600354879
1.0493999999999999 1600354879
1.1819000000000002 1600354879
0.49069999999999997 1600354879
1.1294000000000002 1600354879
1.0066000000000002 1600354879
1.0633000000000001 1600354879
0.4948000000000001 1600354879
0.39420000000000005 1600354879
0.9140000000000001 1600354879
0.4176 1600354879
0.9383000000000001 1600354879
0.6342000000000001 1600354879
1.1759 1600354879
0.48900000000000005 1600354879
0.7959 1600354879
1.0515 1600354879
0.4253 1600354879
0.5787 1600354879
0.8386 1600354879
0.9869000000000001 1600354879
0.773 1600354879
1.0384 1600354879
0.861 1600354879
0.5215000000000001 1600354879
0.9577 1600354879
1.0537 1600354879
0.4695 1600354879
1.0914000000000001 1600354879
0.7660999999999999 1600354879
1.0889 1600354879
0.9245000000000001 1600354879
0.7598 1600354879
0.49080000000000007 1600354879
0.8224 1600354879
0.8652 1600354879
0.9523000000000001 1600354879
0.6884000000000001 1600354879
0.6408 1600354879
0.9425000000000001 1600354879
0.9576 1600354879
1.0803 1600354879
0.35800000000000004 1600354879
0.7456 1600354879
0.48900000000000005 1600354879
0.6757000000000001 1600354879
0.5684 1600354879
0.8630999999999999 1600354879
0.869 1600354879
1.0291000000000001 1600354879
0.5155000000000001 1600354879
0.6231 1600354879
0.48769999999999997 1600354879
0.9417 1600354879
0.45760000000000006 1600354879
0.9784000000000002 1600354879
0.7464000000000002 1600354879
0.9662000000000001 1600354879
0.7974000000000001 1600354879
0.7450000000000001 1600354879
1.0069000000000001 1600354879
0.6758000000000001 1600354879
0.9344000000000001 1600354879
0.5681 1600354879
0.6481000000000001 1600354879
0.7729000000000001 1600354879
0.9586000000000001 1600354879
0.5813000000000001 1600354879
0.7361 1600354879
0.6712999999999999 1600354879
1.0491000000000001 1600354879
0.8632 1600354879
0.7038 1600354879
0.4845 1600354879
0.7736000000000001 1600354879
0.9037000000000002 1600354879
0.6307 1600354879
0.482 1600354879
0.5693000000000001 1600354879
0.6976999999999999 1600354879
0.7930000000000001 1600354879
0.6696000000000001 1600354879
0.4542 1600354879
0.8837000000000002 1600354879
0.6616 1600354879
0.6757000000000001 1600354879
0.5862 1600354879
0.45380000000000004 1600354879
0.6515 1600354879
0.9353 1600354879
0.9417 1600354879
0.8638000000000001 1600354879
0.8848 1600354879
0.6405 1600354879
0.8038000000000001 1600354879
0.7451000000000001 1600354879
0.5405 1600354879
0.5649000000000001 1600354879
0.9161000000000001 1600354879
1.09 1600354879
0.7196 1600354879
0.5752000000000002 1600354879
0.9540000000000002 1600354879
0.6812 1600354879
0.6320000000000001 1600354879
1.0411000000000001 1600354879
1.0391000000000001 1600354879
0.7594000000000001 1600354879
1.1859000000000002 1600354879
0.4792 1600354879
0.8815000000000001 1600354879
0.7043 1600354879
1.0327000000000002 1600354879
0.7831 1600354879
0.4793 1600354879
1.0492000000000001 1600354879
1.0313 1600354879
1.1776 1600354879
0.45790000000000003 1600354879
1.086 1600354879
1.0075 1600354879
0.44750000000000006 1600354879
0.8938000000000001 1600354879
0.5830000000000002 1600354879
0.5004 1600354879
1.2288000000000001 1600354879
0.9811 1600354879
0.7196999999999999 1600354879
0.5291000000000001 1600354879
0.9237 1600354879
1.2113 1600354879
1.1735 1600354879
0.48700000000000004 1600354879
0.7395999999999999 1600354879
0.8626 1600354879
1.1898 1600354879
0.9254 1600354879
0.8362999999999999 1600354879
0.9044000000000001 1600354879
1.0484 1600354879
1.1329 1600354879
0.9678999999999999 1600354879
0.9379000000000002 1600354879
0.7339999999999999 1600354879
0.8401000000000001 1600354879
0.6362 1600354879
0.7446000000000002 1600354879
0.49500000000000005 1600354879
0.4725 1600354879
0.6819000000000001 1600354879
0.6876 1600354879
0.7048000000000001 1600354879
0.9917 1600354879
0.6481000000000001 1600354879
0.8832 1600354879
0.7355 1600354879
0.6695 1600354879
0.7197999999999999 1600354879
0.7599 1600354879
0.36569999999999997 1600354879
0.6868000000000001 1600354879
1.0508000000000002 1600354879
0.8840000000000001 1600354879
0.8895000000000002 1600354879
0.9089 1600354879
0.8851 1600354879
0.49090000000000006 1600354879
0.4521 1600354879
0.7466000000000002 1600354879
1.0293 1600354879
1.1126 1600354879
0.8225 1600354879
0.6533 1600354879
0.8856 1600354879
0.9169999999999999 1600354879
1.1738 1600354879
1.0484 1600354879
0.9271999999999999 1600354879
0.9187000000000001 1600354879
0.4634 1600354879
0.6879000000000002 1600354879
0.5292000000000001 1600354879
0.589 1600354879
0.6981000000000002 1600354879
0.7218 1600354879
0.8611 1600354879
0.5363 1600354879
0.9321000000000002 1600354879
0.8035000000000001 1600354879
0.7655000000000001 1600354879
0.8841000000000001 1600354879
0.5868 1600354879
0.6741000000000001 1600354879
0.4836 1600354879
0.5902000000000001 1600354879
0.7595000000000001 1600354879
0.6537000000000002 1600354879
0.7647000000000002 1600354879
0.9735 1600354879
0.6371 1600354879
0.7448000000000001 1600354879
1.0864 1600354879
0.7044000000000001 1600354879
0.6229 1600354879
0.8566 1600354879
0.42089999999999994 1600354879
0.9723000000000002 1600354879
0.7585000000000002 1600354879
0.9534 1600354879
0.9057000000000002 1600354879
0.5338 1600354879
0.8345 1600354879
0.6006 1600354879
0.734 1600354879
0.4853 1600354879
0.6572 1600354879
1.0128000000000001 1600354879
0.8382000000000001 1600354879
0.4793 1600354879
0.7350000000000001 1600354879
0.9304000000000001 1600354879
1.1825 1600354879
0.7589000000000001 1600354879
0.5645 1600354879
0.6400000000000001 1600354879
0.6374 1600354879
1.0529000000000002 1600354879
1.0557 1600354879
0.9122000000000001 1600354879
0.9897 1600354879
0.6756 1600354879
0.9315 1600354879
0.8755000000000002 1600354879
0.9380000000000002 1600354879
1.0279 1600354879
0.7354 1600354879
0.6873 1600354879
0.9250999999999999 1600354879
0.9739999999999999 1600354879
0.4488 1600354879
0.6372 1600354879
0.7198999999999999 1600354879
0.6729 1600354879
1.1412999999999998 1600354879
0.7331000000000001 1600354879
0.5406000000000001 1600354879
0.496 1600354879
0.9242 1600354879
0.966 1600354879
0.8113 1600354879
0.38230000000000003 1600354879
0.7357999999999999 1600354879
0.8185999999999999 1600354879
0.9605 1600354879
1.1886999999999999 1600354879
0.8830999999999999 1600354879
1.0893000000000002 1600354879
1.1778 1600354879
0.8845999999999999 1600354879
0.7715000000000001 1600354879
0.5815000000000001 1600354879
0.9056000000000001 1600354879
0.7630000000000001 1600354879
0.5626999999999999 1600354879
0.6577000000000002 1600354879
0.5325000000000001 1600354879
1.0158 1600354879
0.9399000000000002 1600354879
0.9388000000000001 1600354879
0.5291 1600354879
0.8402 1600354879
0.9561000000000001 1600354879
0.44989999999999997 1600354879
1.0152 1600354879
0.47909999999999997 1600354879
0.5195 1600354879
0.6984000000000001 1600354879
0.48439999999999994 1600354879
0.9915999999999999 1600354879
0.6219 1600354879
0.7246000000000001 1600354879
0.9338000000000001 1600354879
0.8625 1600354879
1.0558999999999998 1600354879
0.7796000000000001 1600354879
0.49449999999999994 1600354879
0.7044000000000001 1600354879
0.6771999999999999 1600354879
0.8726999999999999 1600354879
0.5816 1600354879
0.4943 1600354879
0.7599 1600354879
0.5764 1600354879
0.42379999999999995 1600354879
1.2055 1600354879
0.9205000000000001 1600354879
0.7367000000000001 1600354879
0.7695000000000001 1600354879
0.647 1600354879
0.6893 1600354879
0.7236 1600354879
0.5881 1600354879
1.0374 1600354879
0.9447 1600354879
0.6402000000000001 1600354879
1.1059999999999999 1600354879
1.0041 1600354879
0.7952000000000001 1600354879
0.48569999999999997 1600354879
0.8579 1600354879
1.1139999999999999 1600354879
1.0308000000000002 1600354879
0.6698000000000002 1600354879
0.7045 1600354879
1.0528000000000002 1600354879
0.4827 1600354879
0.4805 1600354879
0.45399999999999996 1600354879
0.49110000000000004 1600354879
0.4225 1600354879
0.5041 1600354879
0.6755999999999999 1600354879
0.42740000000000006 1600354879
0.9324000000000001 1600354879
0.7456 1600354879
0.4931 1600354879
0.5344 1600354879
0.9246000000000001 1600354879
1.0875000000000001 1600354879
1.1323 1600354879
0.6371 1600354879
0.8600000000000001 1600354879
0.5826 1600354879
0.6206999999999999 1600354879
1.1319 1600354879
0.5682999999999999 1600354879
1.1507999999999998 1600354879
1.0878 1600354879
0.9668000000000001 1600354879
1.1302 1600354879
0.5234000000000001 1600354879
0.5854 1600354879
0.7229000000000001 1600354879
0.7359 1600354879
0.9232 1600354879
0.7697999999999999 1600354879
1.0275 1600354879
0.49310000000000004 1600354879
0.9127000000000001 1600354879
0.8874000000000001 1600354879
1.0461 1600354879
0.4994 1600354879
0.9325000000000001 1600354879
0.7228000000000001 1600354879
0.9701000000000002 1600354879
1.1092000000000002 1600354879
0.4905 1600354879
0.5870000000000001 1600354879
0.4503 1600354879
0.8854 1600354879
0.9471 1600354879
1.1808 1600354879
0.7042000000000002 1600354879
1.1434 1600354879
0.5765 1600354879
0.6123 1600354879
0.568 1600354879
1.0276 1600354879
0.6728 1600354879
1.0628000000000002 1600354879
1.0406 1600354879
0.6482 1600354879
1.0637 1600354879
0.5821999999999999 1600354879
0.5201999999999999 1600354879
0.49080000000000007 1600354879
1.1826 1600354879
0.7047 1600354879
0.657 1600354879
0.5338 1600354879
1.0536 1600354879
0.4636 1600354879
0.6880000000000002 1600354879
0.7331 1600354879
1.1358000000000001 1600354879
0.8843 1600354879
1.1142 1600354879
0.9466000000000001 1600354879
0.48969999999999997 1600354879
1.0455999999999999 1600354879
0.9054 1600354879
1.1737 1600354879
0.7341 1600354879
1.0081 1600354879
0.7070000000000001 1600354879
0.7819 1600354879
1.0542 1600354879
0.6571999999999999 1600354879
0.7042000000000002 1600354879
0.48300000000000004 1600354879
0.9384000000000001 1600354879
0.8146999999999999 1600354879
0.6699000000000002 1600354879
0.7351 1600354879
0.7041000000000002 1600354879
0.529 1600354879
1.0131999999999999 1600354879
0.8054 1600354879
1.0335 1600354879
1.2287000000000001 1600354879
0.4793 1600354879
0.6189 1600354879
0.7447000000000001 1600354879
0.5198999999999999 1600354879
0.9469000000000001 1600354879
0.9821 1600354879
1.1842000000000001 1600354879
0.6755999999999999 1600354879
0.7045000000000001 1600354879
0.5628 1600354879
1.0162 1600354879
0.7594000000000001 1600354879
0.7786000000000002 1600354879
1.0085000000000002 1600354879
0.4903 1600354879
1.1326 1600354879
0.4582 1600354879
0.7821 1600354879
0.3746 1600354879
0.8846999999999999 1600354879
1.0386000000000002 1600354879
0.656 1600354879
0.9414999999999999 1600354879
0.49849999999999994 1600354879
0.7629 1600354879
0.8586999999999999 1600354879
1.1785 1600354879
0.7166 1600354879
0.8603999999999999 1600354879
0.5177999999999999 1600354879
0.8843 1600354879
0.9520000000000001 1600354879
0.423 1600354879
0.9239 1600354879
1.1509999999999998 1600354879
0.7279999999999999 1600354879
1.0385 1600354879
0.8623999999999999 1600354879
0.6778000000000001 1600354879
0.7351 1600354879
0.9819999999999999 1600354879
0.7572 1600354879
0.8212000000000002 1600354879
0.4175 1600354879
0.9545000000000001 1600354879
0.7664000000000001 1600354879
0.8601 1600354879
0.9444 1600354879
1.1465 1600354879
1.0877 1600354879
1.0895000000000001 1600354879
0.7797 1600354879
0.8618 1600354879
0.4931 1600354879
0.725 1600354879
0.45509999999999995 1600354879
0.9576 1600354879
0.7572 1600354879
0.9237 1600354879
0.8835000000000001 1600354879
1.057 1600354879
0.4806 1600354879
0.7235 1600354879
1.0369000000000002 1600354879
0.8815000000000002 1600354879
0.7567 1600354879
0.9663000000000002 1600354879
0.7072999999999999 1600354879
1.0389000000000002 1600354879
0.8188000000000001 1600354879
0.9355999999999999 1600354879
1.0901999999999998 1600354879
0.8605999999999999 1600354879
0.7588000000000001 1600354879
0.7441 1600354879
1.0287000000000002 1600354879
0.9118000000000002 1600354879
1.2125 1600354879
0.9515 1600354879
0.9125 1600354879
1.0388000000000002 1600354879
0.9037000000000002 1600354879
0.454 1600354879
