0.22560000000000002 1600354581
0.40690000000000004 1600354581
0.39990000000000003 1600354581
0.5513 1600354581
1.0072999999999999 1600354581
0.971 1600354581
0.9054000000000001 1600354581
0.4659 1600354581
0.5643 1600354581
0.5049 1600354581
0.5661 1600354581
1.1503 1600354581
0.8092 1600354581
0.22850000000000004 1600354581
0.49860000000000004 1600354581
0.8187000000000001 1600354581
1.0941999999999998 1600354581
1.2064 1600354581
0.5587 1600354581
0.9583 1600354581
1.0619999999999998 1600354581
0.9057000000000001 1600354581
0.7794 1600354581
1.2174 1600354581
0.5767 1600354581
0.5443 1600354581
0.6644 1600354581
0.5082 1600354581
0.5548000000000001 1600354581
0.5664 1600354581
0.6847 1600354581
0.48530000000000006 1600354581
0.6833000000000001 1600354581
0.6163000000000001 1600354581
0.5912000000000001 1600354581
0.9616000000000001 1600354581
0.5511 1600354581
0.8178 1600354581
1.2097000000000002 1600354581
0.6645 1600354581
0.8063000000000001 1600354581
0.6970999999999999 1600354581
0.5364 1600354581
0.521 1600354581
0.7409 1600354581
0.9063 1600354581
0.8352 1600354581
0.4456 1600354581
1.1815000000000002 1600354581
0.6835000000000001 1600354581
0.5765 1600354581
0.47140000000000004 1600354581
1.0878 1600354581
0.47130000000000005 1600354581
0.5512 1600354581
0.5813 1600354581
0.511 1600354581
1.1507 1600354581
0.5812 1600354581
0.7332 1600354581
1.1719 1600354581
0.8205000000000001 1600354581
0.7046 1600354581
0.6106 1600354581
0.82 1600354581
0.5804 1600354581
1.1993 1600354581
0.5522 1600354581
1.1965 1600354581
0.4849 1600354581
1.2079 1600354581
0.9613999999999999 1600354581
0.8335 1600354581
1.0594999999999999 1600354581
1.0553 1600354581
1.2128 1600354581
0.9190999999999999 1600354581
0.3993 1600354581
1.0558 1600354581
1.0854 1600354581
0.5434 1600354581
0.8202999999999999 1600354581
0.7332 1600354581
0.6786 1600354581
1.1423999999999999 1600354581
0.49560000000000004 1600354581
0.8467000000000001 1600354581
0.8894000000000001 1600354581
0.9520000000000001 1600354581
0.8054 1600354581
0.5769 1600354581
0.6919000000000001 1600354581
0.5433 1600354581
0.9328 1600354581
0.6929 1600354581
0.8212 1600354581
0.5769 1600354581
0.7072999999999999 1600354581
0.5156000000000001 1600354581
0.393 1600354581
1.0815000000000001 1600354581
0.8350000000000001 1600354581
1.1975000000000002 1600354581
0.2257 1600354581
0.5514 1600354581
0.8357 1600354581
0.8322999999999999 1600354581
1.084 1600354581
0.6652000000000001 1600354581
0.5366000000000001 1600354581
1.2427000000000001 1600354581
1.0699999999999998 1600354581
0.9712 1600354581
0.8211 1600354581
1.1582 1600354581
1.2126000000000001 1600354581
0.5767 1600354581
0.4851 1600354581
0.7145 1600354581
0.9067 1600354581
1.2136 1600354581
1.1112000000000002 1600354581
0.8321999999999999 1600354581
1.1823000000000001 1600354581
0.9252000000000001 1600354581
0.9611999999999999 1600354581
0.538 1600354581
1.1984 1600354581
0.7539000000000001 1600354581
0.5814 1600354581
1.0189 1600354581
1.1985999999999999 1600354581
0.5813 1600354581
0.7791 1600354581
0.5669000000000001 1600354581
1.213 1600354581
1.0882 1600354581
0.8204000000000001 1600354581
0.4468 1600354581
0.6936000000000001 1600354581
0.7773 1600354581
1.198 1600354581
0.5802 1600354581
0.551 1600354581
1.1162 1600354581
0.5767 1600354581
0.9054000000000001 1600354581
1.0194 1600354581
0.6151 1600354581
1.1088 1600354581
1.1983000000000001 1600354581
1.1747999999999998 1600354581
0.7791 1600354581
1.0828000000000002 1600354581
1.1801 1600354581
0.5828 1600354581
0.8211 1600354581
1.1507 1600354581
1.0793 1600354581
1.1993 1600354581
1.2073999999999998 1600354581
1.0882999999999998 1600354581
1.1715 1600354581
1.2438000000000002 1600354581
1.0838 1600354581
0.4828 1600354581
1.0804 1600354581
0.5768 1600354581
0.8208000000000001 1600354581
0.3991 1600354581
0.8731000000000001 1600354581
1.1983000000000001 1600354581
0.5834 1600354581
1.0682 1600354581
0.5803 1600354581
0.5692 1600354581
1.1983000000000001 1600354581
0.556 1600354581
1.0598999999999998 1600354581
0.4538 1600354581
1.0709 1600354581
0.8973000000000001 1600354581
1.0615 1600354581
1.1979000000000002 1600354581
1.0067 1600354581
0.5769 1600354581
0.5511 1600354581
1.2367 1600354581
1.198 1600354581
0.5513 1600354581
0.5524 1600354581
1.1955 1600354581
1.2197 1600354581
0.7071999999999999 1600354581
1.2389999999999999 1600354581
0.5576 1600354581
1.0619999999999998 1600354581
0.5774 1600354581
0.745 1600354581
1.2141000000000002 1600354581
0.6108 1600354581
0.5815 1600354581
0.7320000000000001 1600354581
0.5506 1600354581
0.9624 1600354581
0.5507000000000001 1600354581
1.2570000000000001 1600354581
0.6161 1600354581
0.5081 1600354581
1.1150000000000002 1600354581
1.1503999999999999 1600354581
1.0194 1600354581
0.48560000000000003 1600354581
0.483 1600354581
0.3631 1600354581
1.1078000000000001 1600354581
1.145 1600354581
0.9506 1600354581
0.5505 1600354581
1.0812 1600354581
1.214 1600354581
0.9734999999999999 1600354581
1.2092 1600354581
0.5362 1600354581
0.6115 1600354581
1.0607000000000002 1600354581
0.5063 1600354581
0.476 1600354581
1.1955 1600354581
0.5819 1600354581
1.2145000000000001 1600354581
0.5497000000000001 1600354581
0.7331 1600354581
1.1956000000000002 1600354581
1.1824 1600354581
0.601 1600354581
0.6286 1600354581
1.1503999999999999 1600354581
1.1991 1600354581
0.5513 1600354581
1.2186 1600354581
0.5505 1600354581
0.6892999999999999 1600354581
1.1459000000000001 1600354581
0.4092 1600354581
1.1512000000000002 1600354581
1.1806 1600354581
0.6775000000000001 1600354581
0.8992000000000001 1600354581
0.8202999999999999 1600354581
0.5329 1600354581
0.6923 1600354581
0.5804 1600354581
0.6248 1600354581
0.5783 1600354581
0.5572 1600354581
0.6154000000000001 1600354581
0.882 1600354581
0.6475000000000001 1600354581
0.5331 1600354581
0.9067 1600354581
1.0394 1600354581
0.5132 1600354581
1.1970999999999998 1600354581
0.5813 1600354581
0.8725999999999999 1600354581
1.2101000000000002 1600354581
0.6279 1600354581
0.5916 1600354581
1.1448999999999998 1600354581
0.6112000000000001 1600354581
0.5814 1600354581
1.1976 1600354581
1.1488 1600354581
0.9588 1600354581
0.5812 1600354581
1.1027 1600354581
1.1129000000000002 1600354581
0.5211 1600354581
0.7247 1600354581
1.1441 1600354581
0.44620000000000004 1600354581
0.638 1600354581
0.6464 1600354581
0.5108 1600354581
0.581 1600354581
0.7092999999999999 1600354581
0.5803 1600354581
0.6963 1600354581
1.2141000000000002 1600354581
1.2151999999999998 1600354581
0.6792999999999999 1600354581
0.5847 1600354581
1.2193999999999998 1600354581
0.5519000000000001 1600354581
0.4817 1600354581
0.5556 1600354581
0.5812 1600354581
0.8210000000000001 1600354581
1.1114000000000002 1600354581
1.2403 1600354581
1.2122000000000002 1600354581
1.1966999999999999 1600354581
0.5901 1600354581
0.9070999999999999 1600354581
0.9205 1600354581
0.6794000000000001 1600354581
0.5522 1600354581
0.6388 1600354581
0.5939 1600354581
0.6037 1600354581
0.5769 1600354581
1.0585 1600354581
1.1105999999999998 1600354581
0.7603000000000001 1600354581
0.6043000000000001 1600354581
1.1999 1600354581
1.0813000000000001 1600354581
0.5112 1600354581
0.8956000000000001 1600354581
0.5872 1600354581
1.2199 1600354581
0.5547 1600354581
0.9893 1600354581
0.6172 1600354581
0.6950999999999999 1600354581
0.4711000000000001 1600354581
0.711 1600354581
1.0710000000000002 1600354581
1.088 1600354581
0.9823000000000001 1600354581
1.0360999999999998 1600354581
0.8906 1600354581
1.1513 1600354581
0.6634 1600354581
1.1507999999999998 1600354581
0.6331 1600354581
0.9903000000000001 1600354581
0.543 1600354581
1.2210999999999999 1600354581
0.5506 1600354581
0.7856 1600354581
0.6421 1600354581
0.6387 1600354581
1.1960000000000002 1600354581
0.6412 1600354581
1.1374 1600354581
0.4455 1600354581
1.0718999999999999 1600354581
0.49240000000000006 1600354581
0.5574 1600354581
0.6033000000000001 1600354581
0.5504 1600354581
0.6599 1600354581
0.5496 1600354581
1.2193 1600354581
0.7337000000000001 1600354581
0.8911000000000001 1600354581
1.1366999999999998 1600354581
0.6043000000000001 1600354581
1.1503 1600354581
1.1431 1600354581
0.6975000000000001 1600354581
0.8054 1600354581
0.5815 1600354581
0.5941 1600354581
1.0817999999999999 1600354581
1.0709 1600354581
0.6925 1600354581
1.1959 1600354581
0.5951 1600354581
0.5902000000000001 1600354581
1.1183 1600354581
0.5031 1600354581
0.3993 1600354581
0.8985 1600354581
0.5504 1600354581
0.6790999999999999 1600354581
1.0161000000000002 1600354581
1.2186 1600354581
0.4917 1600354581
1.02 1600354581
0.5583 1600354581
0.6648999999999999 1600354581
0.9778000000000001 1600354581
0.49460000000000004 1600354581
1.1095000000000002 1600354581
0.8025000000000001 1600354581
1.1480000000000001 1600354581
0.9056000000000001 1600354581
0.5751000000000001 1600354581
1.1997 1600354581
0.4093 1600354581
0.5511 1600354581
0.8942 1600354581
1.1995 1600354581
0.9586 1600354581
1.1978 1600354581
0.4991 1600354581
1.0445000000000002 1600354581
0.8040999999999999 1600354581
0.5075000000000001 1600354581
1.0821 1600354581
0.5853 1600354581
0.9258000000000001 1600354581
1.0880999999999998 1600354581
0.971 1600354581
0.5869 1600354581
1.0718999999999999 1600354581
1.1141999999999999 1600354581
0.8524999999999999 1600354581
0.47520000000000007 1600354581
1.1016 1600354581
1.0918 1600354581
0.6950999999999999 1600354581
1.0087000000000002 1600354581
0.9037000000000001 1600354581
0.9587 1600354581
0.5367000000000001 1600354581
1.1128 1600354581
0.537 1600354581
0.5542 1600354581
0.5725 1600354581
0.6923 1600354581
0.5909 1600354581
1.2206000000000001 1600354581
0.5371 1600354581
0.5815 1600354581
1.1991 1600354581
0.9589 1600354581
0.5532 1600354581
0.707 1600354581
0.5813 1600354581
1.2199 1600354581
1.1959 1600354581
1.1985000000000001 1600354581
1.1510000000000002 1600354581
0.898 1600354581
0.5372 1600354581
0.6868 1600354581
0.6161 1600354581
0.5511 1600354581
0.7152999999999999 1600354581
0.9892 1600354581
0.7087 1600354581
1.0207000000000002 1600354581
1.1108000000000002 1600354581
0.8611000000000001 1600354581
1.0621 1600354581
0.9266 1600354581
1.1096 1600354581
0.5815 1600354581
0.5521 1600354581
0.5656 1600354581
1.1095000000000002 1600354581
1.1987999999999999 1600354581
0.5514 1600354581
1.2069 1600354581
0.9836999999999999 1600354581
1.0716 1600354581
1.1101 1600354581
1.2083 1600354581
0.7926000000000001 1600354581
1.1549 1600354581
0.4829 1600354581
1.0196 1600354581
0.7247 1600354581
0.7071999999999999 1600354581
1.0154 1600354581
0.5875 1600354581
0.7776 1600354581
0.5767 1600354581
0.5814 1600354581
1.2151999999999998 1600354581
1.0053999999999998 1600354581
1.1636000000000002 1600354581
1.1989 1600354581
0.5698 1600354581
0.393 1600354581
0.6338 1600354581
1.2139000000000002 1600354581
1.2024 1600354581
1.2143000000000002 1600354581
0.9804 1600354581
1.2182 1600354581
0.6386000000000001 1600354581
0.6025 1600354581
0.6488 1600354581
1.1108000000000002 1600354581
0.6889 1600354581
0.9840000000000001 1600354581
0.6004 1600354581
1.2151999999999998 1600354581
1.0924999999999998 1600354581
1.0564 1600354581
0.7333 1600354581
0.9527 1600354581
1.0976 1600354581
0.6623 1600354581
0.7080000000000001 1600354581
1.2111999999999998 1600354581
1.2145000000000001 1600354581
0.5853 1600354581
0.40970000000000006 1600354581
1.1503 1600354581
1.1507 1600354581
1.1644999999999999 1600354581
0.6925 1600354581
1.0918 1600354581
1.1953 1600354581
1.1688 1600354581
0.8328000000000001 1600354581
