0.009199999999999986 1600214263
0.02510000000000001 1600214263
0.01849999999999996 1600214263
0.02959999999999996 1600214263
0.02909999999999996 1600214263
0.0343 1600214263
0.0262 1600214263
0.013299999999999979 1600214263
0.028700000000000003 1600214263
0.021799999999999986 1600214263
0.06070000000000003 1600214263
0.016199999999999992 1600214263
0.030799999999999994 1600214263
0.03959999999999997 1600214263
0.022799999999999987 1600214263
0.015600000000000003 1600214263
0.02579999999999999 1600214263
0.04269999999999996 1600214263
0.0257 1600214263
0.02429999999999999 1600214263
0.020699999999999996 1600214263
0.019899999999999973 1600214263
0.03169999999999995 1600214263
0.01759999999999995 1600214263
0.01539999999999997 1600214263
0.0383 1600214263
0.0363 1600214263
0.03069999999999995 1600214263
0.03749999999999998 1600214263
0.027099999999999957 1600214263
0.012899999999999967 1600214263
0.024099999999999955 1600214263
0.01749999999999996 1600214263
0.032299999999999995 1600214263
0.020299999999999985 1600214263
0.010299999999999976 1600214263
0.031399999999999983 1600214263
0.03159999999999996 1600214263
0.024399999999999977 1600214263
0.009899999999999964 1600214263
0.043800000000000006 1600214263
0.028699999999999948 1600214263
0.017199999999999993 1600214263
0.024999999999999967 1600214263
0.04679999999999995 1600214263
0.016699999999999993 1600214263
0.022099999999999953 1600214263
0.03889999999999999 1600214263
0.0237 1600214263
0.014899999999999969 1600214263
0.0247 1600214263
0.02729999999999999 1600214263
0.03169999999999995 1600214263
0.028799999999999992 1600214263
0.01709999999999995 1600214263
0.022999999999999965 1600214263
0.060299999999999965 1600214263
0.0398 1600214263
0.02839999999999998 1600214263
0.0247 1600214263
0.024599999999999955 1600214263
0.0247 1600214263
0.027200000000000002 1600214263
0.013399999999999967 1600214263
0.01539999999999997 1600214263
0.019799999999999984 1600214263
0.017199999999999993 1600214263
0.027700000000000002 1600214263
0.026499999999999968 1600214263
0.009499999999999953 1600214263
0.02699999999999997 1600214263
0.02510000000000001 1600214263
0.016199999999999992 1600214263
0.02529999999999999 1600214263
0.028700000000000003 1600214263
0.04870000000000002 1600214263
0.01419999999999999 1600214263
0.014399999999999968 1600214263
0.03949999999999998 1600214263
0.029199999999999948 1600214263
0.01589999999999997 1600214263
0.009899999999999964 1600214263
0.01599999999999996 1600214263
0.034499999999999975 1600214263
0.021899999999999975 1600214263
0.01429999999999998 1600214263
0.0398 1600214263
0.012399999999999967 1600214263
0.011899999999999966 1600214263
0.01699999999999996 1600214263
0.022299999999999986 1600214263
0.03739999999999999 1600214263
0.013600000000000001 1600214263
0.0368 1600214263
0.01479999999999998 1600214263
0.04239999999999999 1600214263
0.015000000000000013 1600214263
0.021699999999999997 1600214263
0.008799999999999975 1600214263
0.014100000000000001 1600214263
0.045599999999999974 1600214263
0.02579999999999999 1600214263
0.018699999999999994 1600214263
0.024599999999999955 1600214263
0.014399999999999968 1600214263
0.010499999999999954 1600214263
0.03809999999999997 1600214263
0.028699999999999948 1600214263
0.02429999999999999 1600214263
0.024899999999999978 1600214263
0.021699999999999997 1600214263
0.024499999999999966 1600214263
0.03019999999999995 1600214263
0.028799999999999992 1600214263
0.026599999999999957 1600214263
0.08039999999999997 1600214263
0.023499999999999965 1600214263
0.054700000000000026 1600214263
0.03149999999999997 1600214263
0.052499999999999936 1600214263
0.015699999999999992 1600214263
0.025999999999999968 1600214263
0.03739999999999999 1600214263
0.023599999999999954 1600214263
0.0398 1600214263
0.024399999999999977 1600214263
0.03469999999999995 1600214263
0.03069999999999995 1600214263
0.0257 1600214263
0.022699999999999998 1600214263
0.03309999999999996 1600214263
0.020999999999999963 1600214263
0.011699999999999988 1600214263
0.031299999999999994 1600214263
0.033399999999999985 1600214263
0.024099999999999955 1600214263
0.0398 1600214263
0.04269999999999996 1600214263
0.031299999999999994 1600214263
0.04209999999999997 1600214263
0.010000000000000009 1600214263
0.025099999999999956 1600214263
0.011199999999999988 1600214263
0.01699999999999996 1600214263
0.02629999999999999 1600214263
0.024399999999999977 1600214263
0.009899999999999964 1600214263
0.024999999999999967 1600214263
0.014999999999999958 1600214263
0.018299999999999983 1600214263
0.0267 1600214263
0.022299999999999986 1600214263
0.019899999999999973 1600214263
0.033899999999999986 1600214263
0.019899999999999973 1600214263
0.033299999999999996 1600214263
0.0131 1600214263
0.03369999999999995 1600214263
0.024599999999999955 1600214263
0.018699999999999994 1600214263
0.013000000000000012 1600214263
0.020499999999999963 1600214263
0.018699999999999994 1600214263
0.027599999999999958 1600214263
0.02560000000000001 1600214263
0.0247 1600214263
0.01419999999999999 1600214263
0.024399999999999977 1600214263
0.015000000000000013 1600214263
0.01789999999999997 1600214263
0.025099999999999956 1600214263
0.01759999999999995 1600214263
0.014600000000000002 1600214263
0.016199999999999992 1600214263
0.01539999999999997 1600214263
0.0247 1600214263
0.02589999999999998 1600214263
0.05980000000000002 1600214263
0.020699999999999996 1600214263
0.01579999999999998 1600214263
0.022099999999999953 1600214263
0.022499999999999964 1600214263
0.022199999999999998 1600214263
0.026599999999999957 1600214263
0.01739999999999997 1600214263
0.0247 1600214263
0.030899999999999983 1600214263
0.0247 1600214263
0.0338 1600214263
0.01479999999999998 1600214263
0.010999999999999954 1600214263
0.021999999999999964 1600214263
0.05019999999999997 1600214263
0.017799999999999983 1600214263
0.046499999999999986 1600214263
0.01649999999999996 1600214263
0.035599999999999965 1600214263
0.015100000000000002 1600214263
0.04109999999999997 1600214263
0.01469999999999999 1600214263
0.037699999999999956 1600214263
0.04909999999999998 1600214263
0.04739999999999994 1600214263
0.015199999999999991 1600214263
0.01709999999999995 1600214263
0.028200000000000003 1600214263
0.026099999999999957 1600214263
0.05439999999999995 1600214263
0.013899999999999968 1600214263
0.018799999999999983 1600214263
0.024499999999999966 1600214263
0.011499999999999955 1600214263
0.022499999999999964 1600214263
0.0247 1600214263
0.024499999999999966 1600214263
0.04880000000000001 1600214263
0.025999999999999968 1600214263
0.01789999999999997 1600214263
0.011799999999999977 1600214263
0.04859999999999992 1600214263
0.021899999999999975 1600214263
0.03649999999999998 1600214263
0.024499999999999966 1600214263
0.0373 1600214263
0.03989999999999999 1600214263
0.03269999999999995 1600214263
0.01599999999999996 1600214263
0.009699999999999986 1600214263
0.01759999999999995 1600214263
0.0358 1600214263
0.0247 1600214263
0.01859999999999995 1600214263
0.02460000000000001 1600214263
0.035999999999999976 1600214263
0.030899999999999983 1600214263
0.025499999999999967 1600214263
0.020499999999999963 1600214263
0.03169999999999995 1600214263
0.03119999999999995 1600214263
0.021899999999999975 1600214263
0.022799999999999987 1600214263
0.015199999999999991 1600214263
0.0242 1600214263
0.0247 1600214263
0.02969999999999995 1600214263
0.028699999999999948 1600214263
0.019799999999999984 1600214263
0.01749999999999996 1600214263
0.017600000000000005 1600214263
0.018299999999999983 1600214263
0.017199999999999993 1600214263
0.017299999999999982 1600214263
0.045599999999999974 1600214263
0.04249999999999998 1600214263
0.01849999999999996 1600214263
0.021899999999999975 1600214263
0.018299999999999983 1600214263
0.02510000000000001 1600214263
0.033399999999999985 1600214263
0.010000000000000009 1600214263
0.05229999999999996 1600214263
0.035999999999999976 1600214263
0.03839999999999999 1600214263
0.04760000000000003 1600214263
0.01599999999999996 1600214263
0.019100000000000006 1600214263
0.030899999999999983 1600214263
0.037699999999999956 1600214263
0.060299999999999965 1600214263
0.03489999999999999 1600214263
0.024499999999999966 1600214263
0.061499999999999944 1600214263
0.01319999999999999 1600214263
0.0247 1600214263
0.015100000000000002 1600214263
0.0257 1600214263
0.014500000000000013 1600214263
0.01849999999999996 1600214263
0.025399999999999978 1600214263
0.03589999999999999 1600214263
0.02479999999999999 1600214263
0.028299999999999992 1600214263
0.037699999999999956 1600214263
0.017699999999999994 1600214263
0.02679999999999999 1600214263
0.01629999999999998 1600214263
0.035599999999999965 1600214263
0.016199999999999992 1600214263
0.028299999999999992 1600214263
0.02809999999999996 1600214263
0.02579999999999999 1600214263
0.016199999999999992 1600214263
0.03799999999999998 1600214263
0.01579999999999998 1600214263
0.016599999999999948 1600214263
0.02969999999999995 1600214263
0.01709999999999995 1600214263
0.01789999999999997 1600214263
0.01539999999999997 1600214263
0.02859999999999996 1600214263
0.0247 1600214263
0.014499999999999957 1600214263
0.02809999999999996 1600214263
0.02779999999999999 1600214263
0.021799999999999986 1600214263
0.03649999999999998 1600214263
0.0267 1600214263
0.03159999999999996 1600214263
0.010099999999999998 1600214263
0.0257 1600214263
0.02529999999999999 1600214263
0.014499999999999957 1600214263
0.02749999999999997 1600214263
0.021199999999999997 1600214263
0.026499999999999968 1600214263
0.018299999999999983 1600214263
0.011999999999999955 1600214263
0.025599999999999956 1600214263
0.01909999999999995 1600214263
0.007599999999999996 1600214263
0.02460000000000001 1600214263
0.019199999999999995 1600214263
0.03870000000000001 1600214263
0.021999999999999964 1600214263
0.0393 1600214263
0.05939999999999995 1600214263
0.020199999999999996 1600214263
0.0247 1600214263
0.034499999999999975 1600214263
0.02999999999999997 1600214263
0.02839999999999998 1600214263
0.012699999999999989 1600214263
0.02889999999999998 1600214263
0.01589999999999997 1600214263
0.04259999999999997 1600214263
0.029199999999999948 1600214263
0.009299999999999975 1600214263
0.019999999999999962 1600214263
0.024399999999999977 1600214263
0.027100000000000013 1600214263
0.010199999999999987 1600214263
0.019799999999999984 1600214263
0.02959999999999996 1600214263
0.0388 1600214263
0.022999999999999965 1600214263
0.02679999999999999 1600214263
0.022899999999999976 1600214263
0.02479999999999999 1600214263
0.020199999999999996 1600214263
0.024599999999999955 1600214263
0.031299999999999994 1600214263
0.021899999999999975 1600214263
0.0126 1600214263
0.018899999999999972 1600214263
0.01909999999999995 1600214263
0.05099999999999999 1600214263
0.030899999999999983 1600214263
0.02839999999999998 1600214263
0.01599999999999996 1600214263
0.01909999999999995 1600214263
0.021299999999999986 1600214263
0.018799999999999983 1600214263
0.02460000000000001 1600214263
0.028299999999999992 1600214263
0.024499999999999966 1600214263
0.014899999999999969 1600214263
0.0131 1600214263
0.04729999999999995 1600214263
0.019699999999999995 1600214263
0.0247 1600214263
0.02460000000000001 1600214263
0.019699999999999995 1600214263
0.030899999999999983 1600214263
0.033299999999999996 1600214263
0.010499999999999954 1600214263
0.019899999999999973 1600214263
0.03539999999999999 1600214263
0.02009999999999995 1600214263
0.012399999999999967 1600214263
0.032899999999999985 1600214263
0.03159999999999996 1600214263
0.04099999999999998 1600214263
0.019299999999999984 1600214263
0.02529999999999999 1600214263
0.027100000000000013 1600214263
0.011699999999999988 1600214263
0.028799999999999992 1600214263
0.01050000000000001 1600214263
0.024499999999999966 1600214263
0.019899999999999973 1600214263
0.028299999999999992 1600214263
0.03369999999999995 1600214263
0.04159999999999997 1600214263
0.01419999999999999 1600214263
0.017600000000000005 1600214263
0.02479999999999999 1600214263
0.020199999999999996 1600214263
0.033399999999999985 1600214263
0.026599999999999957 1600214263
0.024599999999999955 1600214263
0.034999999999999976 1600214263
0.030999999999999972 1600214263
0.0247 1600214263
0.029299999999999993 1600214263
0.022399999999999975 1600214263
0.02789999999999998 1600214263
0.027200000000000002 1600214263
0.04529999999999995 1600214263
0.03799999999999998 1600214263
0.022999999999999965 1600214263
0.019699999999999995 1600214263
0.01649999999999996 1600214263
0.020600000000000007 1600214263
0.01469999999999999 1600214263
0.045599999999999974 1600214263
0.021699999999999997 1600214263
0.01799999999999996 1600214263
0.02959999999999996 1600214263
0.015699999999999992 1600214263
0.03809999999999997 1600214263
0.018100000000000005 1600214263
0.03859999999999997 1600214263
0.019199999999999995 1600214263
0.04279999999999995 1600214263
0.028299999999999992 1600214263
0.022699999999999998 1600214263
0.04419999999999996 1600214263
0.012399999999999967 1600214263
0.0378 1600214263
0.020199999999999996 1600214263
0.029299999999999993 1600214263
0.03889999999999999 1600214263
0.019299999999999984 1600214263
0.018799999999999983 1600214263
0.0489 1600214263
0.03949999999999998 1600214263
0.019100000000000006 1600214263
0.029799999999999993 1600214263
0.015499999999999958 1600214263
0.01789999999999997 1600214263
0.03219999999999995 1600214263
0.010799999999999976 1600214263
0.0262 1600214263
0.028200000000000003 1600214263
0.013899999999999968 1600214263
0.04189999999999999 1600214263
0.019799999999999984 1600214263
0.02939999999999998 1600214263
0.013799999999999979 1600214263
0.014600000000000002 1600214263
0.03539999999999999 1600214263
0.01699999999999996 1600214263
0.0252 1600214263
0.03059999999999996 1600214263
0.03309999999999996 1600214263
0.028799999999999992 1600214263
0.014600000000000002 1600214263
0.03159999999999996 1600214263
0.024499999999999966 1600214263
0.07869999999999994 1600214263
0.012799999999999978 1600214263
0.025399999999999978 1600214263
0.01479999999999998 1600214263
0.030299999999999994 1600214263
0.02729999999999999 1600214263
0.03969999999999996 1600214263
0.021999999999999964 1600214263
0.05839999999999995 1600214263
0.029700000000000004 1600214263
0.013299999999999979 1600214263
0.020699999999999996 1600214263
0.02589999999999998 1600214263
0.017699999999999994 1600214263
0.02679999999999999 1600214263
0.020899999999999974 1600214263
0.011399999999999966 1600214263
0.0237 1600214263
0.021399999999999975 1600214263
0.03899999999999998 1600214263
0.02729999999999999 1600214263
0.024499999999999966 1600214263
0.020499999999999963 1600214263
0.029799999999999993 1600214263
0.020699999999999996 1600214263
0.031399999999999983 1600214263
0.021899999999999975 1600214263
0.025399999999999978 1600214263
0.011499999999999955 1600214263
0.017600000000000005 1600214263
0.0247 1600214263
0.04519999999999996 1600214263
0.031799999999999995 1600214263
0.0257 1600214263
0.015199999999999991 1600214263
0.02959999999999996 1600214263
0.0252 1600214263
0.017699999999999994 1600214263
0.031399999999999983 1600214263
0.02809999999999996 1600214263
0.03989999999999999 1600214263
0.01429999999999998 1600214263
0.044899999999999995 1600214263
0.021499999999999964 1600214263
0.03019999999999995 1600214263
0.024599999999999955 1600214263
0.03319999999999995 1600214263
0.015600000000000003 1600214263
0.01639999999999997 1600214263
0.015199999999999991 1600214263
0.01909999999999995 1600214263
0.020799999999999985 1600214263
0.04279999999999995 1600214263
