1.2766 1600651149
0.5056 1600651149
1.3566 1600651149
1.4363000000000001 1600651149
1.4846000000000001 1600651149
1.4645000000000001 1600651149
1.4458 1600651149
1.3563 1600651149
1.5636 1600651149
1.4717 1600651149
1.4184 1600651149
1.5079 1600651149
1.4986000000000002 1600651149
1.4794 1600651149
1.4818 1600651149
1.4723000000000002 1600651149
1.5116 1600651149
1.5101 1600651149
0.5047999999999999 1600651149
1.4935 1600651149
1.4781 1600651149
1.4952 1600651149
1.4634 1600651149
1.4988000000000001 1600651149
1.5155 1600651149
1.5298 1600651149
1.3294000000000001 1600651149
1.4882 1600651149
1.5636 1600651149
1.3299 1600651149
1.4889000000000001 1600651149
1.5029000000000001 1600651149
1.5491000000000001 1600651149
1.4623000000000002 1600651149
0.5027999999999999 1600651149
1.4897 1600651149
1.4628 1600651149
1.5751000000000002 1600651149
1.5262 1600651149
1.4613 1600651149
1.4924 1600651149
1.4906000000000001 1600651149
1.5127000000000002 1600651149
1.4935 1600651149
1.5373 1600651149
1.4963 1600651149
1.5662 1600651149
1.4521000000000002 1600651149
1.4957 1600651149
1.4838 1600651149
1.4382000000000001 1600651149
1.5358 1600651149
1.5146000000000002 1600651149
1.4851 1600651149
1.4169 1600651149
1.47 1600651149
1.4287 1600651149
1.4049 1600651149
1.3213000000000001 1600651149
1.5313 1600651149
0.6990000000000001 1600651149
1.4682 1600651149
1.4966000000000002 1600651149
1.4186 1600651149
1.5442 1600651149
1.4903000000000002 1600651149
1.5106000000000002 1600651149
1.4873 1600651149
1.3295000000000001 1600651149
1.5258 1600651149
1.4301000000000001 1600651149
1.4783000000000002 1600651149
1.5119 1600651149
1.5192 1600651149
1.4786000000000001 1600651149
1.407 1600651149
1.4833 1600651149
1.4994 1600651149
1.4857 1600651149
1.5109000000000001 1600651149
1.1104 1600651149
1.5430000000000001 1600651149
1.4715 1600651149
1.5318 1600651149
1.5219 1600651149
1.4728 1600651149
1.4535 1600651149
1.4803000000000002 1600651149
1.492 1600651149
1.5176 1600651149
1.5113 1600651149
1.5018 1600651149
1.4641000000000002 1600651149
1.4785000000000001 1600651149
1.5261 1600651149
1.4629 1600651149
1.5124 1600651149
1.4842 1600651149
1.4666000000000001 1600651149
1.5407 1600651149
1.5593000000000001 1600651149
1.4673 1600651149
1.4802 1600651149
0.48500000000000004 1600651149
1.4465000000000001 1600651149
1.4629 1600651149
1.475 1600651149
1.3414000000000001 1600651149
1.3024 1600651149
1.5453000000000001 1600651149
1.4832 1600651149
1.5151000000000001 1600651149
1.4591 1600651149
1.5375 1600651149
1.4742000000000002 1600651149
1.3543 1600651149
1.4278000000000002 1600651149
1.4993 1600651149
1.5104 1600651149
1.5085000000000002 1600651149
1.4752 1600651149
1.3351000000000002 1600651149
1.4976 1600651149
1.4796 1600651149
1.5609000000000002 1600651149
1.4578 1600651149
1.4769 1600651149
1.4761 1600651149
1.4873 1600651149
1.4701 1600651149
1.3526 1600651149
1.446 1600651149
1.5009000000000001 1600651149
1.4521000000000002 1600651149
1.4763000000000002 1600651149
1.5564 1600651149
1.4340000000000002 1600651149
1.4677 1600651149
1.5099 1600651149
1.5170000000000001 1600651149
1.5213 1600651149
1.3359 1600651149
1.5569 1600651149
1.5044 1600651149
1.4394 1600651149
1.5130000000000001 1600651149
1.5214 1600651149
1.4952 1600651149
1.4068 1600651149
1.4903000000000002 1600651149
1.4894 1600651149
1.5218 1600651149
1.4738000000000002 1600651149
1.4722 1600651149
1.4679000000000002 1600651149
1.4174000000000002 1600651149
1.4868000000000001 1600651149
1.5450000000000002 1600651149
0.6871 1600651149
1.4992 1600651149
1.5486 1600651149
1.4781 1600651149
1.4797 1600651149
1.4886000000000001 1600651149
1.4628 1600651149
1.3285 1600651149
1.4976 1600651149
1.548 1600651149
1.5404 1600651149
1.3511 1600651149
1.4797 1600651149
1.4944 1600651149
1.4479 1600651149
1.5167000000000002 1600651149
1.483 1600651149
1.5445 1600651149
1.5098 1600651149
1.5399 1600651149
1.4428 1600651149
1.4851999999999999 1600651149
1.354 1600651149
1.4904 1600651149
1.4833 1600651149
1.3522 1600651149
1.4867 1600651149
1.435 1600651149
1.4974 1600651149
1.4837 1600651149
1.4737 1600651149
1.3552 1600651149
1.5384 1600651149
1.5116 1600651149
1.3543 1600651149
1.5170000000000001 1600651149
1.5256 1600651149
1.4619 1600651149
1.4777 1600651149
1.5189000000000001 1600651149
1.5565 1600651149
1.5115 1600651149
1.4711 1600651149
1.5142 1600651149
1.5384 1600651149
1.1103 1600651149
1.4827000000000001 1600651149
1.5155 1600651149
1.4625000000000001 1600651149
1.4703000000000002 1600651149
1.4873 1600651149
1.4496 1600651149
1.3028000000000002 1600651149
1.5184 1600651149
1.5047000000000001 1600651149
1.4284000000000001 1600651149
0.5071000000000001 1600651149
1.5177 1600651149
0.6868000000000001 1600651149
1.4725000000000001 1600651149
1.4695 1600651149
1.471 1600651149
1.5193 1600651149
1.5161 1600651149
1.4184 1600651149
1.5209000000000001 1600651149
1.4694 1600651149
1.5064 1600651149
1.4702 1600651149
1.4513 1600651149
1.4532 1600651149
1.4194 1600651149
1.4226 1600651149
1.5206 1600651149
1.5489000000000002 1600651149
1.554 1600651149
1.4574 1600651149
1.5359 1600651149
0.9905000000000002 1600651149
1.5504 1600651149
1.4894 1600651149
1.493 1600651149
1.4957 1600651149
1.5196 1600651149
1.4368 1600651149
1.4817 1600651149
1.5202 1600651149
1.4584000000000001 1600651149
1.4606000000000001 1600651149
1.4927000000000001 1600651149
1.522 1600651149
1.4705000000000001 1600651149
1.5236 1600651149
1.5252000000000001 1600651149
1.4828000000000001 1600651149
1.5066000000000002 1600651149
1.4872 1600651149
1.4361000000000002 1600651149
1.4062000000000001 1600651149
1.51 1600651149
1.4884000000000002 1600651149
1.2767 1600651149
1.4498 1600651149
1.5168000000000001 1600651149
1.3016 1600651149
1.4673 1600651149
1.4405000000000001 1600651149
1.4837 1600651149
1.4029 1600651149
1.482 1600651149
1.4393 1600651149
1.5383 1600651149
1.3407 1600651149
1.4728 1600651149
1.4074 1600651149
1.4992 1600651149
1.4806000000000001 1600651149
1.4463000000000001 1600651149
1.4182000000000001 1600651149
1.4496 1600651149
1.5254 1600651149
1.4745000000000001 1600651149
1.4857 1600651149
1.4975 1600651149
1.4697 1600651149
1.5271000000000001 1600651149
1.5215 1600651149
1.4501 1600651149
1.5461 1600651149
1.4804 1600651149
1.4633 1600651149
1.5317 1600651149
1.5116 1600651149
1.489 1600651149
1.4702 1600651149
1.5157 1600651149
1.4785000000000001 1600651149
1.5295 1600651149
1.4927000000000001 1600651149
1.4718 1600651149
1.4524000000000001 1600651149
1.459 1600651149
1.5739 1600651149
1.4663 1600651149
1.5644 1600651149
1.4992 1600651149
1.483 1600651149
1.4839 1600651149
1.4725000000000001 1600651149
1.4852 1600651149
1.5569 1600651149
1.4706000000000001 1600651149
1.5016 1600651149
1.5122 1600651149
1.4457 1600651149
1.3304 1600651149
1.487 1600651149
1.4887000000000001 1600651149
1.5123 1600651149
1.4992 1600651149
1.5470000000000002 1600651149
1.4797 1600651149
1.4805000000000001 1600651149
1.4467 1600651149
1.5032 1600651149
1.491 1600651149
1.5091 1600651149
1.5731000000000002 1600651149
1.4661 1600651149
1.4647000000000001 1600651149
1.5174 1600651149
1.4966000000000002 1600651149
1.5008000000000001 1600651149
1.5368000000000002 1600651149
1.471 1600651149
1.5330000000000001 1600651149
1.492 1600651149
1.4883000000000002 1600651149
1.5249000000000001 1600651149
1.4585000000000001 1600651149
1.5637 1600651149
1.4835 1600651149
1.4919 1600651149
1.4924000000000002 1600651149
1.4965000000000002 1600651149
1.4835 1600651149
1.4677 1600651149
1.492 1600651149
1.4658 1600651149
1.5333 1600651149
1.483 1600651149
1.5395 1600651149
1.4832 1600651149
1.4721 1600651149
1.4985000000000002 1600651149
1.5129000000000001 1600651149
1.5266000000000002 1600651149
1.5192 1600651149
1.5355 1600651149
1.4999 1600651149
1.4826000000000001 1600651149
1.4954 1600651149
1.4763000000000002 1600651149
1.3415000000000001 1600651149
1.3425 1600651149
1.3162 1600651149
1.4698 1600651149
1.4618 1600651149
1.479 1600651149
1.4927000000000001 1600651149
1.5713000000000001 1600651149
1.5121 1600651149
1.5145000000000002 1600651149
1.4916 1600651149
1.3494000000000002 1600651149
1.5356 1600651149
1.4982 1600651149
1.4859 1600651149
1.4921 1600651149
1.4879 1600651149
1.4828000000000001 1600651149
1.4976 1600651149
1.5668 1600651149
1.5165 1600651149
1.4607 1600651149
1.4703000000000002 1600651149
1.4958 1600651149
1.5129000000000001 1600651149
1.4463000000000001 1600651149
1.4923000000000002 1600651149
1.498 1600651149
1.4903000000000002 1600651149
1.4799 1600651149
1.4868000000000001 1600651149
1.4718 1600651149
1.4825000000000002 1600651149
1.5249000000000001 1600651149
1.4513 1600651149
1.5099 1600651149
1.5322 1600651149
1.4756 1600651149
1.556 1600651149
1.3239 1600651149
1.4774 1600651149
1.4957 1600651149
1.4659 1600651149
1.4996 1600651149
1.4939 1600651149
1.4604000000000001 1600651149
1.5083 1600651149
1.3643 1600651149
1.5090000000000001 1600651149
1.4849 1600651149
1.548 1600651149
1.5065000000000002 1600651149
1.5228000000000002 1600651149
1.57 1600651149
1.3646 1600651149
1.5477 1600651149
1.4636 1600651149
1.4543000000000001 1600651149
1.4493 1600651149
1.5131000000000001 1600651149
1.491 1600651149
1.5119 1600651149
1.5254 1600651149
1.479 1600651149
1.5223 1600651149
1.4748 1600651149
1.5115 1600651149
1.4657 1600651149
1.5141 1600651149
1.4902000000000002 1600651149
1.4901 1600651149
1.4781 1600651149
1.4722000000000002 1600651149
1.4473 1600651149
1.5551000000000001 1600651149
1.3386 1600651149
1.4784000000000002 1600651149
1.5354 1600651149
1.3211000000000002 1600651149
1.5214 1600651149
1.494 1600651149
1.5316 1600651149
1.4855 1600651149
1.4868000000000001 1600651149
1.4785000000000001 1600651149
1.4686000000000001 1600651149
1.5361 1600651149
1.4101000000000001 1600651149
1.3066 1600651149
1.4803 1600651149
1.5171000000000001 1600651149
1.4536 1600651149
1.4837 1600651149
1.4381000000000002 1600651149
1.4774 1600651149
1.472 1600651149
1.4786000000000001 1600651149
1.4457 1600651149
1.5197 1600651149
1.4615 1600651149
1.4864000000000002 1600651149
1.4314 1600651149
1.5144 1600651149
1.5474 1600651149
1.5125000000000002 1600651149
1.4426 1600651149
1.4846000000000001 1600651149
1.4629 1600651149
1.4771 1600651149
1.5005000000000002 1600651149
1.5278 1600651149
1.478 1600651149
1.4904000000000002 1600651149
1.552 1600651149
1.4897 1600651149
1.3378 1600651149
1.4749 1600651149
1.4769 1600651149
1.4460000000000002 1600651149
1.5094 1600651149
1.5318 1600651149
1.5288 1600651149
1.4923 1600651149
1.5268 1600651149
1.3288 1600651149
1.5122 1600651149
1.5778 1600651149
1.4755 1600651149
1.5688 1600651149
1.518 1600651149
1.4934 1600651149
1.435 1600651149
1.3196 1600651149
1.5081 1600651149
1.4951 1600651149
1.3171 1600651149
1.5089 1600651149
1.475 1600651149
1.4317 1600651149
1.5123 1600651149
1.493 1600651149
0.9915 1600651149
1.4881 1600651149
1.516 1600651149
1.478 1600651149
1.4669 1600651149
1.4889000000000001 1600651149
1.482 1600651149
1.4913 1600651149
1.5117 1600651149
1.4678 1600651149
