10.180799999999998 1600360590
10.5197 1600360590
11.326799999999999 1600360590
13.395499999999998 1600360590
14.288499999999999 1600360590
6.913400000000003 1600360590
8.566499999999998 1600360590
11.417200000000001 1600360590
5.895900000000005 1600360590
8.336800000000004 1600360590
8.349699999999999 1600360590
11.715900000000005 1600360590
12.519999999999996 1600360590
6.715299999999999 1600360590
8.290199999999999 1600360590
13.761600000000001 1600360590
6.569399999999995 1600360590
11.035399999999996 1600360590
8.500799999999998 1600360590
10.3748 1600360590
7.881500000000003 1600360590
11.616999999999997 1600360590
6.537700000000001 1600360590
8.556800000000003 1600360590
9.808700000000002 1600360590
13.517599999999995 1600360590
12.926200000000001 1600360590
11.879000000000005 1600360590
14.3778 1600360590
2.762999999999998 1600360590
16.533499999999997 1600360590
11.846499999999999 1600360590
12.2286 1600360590
10.820100000000004 1600360590
12.1924 1600360590
13.433599999999998 1600360590
14.810400000000001 1600360590
9.6359 1600360590
6.751299999999993 1600360590
10.049600000000005 1600360590
8.828399999999995 1600360590
11.956699999999998 1600360590
13.4026 1600360590
11.244800000000005 1600360590
12.479100000000003 1600360590
14.399500000000003 1600360590
9.405999999999999 1600360590
12.346400000000003 1600360590
4.950099999999999 1600360590
12.197200000000002 1600360590
10.945800000000006 1600360590
9.148299999999999 1600360590
15.839099999999995 1600360590
10.288000000000004 1600360590
6.296600000000005 1600360590
8.269399999999997 1600360590
7.467300000000002 1600360590
7.421300000000002 1600360590
6.842800000000004 1600360590
11.3844 1600360590
9.810099999999998 1600360590
8.825299999999999 1600360590
9.500500000000002 1600360590
11.944900000000004 1600360590
11.323599999999999 1600360590
10.363300000000002 1600360590
6.489799999999995 1600360590
12.395800000000001 1600360590
10.5291 1600360590
6.910899999999998 1600360590
13.993100000000005 1600360590
6.086400000000005 1600360590
10.752100000000006 1600360590
7.2952999999999975 1600360590
13.264299999999999 1600360590
9.489400000000003 1600360590
3.6870000000000047 1600360590
14.375500000000002 1600360590
14.577100000000002 1600360590
4.970300000000002 1600360590
12.628900000000002 1600360590
12.540500000000002 1600360590
11.470600000000005 1600360590
13.098000000000006 1600360590
13.4649 1600360590
11.892499999999998 1600360590
9.437899999999999 1600360590
10.477400000000003 1600360590
9.376900000000006 1600360590
9.552300000000002 1600360590
5.579599999999999 1600360590
6.898800000000001 1600360590
9.624000000000002 1600360590
9.341300000000004 1600360590
11.2838 1600360590
9.469999999999999 1600360590
11.040700000000001 1600360590
13.337899999999998 1600360590
9.760200000000005 1600360590
13.8767 1600360590
10.3904 1600360590
12.8489 1600360590
6.592300000000002 1600360590
11.937999999999995 1600360590
15.046199999999999 1600360590
7.687799999999996 1600360590
16.0944 1600360590
11.365900000000003 1600360590
9.880199999999995 1600360590
13.688099999999999 1600360590
7.598700000000001 1600360590
12.6055 1600360590
12.040199999999999 1600360590
10.2669 1600360590
11.082999999999998 1600360590
1.5557999999999979 1600360590
10.403800000000004 1600360590
6.027099999999997 1600360590
13.271299999999997 1600360590
7.5024000000000015 1600360590
14.039299999999997 1600360590
13.842499999999994 1600360590
6.431600000000003 1600360590
14.243000000000002 1600360590
9.413800000000002 1600360590
13.462199999999996 1600360590
8.776499999999999 1600360590
10.619 1600360590
9.185400000000001 1600360590
11.287199999999999 1600360590
9.598299999999995 1600360590
11.158000000000001 1600360590
15.156500000000001 1600360590
15.6539 1600360590
8.906500000000001 1600360590
11.1404 1600360590
15.165400000000005 1600360590
15.464600000000004 1600360590
10.293799999999997 1600360590
7.2669 1600360590
9.9527 1600360590
12.156399999999998 1600360590
10.016199999999998 1600360590
13.110399999999998 1600360590
6.245699999999999 1600360590
7.676700000000004 1600360590
12.993899999999996 1600360590
10.5835 1600360590
15.413800000000002 1600360590
14.560500000000005 1600360590
9.426400000000001 1600360590
10.310900000000004 1600360590
15.591899999999999 1600360590
10.782600000000002 1600360590
13.3275 1600360590
5.867399999999996 1600360590
12.6186 1600360590
14.834200000000003 1600360590
11.249099999999999 1600360590
10.437899999999999 1600360590
7.800899999999999 1600360590
10.507100000000001 1600360590
11.262999999999998 1600360590
8.2027 1600360590
12.561100000000003 1600360590
14.909599999999998 1600360590
9.0473 1600360590
10.294800000000002 1600360590
9.209600000000002 1600360590
6.817099999999996 1600360590
11.847499999999997 1600360590
7.064999999999998 1600360590
7.392399999999995 1600360590
11.702999999999996 1600360590
17.218600000000002 1600360590
14.840899999999998 1600360590
6.0182 1600360590
10.861699999999999 1600360590
10.093799999999995 1600360590
12.149999999999999 1600360590
14.845300000000002 1600360590
9.511899999999997 1600360590
17.1953 1600360590
6.105499999999999 1600360590
14.435099999999998 1600360590
6.481099999999998 1600360590
8.167000000000002 1600360590
7.482300000000002 1600360590
6.592899999999993 1600360590
8.224499999999999 1600360590
16.3256 1600360590
14.958100000000002 1600360590
6.893899999999995 1600360590
12.659999999999997 1600360590
11.922200000000004 1600360590
0.10999999999999943 1600360590
5.745599999999996 1600360590
12.700299999999999 1600360590
10.811499999999995 1600360590
12.874700000000004 1600360590
10.243700000000004 1600360590
13.721699999999998 1600360590
10.7637 1600360590
6.6673000000000044 1600360590
11.436999999999998 1600360590
5.859700000000004 1600360590
14.031199999999998 1600360590
12.3399 1600360590
10.252000000000002 1600360590
11.724400000000003 1600360590
6.222900000000003 1600360590
9.4983 1600360590
14.7164 1600360590
10.622699999999995 1600360590
6.7104 1600360590
9.869999999999997 1600360590
8.758600000000001 1600360590
11.726799999999997 1600360590
5.465399999999995 1600360590
9.704999999999998 1600360590
5.953499999999998 1600360590
14.3474 1600360590
9.971899999999998 1600360590
5.678600000000003 1600360590
13.2939 1600360590
12.416699999999999 1600360590
11.804100000000005 1600360590
10.6096 1600360590
11.969299999999997 1600360590
2.956800000000001 1600360590
16.5666 1600360590
16.3913 1600360590
7.282699999999998 1600360590
6.452500000000001 1600360590
7.8004999999999995 1600360590
11.018300000000004 1600360590
5.696800000000003 1600360590
11.296700000000001 1600360590
9.6162 1600360590
10.089599999999997 1600360590
8.264800000000001 1600360590
13.040199999999999 1600360590
12.212400000000002 1600360590
12.1736 1600360590
9.813600000000001 1600360590
8.921700000000001 1600360590
10.8718 1600360590
12.691400000000002 1600360590
4.849199999999996 1600360590
7.455399999999997 1600360590
10.295900000000003 1600360590
8.193400000000004 1600360590
14.110399999999998 1600360590
14.357 1600360590
13.046599999999998 1600360590
16.140700000000002 1600360590
5.061799999999998 1600360590
15.844699999999996 1600360590
14.050899999999999 1600360590
7.202999999999996 1600360590
12.372900000000001 1600360590
9.773200000000003 1600360590
13.326600000000006 1600360590
17.406900000000004 1600360590
6.957999999999998 1600360590
2.4851000000000028 1600360590
10.010399999999997 1600360590
10.275799999999997 1600360590
9.6811 1600360590
9.915500000000002 1600360590
6.122300000000003 1600360590
12.1019 1600360590
10.601099999999995 1600360590
10.799300000000002 1600360590
9.558000000000007 1600360590
12.614399999999996 1600360590
10.268100000000004 1600360590
14.3891 1600360590
13.278600000000004 1600360590
10.5685 1600360590
10.2213 1600360590
12.8525 1600360590
5.560400000000001 1600360590
12.225500000000004 1600360590
12.101500000000001 1600360590
5.921099999999996 1600360590
11.584900000000005 1600360590
9.277999999999999 1600360590
9.593200000000003 1600360590
6.8481999999999985 1600360590
11.2712 1600360590
12.9662 1600360590
14.660600000000002 1600360590
10.0349 1600360590
7.810399999999994 1600360590
9.840200000000003 1600360590
9.951799999999999 1600360590
1.1383999999999972 1600360590
7.419000000000004 1600360590
6.4007000000000005 1600360590
9.633599999999994 1600360590
8.322000000000003 1600360590
10.641800000000003 1600360590
9.1695 1600360590
8.505699999999997 1600360590
13.880200000000002 1600360590
12.2346 1600360590
2.739600000000003 1600360590
10.4439 1600360590
10.670000000000002 1600360590
9.950499999999998 1600360590
0.11250000000000426 1600360590
10.5321 1600360590
10.7329 1600360590
8.562200000000004 1600360590
9.115099999999998 1600360590
9.417499999999997 1600360590
14.4296 1600360590
12.4189 1600360590
7.1788000000000025 1600360590
8.695100000000004 1600360590
11.485100000000003 1600360590
9.8382 1600360590
12.061399999999999 1600360590
3.328400000000002 1600360590
13.039000000000001 1600360590
12.317599999999999 1600360590
2.5379999999999967 1600360590
9.645299999999999 1600360590
7.5870999999999995 1600360590
10.408299999999997 1600360590
11.719299999999997 1600360590
12.230600000000003 1600360590
15.729 1600360590
9.667900000000003 1600360590
13.221700000000006 1600360590
12.802700000000002 1600360590
12.671700000000001 1600360590
13.095499999999994 1600360590
7.7768000000000015 1600360590
13.477400000000003 1600360590
8.700099999999999 1600360590
12.031199999999998 1600360590
12.491499999999995 1600360590
8.782899999999998 1600360590
12.883000000000003 1600360590
16.698600000000006 1600360590
6.617899999999999 1600360590
11.7151 1600360590
9.8534 1600360590
13.703499999999998 1600360590
9.167099999999998 1600360590
12.249199999999995 1600360590
9.551099999999998 1600360590
13.734900000000003 1600360590
8.050999999999995 1600360590
11.214500000000001 1600360590
7.465899999999998 1600360590
6.771500000000003 1600360590
12.4103 1600360590
9.909399999999998 1600360590
8.454 1600360590
3.2683000000000035 1600360590
6.405699999999996 1600360590
12.415 1600360590
5.687899999999999 1600360590
5.0717 1600360590
15.614399999999996 1600360590
14.918300000000002 1600360590
10.400100000000002 1600360590
8.470799999999997 1600360590
8.1734 1600360590
11.706899999999997 1600360590
9.986799999999995 1600360590
6.853299999999997 1600360590
13.224699999999999 1600360590
7.618499999999997 1600360590
12.4955 1600360590
10.474200000000003 1600360590
7.842399999999998 1600360590
12.1967 1600360590
10.890500000000003 1600360590
6.841799999999999 1600360590
9.375599999999999 1600360590
11.774299999999997 1600360590
11.008299999999998 1600360590
11.280900000000003 1600360590
13.175400000000003 1600360590
9.2209 1600360590
9.595100000000002 1600360590
12.951900000000002 1600360590
9.635599999999997 1600360590
10.552599999999998 1600360590
13.458199999999998 1600360590
11.107399999999998 1600360590
7.021499999999996 1600360590
16.47 1600360590
9.304200000000002 1600360590
14.276000000000003 1600360590
8.6085 1600360590
14.1963 1600360590
6.597799999999999 1600360590
7.856400000000001 1600360590
10.8022 1600360590
7.908999999999999 1600360590
10.558599999999998 1600360590
8.349999999999994 1600360590
10.236899999999999 1600360590
12.556599999999996 1600360590
8.5747 1600360590
9.711100000000002 1600360590
15.329100000000004 1600360590
10.776700000000005 1600360590
12.064799999999998 1600360590
10.4041 1600360590
4.1188999999999965 1600360590
7.638999999999996 1600360590
10.375599999999999 1600360590
13.724399999999996 1600360590
12.985999999999997 1600360590
2.6148999999999987 1600360590
11.4647 1600360590
5.921599999999998 1600360590
15.350300000000004 1600360590
6.9998000000000005 1600360590
5.4407 1600360590
11.695800000000006 1600360590
10.6556 1600360590
8.365900000000003 1600360590
9.898600000000002 1600360590
9.942499999999995 1600360590
15.291200000000003 1600360590
7.562100000000001 1600360590
14.294599999999996 1600360590
13.020999999999994 1600360590
9.5655 1600360590
6.726800000000004 1600360590
13.096899999999998 1600360590
12.143500000000003 1600360590
8.551300000000005 1600360590
11.192499999999995 1600360590
12.862200000000001 1600360590
9.781300000000002 1600360590
16.4459 1600360590
10.7637 1600360590
12.8247 1600360590
12.820500000000003 1600360590
3.7160999999999973 1600360590
13.004400000000004 1600360590
10.288199999999996 1600360590
10.118000000000002 1600360590
0.6171999999999969 1600360590
16.219699999999996 1600360590
9.075099999999999 1600360590
13.173499999999997 1600360590
13.534999999999997 1600360590
9.2986 1600360590
10.087700000000005 1600360590
15.104 1600360590
11.982300000000002 1600360590
10.178199999999997 1600360590
15.587200000000003 1600360590
10.437100000000001 1600360590
4.5867 1600360590
16.473799999999997 1600360590
7.788200000000003 1600360590
6.6177999999999955 1600360590
9.836199999999998 1600360590
9.328299999999999 1600360590
12.805300000000003 1600360590
5.312599999999996 1600360590
6.5687 1600360590
8.098700000000001 1600360590
6.9432000000000045 1600360590
10.298499999999997 1600360590
9.928800000000003 1600360590
11.621700000000004 1600360590
7.516200000000005 1600360590
10.214399999999998 1600360590
11.817300000000003 1600360590
7.858200000000004 1600360590
11.949799999999996 1600360590
11.389399999999995 1600360590
12.227899999999998 1600360590
7.143000000000001 1600360590
13.500900000000001 1600360590
10.728000000000002 1600360590
6.1265 1600360590
11.712399999999995 1600360590
11.542000000000002 1600360590
13.048200000000001 1600360590
10.876999999999995 1600360590
7.128799999999998 1600360590
12.478200000000001 1600360590
7.2457000000000065 1600360590
8.025500000000001 1600360590
14.155999999999999 1600360590
8.930399999999999 1600360590
9.8731 1600360590
8.6436 1600360590
15.045899999999996 1600360590
16.4298 1600360590
6.9482 1600360590
11.719099999999997 1600360590
2.1929000000000016 1600360590
16.6629 1600360590
13.957499999999996 1600360590
12.9495 1600360590
6.2154000000000025 1600360590
5.857899999999994 1600360590
9.866300000000003 1600360590
6.143000000000001 1600360590
