26.9154 1600535084
26.915000000000003 1600535084
26.915000000000003 1600535084
26.9149 1600535084
26.9167 1600535084
183.3367 1600535084
183.3361 1600535084
183.3362 1600535084
183.33669999999998 1600535084
183.3383 1600535084
182.9295 1600535084
182.92909999999998 1600535084
182.9296 1600535084
182.92849999999999 1600535084
182.9302 1600535084
96.14920000000001 1600535084
96.14930000000001 1600535084
96.1493 1600535084
96.1499 1600535084
96.15050000000001 1600535084
184.43349999999998 1600535084
184.434 1600535084
184.4341 1600535084
184.4339 1600535084
184.43470000000002 1600535084
173.8134 1600535084
173.8125 1600535084
173.81179999999998 1600535084
173.8118 1600535084
173.8136 1600535084
161.5445 1600535084
161.54350000000002 1600535084
161.5457 1600535084
161.5453 1600535084
161.5443 1600535084
142.5927 1600535084
142.59259999999998 1600535084
142.59359999999998 1600535084
142.5925 1600535084
142.5932 1600535084
178.9526 1600535084
178.9526 1600535084
178.9519 1600535084
178.9518 1600535084
178.9527 1600535084
173.506 1600535084
173.5059 1600535084
173.506 1600535084
173.506 1600535084
173.50660000000002 1600535084
184.67190000000002 1600535084
184.67090000000002 1600535084
184.6711 1600535084
184.6712 1600535084
184.671 1600535084
169.8484 1600535084
169.8487 1600535084
169.8484 1600535084
169.8486 1600535084
169.8492 1600535084
184.0278 1600535084
184.02779999999998 1600535084
184.0276 1600535084
184.02769999999998 1600535084
184.0289 1600535084
184.4759 1600535084
184.476 1600535084
184.4759 1600535084
184.4761 1600535084
184.4767 1600535084
184.56289999999998 1600535084
184.5642 1600535084
184.563 1600535084
184.5641 1600535084
184.5636 1600535084
182.90429999999998 1600535084
182.9033 1600535084
182.9049 1600535084
182.9042 1600535084
182.9032 1600535084
122.27980000000001 1600535084
122.28099999999999 1600535084
122.2795 1600535084
122.2796 1600535084
122.2819 1600535084
185.0544 1600535084
185.0545 1600535084
185.0544 1600535084
185.0543 1600535084
185.0552 1600535084
183.0326 1600535084
183.03269999999998 1600535084
183.0333 1600535084
183.032 1600535084
183.0327 1600535084
167.83679999999998 1600535084
167.8368 1600535084
167.8368 1600535084
167.8368 1600535084
167.8374 1600535084
184.7594 1600535084
184.75979999999998 1600535084
184.7597 1600535084
184.7594 1600535084
184.7605 1600535084
139.4303 1600535084
139.4303 1600535084
139.4303 1600535084
139.4303 1600535084
139.43110000000001 1600535084
119.884 1600535084
119.884 1600535084
119.884 1600535084
119.8839 1600535084
119.8848 1600535084
150.757 1600535084
150.7569 1600535084
150.7571 1600535084
150.75719999999998 1600535084
150.7579 1600535084
105.0621 1600535084
105.0622 1600535084
105.06230000000001 1600535084
105.0621 1600535084
105.0629 1600535084
184.48149999999998 1600535084
184.4815 1600535084
184.4816 1600535084
184.481 1600535084
184.4817 1600535084
184.8966 1600535084
184.8957 1600535084
184.8958 1600535084
184.8967 1600535084
184.8965 1600535084
150.0981 1600535084
150.099 1600535084
150.097 1600535084
150.0986 1600535084
150.0982 1600535084
185.0176 1600535084
185.017 1600535084
185.0169 1600535084
185.017 1600535084
185.01870000000002 1600535084
175.7265 1600535084
175.7265 1600535084
175.726 1600535084
175.72639999999998 1600535084
175.7271 1600535084
181.7493 1600535084
181.74890000000002 1600535084
181.7488 1600535084
181.7494 1600535084
181.7492 1600535084
184.6696 1600535084
184.6698 1600535084
184.67 1600535084
184.66979999999998 1600535084
184.6706 1600535084
153.12279999999998 1600535084
153.1221 1600535084
153.1226 1600535084
153.12269999999998 1600535084
153.12279999999998 1600535084
184.4792 1600535084
184.4783 1600535084
184.4795 1600535084
184.4783 1600535084
184.4807 1600535084
184.8131 1600535084
184.8132 1600535084
184.8141 1600535084
184.813 1600535084
184.8137 1600535084
184.9185 1600535084
184.9185 1600535084
184.9184 1600535084
184.9186 1600535084
184.91910000000001 1600535084
181.2342 1600535084
181.23420000000002 1600535084
181.2342 1600535084
181.2343 1600535084
181.2349 1600535084
176.2391 1600535084
176.23930000000001 1600535084
176.2393 1600535084
176.239 1600535084
176.2399 1600535084
130.7984 1600535084
130.7984 1600535084
130.7983 1600535084
130.7983 1600535084
130.7996 1600535084
184.50619999999998 1600535084
184.50629999999998 1600535084
184.50629999999998 1600535084
184.50639999999999 1600535084
184.5071 1600535084
184.7612 1600535084
184.7612 1600535084
184.7611 1600535084
184.7619 1600535084
184.7619 1600535084
183.6058 1600535084
183.60590000000002 1600535084
183.6059 1600535084
183.6059 1600535084
183.6066 1600535084
36.2129 1600535084
36.2132 1600535084
36.213 1600535084
36.212900000000005 1600535084
36.2135 1600535084
158.3555 1600535084
158.35670000000002 1600535084
158.3567 1600535084
158.35670000000002 1600535084
158.3562 1600535084
90.0029 1600535084
90.0046 1600535084
90.0029 1600535084
90.0043 1600535084
90.00359999999999 1600535084
173.8235 1600535084
173.8229 1600535084
173.823 1600535084
173.8229 1600535084
173.82410000000002 1600535084
183.035 1600535084
183.03549999999998 1600535084
183.0343 1600535084
183.0354 1600535084
183.03500000000003 1600535084
120.95190000000001 1600535084
120.952 1600535084
120.9519 1600535084
120.9525 1600535084
120.9532 1600535084
153.0165 1600535084
153.0165 1600535084
153.01670000000001 1600535084
153.01659999999998 1600535084
153.0176 1600535084
179.8562 1600535084
179.8559 1600535084
179.8561 1600535084
179.8567 1600535084
179.8576 1600535084
184.0612 1600535084
184.06109999999998 1600535084
184.061 1600535084
184.0611 1600535084
184.06199999999998 1600535084
184.8768 1600535084
184.877 1600535084
184.87689999999998 1600535084
184.8769 1600535084
184.8777 1600535084
183.53289999999998 1600535084
183.5325 1600535084
183.5317 1600535084
183.53209999999999 1600535084
183.5322 1600535084
176.42419999999998 1600535084
176.42409999999998 1600535084
176.4243 1600535084
176.4243 1600535084
176.425 1600535084
19.130699999999997 1600535084
19.216800000000003 1600535084
19.2158 1600535084
19.213900000000002 1600535084
19.2183 1600535084
141.03009999999998 1600535084
141.02890000000002 1600535084
141.03060000000002 1600535084
141.0296 1600535084
141.02960000000002 1600535084
143.78179999999998 1600535084
143.7819 1600535084
143.782 1600535084
143.78119999999998 1600535084
143.7827 1600535084
124.5536 1600535084
124.55369999999999 1600535084
124.5538 1600535084
124.5535 1600535084
124.5544 1600535084
58.1114 1600535084
58.1116 1600535084
58.111599999999996 1600535084
58.111399999999996 1600535084
58.1121 1600535084
184.508 1600535084
184.50809999999998 1600535084
184.50750000000002 1600535084
184.5091 1600535084
184.5081 1600535084
36.8618 1600535084
36.861799999999995 1600535084
36.8617 1600535084
36.8619 1600535084
36.863 1600535084
183.1714 1600535084
183.1715 1600535084
183.1713 1600535084
183.1713 1600535084
183.172 1600535084
147.2705 1600535084
147.2696 1600535084
147.27050000000003 1600535084
147.2705 1600535084
147.26950000000002 1600535084
182.84300000000002 1600535084
182.8421 1600535084
182.8431 1600535084
182.84210000000002 1600535084
182.8428 1600535084
184.8506 1600535084
184.8508 1600535084
184.8506 1600535084
184.85060000000001 1600535084
184.8514 1600535084
180.8756 1600535084
180.8748 1600535084
180.875 1600535084
180.8749 1600535084
180.875 1600535084
142.8926 1600535084
142.8928 1600535084
142.8927 1600535084
142.8927 1600535084
142.8933 1600535084
178.77669999999998 1600535084
178.777 1600535084
178.7767 1600535084
178.7768 1600535084
178.7776 1600535084
184.9159 1600535084
184.9176 1600535084
184.9173 1600535084
184.91570000000002 1600535084
184.9175 1600535084
184.2518 1600535084
184.2519 1600535084
184.251 1600535084
184.25130000000001 1600535084
184.2524 1600535084
142.2068 1600535084
142.20759999999999 1600535084
142.2077 1600535084
142.2077 1600535084
142.2082 1600535084
184.7942 1600535084
184.7943 1600535084
184.7944 1600535084
184.7944 1600535084
184.79510000000002 1600535084
184.11679999999998 1600535084
184.1182 1600535084
184.11700000000002 1600535084
184.1168 1600535084
184.1185 1600535084
97.554 1600535084
97.5542 1600535084
97.5552 1600535084
97.5556 1600535084
97.5549 1600535084
77.0703 1600535084
77.06949999999999 1600535084
77.07039999999999 1600535084
77.0711 1600535084
77.0702 1600535084
176.45530000000002 1600535084
176.4555 1600535084
176.45489999999998 1600535084
176.4555 1600535084
176.45610000000002 1600535084
184.85289999999998 1600535084
184.854 1600535084
184.853 1600535084
184.8534 1600535084
184.85410000000002 1600535084
160.8227 1600535084
160.8227 1600535084
160.8226 1600535084
160.8235 1600535084
160.82330000000002 1600535084
182.025 1600535084
182.0251 1600535084
182.025 1600535084
182.025 1600535084
182.0255 1600535084
74.497 1600535084
74.49719999999999 1600535084
74.4972 1600535084
74.4967 1600535084
74.498 1600535084
160.6513 1600535084
160.6512 1600535084
160.65130000000002 1600535084
160.6506 1600535084
160.6513 1600535084
175.8514 1600535084
175.8514 1600535084
175.8513 1600535084
175.8516 1600535084
175.8519 1600535084
183.3333 1600535084
183.33530000000002 1600535084
183.3332 1600535084
183.3348 1600535084
183.33399999999997 1600535084
153.5635 1600535084
153.5637 1600535084
153.56459999999998 1600535084
153.5636 1600535084
153.5643 1600535084
142.87650000000002 1600535084
142.8766 1600535084
142.8767 1600535084
142.876 1600535084
142.8774 1600535084
185.0617 1600535084
185.062 1600535084
185.062 1600535084
185.062 1600535084
185.0625 1600535084
184.79319999999998 1600535084
184.7932 1600535084
184.79319999999998 1600535084
184.79319999999998 1600535084
184.7938 1600535084
184.7284 1600535084
184.72830000000002 1600535084
184.7282 1600535084
184.7284 1600535084
184.72910000000002 1600535084
108.0164 1600535084
108.0175 1600535084
108.0174 1600535084
108.0165 1600535084
108.0167 1600535084
125.9166 1600535084
125.91600000000001 1600535084
125.9165 1600535084
125.9159 1600535084
125.9166 1600535084
184.2873 1600535084
184.2874 1600535084
184.28799999999998 1600535084
184.2875 1600535084
184.28730000000002 1600535084
36.569199999999995 1600535084
36.569199999999995 1600535084
36.5691 1600535084
36.5692 1600535084
36.569399999999995 1600535084
184.8568 1600535084
184.857 1600535084
184.85680000000002 1600535084
184.8564 1600535084
184.8576 1600535084
107.7718 1600535084
107.7718 1600535084
107.7721 1600535084
107.7733 1600535084
107.7735 1600535084
174.3368 1600535084
174.33679999999998 1600535084
174.33669999999998 1600535084
174.3368 1600535084
174.3374 1600535084
184.1139 1600535084
184.11399999999998 1600535084
184.11489999999998 1600535084
184.1139 1600535084
184.1146 1600535084
139.99730000000002 1600535084
139.9978 1600535084
139.99710000000002 1600535084
139.9972 1600535084
139.999 1600535084
183.82580000000002 1600535084
184.3897 1600535084
183.8251 1600535084
184.3898 1600535084
184.3898 1600535084
144.0596 1600535084
144.0583 1600535084
144.0595 1600535084
144.05939999999998 1600535084
144.05919999999998 1600535084
161.38 1600535084
161.3791 1600535084
161.38 1600535084
161.379 1600535084
161.38070000000002 1600535084
184.7877 1600535084
184.78889999999998 1600535084
184.7889 1600535084
184.78799999999998 1600535084
184.7897 1600535084
180.0387 1600535084
180.0387 1600535084
180.0392 1600535084
180.0393 1600535084
180.0402 1600535084
178.2914 1600535084
178.29139999999998 1600535084
178.2914 1600535084
178.2913 1600535084
178.29219999999998 1600535084
172.9008 1600535084
172.90099999999998 1600535084
172.9009 1600535084
172.90099999999998 1600535084
172.9016 1600535084
183.43400000000003 1600535084
183.4334 1600535084
183.4345 1600535084
183.43370000000002 1600535084
183.43419999999998 1600535084
170.82 1600535084
170.82 1600535084
170.8203 1600535084
170.82 1600535084
170.8199 1600535084
185.07039999999998 1600535084
185.07049999999998 1600535084
185.07129999999998 1600535084
185.0705 1600535084
185.07059999999998 1600535084
173.8414 1600535084
173.8416 1600535084
173.8415 1600535084
173.8414 1600535084
173.84220000000002 1600535084
174.165 1600535084
174.1651 1600535084
174.1649 1600535084
174.1651 1600535084
174.16580000000002 1600535084
179.0675 1600535084
179.0668 1600535084
179.0661 1600535084
179.0668 1600535084
179.0666 1600535084
139.84380000000002 1600535084
139.8438 1600535084
139.8439 1600535084
139.8438 1600535084
139.84449999999998 1600535084
185.059 1600535084
185.059 1600535084
185.059 1600535084
185.0589 1600535084
185.0594 1600535084
54.3227 1600535084
54.3228 1600535084
54.322900000000004 1600535084
54.322900000000004 1600535084
54.3236 1600535084
123.7658 1600535084
123.7658 1600535084
123.7657 1600535084
123.7657 1600535084
123.7666 1600535084
160.287 1600535084
160.2885 1600535084
160.2877 1600535084
160.2869 1600535084
160.28910000000002 1600535084
73.1117 1600535084
73.11219999999999 1600535084
73.1126 1600535084
73.11070000000001 1600535084
73.11189999999999 1600535084
184.7801 1600535084
184.7802 1600535084
184.7799 1600535084
184.78119999999998 1600535084
184.7809 1600535084
180.13139999999999 1600535084
180.1314 1600535084
180.133 1600535084
180.13209999999998 1600535084
180.1328 1600535084
183.16570000000002 1600535084
183.1659 1600535084
183.16580000000002 1600535084
183.1658 1600535084
183.16639999999998 1600535084
184.89839999999998 1600535084
184.89770000000001 1600535084
184.89770000000001 1600535084
184.8981 1600535084
184.8987 1600535084
182.4681 1600535084
182.4682 1600535084
182.4671 1600535084
182.4678 1600535084
182.4675 1600535084
123.3615 1600535084
123.3623 1600535084
123.3627 1600535084
123.3614 1600535084
123.363 1600535084
151.5135 1600535084
151.5134 1600535084
151.5134 1600535084
151.5136 1600535084
151.51430000000002 1600535084
102.147 1600535084
102.1471 1600535084
102.14710000000001 1600535084
102.147 1600535084
102.14789999999999 1600535084
103.7002 1600535084
103.7004 1600535084
103.7003 1600535084
103.7003 1600535084
103.70139999999999 1600535084
168.44899999999998 1600535084
168.4481 1600535084
168.45 1600535084
168.44899999999998 1600535084
168.4487 1600535084
78.79339999999999 1600535084
78.79299999999999 1600535084
78.7932 1600535084
78.7931 1600535084
78.7932 1600535084
185.0133 1600535084
185.0134 1600535084
185.0127 1600535084
185.0123 1600535084
185.01250000000002 1600535084
62.618300000000005 1600535084
62.6183 1600535084
62.6183 1600535084
62.6194 1600535084
62.619 1600535084
82.3558 1600535084
82.3549 1600535084
82.3558 1600535084
82.3548 1600535084
82.3554 1600535084
181.7018 1600535084
181.702 1600535084
181.7022 1600535084
181.702 1600535084
181.7027 1600535084
150.97779999999997 1600535084
150.9776 1600535084
150.9766 1600535084
150.9777 1600535084
150.9781 1600535084
179.5813 1600535084
179.5816 1600535084
179.58350000000002 1600535084
179.5821 1600535084
179.5823 1600535084
183.33919999999998 1600535084
183.3395 1600535084
183.33939999999998 1600535084
183.3395 1600535084
183.3401 1600535084
77.2081 1600535084
77.2092 1600535084
77.209 1600535084
77.2091 1600535084
77.2089 1600535084
38.5351 1600535084
38.5352 1600535084
38.5353 1600535084
38.5353 1600535084
38.535999999999994 1600535084
183.298 1600535084
183.29760000000002 1600535084
183.2979 1600535084
183.2979 1600535084
183.2986 1600535084
80.0264 1600535084
80.0264 1600535084
80.027 1600535084
80.0263 1600535084
80.0263 1600535084
181.7887 1600535084
181.78869999999998 1600535084
181.7887 1600535084
181.78969999999998 1600535084
181.78949999999998 1600535084
104.1981 1600535084
104.19789999999999 1600535084
104.19890000000001 1600535084
104.1977 1600535084
104.1977 1600535084
184.50469999999999 1600535084
184.50480000000002 1600535084
184.5048 1600535084
184.5048 1600535084
184.5055 1600535084
181.14249999999998 1600535084
181.1438 1600535084
181.14249999999998 1600535084
181.14190000000002 1600535084
181.1431 1600535084
182.8362 1600535084
182.83630000000002 1600535084
182.8354 1600535084
182.8363 1600535084
182.8362 1600535084
184.6002 1600535084
184.6003 1600535084
184.6002 1600535084
184.6003 1600535084
184.6009 1600535084
142.78209999999999 1600535084
142.7821 1600535084
142.7821 1600535084
142.782 1600535084
142.7828 1600535084
170.2819 1600535084
170.282 1600535084
170.2814 1600535084
170.2813 1600535084
170.2828 1600535084
175.291 1600535084
175.29119999999998 1600535084
175.2918 1600535084
175.2904 1600535084
175.2909 1600535084
163.8935 1600535084
163.894 1600535084
163.89409999999998 1600535084
163.894 1600535084
163.89489999999998 1600535084
170.8544 1600535084
170.8537 1600535084
170.8532 1600535084
170.8542 1600535084
170.85340000000002 1600535084
123.121 1600535084
123.1209 1600535084
123.12119999999999 1600535084
123.12129999999999 1600535084
123.1218 1600535084
148.50459999999998 1600535084
148.50459999999998 1600535084
148.50469999999999 1600535084
148.5048 1600535084
148.5054 1600535084
103.58959999999999 1600535084
103.5909 1600535084
103.58970000000001 1600535084
103.5898 1600535084
103.5904 1600535084
110.9629 1600535084
110.963 1600535084
110.9637 1600535084
110.9641 1600535084
110.96310000000001 1600535084
185.0913 1600535084
185.0914 1600535084
185.0914 1600535084
185.0918 1600535084
185.09150000000002 1600535084
178.47109999999998 1600535084
178.4717 1600535084
178.472 1600535084
178.47199999999998 1600535084
178.4726 1600535084
148.6373 1600535084
148.6368 1600535084
148.63670000000002 1600535084
148.6366 1600535084
148.6374 1600535084
138.1514 1600535084
138.1515 1600535084
138.1514 1600535084
138.1522 1600535084
138.15200000000002 1600535084
184.89939999999999 1600535084
184.89939999999999 1600535084
184.8998 1600535084
184.8999 1600535084
184.90019999999998 1600535084
134.7267 1600535084
134.727 1600535084
134.7269 1600535084
134.7269 1600535084
134.72760000000002 1600535084
72.1812 1600535084
72.1818 1600535084
72.18230000000001 1600535084
72.18310000000001 1600535084
72.1835 1600535084
184.34699999999998 1600535084
184.347 1600535084
184.34720000000002 1600535084
184.34699999999998 1600535084
184.3478 1600535084
185.0666 1600535084
185.0668 1600535084
185.0669 1600535084
185.0666 1600535084
185.0675 1600535084
182.7216 1600535084
182.7216 1600535084
182.7228 1600535084
182.7215 1600535084
182.7224 1600535084
150.0167 1600535084
150.0183 1600535084
150.0179 1600535084
150.01659999999998 1600535084
150.0168 1600535084
182.2455 1600535084
182.2474 1600535084
182.2474 1600535084
182.2468 1600535084
182.2464 1600535084
183.6317 1600535084
183.6323 1600535084
183.6322 1600535084
183.6324 1600535084
183.6329 1600535084
151.6881 1600535084
151.6885 1600535084
151.6885 1600535084
151.6884 1600535084
151.68900000000002 1600535084
129.2732 1600535084
129.273 1600535084
129.273 1600535084
129.2731 1600535084
129.2738 1600535084
104.09020000000001 1600535084
104.08890000000001 1600535084
104.09009999999999 1600535084
104.09039999999999 1600535084
104.0896 1600535084
40.4195 1600535084
40.4202 1600535084
40.4195 1600535084
40.419399999999996 1600535084
40.419999999999995 1600535084
183.7862 1600535084
183.7863 1600535084
183.7861 1600535084
183.7862 1600535084
183.78670000000002 1600535084
184.483 1600535084
184.483 1600535084
184.4832 1600535084
184.483 1600535084
184.4837 1600535084
181.6828 1600535084
181.6827 1600535084
181.6826 1600535084
181.6829 1600535084
181.6834 1600535084
165.923 1600535084
165.923 1600535084
165.92249999999999 1600535084
165.92249999999999 1600535084
165.9233 1600535084
185.065 1600535084
185.0651 1600535084
185.0652 1600535084
185.0652 1600535084
185.066 1600535084
163.60229999999999 1600535084
163.60299999999998 1600535084
163.60309999999998 1600535084
163.60299999999998 1600535084
163.6035 1600535084
87.3557 1600535084
87.35600000000001 1600535084
87.35600000000001 1600535084
87.356 1600535084
87.3566 1600535084
147.8827 1600535084
147.8828 1600535084
147.8825 1600535084
147.8826 1600535084
147.8835 1600535084
184.3955 1600535084
184.3956 1600535084
184.3965 1600535084
184.3964 1600535084
184.39600000000002 1600535084
165.7799 1600535084
165.7817 1600535084
165.78089999999997 1600535084
165.78 1600535084
165.7821 1600535084
156.3095 1600535084
156.3089 1600535084
156.3087 1600535084
156.3087 1600535084
156.3095 1600535084
184.1619 1600535084
184.1615 1600535084
184.1617 1600535084
184.1617 1600535084
184.1622 1600535084
165.6687 1600535084
165.6688 1600535084
165.6689 1600535084
165.6685 1600535084
165.6693 1600535084
184.39419999999998 1600535084
184.3946 1600535084
184.3936 1600535084
184.3938 1600535084
184.39440000000002 1600535084
39.4353 1600535084
39.4341 1600535084
39.434599999999996 1600535084
39.4349 1600535084
39.4357 1600535084
184.8288 1600535084
184.82889999999998 1600535084
184.8289 1600535084
184.8287 1600535084
184.8295 1600535084
178.9966 1600535084
178.9962 1600535084
178.9957 1600535084
178.996 1600535084
178.99599999999998 1600535084
184.9198 1600535084
184.9189 1600535084
184.9203 1600535084
184.9196 1600535084
184.9197 1600535084
42.6097 1600535084
42.6099 1600535084
42.6093 1600535084
42.6093 1600535084
42.610099999999996 1600535084
148.9323 1600535084
148.9317 1600535084
148.93169999999998 1600535084
148.9317 1600535084
148.9323 1600535084
182.922 1600535084
182.9214 1600535084
182.9218 1600535084
182.9219 1600535084
182.9224 1600535084
181.10219999999998 1600535084
181.1021 1600535084
181.10229999999999 1600535084
181.10209999999998 1600535084
181.1029 1600535084
184.517 1600535084
184.5168 1600535084
184.5178 1600535084
184.5165 1600535084
184.5171 1600535084
165.8765 1600535084
165.8768 1600535084
165.8766 1600535084
165.8773 1600535084
165.878 1600535084
185.0899 1600535084
185.0887 1600535084
185.08950000000002 1600535084
185.08849999999998 1600535084
185.0906 1600535084
183.1669 1600535084
183.16709999999998 1600535084
183.1671 1600535084
183.1671 1600535084
183.1676 1600535084
145.05849999999998 1600535084
145.0587 1600535084
145.05849999999998 1600535084
145.05839999999998 1600535084
145.0593 1600535084
87.0167 1600535084
87.0168 1600535084
87.0168 1600535084
87.0162 1600535084
87.0179 1600535084
85.55460000000001 1600535084
85.5548 1600535084
85.5549 1600535084
85.5548 1600535084
85.5557 1600535084
85.68849999999999 1600535084
85.68839999999999 1600535084
85.6884 1600535084
85.6877 1600535084
85.68849999999999 1600535084
166.1752 1600535084
166.1746 1600535084
166.1748 1600535084
166.17520000000002 1600535084
166.17530000000002 1600535084
115.6951 1600535084
115.6952 1600535084
115.69659999999999 1600535084
115.6946 1600535084
115.6968 1600535084
139.5198 1600535084
139.5197 1600535084
139.51960000000003 1600535084
139.5197 1600535084
139.5204 1600535084
163.5225 1600535084
163.52290000000002 1600535084
163.52259999999998 1600535084
163.5228 1600535084
163.52360000000002 1600535084
42.9315 1600535084
42.9323 1600535084
42.9311 1600535084
42.932500000000005 1600535084
42.9321 1600535084
182.2855 1600535084
182.2857 1600535084
182.28529999999998 1600535084
182.28570000000002 1600535084
182.28619999999998 1600535084
85.7417 1600535084
85.7418 1600535084
85.7416 1600535084
85.74119999999999 1600535084
85.7418 1600535084
110.2959 1600535084
110.2961 1600535084
110.29599999999999 1600535084
110.296 1600535084
110.2969 1600535084
182.5241 1600535084
182.5247 1600535084
182.5246 1600535084
182.5243 1600535084
182.5247 1600535084
180.89399999999998 1600535084
180.89509999999999 1600535084
180.89509999999999 1600535084
180.8951 1600535084
180.8953 1600535084
184.6979 1600535084
184.6978 1600535084
184.6979 1600535084
184.69799999999998 1600535084
184.69850000000002 1600535084
179.7062 1600535084
179.7062 1600535084
179.7073 1600535084
179.7062 1600535084
179.7082 1600535084
180.7569 1600535084
180.75730000000001 1600535084
180.7569 1600535084
180.75879999999998 1600535084
180.7584 1600535084
137.0988 1600535084
137.099 1600535084
137.09890000000001 1600535084
137.0988 1600535084
137.0997 1600535084
133.9562 1600535084
133.95639999999997 1600535084
133.9564 1600535084
133.9563 1600535084
133.9571 1600535084
182.88170000000002 1600535084
182.8818 1600535084
182.8817 1600535084
182.8816 1600535084
182.88240000000002 1600535084
166.1069 1600535084
166.1072 1600535084
166.1069 1600535084
166.10719999999998 1600535084
166.1078 1600535084
181.5029 1600535084
181.50209999999998 1600535084
181.50300000000001 1600535084
181.5029 1600535084
181.5038 1600535084
183.2106 1600535084
183.2102 1600535084
183.2091 1600535084
183.2106 1600535084
183.2098 1600535084
182.7513 1600535084
182.7512 1600535084
182.75119999999998 1600535084
182.75130000000001 1600535084
182.752 1600535084
148.6157 1600535084
148.6164 1600535084
148.6163 1600535084
148.6162 1600535084
148.61690000000002 1600535084
185.0348 1600535084
185.0349 1600535084
185.03539999999998 1600535084
185.0354 1600535084
185.0359 1600535084
71.53030000000001 1600535084
71.5301 1600535084
71.53020000000001 1600535084
71.53020000000001 1600535084
71.5309 1600535084
180.7866 1600535084
180.7867 1600535084
180.7867 1600535084
180.7868 1600535084
180.78740000000002 1600535084
69.3427 1600535084
69.34339999999999 1600535084
69.3434 1600535084
69.3434 1600535084
69.3441 1600535084
184.50969999999998 1600535084
184.5103 1600535084
184.5103 1600535084
184.5112 1600535084
184.5109 1600535084
175.4022 1600535084
175.4023 1600535084
175.4023 1600535084
175.4023 1600535084
175.4028 1600535084
184.63129999999998 1600535084
184.6315 1600535084
184.6313 1600535084
184.6315 1600535084
184.6321 1600535084
176.7739 1600535084
176.7742 1600535084
176.7734 1600535084
176.774 1600535084
176.7749 1600535084
184.0254 1600535084
184.02429999999998 1600535084
184.0243 1600535084
184.0254 1600535084
184.0252 1600535084
182.0984 1600535084
182.0973 1600535084
182.0984 1600535084
182.0993 1600535084
182.0985 1600535084
184.1966 1600535084
184.1968 1600535084
184.19670000000002 1600535084
184.1967 1600535084
184.19740000000002 1600535084
166.177 1600535084
166.1772 1600535084
166.1772 1600535084
166.17669999999998 1600535084
166.1774 1600535084
138.38410000000002 1600535084
138.3831 1600535084
138.3842 1600535084
138.383 1600535084
138.3848 1600535084
176.1723 1600535084
176.1722 1600535084
176.17239999999998 1600535084
176.17239999999998 1600535084
176.1731 1600535084
183.1728 1600535084
183.1736 1600535084
183.1727 1600535084
183.1727 1600535084
183.17350000000002 1600535084
184.5322 1600535084
184.5308 1600535084
184.5319 1600535084
184.5309 1600535084
184.53169999999997 1600535084
122.4586 1600535084
122.45899999999999 1600535084
122.459 1600535084
122.4589 1600535084
122.4589 1600535084
167.8403 1600535084
167.8401 1600535084
167.8403 1600535084
167.8399 1600535084
167.84089999999998 1600535084
109.9916 1600535084
109.9922 1600535084
109.9918 1600535084
109.9919 1600535084
109.9927 1600535084
179.6462 1600535084
179.6461 1600535084
179.64620000000002 1600535084
179.6462 1600535084
179.6474 1600535084
106.8716 1600535084
106.871 1600535084
106.8709 1600535084
106.87089999999999 1600535084
106.8723 1600535084
175.5701 1600535084
175.5709 1600535084
175.5709 1600535084
175.5708 1600535084
175.57160000000002 1600535084
119.372 1600535084
119.3721 1600535084
119.3719 1600535084
119.37190000000001 1600535084
119.3726 1600535084
178.41400000000002 1600535084
178.41389999999998 1600535084
178.4153 1600535084
178.4151 1600535084
178.4148 1600535084
89.718 1600535084
89.7181 1600535084
89.71879999999999 1600535084
89.7181 1600535084
89.718 1600535084
177.0251 1600535084
177.0249 1600535084
177.0251 1600535084
177.025 1600535084
177.02579999999998 1600535084
41.8178 1600535084
41.8195 1600535084
41.8188 1600535084
41.8179 1600535084
41.8192 1600535084
182.2483 1600535084
182.2484 1600535084
182.2485 1600535084
182.2485 1600535084
182.24919999999997 1600535084
163.48209999999997 1600535084
163.48160000000001 1600535084
163.4813 1600535084
163.4815 1600535084
163.4823 1600535084
175.45159999999998 1600535084
175.4506 1600535084
175.4518 1600535084
175.4517 1600535084
175.4517 1600535084
164.947 1600535084
164.9471 1600535084
164.9472 1600535084
164.94719999999998 1600535084
164.9476 1600535084
156.329 1600535084
156.3288 1600535084
156.3288 1600535084
156.3286 1600535084
156.3298 1600535084
184.1986 1600535084
184.1979 1600535084
184.1976 1600535084
184.1978 1600535084
184.1979 1600535084
181.5553 1600535084
181.5549 1600535084
181.55540000000002 1600535084
181.55550000000002 1600535084
181.5555 1600535084
147.29469999999998 1600535084
147.2947 1600535084
147.2937 1600535084
147.2947 1600535084
147.2944 1600535084
155.7676 1600535084
155.7666 1600535084
155.767 1600535084
155.76729999999998 1600535084
155.76839999999999 1600535084
116.8118 1600535084
116.8108 1600535084
116.8118 1600535084
116.8105 1600535084
116.81169999999999 1600535084
102.7359 1600535084
102.7354 1600535084
102.7353 1600535084
102.7354 1600535084
102.7354 1600535084
133.6319 1600535084
133.632 1600535084
133.632 1600535084
133.6321 1600535084
133.6325 1600535084
182.4545 1600535084
182.45420000000001 1600535084
182.4545 1600535084
182.4546 1600535084
182.4551 1600535084
185.0881 1600535084
185.0884 1600535084
185.0881 1600535084
185.0882 1600535084
185.0887 1600535084
183.9942 1600535084
183.994 1600535084
183.9949 1600535084
183.9941 1600535084
183.99390000000002 1600535084
183.0966 1600535084
183.0969 1600535084
183.09640000000002 1600535084
183.0969 1600535084
183.0959 1600535084
70.2791 1600535084
70.2792 1600535084
70.2791 1600535084
70.27900000000001 1600535084
70.2799 1600535084
174.3155 1600535084
174.3144 1600535084
174.31539999999998 1600535084
174.31439999999998 1600535084
174.3162 1600535084
184.7827 1600535084
184.7836 1600535084
184.784 1600535084
184.7826 1600535084
184.78410000000002 1600535084
162.956 1600535084
162.9553 1600535084
162.95530000000002 1600535084
162.9553 1600535084
162.95610000000002 1600535084
184.85049999999998 1600535084
184.8502 1600535084
184.8503 1600535084
184.8504 1600535084
184.85119999999998 1600535084
182.82319999999999 1600535084
182.82319999999999 1600535084
182.8231 1600535084
182.82309999999998 1600535084
182.8237 1600535084
17.3073 1600535084
17.3073 1600535084
17.3073 1600535084
17.3079 1600535084
17.3084 1600535084
117.21539999999999 1600535084
117.216 1600535084
117.217 1600535084
117.21629999999999 1600535084
117.2166 1600535084
179.5229 1600535084
179.5241 1600535084
179.5249 1600535084
179.5231 1600535084
179.52519999999998 1600535084
172.125 1600535084
172.1248 1600535084
172.1242 1600535084
172.1242 1600535084
172.1255 1600535084
180.6587 1600535084
180.66 1600535084
180.65869999999998 1600535084
180.66 1600535084
180.66070000000002 1600535084
85.3058 1600535084
85.30609999999999 1600535084
85.3059 1600535084
85.3059 1600535084
85.3061 1600535084
166.49759999999998 1600535084
166.499 1600535084
166.4976 1600535084
166.499 1600535084
166.4982 1600535084
181.7252 1600535084
181.7251 1600535084
181.7252 1600535084
181.7251 1600535084
181.7259 1600535084
182.7506 1600535084
182.7518 1600535084
182.75050000000002 1600535084
182.7505 1600535084
182.7512 1600535084
184.87429999999998 1600535084
184.8743 1600535084
184.87439999999998 1600535084
184.8743 1600535084
184.8751 1600535084
184.4731 1600535084
184.4742 1600535084
184.4731 1600535084
184.4731 1600535084
184.475 1600535084
185.0353 1600535084
185.0348 1600535084
185.0347 1600535084
185.0348 1600535084
185.0353 1600535084
166.6634 1600535084
166.66310000000001 1600535084
166.6636 1600535084
166.66299999999998 1600535084
166.6644 1600535084
181.5569 1600535084
181.558 1600535084
181.557 1600535084
181.5578 1600535084
181.5586 1600535084
184.7807 1600535084
184.7806 1600535084
184.7813 1600535084
184.7823 1600535084
184.7811 1600535084
184.7789 1600535084
184.779 1600535084
184.7791 1600535084
184.77870000000001 1600535084
184.77970000000002 1600535084
183.1602 1600535084
183.1598 1600535084
183.1593 1600535084
183.1592 1600535084
183.15990000000002 1600535084
184.8772 1600535084
184.8772 1600535084
184.8767 1600535084
184.87650000000002 1600535084
184.8779 1600535084
166.51250000000002 1600535084
166.5129 1600535084
166.5125 1600535084
166.5121 1600535084
166.5137 1600535084
182.6155 1600535084
182.6153 1600535084
182.6154 1600535084
182.6154 1600535084
182.61610000000002 1600535084
184.9497 1600535084
184.94930000000002 1600535084
184.94959999999998 1600535084
184.94969999999998 1600535084
184.9504 1600535084
182.5926 1600535084
182.5926 1600535084
182.5926 1600535084
182.5933 1600535084
182.5941 1600535084
166.72029999999998 1600535084
166.7207 1600535084
166.7215 1600535084
166.72140000000002 1600535084
166.7211 1600535084
81.7638 1600535084
81.764 1600535084
81.76389999999999 1600535084
81.7638 1600535084
81.7644 1600535084
166.7015 1600535084
166.7005 1600535084
166.7014 1600535084
166.7014 1600535084
166.70119999999997 1600535084
180.7786 1600535084
180.7786 1600535084
180.7784 1600535084
180.77849999999998 1600535084
180.7793 1600535084
45.118900000000004 1600535084
45.1184 1600535084
45.118399999999994 1600535084
45.1189 1600535084
45.120599999999996 1600535084
183.05999999999997 1600535084
183.0599 1600535084
183.0598 1600535084
183.0601 1600535084
183.0606 1600535084
183.175 1600535084
183.17489999999998 1600535084
183.1749 1600535084
183.1743 1600535084
183.1748 1600535084
47.969100000000005 1600535084
47.969199999999994 1600535084
47.9686 1600535084
47.9683 1600535084
47.9693 1600535084
183.68619999999999 1600535084
183.6854 1600535084
183.6843 1600535084
183.6854 1600535084
183.68509999999998 1600535084
154.8817 1600535084
154.8817 1600535084
154.8815 1600535084
154.8815 1600535084
154.8822 1600535084
101.754 1600535084
101.7551 1600535084
101.754 1600535084
101.7535 1600535084
101.7548 1600535084
184.84799999999998 1600535084
184.8489 1600535084
184.849 1600535084
184.8479 1600535084
184.8496 1600535084
183.944 1600535084
183.94289999999998 1600535084
183.943 1600535084
183.944 1600535084
183.94389999999999 1600535084
157.52360000000002 1600535084
157.5231 1600535084
157.5242 1600535084
157.5237 1600535084
157.5244 1600535084
184.0444 1600535084
184.0444 1600535084
184.04440000000002 1600535084
184.0444 1600535084
184.0452 1600535084
181.6299 1600535084
181.6293 1600535084
181.629 1600535084
181.6291 1600535084
181.62990000000002 1600535084
128.0807 1600535084
128.08079999999998 1600535084
128.0819 1600535084
128.0814 1600535084
128.0821 1600535084
181.1022 1600535084
181.10119999999998 1600535084
181.1023 1600535084
181.1012 1600535084
181.10199999999998 1600535084
179.4625 1600535084
179.46269999999998 1600535084
179.46280000000002 1600535084
179.4621 1600535084
179.4634 1600535084
88.7139 1600535084
88.7141 1600535084
88.71549999999999 1600535084
88.71390000000001 1600535084
88.7154 1600535084
184.0968 1600535084
184.096 1600535084
184.0969 1600535084
184.0959 1600535084
184.0976 1600535084
102.7866 1600535084
102.7868 1600535084
102.78790000000001 1600535084
102.7865 1600535084
102.7876 1600535084
69.4044 1600535084
69.4045 1600535084
69.4042 1600535084
69.4045 1600535084
69.40520000000001 1600535084
174.4328 1600535084
174.43280000000001 1600535084
174.4328 1600535084
174.4327 1600535084
174.4335 1600535084
184.8755 1600535084
184.87550000000002 1600535084
184.87550000000002 1600535084
184.87539999999998 1600535084
184.8763 1600535084
90.2871 1600535084
90.2867 1600535084
90.28670000000001 1600535084
90.28710000000001 1600535084
90.288 1600535084
61.9054 1600535084
61.9058 1600535084
61.9057 1600535084
61.9057 1600535084
61.9059 1600535084
184.5174 1600535084
184.51739999999998 1600535084
184.5168 1600535084
184.5176 1600535084
184.5181 1600535084
145.24089999999998 1600535084
145.24069999999998 1600535084
145.23930000000001 1600535084
145.2393 1600535084
145.241 1600535084
182.90429999999998 1600535084
182.9049 1600535084
182.9048 1600535084
182.9049 1600535084
182.90550000000002 1600535084
153.2883 1600535084
153.2896 1600535084
153.2895 1600535084
153.2884 1600535084
153.2903 1600535084
164.9487 1600535084
164.9488 1600535084
164.9488 1600535084
164.9488 1600535084
164.9493 1600535084
185.0657 1600535084
185.066 1600535084
185.067 1600535084
185.06599999999997 1600535084
185.06660000000002 1600535084
185.06109999999998 1600535084
185.062 1600535084
185.0611 1600535084
185.0621 1600535084
185.0629 1600535084
121.9963 1600535084
121.9954 1600535084
121.9954 1600535084
121.9956 1600535084
121.9957 1600535084
184.7872 1600535084
184.7874 1600535084
184.78709999999998 1600535084
184.7873 1600535084
184.78810000000001 1600535084
183.1621 1600535084
183.1624 1600535084
183.16219999999998 1600535084
183.1621 1600535084
183.163 1600535084
154.5879 1600535084
154.5878 1600535084
154.5881 1600535084
154.588 1600535084
154.58880000000002 1600535084
156.1466 1600535084
156.14749999999998 1600535084
156.1465 1600535084
156.1484 1600535084
156.1482 1600535084
155.9606 1600535084
155.9608 1600535084
155.96179999999998 1600535084
155.9606 1600535084
155.9631 1600535084
184.8127 1600535084
184.8128 1600535084
184.8126 1600535084
184.8131 1600535084
184.814 1600535084
127.2479 1600535084
127.2491 1600535084
127.249 1600535084
127.2479 1600535084
127.2498 1600535084
177.2007 1600535084
177.20059999999998 1600535084
177.2005 1600535084
177.2004 1600535084
177.2012 1600535084
183.7856 1600535084
183.7858 1600535084
183.7857 1600535084
183.7858 1600535084
183.7864 1600535084
184.8228 1600535084
184.822 1600535084
184.8218 1600535084
184.823 1600535084
184.8229 1600535084
184.4758 1600535084
184.4759 1600535084
184.4757 1600535084
184.476 1600535084
184.47650000000002 1600535084
172.9236 1600535084
172.9236 1600535084
172.9236 1600535084
172.92360000000002 1600535084
172.92430000000002 1600535084
128.5883 1600535084
128.5894 1600535084
128.5899 1600535084
128.58880000000002 1600535084
128.58960000000002 1600535084
175.9173 1600535084
175.91819999999998 1600535084
175.9173 1600535084
175.9183 1600535084
175.91920000000002 1600535084
179.3265 1600535084
179.3264 1600535084
179.3264 1600535084
179.32629999999997 1600535084
179.3272 1600535084
163.56789999999998 1600535084
163.56789999999998 1600535084
163.56789999999998 1600535084
163.56799999999998 1600535084
163.5685 1600535084
184.1629 1600535084
184.1629 1600535084
184.16240000000002 1600535084
184.16299999999998 1600535084
184.1636 1600535084
183.7928 1600535084
183.79299999999998 1600535084
183.793 1600535084
183.7928 1600535084
183.7936 1600535084
182.3971 1600535084
182.397 1600535084
182.3966 1600535084
182.396 1600535084
182.39679999999998 1600535084
180.1403 1600535084
180.1397 1600535084
180.1403 1600535084
180.1405 1600535084
180.141 1600535084
162.6548 1600535084
162.6565 1600535084
162.655 1600535084
162.6566 1600535084
162.6557 1600535084
183.4312 1600535084
183.4314 1600535084
183.4313 1600535084
183.43130000000002 1600535084
183.4318 1600535084
166.36759999999998 1600535084
166.3666 1600535084
166.3678 1600535084
166.3665 1600535084
166.3672 1600535084
118.402 1600535084
118.402 1600535084
118.4018 1600535084
118.4021 1600535084
118.4028 1600535084
181.9141 1600535084
181.91299999999998 1600535084
181.91299999999998 1600535084
181.913 1600535084
181.9144 1600535084
184.8246 1600535084
184.8247 1600535084
184.8247 1600535084
184.8246 1600535084
184.8255 1600535084
184.181 1600535084
184.1807 1600535084
184.1809 1600535084
184.18099999999998 1600535084
184.1817 1600535084
175.7791 1600535084
175.7792 1600535084
175.7791 1600535084
175.779 1600535084
175.78 1600535084
162.4235 1600535084
162.4237 1600535084
162.4236 1600535084
162.42319999999998 1600535084
162.42440000000002 1600535084
32.0666 1600535084
32.0677 1600535084
32.067699999999995 1600535084
32.067699999999995 1600535084
32.0674 1600535084
181.1589 1600535084
181.159 1600535084
181.159 1600535084
181.16 1600535084
181.15980000000002 1600535084
185.0642 1600535084
185.0643 1600535084
185.0636 1600535084
185.06349999999998 1600535084
185.06429999999997 1600535084
184.8794 1600535084
184.87939999999998 1600535084
184.8784 1600535084
184.87859999999998 1600535084
184.8792 1600535084
161.2232 1600535084
161.2244 1600535084
161.2232 1600535084
161.2231 1600535084
161.22379999999998 1600535084
179.6269 1600535084
179.6275 1600535084
179.6276 1600535084
179.6275 1600535084
179.62820000000002 1600535084
13.7607 1600535084
13.7607 1600535084
13.7609 1600535084
13.7607 1600535084
13.7612 1600535084
52.1147 1600535084
52.1151 1600535084
52.1139 1600535084
52.1155 1600535084
52.114799999999995 1600535084
184.598 1600535084
184.5972 1600535084
184.59799999999998 1600535084
184.59709999999998 1600535084
184.59779999999998 1600535084
157.2892 1600535084
157.29049999999998 1600535084
157.2892 1600535084
157.2906 1600535084
157.2896 1600535084
179.67229999999998 1600535084
179.6726 1600535084
179.67360000000002 1600535084
179.6725 1600535084
179.67319999999998 1600535084
172.8541 1600535084
172.85399999999998 1600535084
172.8543 1600535084
172.8541 1600535084
172.85490000000001 1600535084
184.5137 1600535084
184.5136 1600535084
184.51420000000002 1600535084
184.5143 1600535084
184.5148 1600535084
183.3002 1600535084
183.3013 1600535084
183.30110000000002 1600535084
183.3003 1600535084
183.3009 1600535084
182.2259 1600535084
182.2275 1600535084
182.2271 1600535084
182.2268 1600535084
182.22660000000002 1600535084
112.2381 1600535084
112.2382 1600535084
112.2393 1600535084
112.2397 1600535084
112.2388 1600535084
47.538000000000004 1600535084
47.5376 1600535084
47.5375 1600535084
47.5381 1600535084
47.5388 1600535084
134.1457 1600535084
134.14710000000002 1600535084
134.1457 1600535084
134.147 1600535084
134.14649999999997 1600535084
184.6324 1600535084
184.6334 1600535084
184.6336 1600535084
184.6323 1600535084
184.6347 1600535084
158.34830000000002 1600535084
158.3475 1600535084
158.3474 1600535084
158.3476 1600535084
158.3477 1600535084
95.0579 1600535084
95.0581 1600535084
95.05879999999999 1600535084
95.0578 1600535084
95.05720000000001 1600535084
183.75539999999998 1600535084
183.7544 1600535084
183.7557 1600535084
183.7535 1600535084
183.7539 1600535084
63.446 1600535084
63.4454 1600535084
63.4464 1600535084
63.4469 1600535084
63.44799999999999 1600535084
175.0121 1600535084
175.0121 1600535084
175.01209999999998 1600535084
175.012 1600535084
175.0128 1600535084
33.4404 1600535084
33.4403 1600535084
33.4404 1600535084
33.4403 1600535084
33.4411 1600535084
131.6375 1600535084
131.6382 1600535084
131.63819999999998 1600535084
131.63799999999998 1600535084
131.6388 1600535084
172.8531 1600535084
172.85309999999998 1600535084
172.8528 1600535084
172.85309999999998 1600535084
172.8538 1600535084
165.24159999999998 1600535084
165.24099999999999 1600535084
165.2408 1600535084
165.2407 1600535084
165.2417 1600535084
184.50029999999998 1600535084
184.49949999999998 1600535084
184.4994 1600535084
184.5005 1600535084
184.50070000000002 1600535084
174.43599999999998 1600535084
174.43599999999998 1600535084
174.4358 1600535084
174.4358 1600535084
174.43679999999998 1600535084
176.9937 1600535084
176.9939 1600535084
176.99450000000002 1600535084
176.9947 1600535084
176.9941 1600535084
172.67000000000002 1600535084
172.6713 1600535084
172.6715 1600535084
172.6722 1600535084
172.67090000000002 1600535084
182.838 1600535084
182.84040000000002 1600535084
182.8379 1600535084
182.8379 1600535084
182.83859999999999 1600535084
65.6825 1600535084
65.68369999999999 1600535084
65.6835 1600535084
65.6836 1600535084
65.6832 1600535084
184.59449999999998 1600535084
184.5935 1600535084
184.5939 1600535084
184.5939 1600535084
184.5951 1600535084
130.7306 1600535084
130.7306 1600535084
130.7305 1600535084
130.7304 1600535084
130.7313 1600535084
185.013 1600535084
185.01330000000002 1600535084
185.01319999999998 1600535084
185.0133 1600535084
185.0136 1600535084
162.6205 1600535084
162.6205 1600535084
162.62130000000002 1600535084
162.6206 1600535084
162.6203 1600535084
154.3288 1600535084
154.3283 1600535084
154.3282 1600535084
154.32819999999998 1600535084
154.32889999999998 1600535084
184.5996 1600535084
184.6 1600535084
184.59980000000002 1600535084
184.59969999999998 1600535084
184.6001 1600535084
67.658 1600535084
67.6582 1600535084
67.65809999999999 1600535084
67.6581 1600535084
67.6588 1600535084
173.65509999999998 1600535084
173.6556 1600535084
173.6566 1600535084
173.6553 1600535084
173.6562 1600535084
117.283 1600535084
117.283 1600535084
117.2838 1600535084
117.283 1600535084
117.28490000000001 1600535084
114.15169999999999 1600535084
114.1518 1600535084
114.1519 1600535084
114.1517 1600535084
114.1525 1600535084
28.8479 1600535084
28.848 1600535084
28.8477 1600535084
28.8481 1600535084
28.8487 1600535084
157.44000000000003 1600535084
157.44140000000002 1600535084
157.44129999999998 1600535084
157.4412 1600535084
157.44080000000002 1600535084
92.40180000000001 1600535084
92.402 1600535084
92.4019 1600535084
92.4018 1600535084
92.40209999999999 1600535084
91.5011 1600535084
91.5014 1600535084
91.50280000000001 1600535084
91.50229999999999 1600535084
91.502 1600535084
184.50789999999998 1600535084
184.5077 1600535084
184.508 1600535084
184.50809999999998 1600535084
184.5084 1600535084
177.2828 1600535084
177.2834 1600535084
177.28320000000002 1600535084
177.282 1600535084
177.28279999999998 1600535084
132.6327 1600535084
132.6333 1600535084
132.6334 1600535084
132.6334 1600535084
132.6338 1600535084
183.9457 1600535084
183.9453 1600535084
183.9457 1600535084
183.94549999999998 1600535084
183.9473 1600535084
142.8914 1600535084
142.8912 1600535084
142.8913 1600535084
142.8913 1600535084
142.89200000000002 1600535084
177.4083 1600535084
177.4084 1600535084
177.4092 1600535084
177.4091 1600535084
177.40970000000002 1600535084
26.4347 1600535084
26.434299999999997 1600535084
26.4349 1600535084
26.434800000000003 1600535084
26.4355 1600535084
113.48700000000001 1600535084
113.4867 1600535084
113.48639999999999 1600535084
113.4881 1600535084
113.4879 1600535084
181.4152 1600535084
181.4152 1600535084
181.4152 1600535084
181.4152 1600535084
181.41590000000002 1600535084
162.50639999999999 1600535084
162.5066 1600535084
162.5067 1600535084
162.50660000000002 1600535084
162.507 1600535084
173.8731 1600535084
173.8724 1600535084
173.8725 1600535084
173.8731 1600535084
173.8736 1600535084
28.108900000000002 1600535084
28.108900000000002 1600535084
28.1097 1600535084
28.109900000000003 1600535084
28.1092 1600535084
184.8142 1600535084
184.81410000000002 1600535084
184.8146 1600535084
184.81539999999998 1600535084
184.8155 1600535084
185.0679 1600535084
185.0693 1600535084
185.0687 1600535084
185.0684 1600535084
185.06900000000002 1600535084
146.2374 1600535084
146.2376 1600535084
146.2369 1600535084
146.23680000000002 1600535084
146.23749999999998 1600535084
158.0961 1600535084
158.0969 1600535084
158.09529999999998 1600535084
158.0954 1600535084
158.0968 1600535084
46.4812 1600535084
46.480399999999996 1600535084
46.4805 1600535084
46.4805 1600535084
46.480399999999996 1600535084
183.4749 1600535084
183.47490000000002 1600535084
183.47570000000002 1600535084
183.47560000000001 1600535084
183.47629999999998 1600535084
180.78130000000002 1600535084
180.7823 1600535084
180.7819 1600535084
180.78209999999999 1600535084
180.7827 1600535084
90.716 1600535084
90.7162 1600535084
90.7161 1600535084
90.7161 1600535084
90.7169 1600535084
158.8847 1600535084
158.8846 1600535084
158.8853 1600535084
158.8846 1600535084
158.8847 1600535084
184.1138 1600535084
184.1131 1600535084
184.1138 1600535084
184.1139 1600535084
184.1144 1600535084
185.0871 1600535084
185.0875 1600535084
185.0874 1600535084
185.0872 1600535084
185.0881 1600535084
184.8514 1600535084
184.85160000000002 1600535084
184.85160000000002 1600535084
184.8516 1600535084
184.8522 1600535084
58.2394 1600535084
58.2393 1600535084
58.240500000000004 1600535084
58.239399999999996 1600535084
58.2413 1600535084
172.8988 1600535084
172.8997 1600535084
172.8987 1600535084
172.8987 1600535084
172.8994 1600535084
162.8383 1600535084
162.83839999999998 1600535084
162.83849999999998 1600535084
162.8386 1600535084
162.8388 1600535084
184.1952 1600535084
184.19580000000002 1600535084
184.1959 1600535084
184.19590000000002 1600535084
184.19660000000002 1600535084
58.18 1600535084
58.1812 1600535084
58.1795 1600535084
58.1795 1600535084
58.1804 1600535084
50.3435 1600535084
50.343599999999995 1600535084
50.343399999999995 1600535084
50.3435 1600535084
50.34439999999999 1600535084
184.47879999999998 1600535084
184.47879999999998 1600535084
184.47869999999998 1600535084
184.47969999999998 1600535084
184.4795 1600535084
99.2436 1600535084
99.2423 1600535084
99.24329999999999 1600535084
99.2423 1600535084
99.2431 1600535084
185.0652 1600535084
185.0652 1600535084
185.06490000000002 1600535084
185.0651 1600535084
185.0659 1600535084
98.1669 1600535084
98.1679 1600535084
98.16799999999999 1600535084
98.1678 1600535084
98.16770000000001 1600535084
8.776399999999999 1600535084
8.7762 1600535084
8.7762 1600535084
8.7765 1600535084
8.777000000000001 1600535084
85.4159 1600535084
85.4157 1600535084
85.41590000000001 1600535084
85.416 1600535084
85.41669999999999 1600535084
176.3918 1600535084
176.3919 1600535084
176.3919 1600535084
176.392 1600535084
176.3923 1600535084
148.2931 1600535084
148.2929 1600535084
148.29319999999998 1600535084
148.29309999999998 1600535084
148.2937 1600535084
95.1735 1600535084
95.1726 1600535084
95.1732 1600535084
95.1735 1600535084
95.1732 1600535084
155.64540000000002 1600535084
155.6461 1600535084
155.64589999999998 1600535084
155.64610000000002 1600535084
155.6465 1600535084
184.9141 1600535084
184.9143 1600535084
184.9139 1600535084
184.9144 1600535084
184.91490000000002 1600535084
178.4875 1600535084
178.4869 1600535084
178.4875 1600535084
178.48729999999998 1600535084
178.4882 1600535084
183.6297 1600535084
183.6301 1600535084
183.6284 1600535084
183.63 1600535084
183.6293 1600535084
157.19299999999998 1600535084
157.1943 1600535084
157.1931 1600535084
157.19310000000002 1600535084
157.195 1600535084
180.77609999999999 1600535084
180.775 1600535084
180.7756 1600535084
180.77659999999997 1600535084
180.7773 1600535084
93.4195 1600535084
93.4206 1600535084
93.4194 1600535084
93.4194 1600535084
93.4202 1600535084
98.2221 1600535084
98.2204 1600535084
98.2213 1600535084
98.22030000000001 1600535084
98.2225 1600535084
182.8421 1600535084
182.8422 1600535084
182.8421 1600535084
182.8422 1600535084
182.8428 1600535084
185.01430000000002 1600535084
185.0144 1600535084
185.0144 1600535084
185.0142 1600535084
185.01500000000001 1600535084
183.2094 1600535084
183.2095 1600535084
183.2095 1600535084
183.2095 1600535084
183.21050000000002 1600535084
163.004 1600535084
163.004 1600535084
163.0041 1600535084
163.0038 1600535084
163.00490000000002 1600535084
51.2755 1600535084
51.2767 1600535084
51.2755 1600535084
51.275600000000004 1600535084
51.2762 1600535084
181.72320000000002 1600535084
181.72310000000002 1600535084
181.7231 1600535084
181.7232 1600535084
181.7234 1600535084
181.3824 1600535084
181.3824 1600535084
181.38230000000001 1600535084
181.3825 1600535084
181.38320000000002 1600535084
184.79459999999997 1600535084
184.7946 1600535084
184.79479999999998 1600535084
184.7945 1600535084
184.7953 1600535084
111.4756 1600535084
111.4757 1600535084
111.4756 1600535084
111.47550000000001 1600535084
111.4763 1600535084
185.0701 1600535084
185.0702 1600535084
185.0699 1600535084
185.0703 1600535084
185.0706 1600535084
184.6546 1600535084
184.65609999999998 1600535084
184.6557 1600535084
184.6556 1600535084
184.65540000000001 1600535084
156.6658 1600535084
156.6657 1600535084
156.6657 1600535084
156.665 1600535084
156.6655 1600535084
182.192 1600535084
182.19209999999998 1600535084
182.193 1600535084
182.1921 1600535084
182.1927 1600535084
183.0121 1600535084
183.0122 1600535084
183.0122 1600535084
183.0121 1600535084
183.0129 1600535084
170.0539 1600535084
170.0553 1600535084
170.0538 1600535084
170.055 1600535084
170.0546 1600535084
175.1942 1600535084
175.1927 1600535084
175.1942 1600535084
175.1934 1600535084
175.1935 1600535084
28.6168 1600535084
28.6162 1600535084
28.6154 1600535084
28.6158 1600535084
28.6176 1600535084
94.489 1600535084
94.4906 1600535084
94.4902 1600535084
94.4907 1600535084
94.4895 1600535084
129.31459999999998 1600535084
129.31500000000003 1600535084
129.3161 1600535084
129.3152 1600535084
129.316 1600535084
94.7439 1600535084
94.7441 1600535084
94.7438 1600535084
94.7433 1600535084
94.74470000000001 1600535084
178.88930000000002 1600535084
178.8895 1600535084
178.8893 1600535084
178.8895 1600535084
178.89 1600535084
185.059 1600535084
185.0587 1600535084
185.0602 1600535084
185.05949999999999 1600535084
185.0605 1600535084
160.2796 1600535084
160.2804 1600535084
160.2792 1600535084
160.2792 1600535084
160.2803 1600535084
182.5607 1600535084
182.56009999999998 1600535084
182.55999999999997 1600535084
182.56009999999998 1600535084
182.5601 1600535084
159.9171 1600535084
159.9164 1600535084
159.9166 1600535084
159.9166 1600535084
159.9163 1600535084
184.8526 1600535084
184.8525 1600535084
184.8527 1600535084
184.8525 1600535084
184.8534 1600535084
151.954 1600535084
151.9547 1600535084
151.9547 1600535084
151.9545 1600535084
151.9552 1600535084
53.2363 1600535084
53.2364 1600535084
53.2379 1600535084
53.237300000000005 1600535084
53.2373 1600535084
170.2018 1600535084
170.2019 1600535084
170.2028 1600535084
170.2017 1600535084
170.202 1600535084
114.388 1600535084
114.3881 1600535084
114.38810000000001 1600535084
114.3892 1600535084
114.3888 1600535084
184.4719 1600535084
184.4724 1600535084
184.4714 1600535084
184.4714 1600535084
184.47220000000002 1600535084
105.9765 1600535084
105.9765 1600535084
105.9773 1600535084
105.97649999999999 1600535084
105.97649999999999 1600535084
181.4128 1600535084
181.413 1600535084
181.4139 1600535084
181.41279999999998 1600535084
181.4135 1600535084
184.2336 1600535084
184.233 1600535084
184.2335 1600535084
184.2335 1600535084
184.23420000000002 1600535084
136.78449999999998 1600535084
136.7846 1600535084
136.7839 1600535084
136.7846 1600535084
136.7852 1600535084
127.84729999999999 1600535084
127.84700000000001 1600535084
127.84709999999998 1600535084
127.8483 1600535084
127.8482 1600535084
67.0939 1600535084
67.0939 1600535084
67.095 1600535084
67.0955 1600535084
67.09519999999999 1600535084
26.1342 1600535084
26.135299999999997 1600535084
26.1352 1600535084
26.1341 1600535084
26.136 1600535084
177.8043 1600535084
177.8044 1600535084
177.80409999999998 1600535084
177.8037 1600535084
177.805 1600535084
98.41760000000001 1600535084
98.41770000000001 1600535084
98.4175 1600535084
98.4176 1600535084
98.4184 1600535084
13.7014 1600535084
13.7015 1600535084
13.7008 1600535084
13.700899999999999 1600535084
13.701500000000001 1600535084
26.1657 1600535084
26.1658 1600535084
26.1658 1600535084
26.1654 1600535084
26.166 1600535084
4.2261999999999995 1600535084
4.2273 1600535084
3.9165 1600535084
3.9205 1600535084
4.2285 1600535084
185.0583 1600535084
185.05759999999998 1600535084
185.05769999999998 1600535084
185.0576 1600535084
185.0576 1600535084
182.83939999999998 1600535084
182.83950000000002 1600535084
182.839 1600535084
182.83939999999998 1600535084
182.8401 1600535084
61.2541 1600535084
61.2541 1600535084
61.2544 1600535084
61.2541 1600535084
61.2547 1600535084
141.30929999999998 1600535084
141.3081 1600535084
141.3085 1600535084
141.30839999999998 1600535084
141.31029999999998 1600535084
173.6212 1600535084
173.6213 1600535084
173.6213 1600535084
173.6212 1600535084
173.6219 1600535084
129.3997 1600535084
129.3987 1600535084
129.3987 1600535084
129.3992 1600535084
129.3999 1600535084
59.7574 1600535084
59.7575 1600535084
59.7573 1600535084
59.757600000000004 1600535084
59.7576 1600535084
28.781599999999997 1600535084
28.7818 1600535084
28.7818 1600535084
28.7819 1600535084
28.7822 1600535084
183.4374 1600535084
183.4375 1600535084
183.4374 1600535084
183.43740000000003 1600535084
183.4379 1600535084
62.6164 1600535084
62.6165 1600535084
62.6166 1600535084
62.6166 1600535084
62.61709999999999 1600535084
177.0198 1600535084
177.01860000000002 1600535084
177.01989999999998 1600535084
177.0196 1600535084
177.0193 1600535084
184.7851 1600535084
184.786 1600535084
184.7849 1600535084
184.78609999999998 1600535084
184.78650000000002 1600535084
77.2914 1600535084
77.2912 1600535084
77.2914 1600535084
77.29140000000001 1600535084
77.2919 1600535084
182.1697 1600535084
182.1701 1600535084
182.171 1600535084
182.171 1600535084
182.1706 1600535084
184.1272 1600535084
184.1273 1600535084
184.1274 1600535084
184.1271 1600535084
184.1279 1600535084
184.5112 1600535084
184.5119 1600535084
184.5125 1600535084
184.5126 1600535084
184.512 1600535084
84.261 1600535084
84.2609 1600535084
84.2608 1600535084
84.26100000000001 1600535084
84.2617 1600535084
170.02110000000002 1600535084
170.0216 1600535084
170.0215 1600535084
170.0214 1600535084
170.0218 1600535084
