0.2982 1600344888
0.2949 1600344888
0.25689999999999996 1600344888
0.24969999999999998 1600344888
0.3317 1600344888
0.26970000000000005 1600344888
0.31729999999999997 1600344888
0.2636 1600344888
0.29919999999999997 1600344888
0.2843 1600344888
0.20699999999999996 1600344888
0.24329999999999996 1600344888
0.2976 1600344888
0.2575 1600344888
0.27670000000000006 1600344888
0.321 1600344888
0.31449999999999995 1600344888
0.23979999999999996 1600344888
0.3238 1600344888
0.26010000000000005 1600344888
0.29550000000000004 1600344888
0.30569999999999997 1600344888
0.258 1600344888
0.2647 1600344888
0.24300000000000005 1600344888
0.25370000000000004 1600344888
0.20190000000000002 1600344888
0.32689999999999997 1600344888
0.2903 1600344888
0.28220000000000006 1600344888
0.29040000000000005 1600344888
0.3194 1600344888
0.2648 1600344888
0.21060000000000006 1600344888
0.2861 1600344888
0.21660000000000001 1600344888
0.198 1600344888
0.29419999999999996 1600344888
0.3208 1600344888
0.2904 1600344888
0.28190000000000004 1600344888
0.2884 1600344888
0.3192 1600344888
0.23790000000000006 1600344888
0.29600000000000004 1600344888
0.29529999999999995 1600344888
0.2178 1600344888
0.29390000000000005 1600344888
0.3216 1600344888
0.21980000000000005 1600344888
0.239 1600344888
0.28190000000000004 1600344888
0.24849999999999994 1600344888
0.20899999999999996 1600344888
0.34259999999999996 1600344888
0.28919999999999996 1600344888
0.2593 1600344888
0.28559999999999997 1600344888
0.28190000000000004 1600344888
0.2652 1600344888
0.22749999999999998 1600344888
0.24510000000000004 1600344888
0.2633 1600344888
0.2908 1600344888
0.2956 1600344888
0.30260000000000004 1600344888
0.2841000000000001 1600344888
0.1971 1600344888
0.20329999999999998 1600344888
0.2338 1600344888
0.30689999999999995 1600344888
0.28819999999999996 1600344888
0.2939 1600344888
0.2509 1600344888
0.3099 1600344888
0.30349999999999994 1600344888
0.19430000000000003 1600344888
0.3174 1600344888
0.3284 1600344888
0.2308 1600344888
0.2781 1600344888
0.24259999999999998 1600344888
0.21159999999999995 1600344888
0.30840000000000006 1600344888
0.2513 1600344888
0.2605 1600344888
0.31079999999999997 1600344888
0.25020000000000003 1600344888
0.27440000000000003 1600344888
0.25409999999999994 1600344888
0.31090000000000007 1600344888
0.22990000000000005 1600344888
0.2509 1600344888
0.26310000000000006 1600344888
0.2898 1600344888
0.31170000000000003 1600344888
0.2393 1600344888
0.23800000000000004 1600344888
0.21560000000000007 1600344888
0.3028 1600344888
0.23900000000000005 1600344888
0.28390000000000004 1600344888
0.35839999999999994 1600344888
0.28950000000000004 1600344888
0.26980000000000004 1600344888
0.2454 1600344888
0.26170000000000004 1600344888
0.34500000000000003 1600344888
0.18450000000000005 1600344888
0.3082 1600344888
0.2913 1600344888
0.29660000000000003 1600344888
0.26689999999999997 1600344888
0.29369999999999996 1600344888
0.2717 1600344888
0.25520000000000004 1600344888
0.29269999999999996 1600344888
0.25880000000000003 1600344888
0.2957000000000001 1600344888
0.2848 1600344888
0.3351 1600344888
0.21610000000000007 1600344888
0.29700000000000004 1600344888
0.19319999999999998 1600344888
0.25179999999999997 1600344888
0.2562 1600344888
0.2564 1600344888
0.3448 1600344888
0.25489999999999996 1600344888
0.29799999999999993 1600344888
0.3092 1600344888
0.32670000000000005 1600344888
0.31070000000000003 1600344888
0.25079999999999997 1600344888
0.3392 1600344888
0.31559999999999994 1600344888
0.3192 1600344888
0.24779999999999996 1600344888
0.30060000000000003 1600344888
0.30899999999999994 1600344888
0.26460000000000006 1600344888
0.22419999999999995 1600344888
0.31320000000000003 1600344888
0.24419999999999997 1600344888
0.2765 1600344888
0.3185 1600344888
0.27540000000000003 1600344888
0.2861 1600344888
0.2649 1600344888
0.2987 1600344888
0.2619 1600344888
0.30340000000000006 1600344888
0.24279999999999996 1600344888
0.2647999999999999 1600344888
0.22230000000000005 1600344888
0.24010000000000004 1600344888
0.2965 1600344888
0.2864 1600344888
0.22499999999999998 1600344888
0.24489999999999995 1600344888
0.24010000000000004 1600344888
0.29100000000000004 1600344888
0.2041 1600344888
0.2961 1600344888
0.2946 1600344888
0.3211 1600344888
0.23460000000000003 1600344888
0.31959999999999994 1600344888
0.2914999999999999 1600344888
0.2918 1600344888
0.20899999999999996 1600344888
0.30950000000000005 1600344888
0.24530000000000002 1600344888
0.3051 1600344888
0.24229999999999996 1600344888
0.30160000000000003 1600344888
0.2734 1600344888
0.29000000000000004 1600344888
0.24779999999999996 1600344888
0.2439 1600344888
0.25260000000000005 1600344888
0.25920000000000004 1600344888
0.3611 1600344888
0.324 1600344888
0.26050000000000006 1600344888
0.2299 1600344888
0.29929999999999995 1600344888
0.28940000000000005 1600344888
0.30610000000000004 1600344888
0.2984 1600344888
0.298 1600344888
0.25270000000000004 1600344888
0.35840000000000005 1600344888
0.3049 1600344888
0.28829999999999995 1600344888
0.26439999999999997 1600344888
0.2772 1600344888
0.26059999999999994 1600344888
0.23570000000000002 1600344888
0.3387 1600344888
0.23150000000000004 1600344888
0.23659999999999998 1600344888
0.3218 1600344888
0.28130000000000005 1600344888
0.27560000000000007 1600344888
0.2919 1600344888
0.24790000000000006 1600344888
0.24730000000000002 1600344888
0.2913 1600344888
0.3462 1600344888
0.2676 1600344888
0.2395 1600344888
0.3104 1600344888
0.2895 1600344888
0.29450000000000004 1600344888
0.3482 1600344888
0.1992 1600344888
0.25170000000000003 1600344888
0.29100000000000004 1600344888
0.31420000000000003 1600344888
0.3478 1600344888
0.243 1600344888
0.29059999999999997 1600344888
0.26389999999999997 1600344888
0.23400000000000004 1600344888
0.2866 1600344888
0.26520000000000005 1600344888
0.24350000000000005 1600344888
0.26689999999999997 1600344888
0.2455 1600344888
0.3119 1600344888
0.2923 1600344888
0.23200000000000004 1600344888
0.30709999999999993 1600344888
0.2937 1600344888
0.28409999999999996 1600344888
0.2878 1600344888
0.29710000000000003 1600344888
0.2901 1600344888
0.30580000000000007 1600344888
0.238 1600344888
0.30529999999999996 1600344888
0.24530000000000002 1600344888
0.2985 1600344888
0.24480000000000002 1600344888
0.2721 1600344888
0.23410000000000003 1600344888
0.3048 1600344888
0.26410000000000006 1600344888
0.29850000000000004 1600344888
0.33010000000000006 1600344888
0.28179999999999994 1600344888
0.2851 1600344888
0.24519999999999997 1600344888
0.36990000000000006 1600344888
0.29009999999999997 1600344888
0.2798999999999999 1600344888
0.3018 1600344888
0.29169999999999996 1600344888
0.28190000000000004 1600344888
0.3005999999999999 1600344888
0.25029999999999997 1600344888
0.3624 1600344888
0.2548 1600344888
0.24449999999999994 1600344888
0.26039999999999996 1600344888
0.24669999999999997 1600344888
0.22389999999999993 1600344888
0.27849999999999997 1600344888
0.22659999999999997 1600344888
0.25279999999999997 1600344888
0.33039999999999997 1600344888
0.255 1600344888
0.2934 1600344888
0.2714 1600344888
0.21139999999999992 1600344888
0.28940000000000005 1600344888
0.31010000000000004 1600344888
0.3359 1600344888
0.28840000000000005 1600344888
0.2234 1600344888
0.34419999999999995 1600344888
0.24100000000000005 1600344888
0.23570000000000008 1600344888
0.24470000000000003 1600344888
0.23860000000000003 1600344888
0.29889999999999994 1600344888
0.3204 1600344888
0.21609999999999996 1600344888
0.27820000000000006 1600344888
0.3087 1600344888
0.2946 1600344888
0.2683 1600344888
0.2752 1600344888
0.2615 1600344888
0.3151999999999999 1600344888
0.22999999999999993 1600344888
0.23710000000000003 1600344888
0.28269999999999995 1600344888
0.24679999999999996 1600344888
0.2578 1600344888
0.24280000000000002 1600344888
0.2878 1600344888
0.26470000000000005 1600344888
0.2585 1600344888
0.29760000000000003 1600344888
0.26499999999999996 1600344888
0.32239999999999996 1600344888
0.3008 1600344888
0.2182 1600344888
0.3152 1600344888
0.35640000000000005 1600344888
0.28570000000000007 1600344888
0.3202 1600344888
0.27980000000000005 1600344888
0.35340000000000005 1600344888
0.3012 1600344888
0.2858 1600344888
0.2338 1600344888
0.3056 1600344888
0.2784 1600344888
0.3565 1600344888
0.21950000000000003 1600344888
0.24839999999999995 1600344888
0.3524 1600344888
0.32149999999999995 1600344888
0.23670000000000002 1600344888
0.2501 1600344888
0.26080000000000003 1600344888
0.27010000000000006 1600344888
0.2854 1600344888
0.28389999999999993 1600344888
0.2954 1600344888
0.24829999999999997 1600344888
0.3208 1600344888
0.29749999999999993 1600344888
0.3381 1600344888
0.29069999999999996 1600344888
0.24409999999999998 1600344888
0.28150000000000003 1600344888
0.25970000000000004 1600344888
0.24670000000000003 1600344888
0.3572 1600344888
0.2951 1600344888
0.23190000000000005 1600344888
0.2907 1600344888
0.20889999999999997 1600344888
0.3042 1600344888
0.30600000000000005 1600344888
0.2947000000000001 1600344888
0.25260000000000005 1600344888
0.2763 1600344888
0.3297 1600344888
0.24820000000000003 1600344888
0.3031 1600344888
0.21499999999999997 1600344888
0.23670000000000002 1600344888
0.34010000000000007 1600344888
0.27599999999999997 1600344888
0.3499 1600344888
0.3115 1600344888
0.3172 1600344888
0.24429999999999996 1600344888
0.2609 1600344888
0.23170000000000002 1600344888
0.25360000000000005 1600344888
0.24130000000000001 1600344888
0.263 1600344888
0.3203 1600344888
0.33380000000000004 1600344888
0.34219999999999995 1600344888
0.26050000000000006 1600344888
0.25680000000000003 1600344888
0.3121 1600344888
0.257 1600344888
0.2844 1600344888
0.28419999999999995 1600344888
0.2995999999999999 1600344888
0.2718 1600344888
0.2454 1600344888
0.2499 1600344888
0.2511 1600344888
0.29340000000000005 1600344888
0.28230000000000005 1600344888
0.2931 1600344888
0.30300000000000005 1600344888
0.29489999999999994 1600344888
0.36250000000000004 1600344888
0.3115 1600344888
0.27229999999999993 1600344888
0.2547 1600344888
0.312 1600344888
0.24219999999999997 1600344888
0.28740000000000004 1600344888
0.25320000000000004 1600344888
0.30490000000000006 1600344888
0.25299999999999995 1600344888
0.2967 1600344888
0.25170000000000003 1600344888
0.31370000000000003 1600344888
0.24530000000000002 1600344888
0.2572 1600344888
0.30000000000000004 1600344888
0.2434 1600344888
0.2551 1600344888
0.24429999999999996 1600344888
0.2102 1600344888
0.23460000000000003 1600344888
0.26919999999999994 1600344888
0.2645 1600344888
0.3022 1600344888
0.23650000000000004 1600344888
0.29020000000000007 1600344888
0.2098 1600344888
0.29419999999999996 1600344888
0.26580000000000004 1600344888
0.27020000000000005 1600344888
0.2836 1600344888
0.23189999999999994 1600344888
0.2544 1600344888
0.3465 1600344888
0.31860000000000005 1600344888
0.3567000000000001 1600344888
0.3157 1600344888
0.24859999999999993 1600344888
0.304 1600344888
0.3096 1600344888
0.23809999999999998 1600344888
0.30990000000000006 1600344888
0.2258 1600344888
0.29449999999999993 1600344888
0.2579 1600344888
0.24329999999999996 1600344888
0.27420000000000005 1600344888
0.2691 1600344888
0.31199999999999994 1600344888
0.27359999999999995 1600344888
0.2996 1600344888
0.24880000000000002 1600344888
0.3203 1600344888
0.21319999999999995 1600344888
0.2615 1600344888
0.2365 1600344888
0.2770000000000001 1600344888
0.296 1600344888
0.24659999999999993 1600344888
0.2826 1600344888
0.23710000000000003 1600344888
0.24430000000000002 1600344888
0.21200000000000002 1600344888
0.29069999999999996 1600344888
0.23189999999999994 1600344888
0.27899999999999997 1600344888
0.3116 1600344888
0.2476 1600344888
0.3371 1600344888
0.2504 1600344888
0.2549 1600344888
0.27909999999999996 1600344888
0.28380000000000005 1600344888
0.24459999999999998 1600344888
0.30030000000000007 1600344888
0.26069999999999993 1600344888
0.28409999999999996 1600344888
0.26399999999999996 1600344888
0.24650000000000005 1600344888
0.24350000000000005 1600344888
0.29629999999999995 1600344888
0.21789999999999998 1600344888
0.2688 1600344888
0.28120000000000006 1600344888
0.24730000000000002 1600344888
0.28500000000000003 1600344888
0.29090000000000005 1600344888
0.2522 1600344888
0.29050000000000004 1600344888
0.21839999999999998 1600344888
0.28900000000000003 1600344888
0.21909999999999996 1600344888
0.22039999999999998 1600344888
0.19780000000000003 1600344888
0.2562 1600344888
0.26259999999999994 1600344888
0.2449 1600344888
0.2609 1600344888
0.32330000000000003 1600344888
0.23049999999999998 1600344888
0.27230000000000004 1600344888
0.2552 1600344888
0.2555 1600344888
0.33799999999999997 1600344888
0.23670000000000002 1600344888
0.2961 1600344888
0.24009999999999998 1600344888
0.31140000000000007 1600344888
0.23230000000000006 1600344888
0.27259999999999995 1600344888
0.2803 1600344888
0.2924999999999999 1600344888
0.23229999999999995 1600344888
0.34879999999999994 1600344888
0.21449999999999997 1600344888
0.28690000000000004 1600344888
0.2989 1600344888
0.28790000000000004 1600344888
0.24740000000000006 1600344888
0.32899999999999996 1600344888
0.24860000000000004 1600344888
0.26589999999999997 1600344888
0.28259999999999996 1600344888
0.22760000000000002 1600344888
0.30200000000000005 1600344888
