1.152 1600356340
1.2913 1600356340
1.3804 1600356340
1.2853999999999999 1600356340
1.1951999999999998 1600356340
1.1626999999999996 1600356340
1.3320999999999996 1600356340
1.38 1600356340
1.1742999999999997 1600356340
1.2679 1600356340
1.2447 1600356340
1.3489999999999998 1600356340
1.3283999999999998 1600356340
1.3647 1600356340
1.3260999999999998 1600356340
1.3289 1600356340
1.3689 1600356340
1.3483 1600356340
1.0223999999999998 1600356340
1.2209999999999996 1600356340
1.2136999999999998 1600356340
1.2875999999999999 1600356340
1.2003999999999997 1600356340
1.3767999999999998 1600356340
1.3461999999999996 1600356340
1.2786 1600356340
1.2437999999999998 1600356340
1.2411999999999996 1600356340
1.3773 1600356340
1.3773 1600356340
1.3882999999999996 1600356340
1.2664 1600356340
1.3628999999999998 1600356340
1.3095999999999997 1600356340
1.0042999999999997 1600356340
1.2609999999999997 1600356340
1.3110999999999997 1600356340
1.3093999999999997 1600356340
1.2784999999999997 1600356340
1.331 1600356340
1.3882999999999996 1600356340
1.3777 1600356340
1.2685 1600356340
1.2677999999999998 1600356340
1.1627999999999998 1600356340
1.1625999999999999 1600356340
1.3118999999999996 1600356340
1.38 1600356340
1.2312 1600356340
1.3348 1600356340
1.3545999999999998 1600356340
1.3766 1600356340
1.2006999999999999 1600356340
1.251 1600356340
1.2841999999999998 1600356340
1.2359999999999998 1600356340
1.2291 1600356340
1.2686 1600356340
1.2295999999999998 1600356340
1.3162 1600356340
1.2483 1600356340
1.1909999999999998 1600356340
1.2734999999999999 1600356340
1.267 1600356340
1.3780999999999999 1600356340
1.3014999999999999 1600356340
1.3503 1600356340
1.2523000000000002 1600356340
0.6043999999999999 1600356340
1.3360999999999996 1600356340
1.4112999999999998 1600356340
1.2199 1600356340
1.3095999999999997 1600356340
1.3556 1600356340
1.3312 1600356340
1.3563999999999998 1600356340
1.3639 1600356340
1.3802999999999996 1600356340
1.3883999999999999 1600356340
1.1799 1600356340
1.3783 1600356340
0.8225999999999999 1600356340
1.3245000000000002 1600356340
1.3312000000000002 1600356340
1.3558 1600356340
1.3443999999999998 1600356340
1.31 1600356340
1.2677 1600356340
1.3448 1600356340
1.2115 1600356340
1.3363 1600356340
1.378 1600356340
1.3531000000000002 1600356340
1.1801000000000001 1600356340
1.2460999999999998 1600356340
1.2537 1600356340
1.3429 1600356340
1.2216999999999998 1600356340
1.3350000000000002 1600356340
1.3814 1600356340
1.1749999999999998 1600356340
1.2645 1600356340
1.2778999999999998 1600356340
1.2557999999999998 1600356340
1.3445 1600356340
1.0223 1600356340
1.3293999999999997 1600356340
1.3842999999999996 1600356340
1.1985999999999999 1600356340
1.2679 1600356340
1.1751 1600356340
1.2870999999999997 1600356340
1.2607 1600356340
1.3783999999999996 1600356340
1.2458999999999998 1600356340
1.2533999999999996 1600356340
1.3461999999999996 1600356340
1.2538 1600356340
1.3803999999999998 1600356340
1.3346999999999998 1600356340
1.2346 1600356340
1.1991999999999998 1600356340
1.3087999999999997 1600356340
1.3562999999999996 1600356340
1.3483 1600356340
1.2584999999999997 1600356340
1.3474 1600356340
1.2421000000000002 1600356340
1.2008999999999999 1600356340
1.2361999999999997 1600356340
1.1909999999999998 1600356340
1.3096999999999999 1600356340
1.2355 1600356340
1.2219000000000002 1600356340
1.2603 1600356340
1.2473 1600356340
1.3657999999999997 1600356340
1.2456999999999998 1600356340
1.3792 1600356340
1.2654 1600356340
1.2218999999999998 1600356340
1.1997 1600356340
1.3880999999999997 1600356340
1.3325 1600356340
1.3637000000000001 1600356340
1.3359 1600356340
1.3308 1600356340
1.2599 1600356340
1.2546 1600356340
1.2786 1600356340
1.1604999999999999 1600356340
1.1701000000000001 1600356340
1.2008999999999999 1600356340
1.3290000000000002 1600356340
1.3864 1600356340
1.2201 1600356340
1.2494 1600356340
1.2541000000000002 1600356340
1.2565 1600356340
1.3680000000000003 1600356340
1.4284999999999997 1600356340
1.2673 1600356340
1.4236 1600356340
1.2487999999999997 1600356340
1.1622 1600356340
1.3710999999999998 1600356340
1.3866999999999998 1600356340
1.3458999999999999 1600356340
1.3773999999999997 1600356340
1.38 1600356340
1.3777 1600356340
1.3276999999999997 1600356340
1.3626 1600356340
1.287 1600356340
1.2696 1600356340
1.3794 1600356340
1.3657 1600356340
1.3417 1600356340
1.355 1600356340
1.2866999999999997 1600356340
1.1637999999999997 1600356340
1.2199 1600356340
1.2843999999999998 1600356340
1.384 1600356340
1.2774999999999999 1600356340
1.3550999999999997 1600356340
1.2870999999999997 1600356340
1.3632 1600356340
1.3308 1600356340
1.3796999999999997 1600356340
1.2786999999999997 1600356340
1.1740999999999997 1600356340
1.3848999999999998 1600356340
1.3360999999999996 1600356340
1.1647 1600356340
1.2659 1600356340
1.3281999999999998 1600356340
1.3538999999999999 1600356340
1.3485 1600356340
1.278 1600356340
1.3699 1600356340
1.2363999999999997 1600356340
1.2613999999999996 1600356340
1.3777999999999997 1600356340
1.3554999999999997 1600356340
1.3253 1600356340
1.1749 1600356340
1.2536999999999998 1600356340
1.2599999999999998 1600356340
1.2786 1600356340
1.2136 1600356340
1.1763 1600356340
1.2668 1600356340
1.2665000000000002 1600356340
1.2565 1600356340
1.2538 1600356340
1.2595999999999998 1600356340
0.7532 1600356340
1.2729999999999997 1600356340
1.3603999999999998 1600356340
1.278 1600356340
1.1692 1600356340
1.4021 1600356340
1.2285999999999997 1600356340
1.3697999999999997 1600356340
1.2289999999999996 1600356340
1.2538 1600356340
1.1225999999999998 1600356340
1.3537 1600356340
1.2224999999999997 1600356340
1.4274 1600356340
1.3253999999999997 1600356340
1.3260999999999998 1600356340
1.2475 1600356340
1.2603999999999997 1600356340
1.3659 1600356340
1.1679 1600356340
1.2908 1600356340
1.2603999999999997 1600356340
1.3794999999999997 1600356340
1.1749999999999998 1600356340
1.2792 1600356340
1.3458999999999999 1600356340
1.254 1600356340
1.1892 1600356340
1.3483 1600356340
1.3779 1600356340
1.2218 1600356340
1.2795999999999998 1600356340
1.3281999999999998 1600356340
1.2631999999999999 1600356340
1.2567999999999997 1600356340
1.2656999999999998 1600356340
1.2491999999999996 1600356340
1.2288000000000001 1600356340
1.2877 1600356340
1.3187 1600356340
1.3277999999999999 1600356340
1.3460999999999999 1600356340
1.1515999999999997 1600356340
1.3628 1600356340
1.1686999999999999 1600356340
1.3882999999999996 1600356340
1.1753 1600356340
1.2258999999999998 1600356340
1.3344 1600356340
1.2666 1600356340
1.2784999999999997 1600356340
1.2464999999999997 1600356340
1.3779999999999997 1600356340
1.2670999999999997 1600356340
1.2456999999999998 1600356340
1.222 1600356340
1.1606999999999998 1600356340
1.2767999999999997 1600356340
1.2904999999999998 1600356340
1.2664999999999997 1600356340
1.278 1600356340
1.3279999999999998 1600356340
1.3268999999999997 1600356340
1.3780999999999999 1600356340
1.2674999999999996 1600356340
1.3699 1600356340
1.3161 1600356340
1.3255999999999997 1600356340
1.2561999999999998 1600356340
1.3245 1600356340
1.271 1600356340
1.2557 1600356340
1.1749999999999998 1600356340
1.4278999999999997 1600356340
1.2292999999999998 1600356340
1.3015999999999996 1600356340
1.2438000000000002 1600356340
1.3016999999999999 1600356340
1.2603 1600356340
1.3333999999999997 1600356340
1.2591999999999999 1600356340
1.2494999999999998 1600356340
1.1934 1600356340
1.2298999999999998 1600356340
1.2483999999999997 1600356340
1.1608 1600356340
1.2458 1600356340
1.3360999999999996 1600356340
1.1934999999999998 1600356340
1.1583999999999999 1600356340
1.2611999999999997 1600356340
1.3882999999999996 1600356340
0.7817 1600356340
1.2679999999999998 1600356340
1.3457 1600356340
1.3689 1600356340
1.2151999999999998 1600356340
1.3552999999999997 1600356340
1.2285999999999997 1600356340
1.3657999999999997 1600356340
1.2603999999999997 1600356340
1.3320999999999996 1600356340
1.2144 1600356340
1.2684000000000002 1600356340
1.2786 1600356340
1.3771999999999998 1600356340
1.1613000000000002 1600356340
1.3796 1600356340
1.2677999999999998 1600356340
1.2544999999999997 1600356340
1.2534999999999998 1600356340
1.1732999999999998 1600356340
1.2290999999999999 1600356340
1.2685999999999997 1600356340
1.3775 1600356340
1.1917999999999997 1600356340
1.2735999999999996 1600356340
1.1743999999999999 1600356340
1.2296 1600356340
1.2576999999999998 1600356340
1.2590999999999997 1600356340
1.3777 1600356340
1.1763999999999997 1600356340
1.2039999999999997 1600356340
1.2791000000000001 1600356340
1.2245 1600356340
1.3718999999999997 1600356340
1.1763 1600356340
1.3882999999999996 1600356340
1.3682999999999996 1600356340
1.3798999999999997 1600356340
1.1985999999999999 1600356340
1.0038 1600356340
1.2738999999999998 1600356340
1.2544 1600356340
1.2565999999999997 1600356340
1.3598 1600356340
1.2403999999999997 1600356340
1.3679999999999999 1600356340
1.2290999999999999 1600356340
1.2592999999999996 1600356340
1.3634 1600356340
1.2660999999999998 1600356340
1.279 1600356340
1.2090999999999998 1600356340
1.267 1600356340
1.2447 1600356340
1.2363999999999997 1600356340
1.2266 1600356340
1.2399999999999998 1600356340
1.2435 1600356340
1.2287 1600356340
1.2418999999999998 1600356340
1.2679 1600356340
1.2542999999999997 1600356340
1.1909999999999998 1600356340
1.3768000000000002 1600356340
1.3805999999999998 1600356340
1.2146 1600356340
1.2033 1600356340
1.2289999999999996 1600356340
1.2037 1600356340
1.3091 1600356340
1.2519 1600356340
1.1673 1600356340
1.1641 1600356340
1.2224 1600356340
1.2386999999999997 1600356340
1.3236999999999997 1600356340
1.3687 1600356340
1.2283999999999997 1600356340
1.2706999999999997 1600356340
1.3645 1600356340
1.3424 1600356340
1.3314 1600356340
1.3884999999999996 1600356340
1.3097999999999996 1600356340
1.2458999999999998 1600356340
1.2289999999999996 1600356340
1.3781999999999996 1600356340
1.2523999999999997 1600356340
1.3638 1600356340
1.2088999999999999 1600356340
1.2028999999999996 1600356340
1.2738999999999998 1600356340
1.1626999999999996 1600356340
1.2428999999999997 1600356340
1.2123 1600356340
1.3562999999999996 1600356340
1.3683999999999998 1600356340
1.3769 1600356340
1.1715999999999998 1600356340
1.1795 1600356340
1.2294999999999998 1600356340
1.3344 1600356340
1.271 1600356340
1.3872999999999998 1600356340
1.3771999999999998 1600356340
1.2090999999999998 1600356340
1.2035999999999998 1600356340
1.1932999999999998 1600356340
1.2289999999999996 1600356340
1.2368999999999999 1600356340
1.2683999999999997 1600356340
1.3796999999999997 1600356340
1.2243 1600356340
1.262 1600356340
1.3485 1600356340
1.1683999999999997 1600356340
1.1627999999999998 1600356340
1.2361999999999997 1600356340
1.3659999999999997 1600356340
1.2089999999999996 1600356340
1.2477 1600356340
1.3878 1600356340
1.2384 1600356340
1.2786 1600356340
1.3300999999999998 1600356340
1.2498999999999998 1600356340
1.214 1600356340
1.1917 1600356340
1.2702 1600356340
1.2292999999999998 1600356340
1.2674999999999996 1600356340
1.2031999999999998 1600356340
1.3426 1600356340
1.1603999999999997 1600356340
1.2662 1600356340
1.3257999999999996 1600356340
1.1915 1600356340
1.3781999999999996 1600356340
1.2218000000000002 1600356340
1.2226000000000001 1600356340
1.1936000000000002 1600356340
1.2466000000000002 1600356340
1.2875999999999999 1600356340
1.2287999999999997 1600356340
1.2041 1600356340
1.2348 1600356340
1.3695000000000002 1600356340
1.2389 1600356340
1.3692000000000002 1600356340
1.2685 1600356340
1.1902000000000001 1600356340
1.3692 1600356340
1.246 1600356340
1.3681 1600356340
1.3069000000000002 1600356340
1.3446000000000002 1600356340
1.346 1600356340
1.2459000000000002 1600356340
1.3683 1600356340
1.1559 1600356340
1.2218 1600356340
1.3462 1600356340
1.2454999999999998 1600356340
1.3688000000000002 1600356340
1.2519999999999998 1600356340
1.3346999999999998 1600356340
1.1951999999999998 1600356340
1.1542999999999997 1600356340
1.3798 1600356340
1.2920000000000003 1600356340
1.4276 1600356340
1.1626999999999996 1600356340
1.2477 1600356340
1.2393999999999998 1600356340
1.2201 1600356340
1.3881999999999999 1600356340
1.2677999999999998 1600356340
1.2033999999999998 1600356340
1.2851 1600356340
1.1743999999999999 1600356340
1.249 1600356340
1.2621000000000002 1600356340
1.4282 1600356340
1.2140999999999997 1600356340
1.3659 1600356340
1.3260999999999998 1600356340
1.3872 1600356340
1.2304 1600356340
1.3182999999999998 1600356340
1.2353999999999998 1600356340
1.2698 1600356340
1.2418999999999998 1600356340
1.1663999999999999 1600356340
1.3716999999999997 1600356340
1.2874999999999996 1600356340
1.2479 1600356340
1.3661999999999996 1600356340
1.2393999999999998 1600356340
1.2698999999999998 1600356340
1.3013999999999997 1600356340
1.1761999999999997 1600356340
1.3091 1600356340
