0.2753000000000001 1600347245
0.3507 1600347245
0.2802 1600347245
0.3377000000000001 1600347245
0.41359999999999997 1600347245
0.2781 1600347245
0.32620000000000005 1600347245
0.28049999999999997 1600347245
0.3307 1600347245
0.34040000000000004 1600347245
0.3004 1600347245
0.3296000000000001 1600347245
0.3405 1600347245
0.2997000000000001 1600347245
0.29079999999999995 1600347245
0.34040000000000004 1600347245
0.3077000000000001 1600347245
0.32830000000000004 1600347245
0.3245 1600347245
0.33550000000000013 1600347245
0.349 1600347245
0.24970000000000003 1600347245
0.4122000000000001 1600347245
0.32420000000000004 1600347245
0.2994000000000001 1600347245
0.34040000000000004 1600347245
0.30089999999999995 1600347245
0.33530000000000015 1600347245
0.3358000000000001 1600347245
0.33130000000000015 1600347245
0.30380000000000007 1600347245
0.30010000000000003 1600347245
0.28580000000000005 1600347245
0.27849999999999997 1600347245
0.3247 1600347245
0.32940000000000014 1600347245
0.2782 1600347245
0.33830000000000005 1600347245
0.41600000000000015 1600347245
0.25140000000000007 1600347245
0.32499999999999996 1600347245
0.3377000000000001 1600347245
0.3002 1600347245
0.3003 1600347245
0.2863 1600347245
0.33030000000000004 1600347245
0.2752000000000001 1600347245
0.4145000000000001 1600347245
0.34030000000000005 1600347245
0.28700000000000014 1600347245
0.30010000000000003 1600347245
0.32699999999999996 1600347245
0.4172 1600347245
0.3298000000000001 1600347245
0.33550000000000013 1600347245
0.3004 1600347245
0.30110000000000015 1600347245
0.3245 1600347245
0.33630000000000004 1600347245
0.2932000000000001 1600347245
0.32430000000000003 1600347245
0.3248 1600347245
0.274 1600347245
0.3015000000000001 1600347245
0.3406 1600347245
0.35529999999999995 1600347245
0.3247 1600347245
0.3588 1600347245
0.3298000000000001 1600347245
0.3247 1600347245
0.41490000000000005 1600347245
0.35340000000000016 1600347245
0.2903 1600347245
0.29900000000000015 1600347245
0.3265 1600347245
0.32489999999999997 1600347245
0.2510000000000001 1600347245
0.2943 1600347245
0.32509999999999994 1600347245
0.3357000000000001 1600347245
0.3377000000000001 1600347245
0.3498000000000001 1600347245
0.27859999999999996 1600347245
0.3096000000000001 1600347245
0.30000000000000004 1600347245
0.30069999999999997 1600347245
0.3349 1600347245
0.3438000000000001 1600347245
0.3255000000000001 1600347245
0.34020000000000006 1600347245
0.3024 1600347245
0.33810000000000007 1600347245
0.3377000000000001 1600347245
0.31310000000000016 1600347245
0.2459 1600347245
0.2752000000000001 1600347245
0.3247 1600347245
0.2996000000000001 1600347245
0.2189000000000001 1600347245
0.34919999999999995 1600347245
0.2795000000000001 1600347245
0.27590000000000003 1600347245
0.2824 1600347245
0.2751000000000001 1600347245
0.33750000000000013 1600347245
0.27490000000000014 1600347245
0.3380000000000001 1600347245
0.27480000000000016 1600347245
0.30079999999999996 1600347245
0.32520000000000016 1600347245
0.2863 1600347245
0.3356000000000001 1600347245
0.3348 1600347245
0.33909999999999996 1600347245
0.3377000000000001 1600347245
0.3248 1600347245
0.29990000000000006 1600347245
0.3258000000000001 1600347245
0.3529 1600347245
0.3276000000000001 1600347245
0.3882000000000001 1600347245
0.3417000000000001 1600347245
0.33919999999999995 1600347245
0.3244 1600347245
0.2997000000000001 1600347245
0.33550000000000013 1600347245
0.2993000000000001 1600347245
0.39139999999999997 1600347245
0.32889999999999997 1600347245
0.3006 1600347245
0.29720000000000013 1600347245
0.35519999999999996 1600347245
0.33620000000000005 1600347245
0.3304 1600347245
0.35960000000000014 1600347245
0.39190000000000014 1600347245
0.3600000000000001 1600347245
0.3386 1600347245
0.4173 1600347245
0.34030000000000005 1600347245
0.24290000000000012 1600347245
0.3418000000000001 1600347245
0.30089999999999995 1600347245
0.2774000000000001 1600347245
0.35970000000000013 1600347245
0.30010000000000003 1600347245
0.3264 1600347245
0.3095000000000001 1600347245
0.2743 1600347245
0.35129999999999995 1600347245
0.3832 1600347245
0.3367 1600347245
0.3285 1600347245
0.3405 1600347245
0.25870000000000015 1600347245
0.30810000000000004 1600347245
0.278 1600347245
0.34109999999999996 1600347245
0.3506 1600347245
0.3245 1600347245
0.41569999999999996 1600347245
0.3497000000000001 1600347245
0.35150000000000015 1600347245
0.34130000000000016 1600347245
0.2856000000000001 1600347245
0.2997000000000001 1600347245
0.23819999999999997 1600347245
0.3016000000000001 1600347245
0.30190000000000006 1600347245
0.33550000000000013 1600347245
0.2431000000000001 1600347245
0.3284 1600347245
0.28500000000000014 1600347245
0.3397000000000001 1600347245
0.34040000000000004 1600347245
0.33519999999999994 1600347245
0.359 1600347245
0.32730000000000015 1600347245
0.32520000000000016 1600347245
0.3359000000000001 1600347245
0.41690000000000005 1600347245
0.33630000000000004 1600347245
0.32509999999999994 1600347245
0.32509999999999994 1600347245
0.33620000000000005 1600347245
0.2995000000000001 1600347245
0.33540000000000014 1600347245
0.2997000000000001 1600347245
0.2954000000000001 1600347245
0.3356000000000001 1600347245
0.27469999999999994 1600347245
0.33540000000000014 1600347245
0.32489999999999997 1600347245
0.3002 1600347245
0.28980000000000006 1600347245
0.35119999999999996 1600347245
0.3408 1600347245
0.3023 1600347245
0.30079999999999996 1600347245
0.41610000000000014 1600347245
0.34030000000000005 1600347245
0.3006 1600347245
0.2854000000000001 1600347245
0.33430000000000004 1600347245
0.3035000000000001 1600347245
0.3349 1600347245
0.3833 1600347245
0.3258000000000001 1600347245
0.33520000000000016 1600347245
0.32489999999999997 1600347245
0.32540000000000013 1600347245
0.4131 1600347245
0.3015000000000001 1600347245
0.2994000000000001 1600347245
0.2752000000000001 1600347245
0.3298000000000001 1600347245
0.3238000000000001 1600347245
0.32520000000000016 1600347245
0.35030000000000006 1600347245
0.32420000000000004 1600347245
0.4163000000000001 1600347245
0.355 1600347245
0.3539000000000001 1600347245
0.3005 1600347245
0.2784 1600347245
0.3259000000000001 1600347245
0.3651 1600347245
0.32430000000000003 1600347245
0.32499999999999996 1600347245
0.355 1600347245
0.4155 1600347245
0.33530000000000015 1600347245
0.2510000000000001 1600347245
0.383 1600347245
0.2744 1600347245
0.3598000000000001 1600347245
0.3317000000000001 1600347245
0.41169999999999995 1600347245
0.3498000000000001 1600347245
0.2783 1600347245
0.3833 1600347245
0.3499000000000001 1600347245
0.32520000000000016 1600347245
0.34109999999999996 1600347245
0.27490000000000014 1600347245
0.30079999999999996 1600347245
0.27500000000000013 1600347245
0.3295000000000001 1600347245
0.25029999999999997 1600347245
0.3408 1600347245
0.3246 1600347245
0.30190000000000006 1600347245
0.3440000000000001 1600347245
0.34030000000000005 1600347245
0.2815000000000001 1600347245
0.34150000000000014 1600347245
0.27500000000000013 1600347245
0.24780000000000002 1600347245
0.2993000000000001 1600347245
0.3237000000000001 1600347245
0.32610000000000006 1600347245
0.30820000000000003 1600347245
0.32540000000000013 1600347245
0.33000000000000007 1600347245
0.4163000000000001 1600347245
0.2781 1600347245
0.3244 1600347245
0.3416000000000001 1600347245
0.3004 1600347245
0.34109999999999996 1600347245
0.3235000000000001 1600347245
0.3005 1600347245
0.34030000000000005 1600347245
0.3621000000000001 1600347245
0.32489999999999997 1600347245
0.41590000000000016 1600347245
0.30010000000000003 1600347245
0.3244 1600347245
0.3016000000000001 1600347245
0.29370000000000007 1600347245
0.3406 1600347245
0.32699999999999996 1600347245
0.3026 1600347245
0.2774000000000001 1600347245
0.33530000000000015 1600347245
0.278 1600347245
0.4162000000000001 1600347245
0.3439000000000001 1600347245
0.21730000000000005 1600347245
0.2915000000000001 1600347245
0.4144000000000001 1600347245
0.24609999999999999 1600347245
0.29370000000000007 1600347245
0.4171 1600347245
0.2771000000000001 1600347245
0.2905 1600347245
0.28049999999999997 1600347245
0.29370000000000007 1600347245
0.27670000000000017 1600347245
0.2923 1600347245
0.3245 1600347245
0.2804 1600347245
0.3298000000000001 1600347245
0.33630000000000004 1600347245
0.24619999999999997 1600347245
0.31279999999999997 1600347245
0.3380000000000001 1600347245
0.33540000000000014 1600347245
0.30090000000000017 1600347245
0.30079999999999996 1600347245
0.35950000000000015 1600347245
0.30310000000000015 1600347245
0.4155 1600347245
0.35309999999999997 1600347245
0.29370000000000007 1600347245
0.28190000000000004 1600347245
0.3598000000000001 1600347245
0.34030000000000005 1600347245
0.35440000000000005 1600347245
0.2944 1600347245
0.3002 1600347245
0.32489999999999997 1600347245
0.3379000000000001 1600347245
0.30300000000000016 1600347245
0.3346 1600347245
0.35960000000000014 1600347245
0.3257000000000001 1600347245
0.33640000000000003 1600347245
0.3356000000000001 1600347245
0.34120000000000017 1600347245
0.21910000000000007 1600347245
0.3406 1600347245
0.3345 1600347245
0.41670000000000007 1600347245
0.3385 1600347245
0.25 1600347245
0.2751000000000001 1600347245
0.3348 1600347245
0.33420000000000005 1600347245
0.27780000000000005 1600347245
0.33750000000000013 1600347245
0.3379000000000001 1600347245
0.3499000000000001 1600347245
0.30100000000000016 1600347245
0.3256000000000001 1600347245
0.3255000000000001 1600347245
0.3259000000000001 1600347245
0.33519999999999994 1600347245
0.3436000000000001 1600347245
0.3246 1600347245
0.34319999999999995 1600347245
0.27469999999999994 1600347245
0.32400000000000007 1600347245
0.24850000000000017 1600347245
0.3104 1600347245
0.32509999999999994 1600347245
0.34120000000000017 1600347245
0.35939999999999994 1600347245
0.2996000000000001 1600347245
0.34020000000000006 1600347245
0.33140000000000014 1600347245
0.4123000000000001 1600347245
0.34020000000000006 1600347245
0.3360000000000001 1600347245
0.3015000000000001 1600347245
0.41600000000000015 1600347245
0.278 1600347245
0.34109999999999996 1600347245
0.33620000000000005 1600347245
0.3288 1600347245
0.3003 1600347245
0.34030000000000005 1600347245
0.2997000000000001 1600347245
0.3258000000000001 1600347245
0.41470000000000007 1600347245
0.32940000000000014 1600347245
0.3358000000000001 1600347245
0.24540000000000006 1600347245
0.34119999999999995 1600347245
0.34230000000000005 1600347245
0.34120000000000017 1600347245
0.33509999999999995 1600347245
0.41400000000000015 1600347245
0.30089999999999995 1600347245
0.27690000000000015 1600347245
0.33520000000000016 1600347245
0.4142000000000001 1600347245
0.28170000000000006 1600347245
0.3279000000000001 1600347245
0.32910000000000017 1600347245
0.24770000000000003 1600347245
0.30010000000000003 1600347245
0.30069999999999997 1600347245
0.28280000000000016 1600347245
0.27490000000000014 1600347245
0.30100000000000016 1600347245
0.2804 1600347245
0.3098000000000001 1600347245
0.29920000000000013 1600347245
0.3880000000000001 1600347245
0.30210000000000004 1600347245
0.34020000000000006 1600347245
0.3276000000000001 1600347245
0.3406 1600347245
0.33610000000000007 1600347245
0.3405 1600347245
0.3247 1600347245
0.3338000000000001 1600347245
0.41369999999999996 1600347245
0.3357000000000001 1600347245
0.24490000000000012 1600347245
0.21830000000000016 1600347245
0.3417000000000001 1600347245
0.3500000000000001 1600347245
0.33810000000000007 1600347245
0.4134 1600347245
0.3419000000000001 1600347245
0.31120000000000014 1600347245
0.30069999999999997 1600347245
0.34150000000000014 1600347245
0.3002 1600347245
0.2804 1600347245
0.34950000000000014 1600347245
0.3407 1600347245
0.3006 1600347245
0.3379000000000001 1600347245
0.33150000000000013 1600347245
0.30069999999999997 1600347245
0.3599000000000001 1600347245
0.32920000000000016 1600347245
0.33550000000000013 1600347245
0.32489999999999997 1600347245
0.2784 1600347245
0.32420000000000004 1600347245
0.3408 1600347245
0.39139999999999997 1600347245
0.32489999999999997 1600347245
0.2924 1600347245
0.30699999999999994 1600347245
0.3428 1600347245
0.3600000000000001 1600347245
0.3359000000000001 1600347245
0.30000000000000004 1600347245
0.30279999999999996 1600347245
0.27480000000000016 1600347245
0.3026 1600347245
0.3104 1600347245
0.25870000000000015 1600347245
0.33610000000000007 1600347245
0.32620000000000005 1600347245
0.31000000000000005 1600347245
0.2782 1600347245
0.33509999999999995 1600347245
0.3408 1600347245
0.3357000000000001 1600347245
0.38270000000000004 1600347245
0.3358000000000001 1600347245
0.2854000000000001 1600347245
0.30790000000000006 1600347245
0.33530000000000015 1600347245
0.3506 1600347245
0.41610000000000014 1600347245
0.4164000000000001 1600347245
0.28190000000000004 1600347245
0.3345 1600347245
0.3248 1600347245
0.29920000000000013 1600347245
0.33550000000000013 1600347245
0.32410000000000005 1600347245
0.3378000000000001 1600347245
0.2583 1600347245
0.3025 1600347245
0.2936000000000001 1600347245
0.4144000000000001 1600347245
0.23750000000000004 1600347245
0.35929999999999995 1600347245
0.3420000000000001 1600347245
0.3379000000000001 1600347245
0.2782 1600347245
0.35450000000000004 1600347245
0.4164000000000001 1600347245
0.27760000000000007 1600347245
0.28590000000000004 1600347245
0.27980000000000005 1600347245
0.3365 1600347245
0.3246 1600347245
0.3002 1600347245
0.33620000000000005 1600347245
0.33509999999999995 1600347245
0.3426 1600347245
0.3284 1600347245
0.30689999999999995 1600347245
0.4144000000000001 1600347245
0.3246 1600347245
0.3267 1600347245
0.28049999999999997 1600347245
0.34960000000000013 1600347245
0.32600000000000007 1600347245
0.32620000000000005 1600347245
0.41579999999999995 1600347245
0.41559999999999997 1600347245
0.2782 1600347245
0.3316000000000001 1600347245
0.3006 1600347245
0.3366 1600347245
0.2862 1600347245
0.3598000000000001 1600347245
0.29390000000000005 1600347245
0.34240000000000004 1600347245
0.4164000000000001 1600347245
0.33550000000000013 1600347245
0.3408 1600347245
