0.3227 1600347567
0.3942000000000001 1600347567
0.2544000000000002 1600347567
0.43000000000000016 1600347567
0.3207 1600347567
0.3611000000000002 1600347567
0.40700000000000003 1600347567
0.2543000000000002 1600347567
0.4292 1600347567
0.3517000000000001 1600347567
0.2673000000000001 1600347567
0.3189000000000002 1600347567
0.4333 1600347567
0.24280000000000013 1600347567
0.4034000000000002 1600347567
0.41880000000000006 1600347567
0.25250000000000017 1600347567
0.3198000000000001 1600347567
0.3349000000000002 1600347567
0.32030000000000003 1600347567
0.28510000000000013 1600347567
0.4021000000000001 1600347567
0.43500000000000005 1600347567
0.3350000000000002 1600347567
0.30500000000000016 1600347567
0.41910000000000003 1600347567
0.2451000000000001 1600347567
0.3297000000000001 1600347567
0.3209000000000002 1600347567
0.33740000000000014 1600347567
0.3205 1600347567
0.24409999999999998 1600347567
0.3610000000000002 1600347567
0.33320000000000016 1600347567
0.39590000000000014 1600347567
0.4215 1600347567
0.3609 1600347567
0.49960000000000004 1600347567
0.32130000000000014 1600347567
0.3983000000000001 1600347567
0.2665000000000002 1600347567
0.482 1600347567
0.2422000000000002 1600347567
0.24740000000000006 1600347567
0.3613000000000002 1600347567
0.28290000000000015 1600347567
0.35140000000000016 1600347567
0.3218000000000001 1600347567
0.3520000000000001 1600347567
0.5088000000000001 1600347567
0.24970000000000003 1600347567
0.33320000000000016 1600347567
0.43520000000000003 1600347567
0.2833000000000001 1600347567
0.4297000000000002 1600347567
0.3105 1600347567
0.24670000000000014 1600347567
0.35140000000000016 1600347567
0.31920000000000015 1600347567
0.4043000000000001 1600347567
0.39970000000000017 1600347567
0.3943000000000001 1600347567
0.3346 1600347567
0.31790000000000007 1600347567
0.41900000000000004 1600347567
0.32200000000000006 1600347567
0.3380000000000001 1600347567
0.40280000000000005 1600347567
0.3104 1600347567
0.31940000000000013 1600347567
0.32200000000000006 1600347567
0.43510000000000004 1600347567
0.3831 1600347567
0.2902 1600347567
0.4024000000000001 1600347567
0.3996000000000002 1600347567
0.5001 1600347567
0.2544000000000002 1600347567
0.2996000000000001 1600347567
0.31930000000000014 1600347567
0.34230000000000005 1600347567
0.399 1600347567
0.3613000000000002 1600347567
0.39890000000000003 1600347567
0.3106 1600347567
0.3107000000000002 1600347567
0.25260000000000016 1600347567
0.3346 1600347567
0.31910000000000016 1600347567
0.42990000000000017 1600347567
0.3054000000000001 1600347567
0.4359000000000002 1600347567
0.3199000000000001 1600347567
0.3418000000000001 1600347567
0.41700000000000004 1600347567
0.3517000000000001 1600347567
0.3185 1600347567
0.24430000000000018 1600347567
0.5009000000000001 1600347567
0.32220000000000004 1600347567
0.3188000000000002 1600347567
0.4002000000000001 1600347567
0.3351000000000002 1600347567
0.3511000000000002 1600347567
0.43500000000000005 1600347567
0.3517000000000001 1600347567
0.4184000000000001 1600347567
0.3519000000000001 1600347567
0.24260000000000015 1600347567
0.3185 1600347567
0.3612000000000002 1600347567
0.3184 1600347567
0.2519 1600347567
0.3318000000000001 1600347567
0.43020000000000014 1600347567
0.399 1600347567
0.3103 1600347567
0.2835000000000001 1600347567
0.32220000000000004 1600347567
0.33320000000000016 1600347567
0.4023000000000001 1600347567
0.4298000000000002 1600347567
0.4910000000000001 1600347567
0.3349000000000002 1600347567
0.3088000000000002 1600347567
0.2519 1600347567
0.30520000000000014 1600347567
0.4213 1600347567
0.25260000000000016 1600347567
0.3108000000000002 1600347567
0.3217000000000001 1600347567
0.4526000000000001 1600347567
0.3210000000000002 1600347567
0.25370000000000004 1600347567
0.4072 1600347567
0.40700000000000003 1600347567
0.2914000000000001 1600347567
0.48140000000000005 1600347567
0.4353 1600347567
0.4175 1600347567
0.3863000000000001 1600347567
0.4298000000000002 1600347567
0.29290000000000016 1600347567
0.3331000000000002 1600347567
0.4244000000000001 1600347567
0.29980000000000007 1600347567
0.3331000000000002 1600347567
0.48750000000000004 1600347567
0.3348 1600347567
0.39880000000000004 1600347567
0.33320000000000016 1600347567
0.43520000000000003 1600347567
0.3206 1600347567
0.4337000000000002 1600347567
0.3853000000000002 1600347567
0.25250000000000017 1600347567
0.3519000000000001 1600347567
0.3350000000000002 1600347567
0.40060000000000007 1600347567
0.3519000000000001 1600347567
0.3217000000000001 1600347567
0.40000000000000013 1600347567
0.40600000000000014 1600347567
0.39980000000000016 1600347567
0.3613000000000002 1600347567
0.2431000000000001 1600347567
0.399 1600347567
0.242 1600347567
0.4184000000000001 1600347567
0.2542000000000002 1600347567
0.38470000000000004 1600347567
0.5006000000000002 1600347567
0.48740000000000006 1600347567
0.4293 1600347567
0.3994000000000002 1600347567
0.2524000000000002 1600347567
0.33320000000000016 1600347567
0.2834000000000001 1600347567
0.3128000000000002 1600347567
0.40190000000000015 1600347567
0.3218000000000001 1600347567
0.33750000000000013 1600347567
0.3956000000000002 1600347567
0.40000000000000013 1600347567
0.3204 1600347567
0.3094000000000001 1600347567
0.4297000000000002 1600347567
0.2894000000000001 1600347567
0.5007000000000001 1600347567
0.2533000000000001 1600347567
0.3956000000000002 1600347567
0.43010000000000015 1600347567
0.3955000000000002 1600347567
0.3108000000000002 1600347567
0.3612000000000002 1600347567
0.39870000000000005 1600347567
0.4338000000000002 1600347567
0.3129000000000002 1600347567
0.3107000000000002 1600347567
0.4688000000000001 1600347567
0.4183000000000001 1600347567
0.25260000000000016 1600347567
0.3613000000000002 1600347567
0.3158000000000001 1600347567
0.32030000000000003 1600347567
0.25260000000000016 1600347567
0.4236000000000002 1600347567
0.33330000000000015 1600347567
0.3156000000000001 1600347567
0.3521000000000001 1600347567
0.3109000000000002 1600347567
0.3205 1600347567
0.31800000000000006 1600347567
0.2402000000000002 1600347567
0.3511000000000002 1600347567
0.29100000000000015 1600347567
0.3350000000000002 1600347567
0.3390000000000002 1600347567
0.39600000000000013 1600347567
0.3518000000000001 1600347567
0.43520000000000003 1600347567
0.3207 1600347567
0.25280000000000014 1600347567
0.2994000000000001 1600347567
0.41670000000000007 1600347567
0.3398000000000001 1600347567
0.4237000000000002 1600347567
0.39890000000000003 1600347567
0.3386 1600347567
0.25250000000000017 1600347567
0.46840000000000015 1600347567
0.25260000000000016 1600347567
0.5088000000000001 1600347567
0.42390000000000017 1600347567
0.35160000000000013 1600347567
0.42220000000000013 1600347567
0.3541000000000001 1600347567
0.3208000000000002 1600347567
0.39990000000000014 1600347567
0.2541 1600347567
0.40690000000000004 1600347567
0.40090000000000003 1600347567
0.3406 1600347567
0.3996000000000002 1600347567
0.3518000000000001 1600347567
0.2894000000000001 1600347567
0.3852 1600347567
0.3206 1600347567
0.4025000000000001 1600347567
0.48120000000000007 1600347567
0.39570000000000016 1600347567
0.4171 1600347567
0.39980000000000016 1600347567
0.4184000000000001 1600347567
0.3512000000000002 1600347567
0.4298000000000002 1600347567
0.35140000000000016 1600347567
0.403 1600347567
0.24360000000000004 1600347567
0.3518000000000001 1600347567
0.2834000000000001 1600347567
0.2543000000000002 1600347567
0.3411000000000002 1600347567
0.3329000000000002 1600347567
0.3219000000000001 1600347567
0.399 1600347567
0.3995000000000002 1600347567
0.4156000000000002 1600347567
0.2450000000000001 1600347567
0.41610000000000014 1600347567
0.4001000000000001 1600347567
0.24630000000000019 1600347567
0.43420000000000014 1600347567
0.4236000000000002 1600347567
0.33520000000000016 1600347567
0.45230000000000015 1600347567
0.3104 1600347567
0.35220000000000007 1600347567
0.31220000000000003 1600347567
0.40370000000000017 1600347567
0.4166000000000001 1600347567
0.2834000000000001 1600347567
0.41690000000000005 1600347567
0.3609 1600347567
0.3250000000000002 1600347567
0.361 1600347567
0.32130000000000014 1600347567
0.40000000000000013 1600347567
0.4879 1600347567
0.38480000000000003 1600347567
0.32200000000000006 1600347567
0.3851 1600347567
0.4163000000000001 1600347567
0.3218000000000001 1600347567
0.3831 1600347567
0.3612000000000002 1600347567
0.3608 1600347567
0.3659000000000001 1600347567
0.35160000000000013 1600347567
0.3228000000000002 1600347567
0.3127000000000002 1600347567
0.3612000000000002 1600347567
0.40700000000000003 1600347567
0.3188000000000002 1600347567
0.35140000000000016 1600347567
0.3186 1600347567
0.4348000000000001 1600347567
0.3297000000000001 1600347567
0.2997000000000001 1600347567
0.24320000000000008 1600347567
0.40280000000000005 1600347567
0.24550000000000005 1600347567
0.3219000000000001 1600347567
0.4354 1600347567
0.31120000000000014 1600347567
0.35130000000000017 1600347567
0.2834000000000001 1600347567
0.3349000000000002 1600347567
0.45220000000000016 1600347567
0.2853000000000001 1600347567
0.3108000000000002 1600347567
0.33520000000000016 1600347567
0.4345000000000001 1600347567
0.3184 1600347567
0.2538 1600347567
0.4072 1600347567
0.33330000000000015 1600347567
0.31610000000000005 1600347567
0.43010000000000015 1600347567
0.5002000000000002 1600347567
0.5003000000000002 1600347567
0.4198000000000002 1600347567
0.3218000000000001 1600347567
0.3215000000000001 1600347567
0.4818 1600347567
0.5006000000000002 1600347567
0.39580000000000015 1600347567
0.252 1600347567
0.3185 1600347567
0.3771 1600347567
0.43000000000000016 1600347567
0.33810000000000007 1600347567
0.4002000000000001 1600347567
0.31330000000000013 1600347567
0.3580000000000001 1600347567
0.3396000000000001 1600347567
0.3351000000000002 1600347567
0.2544000000000002 1600347567
0.4002000000000001 1600347567
0.3995000000000002 1600347567
0.4345000000000001 1600347567
0.35150000000000015 1600347567
0.3509000000000002 1600347567
0.5010000000000001 1600347567
0.41670000000000007 1600347567
0.3351000000000002 1600347567
0.49970000000000003 1600347567
0.4243000000000001 1600347567
0.28970000000000007 1600347567
0.4003000000000001 1600347567
0.3196000000000001 1600347567
0.3218000000000001 1600347567
0.3993 1600347567
0.3154000000000001 1600347567
0.31730000000000014 1600347567
0.32200000000000006 1600347567
0.4192 1600347567
0.4338000000000002 1600347567
0.3156000000000001 1600347567
0.3578000000000001 1600347567
0.24640000000000017 1600347567
0.3520000000000001 1600347567
0.43490000000000006 1600347567
0.2834000000000001 1600347567
0.32220000000000004 1600347567
0.43520000000000003 1600347567
0.3198000000000001 1600347567
0.38370000000000015 1600347567
0.4295 1600347567
0.5004000000000002 1600347567
0.49940000000000007 1600347567
0.25260000000000016 1600347567
0.4688000000000001 1600347567
0.2531000000000001 1600347567
0.3774000000000002 1600347567
0.4525000000000001 1600347567
0.32200000000000006 1600347567
0.35130000000000017 1600347567
0.4025000000000001 1600347567
0.2833000000000001 1600347567
0.5010000000000001 1600347567
0.5008000000000001 1600347567
0.3106000000000002 1600347567
0.38460000000000005 1600347567
0.4022000000000001 1600347567
0.5004000000000002 1600347567
0.3843000000000001 1600347567
0.4035000000000002 1600347567
0.2442000000000002 1600347567
0.3207 1600347567
0.3116000000000001 1600347567
0.4296 1600347567
0.3331000000000002 1600347567
0.4172 1600347567
0.3187 1600347567
0.3996000000000002 1600347567
0.3351000000000002 1600347567
0.35420000000000007 1600347567
0.3219000000000001 1600347567
0.4354 1600347567
0.3854000000000002 1600347567
0.5004000000000002 1600347567
0.35420000000000007 1600347567
0.39600000000000013 1600347567
0.4293 1600347567
0.32140000000000013 1600347567
0.43000000000000016 1600347567
0.3183 1600347567
0.24120000000000008 1600347567
0.49970000000000003 1600347567
0.24570000000000003 1600347567
0.25260000000000016 1600347567
0.3956000000000002 1600347567
0.4166000000000001 1600347567
0.3086 1600347567
0.43010000000000015 1600347567
0.31510000000000016 1600347567
0.3103 1600347567
0.2833000000000001 1600347567
0.31320000000000014 1600347567
0.4133 1600347567
0.26280000000000014 1600347567
0.3416000000000001 1600347567
0.3521000000000001 1600347567
0.43410000000000015 1600347567
0.40680000000000005 1600347567
0.3115000000000001 1600347567
0.254 1600347567
0.4193 1600347567
0.4307000000000001 1600347567
0.33320000000000016 1600347567
0.35440000000000005 1600347567
0.3096000000000001 1600347567
0.33820000000000006 1600347567
0.40000000000000013 1600347567
0.43320000000000003 1600347567
0.3217000000000001 1600347567
0.41680000000000006 1600347567
0.4823000000000002 1600347567
0.3106 1600347567
0.32200000000000006 1600347567
0.379 1600347567
0.3438000000000001 1600347567
0.43500000000000005 1600347567
0.3196000000000001 1600347567
0.4233 1600347567
0.3379000000000001 1600347567
0.361 1600347567
0.25250000000000017 1600347567
0.40170000000000017 1600347567
0.3991 1600347567
0.32140000000000013 1600347567
0.32200000000000006 1600347567
0.3349000000000002 1600347567
0.3419000000000001 1600347567
0.2996000000000001 1600347567
0.3096000000000001 1600347567
0.48240000000000016 1600347567
0.3350000000000002 1600347567
0.4292 1600347567
0.38450000000000006 1600347567
0.28910000000000013 1600347567
0.3779000000000001 1600347567
0.32130000000000014 1600347567
0.40390000000000015 1600347567
0.40700000000000003 1600347567
0.4294 1600347567
0.482 1600347567
0.2542000000000002 1600347567
0.45240000000000014 1600347567
0.3219000000000001 1600347567
0.3612000000000002 1600347567
0.361 1600347567
0.361 1600347567
0.4356 1600347567
0.2544000000000002 1600347567
0.25 1600347567
0.43520000000000003 1600347567
0.3190000000000002 1600347567
0.4023000000000001 1600347567
0.3578000000000001 1600347567
0.4195 1600347567
0.32210000000000005 1600347567
0.31310000000000016 1600347567
0.28300000000000014 1600347567
0.3612000000000002 1600347567
0.4066000000000001 1600347567
0.3117000000000001 1600347567
0.40060000000000007 1600347567
0.4687000000000001 1600347567
0.3219000000000001 1600347567
0.3612000000000002 1600347567
0.3549 1600347567
0.24370000000000003 1600347567
0.4344000000000001 1600347567
0.37760000000000016 1600347567
0.33320000000000016 1600347567
0.4165000000000001 1600347567
0.43010000000000015 1600347567
0.32210000000000005 1600347567
0.43010000000000015 1600347567
0.49940000000000007 1600347567
