0.438 1600346925
0.4964 1600346925
0.4459 1600346925
0.5213999999999999 1600346925
0.6461999999999999 1600346925
0.36189999999999994 1600346925
0.4683 1600346925
0.4703 1600346925
0.5972999999999999 1600346925
0.437 1600346925
0.4964 1600346925
0.6306 1600346925
0.39020000000000005 1600346925
0.4055 1600346925
0.4247 1600346925
0.39109999999999995 1600346925
0.49520000000000003 1600346925
0.6163999999999998 1600346925
0.438 1600346925
0.3959 1600346925
0.5782 1600346925
0.3573 1600346925
0.5815999999999999 1600346925
0.43760000000000004 1600346925
0.6156999999999999 1600346925
0.42660000000000003 1600346925
0.6165 1600346925
0.47979999999999995 1600346925
0.5972999999999999 1600346925
0.4389 1600346925
0.4068 1600346925
0.5550999999999999 1600346925
0.4388 1600346925
0.3837 1600346925
0.4741 1600346925
0.3542 1600346925
0.3837 1600346925
0.39430000000000004 1600346925
0.5789 1600346925
0.32249999999999995 1600346925
0.6302999999999999 1600346925
0.5973999999999999 1600346925
0.5549 1600346925
0.6159999999999999 1600346925
0.4594 1600346925
0.3626 1600346925
0.43839999999999996 1600346925
0.5807 1600346925
0.4371 1600346925
0.39440000000000003 1600346925
0.5548 1600346925
0.3552 1600346925
0.6461999999999999 1600346925
0.3818 1600346925
0.47979999999999995 1600346925
0.6163999999999998 1600346925
0.4966 1600346925
0.437 1600346925
0.43939999999999996 1600346925
0.4693 1600346925
0.5849 1600346925
0.4654 1600346925
0.43659999999999993 1600346925
0.6159999999999999 1600346925
0.39130000000000004 1600346925
0.5794999999999999 1600346925
0.6152 1600346925
0.4684 1600346925
0.6185 1600346925
0.6155999999999999 1600346925
0.5786 1600346925
0.6460999999999999 1600346925
0.5642 1600346925
0.6154 1600346925
0.46859999999999996 1600346925
0.43729999999999997 1600346925
0.40299999999999997 1600346925
0.4956 1600346925
0.6303999999999998 1600346925
0.5218 1600346925
0.48059999999999997 1600346925
0.4965 1600346925
0.4241 1600346925
0.3223 1600346925
0.6154 1600346925
0.42960000000000004 1600346925
0.4711 1600346925
0.43670000000000003 1600346925
0.6183999999999998 1600346925
0.5225 1600346925
0.6158999999999999 1600346925
0.5972999999999999 1600346925
0.48079999999999995 1600346925
0.44580000000000003 1600346925
0.3906 1600346925
0.43870000000000003 1600346925
0.6155999999999999 1600346925
0.6149 1600346925
0.35269999999999996 1600346925
0.5811 1600346925
0.3704 1600346925
0.43829999999999997 1600346925
0.44060000000000005 1600346925
0.438 1600346925
0.48069999999999996 1600346925
0.43829999999999997 1600346925
0.37299999999999994 1600346925
0.43759999999999993 1600346925
0.6165 1600346925
0.6162999999999998 1600346925
0.4249 1600346925
0.39609999999999995 1600346925
0.49579999999999996 1600346925
0.38330000000000003 1600346925
0.48100000000000004 1600346925
0.4371 1600346925
0.6154 1600346925
0.4691 1600346925
0.5806 1600346925
0.437 1600346925
0.4852 1600346925
0.4794 1600346925
0.40709999999999996 1600346925
0.4372 1600346925
0.6186 1600346925
0.4713 1600346925
0.3904 1600346925
0.4762 1600346925
0.6800999999999999 1600346925
0.6163999999999998 1600346925
0.6462999999999999 1600346925
0.5794999999999999 1600346925
0.5226999999999999 1600346925
0.5776999999999999 1600346925
0.46859999999999996 1600346925
0.4762 1600346925
0.4814 1600346925
0.3653 1600346925
0.5809 1600346925
0.42729999999999996 1600346925
0.27240000000000003 1600346925
0.4794 1600346925
0.5544 1600346925
0.3835 1600346925
0.4682 1600346925
0.6157999999999999 1600346925
0.37710000000000005 1600346925
0.36789999999999995 1600346925
0.4371 1600346925
0.43770000000000003 1600346925
0.4812 1600346925
0.5969 1600346925
0.6460999999999999 1600346925
0.42650000000000005 1600346925
0.40399999999999997 1600346925
0.44549999999999995 1600346925
0.47179999999999994 1600346925
0.43870000000000003 1600346925
0.46549999999999997 1600346925
0.43759999999999993 1600346925
0.5802 1600346925
0.4371 1600346925
0.5208999999999999 1600346925
0.43860000000000005 1600346925
0.32049999999999995 1600346925
0.43839999999999996 1600346925
0.32259999999999994 1600346925
0.6158999999999999 1600346925
0.37079999999999996 1600346925
0.5701 1600346925
0.34790000000000004 1600346925
0.39330000000000004 1600346925
0.35179999999999995 1600346925
0.39609999999999995 1600346925
0.4368 1600346925
0.5795999999999999 1600346925
0.3905 1600346925
0.46900000000000003 1600346925
0.6153 1600346925
0.47959999999999997 1600346925
0.5814999999999999 1600346925
0.39599999999999996 1600346925
0.43760000000000004 1600346925
0.4378 1600346925
0.5208999999999999 1600346925
0.49620000000000003 1600346925
0.47959999999999997 1600346925
0.6305999999999998 1600346925
0.37610000000000005 1600346925
0.5794999999999999 1600346925
0.44070000000000004 1600346925
0.5217999999999998 1600346925
0.43760000000000004 1600346925
0.6157999999999999 1600346925
0.4914 1600346925
0.5848 1600346925
0.42739999999999995 1600346925
0.6156999999999999 1600346925
0.42960000000000004 1600346925
0.5789 1600346925
0.3834 1600346925
0.4966 1600346925
0.5027999999999999 1600346925
0.48069999999999996 1600346925
0.4067 1600346925
0.4956 1600346925
0.3977 1600346925
0.46849999999999997 1600346925
0.47990000000000005 1600346925
0.43770000000000003 1600346925
0.6301999999999999 1600346925
0.5803 1600346925
0.6159999999999999 1600346925
0.5547 1600346925
0.4714 1600346925
0.3786 1600346925
0.43839999999999996 1600346925
0.6186 1600346925
0.4712 1600346925
0.43729999999999997 1600346925
0.6453 1600346925
0.5786 1600346925
0.49500000000000005 1600346925
0.4964 1600346925
0.3838 1600346925
0.6196999999999999 1600346925
0.4692 1600346925
0.4714 1600346925
0.6154 1600346925
0.44570000000000004 1600346925
0.5881999999999998 1600346925
0.47069999999999995 1600346925
0.3744 1600346925
0.47600000000000003 1600346925
0.4371 1600346925
0.3905 1600346925
0.5975999999999999 1600346925
0.6458999999999999 1600346925
0.4372 1600346925
0.5704 1600346925
0.4762 1600346925
0.44049999999999995 1600346925
0.6155999999999999 1600346925
0.5799999999999998 1600346925
0.43829999999999997 1600346925
0.6302999999999999 1600346925
0.37610000000000005 1600346925
0.5778999999999999 1600346925
0.35690000000000005 1600346925
0.39030000000000004 1600346925
0.4714 1600346925
0.37120000000000003 1600346925
0.5033000000000001 1600346925
0.44880000000000003 1600346925
0.437 1600346925
0.5214999999999999 1600346925
0.437 1600346925
0.33890000000000003 1600346925
0.6154999999999999 1600346925
0.4714 1600346925
0.43770000000000003 1600346925
0.5813999999999999 1600346925
0.6151 1600346925
0.48510000000000003 1600346925
0.5791 1600346925
0.3091 1600346925
0.4371 1600346925
0.3825 1600346925
0.6161999999999999 1600346925
0.44839999999999997 1600346925
0.4371 1600346925
0.6162999999999998 1600346925
0.4794 1600346925
0.4813 1600346925
0.4378 1600346925
0.5791 1600346925
0.5550999999999999 1600346925
0.4378 1600346925
0.6160999999999999 1600346925
0.4694 1600346925
0.44880000000000003 1600346925
0.3572 1600346925
0.39109999999999995 1600346925
0.3706 1600346925
0.44560000000000005 1600346925
0.5026999999999999 1600346925
0.5794999999999999 1600346925
0.48059999999999997 1600346925
0.34779999999999994 1600346925
0.4916 1600346925
0.6451 1600346925
0.33049999999999996 1600346925
0.5694999999999999 1600346925
0.6458999999999999 1600346925
0.36469999999999997 1600346925
0.5025999999999999 1600346925
0.5643 1600346925
0.38609999999999994 1600346925
0.43870000000000003 1600346925
0.5783 1600346925
0.6308 1600346925
0.5029999999999999 1600346925
0.3817 1600346925
0.5976999999999999 1600346925
0.3309 1600346925
0.4459 1600346925
0.5972 1600346925
0.47979999999999995 1600346925
0.5544 1600346925
0.6197999999999999 1600346925
0.46869999999999995 1600346925
0.6155999999999999 1600346925
0.5787 1600346925
0.6458999999999999 1600346925
0.40540000000000004 1600346925
0.4372 1600346925
0.48500000000000004 1600346925
0.4372 1600346925
0.5791999999999999 1600346925
0.5780999999999998 1600346925
0.6160999999999999 1600346925
0.43770000000000003 1600346925
0.5972999999999999 1600346925
0.6153 1600346925
0.5787 1600346925
0.3884 1600346925
0.46869999999999995 1600346925
0.4811 1600346925
0.5219 1600346925
0.47600000000000003 1600346925
0.33859999999999996 1600346925
0.3907 1600346925
0.4705 1600346925
0.6463999999999999 1600346925
0.5219 1600346925
0.38999999999999996 1600346925
0.438 1600346925
0.4712 1600346925
0.5973999999999999 1600346925
0.4239 1600346925
0.48090000000000005 1600346925
0.4811 1600346925
0.4368 1600346925
0.4047 1600346925
0.35500000000000004 1600346925
0.6308 1600346925
0.43749999999999994 1600346925
0.5788 1600346925
0.5455999999999999 1600346925
0.4382 1600346925
0.5212999999999999 1600346925
0.437 1600346925
0.4713 1600346925
0.40399999999999997 1600346925
0.39089999999999997 1600346925
0.43749999999999994 1600346925
0.3897 1600346925
0.4854 1600346925
0.6301999999999999 1600346925
0.437 1600346925
0.5228999999999999 1600346925
0.6471 1600346925
0.5457999999999998 1600346925
0.43939999999999996 1600346925
0.6161999999999999 1600346925
0.5791 1600346925
0.3706 1600346925
0.429 1600346925
0.43929999999999997 1600346925
0.3573 1600346925
0.6160999999999999 1600346925
0.437 1600346925
0.6459999999999999 1600346925
0.4853 1600346925
0.5793999999999999 1600346925
0.5817999999999999 1600346925
0.4392 1600346925
0.3309 1600346925
0.5210999999999999 1600346925
0.39020000000000005 1600346925
0.46469999999999995 1600346925
0.5703 1600346925
0.5807 1600346925
0.6164999999999998 1600346925
0.37099999999999994 1600346925
0.45770000000000005 1600346925
0.5804 1600346925
0.4369 1600346925
0.38220000000000004 1600346925
0.38130000000000003 1600346925
0.33949999999999997 1600346925
0.4016 1600346925
0.3927 1600346925
0.3885 1600346925
0.40319999999999995 1600346925
0.3864 1600346925
0.3826 1600346925
0.3222 1600346925
0.5546 1600346925
0.6458999999999999 1600346925
0.6163999999999998 1600346925
0.47959999999999997 1600346925
0.36920000000000003 1600346925
0.4763 1600346925
0.39599999999999996 1600346925
0.43729999999999997 1600346925
0.43760000000000004 1600346925
0.5972999999999999 1600346925
0.5804 1600346925
0.5219 1600346925
0.3474 1600346925
0.37610000000000005 1600346925
0.5211999999999999 1600346925
0.4654 1600346925
0.5972999999999999 1600346925
0.6461999999999999 1600346925
0.5975999999999999 1600346925
0.44580000000000003 1600346925
0.4965 1600346925
0.4088 1600346925
0.6160999999999999 1600346925
0.5809 1600346925
0.437 1600346925
0.49069999999999997 1600346925
0.6163999999999998 1600346925
0.597 1600346925
0.5972 1600346925
0.6161999999999999 1600346925
0.4811 1600346925
0.6186 1600346925
0.4795 1600346925
0.615 1600346925
0.37079999999999996 1600346925
0.43760000000000004 1600346925
0.44870000000000004 1600346925
0.4854 1600346925
0.6306 1600346925
0.5815999999999999 1600346925
0.4069 1600346925
0.48090000000000005 1600346925
0.46869999999999995 1600346925
0.5974999999999999 1600346925
0.6155999999999999 1600346925
0.6153 1600346925
0.48069999999999996 1600346925
0.37199999999999994 1600346925
0.5816999999999999 1600346925
0.39009999999999995 1600346925
0.5208999999999999 1600346925
0.6165 1600346925
0.5786 1600346925
0.5029999999999999 1600346925
0.47959999999999997 1600346925
0.5215999999999998 1600346925
0.48000000000000004 1600346925
0.4845 1600346925
0.48069999999999996 1600346925
0.3471 1600346925
0.4955 1600346925
0.5212999999999999 1600346925
0.43829999999999997 1600346925
0.5787 1600346925
0.5791 1600346925
0.43760000000000004 1600346925
0.45770000000000005 1600346925
0.6299999999999999 1600346925
0.6154999999999999 1600346925
0.47969999999999996 1600346925
0.43749999999999994 1600346925
0.5972999999999999 1600346925
0.3473 1600346925
0.6158999999999999 1600346925
0.39099999999999996 1600346925
0.6452 1600346925
0.3471 1600346925
0.437 1600346925
0.4793 1600346925
0.6013999999999999 1600346925
0.579 1600346925
0.5792999999999999 1600346925
0.6451 1600346925
0.42419999999999997 1600346925
0.34759999999999996 1600346925
0.3706 1600346925
0.4801 1600346925
0.44139999999999996 1600346925
0.5552999999999999 1600346925
0.5974999999999999 1600346925
0.4794 1600346925
0.5976999999999999 1600346925
0.4845 1600346925
0.4076 1600346925
0.5806 1600346925
0.6147 1600346925
0.46890000000000004 1600346925
0.3695 1600346925
0.4654 1600346925
0.6166 1600346925
0.4715 1600346925
0.5792999999999999 1600346925
0.579 1600346925
0.5026999999999999 1600346925
0.5974999999999999 1600346925
0.4059 1600346925
0.5212999999999999 1600346925
0.3474 1600346925
0.3907 1600346925
0.5109999999999999 1600346925
0.4811 1600346925
0.5793999999999999 1600346925
0.5219 1600346925
0.39219999999999994 1600346925
