1.5268 1600218424
1.5311 1600218424
1.5847 1600218424
1.6289999999999998 1600218424
1.8634 1600218424
1.9889 1600218424
1.6628 1600218424
1.609 1600218424
1.6277 1600218424
1.5327 1600218424
1.7036999999999998 1600218424
1.7036999999999998 1600218424
1.5125 1600218424
1.684 1600218424
2.0628 1600218424
1.5825 1600218424
1.5851 1600218424
1.7039000000000002 1600218424
1.5275 1600218424
1.7594999999999998 1600218424
1.6432 1600218424
1.3642 1600218424
1.6405999999999998 1600218424
1.6658000000000002 1600218424
1.703 1600218424
1.4914 1600218424
1.7039000000000002 1600218424
1.6287999999999998 1600218424
1.6266 1600218424
1.6302999999999999 1600218424
1.7032 1600218424
1.8087000000000002 1600218424
2.1555 1600218424
2.1695 1600218424
1.5349 1600218424
2.1433999999999997 1600218424
2.1738999999999997 1600218424
1.5314 1600218424
1.8651000000000002 1600218424
1.3646 1600218424
1.7032 1600218424
1.6278 1600218424
1.7034999999999998 1600218424
1.7036 1600218424
2.1744000000000003 1600218424
2.0225 1600218424
1.5372 1600218424
1.5629 1600218424
1.5193 1600218424
1.3662 1600218424
1.8095 1600218424
1.4303 1600218424
1.6384999999999998 1600218424
1.5422 1600218424
1.6293 1600218424
1.8556000000000001 1600218424
1.7038 1600218424
1.5206 1600218424
1.7598999999999998 1600218424
1.9812 1600218424
1.5189 1600218424
1.5279 1600218424
1.5432 1600218424
1.7097 1600218424
1.5788 1600218424
1.647 1600218424
1.8082999999999998 1600218424
1.965 1600218424
1.7032999999999998 1600218424
1.7034999999999998 1600218424
1.6472 1600218424
2.0258000000000003 1600218424
2.1848 1600218424
1.7028 1600218424
1.9822 1600218424
1.5256 1600218424
1.4806 1600218424
1.6420000000000001 1600218424
1.7021 1600218424
1.7604 1600218424
1.6295 1600218424
1.5422 1600218424
1.9880000000000002 1600218424
1.3646 1600218424
1.7177999999999998 1600218424
1.7032 1600218424
1.6458000000000002 1600218424
1.7345 1600218424
1.8086 1600218424
1.6302999999999999 1600218424
1.7030999999999998 1600218424
1.7598 1600218424
1.6289 1600218424
1.6433000000000002 1600218424
1.5032 1600218424
1.527 1600218424
1.7174 1600218424
1.6842 1600218424
1.4819 1600218424
1.5631 1600218424
2.0618999999999996 1600218424
1.541 1600218424
1.5361 1600218424
1.6661 1600218424
1.628 1600218424
1.5262 1600218424
1.5786 1600218424
1.5228 1600218424
1.7251 1600218424
1.7036 1600218424
2.0617 1600218424
1.6287999999999998 1600218424
1.8650000000000002 1600218424
1.4907 1600218424
1.6297 1600218424
1.5319 1600218424
1.7034 1600218424
1.6622999999999999 1600218424
1.6462999999999999 1600218424
1.4304999999999999 1600218424
2.1603000000000003 1600218424
1.6287 1600218424
1.6723999999999999 1600218424
1.5303 1600218424
1.7106000000000001 1600218424
1.8497000000000001 1600218424
1.7021 1600218424
2.0244999999999997 1600218424
1.5858 1600218424
1.7668 1600218424
1.6411 1600218424
1.5631 1600218424
1.7596 1600218424
1.5829 1600218424
1.9816999999999998 1600218424
2.0247 1600218424
1.9825000000000002 1600218424
1.5833 1600218424
1.8089000000000002 1600218424
1.544 1600218424
1.363 1600218424
1.7598999999999998 1600218424
1.7020000000000002 1600218424
2.1062000000000003 1600218424
2.0241999999999996 1600218424
1.8097 1600218424
1.429 1600218424
1.3645 1600218424
1.5286 1600218424
1.5468 1600218424
1.982 1600218424
1.6295 1600218424
1.7161000000000002 1600218424
1.5832 1600218424
1.4727 1600218424
1.5848 1600218424
1.5273 1600218424
1.5277 1600218424
1.5261 1600218424
1.6661 1600218424
1.585 1600218424
1.5256 1600218424
1.6659 1600218424
1.5225 1600218424
1.4114 1600218424
1.7171999999999998 1600218424
1.396 1600218424
1.7028999999999999 1600218424
1.5827 1600218424
1.5852 1600218424
1.3914 1600218424
1.3646 1600218424
1.3531 1600218424
1.7596999999999998 1600218424
1.525 1600218424
1.6088 1600218424
2.0248 1600218424
1.4304 1600218424
1.7028999999999999 1600218424
1.6294000000000002 1600218424
1.6639000000000002 1600218424
1.6287 1600218424
1.5269 1600218424
1.5444 1600218424
1.6287 1600218424
1.7499999999999998 1600218424
1.6293 1600218424
1.6842 1600218424
1.423 1600218424
1.647 1600218424
1.5228 1600218424
1.6289 1600218424
1.5305 1600218424
1.8554000000000002 1600218424
2.1555 1600218424
1.5191999999999999 1600218424
1.5818 1600218424
1.7034 1600218424
1.7106999999999999 1600218424
1.6457 1600218424
1.6737 1600218424
1.7036999999999998 1600218424
2.1555 1600218424
1.6296000000000002 1600218424
1.683 1600218424
1.8642 1600218424
1.9816 1600218424
1.4344 1600218424
1.7598999999999998 1600218424
1.5345 1600218424
1.7020000000000002 1600218424
1.6439000000000001 1600218424
1.7030999999999998 1600218424
1.8093000000000001 1600218424
1.5422 1600218424
1.6087 1600218424
1.6664 1600218424
1.7099 1600218424
1.5356 1600218424
1.5298 1600218424
1.6461 1600218424
1.8496 1600218424
1.5851 1600218424
1.7036 1600218424
1.5705 1600218424
1.711 1600218424
1.9656 1600218424
1.5242 1600218424
1.7105 1600218424
1.6468 1600218424
1.8635 1600218424
1.647 1600218424
1.38 1600218424
2.0252 1600218424
1.5288 1600218424
2.0236 1600218424
1.6266 1600218424
1.6461 1600218424
1.6653999999999998 1600218424
1.6435000000000002 1600218424
1.9814 1600218424
1.5206 1600218424
1.7028999999999999 1600218424
1.5376 1600218424
1.5409 1600218424
1.7106999999999999 1600218424
1.3974 1600218424
1.5831 1600218424
1.3648 1600218424
1.5822 1600218424
1.5225 1600218424
1.6706 1600218424
1.6649999999999998 1600218424
1.5308 1600218424
1.5249 1600218424
1.7602 1600218424
1.5264 1600218424
1.3492 1600218424
1.6905 1600218424
1.5047000000000001 1600218424
1.6497000000000002 1600218424
1.5514000000000001 1600218424
1.6896 1600218424
1.9689999999999999 1600218424
1.6316 1600218424
1.3791 1600218424
1.5249000000000001 1600218424
1.4789 1600218424
1.7541 1600218424
1.4984 1600218424
1.5130000000000001 1600218424
1.6912 1600218424
1.8473000000000002 1600218424
2.0145999999999997 1600218424
1.5163 1600218424
1.6332000000000002 1600218424
1.7375 1600218424
1.5156 1600218424
1.765 1600218424
1.7590999999999999 1600218424
1.4781 1600218424
1.6502000000000001 1600218424
1.4961 1600218424
2.1612999999999998 1600218424
1.5506 1600218424
2.1573 1600218424
1.597 1600218424
1.5104 1600218424
1.4685000000000001 1600218424
2.0492 1600218424
1.5723 1600218424
1.3672 1600218424
2.1965 1600218424
1.5272000000000001 1600218424
2.1721 1600218424
1.9956 1600218424
2.1584999999999996 1600218424
2.1754000000000002 1600218424
1.5292000000000001 1600218424
1.573 1600218424
1.9631999999999998 1600218424
2.1593 1600218424
2.1478 1600218424
1.6179000000000001 1600218424
1.3382 1600218424
1.848 1600218424
1.8475 1600218424
1.7474999999999998 1600218424
1.6919000000000002 1600218424
1.6982000000000002 1600218424
2.012 1600218424
1.6971 1600218424
1.6311000000000002 1600218424
1.8463 1600218424
1.7044 1600218424
1.5116 1600218424
2.1311999999999998 1600218424
1.6538000000000002 1600218424
1.6346 1600218424
1.6276 1600218424
1.691 1600218424
1.6537000000000002 1600218424
1.8201 1600218424
1.7052999999999998 1600218424
1.8024 1600218424
2.1315 1600218424
1.5618 1600218424
1.6172 1600218424
1.617 1600218424
1.6665999999999999 1600218424
1.352 1600218424
1.4811 1600218424
1.6319 1600218424
1.5727 1600218424
1.859 1600218424
1.4078 1600218424
1.5273 1600218424
1.8531 1600218424
1.6152000000000002 1600218424
2.1613 1600218424
1.6172 1600218424
1.7475999999999998 1600218424
1.5236 1600218424
1.6962000000000002 1600218424
1.5963 1600218424
1.8376000000000001 1600218424
1.5212 1600218424
1.6353 1600218424
1.5231000000000001 1600218424
1.5283 1600218424
1.7475999999999998 1600218424
1.5628 1600218424
1.5168 1600218424
1.3697000000000001 1600218424
1.6694 1600218424
1.5301 1600218424
1.499 1600218424
1.9733 1600218424
1.6907 1600218424
1.6536 1600218424
1.6173000000000002 1600218424
1.5965 1600218424
1.6545 1600218424
1.6173000000000002 1600218424
1.6977000000000002 1600218424
1.6348000000000003 1600218424
2.1601 1600218424
1.6614 1600218424
1.6166 1600218424
1.5998 1600218424
1.7989000000000002 1600218424
1.5188 1600218424
1.5965 1600218424
1.5634000000000001 1600218424
1.6352000000000002 1600218424
1.9503 1600218424
1.7992 1600218424
1.3381 1600218424
1.8475000000000001 1600218424
1.8197999999999999 1600218424
1.5696 1600218424
1.8037999999999998 1600218424
1.5718 1600218424
1.6985000000000001 1600218424
2.1606 1600218424
1.6341 1600218424
1.6345999999999998 1600218424
1.6538 1600218424
1.3507 1600218424
1.56 1600218424
1.3507 1600218424
1.3536 1600218424
1.9634 1600218424
2.1966 1600218424
1.3301 1600218424
1.4151 1600218424
1.3494 1600218424
1.3379 1600218424
1.6924000000000001 1600218424
1.9498 1600218424
1.6972 1600218424
1.7473999999999998 1600218424
1.6625 1600218424
1.5692 1600218424
1.8601999999999999 1600218424
1.5186 1600218424
1.5282 1600218424
1.8609000000000002 1600218424
1.6331000000000002 1600218424
1.7476999999999998 1600218424
1.3507 1600218424
1.3518000000000001 1600218424
1.8593000000000002 1600218424
1.5172 1600218424
1.8472000000000002 1600218424
1.8531000000000002 1600218424
1.7955 1600218424
1.6284 1600218424
1.6913 1600218424
1.818 1600218424
1.7447 1600218424
1.7977 1600218424
1.5110000000000001 1600218424
1.6603999999999999 1600218424
1.7052999999999998 1600218424
1.6171000000000002 1600218424
1.6152000000000002 1600218424
1.6914 1600218424
2.0117 1600218424
1.6914 1600218424
1.7472 1600218424
1.9631 1600218424
2.1611000000000002 1600218424
1.5085 1600218424
1.5714000000000001 1600218424
1.8715 1600218424
1.843 1600218424
1.6319 1600218424
1.5651 1600218424
1.8477 1600218424
1.9196 1600218424
1.7470999999999999 1600218424
1.6906 1600218424
1.6982000000000002 1600218424
1.6527 1600218424
1.5714000000000001 1600218424
1.5712 1600218424
1.5178 1600218424
1.7469999999999999 1600218424
2.0045 1600218424
1.6304 1600218424
2.1425 1600218424
1.7477 1600218424
1.7474999999999998 1600218424
1.6169 1600218424
1.9699000000000002 1600218424
1.6190000000000002 1600218424
2.1611000000000002 1600218424
1.6332000000000002 1600218424
1.7472999999999999 1600218424
1.5275 1600218424
1.8512000000000002 1600218424
1.5722 1600218424
1.5246 1600218424
1.634 1600218424
1.9631999999999998 1600218424
1.6905 1600218424
1.6170000000000002 1600218424
1.5126 1600218424
1.7960999999999998 1600218424
1.4115 1600218424
1.6910999999999998 1600218424
2.1597999999999997 1600218424
1.5721 1600218424
1.3407 1600218424
2.1315 1600218424
1.7466000000000002 1600218424
1.7470999999999999 1600218424
1.7968 1600218424
1.6340000000000001 1600218424
1.6345999999999998 1600218424
2.1614000000000004 1600218424
2.16 1600218424
2.1611000000000002 1600218424
1.6170000000000002 1600218424
1.6908 1600218424
1.7963000000000002 1600218424
1.6154 1600218424
1.6163 1600218424
1.8473 1600218424
1.9528 1600218424
1.6594 1600218424
1.6327 1600218424
1.8431 1600218424
1.5265 1600218424
1.561 1600218424
1.6533000000000002 1600218424
1.6988999999999999 1600218424
1.5090000000000001 1600218424
1.5517 1600218424
1.5508 1600218424
2.159 1600218424
1.7954 1600218424
1.6897 1600218424
1.7476999999999998 1600218424
2.1750999999999996 1600218424
2.0114 1600218424
2.1607000000000003 1600218424
1.6154 1600218424
1.7989 1600218424
1.6165 1600218424
1.9400000000000002 1600218424
