0.4721000000000002 1600634970
0.15700000000000003 1600634970
0.39259999999999984 1600634970
0.15700000000000003 1600634970
0.4720000000000004 1600634970
0.38509999999999955 1600634970
0.15719999999999956 1600634970
0.22849999999999948 1600634970
0.1570999999999998 1600634970
0.3905000000000003 1600634970
0.2526999999999999 1600634970
0.1568000000000005 1600634970
0.15700000000000003 1600634970
0.47580000000000044 1600634970
0.2525000000000004 1600634970
0.1570999999999998 1600634970
0.39250000000000007 1600634970
0.25290000000000035 1600634970
0.12019999999999964 1600634970
0.24019999999999975 1600634970
0.1194999999999995 1600634970
0.1982999999999997 1600634970
0.4634999999999998 1600634970
0.19679999999999964 1600634970
0.17520000000000024 1600634970
0.27590000000000003 1600634970
0.0045999999999999375 1600634970
0.2688999999999995 1600634970
0.16300000000000026 1600634970
0.6230000000000002 1600634970
0.6055000000000001 1600634970
0.25019999999999953 1600634970
0.25820000000000043 1600634970
0.20650000000000013 1600634970
0.0038000000000000256 1600634970
0.5803000000000003 1600634970
0.2576999999999998 1600634970
0.5141999999999998 1600634970
0.32040000000000024 1600634970
0.5168999999999997 1600634970
0.4876000000000005 1600634970
0.0038000000000000256 1600634970
0.2580999999999998 1600634970
0.48740000000000006 1600634970
0.5022000000000002 1600634970
0.31320000000000014 1600634970
0.49819999999999975 1600634970
0.5800000000000001 1600634970
0.5150000000000006 1600634970
0.3140999999999998 1600634970
0.5506000000000002 1600634970
0.0039999999999995595 1600634970
0.5496999999999996 1600634970
0.004100000000000215 1600634970
0.5612000000000004 1600634970
0.5030999999999999 1600634970
0.0041999999999999815 1600634970
0.29269999999999996 1600634970
0.5038 1600634970
0.0038999999999997925 1600634970
0.3918999999999997 1600634970
0.5613999999999999 1600634970
0.3788999999999998 1600634970
0.4962 1600634970
0.0038000000000000256 1600634970
0.4975000000000005 1600634970
0.32209999999999983 1600634970
0.49710000000000054 1600634970
0.5052000000000003 1600634970
0.004399999999999515 1600634970
0.3240999999999996 1600634970
0.5031999999999996 1600634970
0.6318999999999999 1600634970
0.593 1600634970
0.4966999999999997 1600634970
0.5488 1600634970
0.49679999999999946 1600634970
0.0037000000000002586 1600634970
0.5777999999999999 1600634970
0.0038000000000000256 1600634970
0.0038000000000000256 1600634970
0.49739999999999984 1600634970
0.5956000000000001 1600634970
0.40669999999999984 1600634970
0.3437999999999999 1600634970
0.07709999999999972 1600634970
0.34079999999999977 1600634970
0.5141999999999998 1600634970
0.0038000000000000256 1600634970
0.27580000000000027 1600634970
0.5148000000000001 1600634970
0.38919999999999977 1600634970
0.5145999999999997 1600634970
0.48939999999999984 1600634970
0.38980000000000015 1600634970
0.48930000000000007 1600634970
0.48910000000000053 1600634970
0.27559999999999985 1600634970
0.40700000000000003 1600634970
0.0038000000000000256 1600634970
0.0039999999999995595 1600634970
0.4161999999999999 1600634970
0.5236000000000001 1600634970
0.0038999999999997925 1600634970
0.0038999999999997925 1600634970
0.4249999999999998 1600634970
0.2748999999999997 1600634970
0.5143000000000004 1600634970
0.2704000000000004 1600634970
0.4131999999999998 1600634970
0.27039999999999953 1600634970
0.5148999999999999 1600634970
0.2709999999999999 1600634970
0.34309999999999974 1600634970
0.3822000000000001 1600634970
0.0041999999999999815 1600634970
0.36329999999999973 1600634970
0.3299000000000003 1600634970
0.4754000000000005 1600634970
0.32889999999999997 1600634970
0.004100000000000215 1600634970
0.2637999999999998 1600634970
0.4792000000000005 1600634970
0.3533999999999997 1600634970
0.29630000000000045 1600634970
0.0041999999999999815 1600634970
0.19559999999999977 1600634970
0.2976000000000001 1600634970
0.2397999999999998 1600634970
0.0041999999999999815 1600634970
0.3010999999999999 1600634970
0.2708000000000004 1600634970
0.28300000000000036 1600634970
0.004100000000000215 1600634970
0.2560000000000002 1600634970
0.30079999999999973 1600634970
0.0038000000000000256 1600634970
0.2223999999999995 1600634970
0.0038999999999997925 1600634970
0.20790000000000042 1600634970
0.27090000000000014 1600634970
0.1858000000000004 1600634970
0.2717999999999998 1600634970
0.0039999999999995595 1600634970
0.18920000000000048 1600634970
0.27449999999999974 1600634970
0.0036000000000004917 1600634970
0.1869000000000005 1600634970
0.034600000000000186 1600634970
0.17319999999999958 1600634970
0.42100000000000026 1600634970
0.13790000000000013 1600634970
0.4195000000000002 1600634970
0.11029999999999962 1600634970
0.3692000000000002 1600634970
0.41080000000000005 1600634970
0.4588000000000001 1600634970
0.4112999999999998 1600634970
0.0037000000000002586 1600634970
0.3680000000000003 1600634970
0.41049999999999986 1600634970
0.37570000000000014 1600634970
0.0038000000000000256 1600634970
0.4115000000000002 1600634970
0.41110000000000024 1600634970
0.3689999999999998 1600634970
0.43540000000000045 1600634970
0.0037000000000002586 1600634970
0.0037000000000002586 1600634970
0.3689 1600634970
0.45340000000000025 1600634970
0.34940000000000015 1600634970
0.3493000000000004 1600634970
0.4206000000000003 1600634970
0.3682999999999996 1600634970
0.4192999999999998 1600634970
0.3692000000000002 1600634970
0.0038999999999997925 1600634970
0.35050000000000026 1600634970
0.4661999999999997 1600634970
0.0038999999999997925 1600634970
0.46670000000000034 1600634970
0.49049999999999994 1600634970
0.0038000000000000256 1600634970
0.41110000000000024 1600634970
0.4975000000000005 1600634970
0.41169999999999973 1600634970
0.0038999999999997925 1600634970
0.49429999999999996 1600634970
0.41830000000000034 1600634970
0.3552999999999997 1600634970
0.46609999999999996 1600634970
0.34109999999999996 1600634970
0.41820000000000057 1600634970
0.0038000000000000256 1600634970
0.36319999999999997 1600634970
0.0039999999999995595 1600634970
0.4901 1600634970
0.516 1600634970
0.20760000000000023 1600634970
0.15629999999999988 1600634970
0.24110000000000031 1600634970
0.3415999999999997 1600634970
0.39250000000000007 1600634970
0.23240000000000016 1600634970
0.3551000000000002 1600634970
0.0038999999999997925 1600634970
0.23269999999999946 1600634970
0.4900000000000002 1600634970
0.45140000000000047 1600634970
0.40529999999999955 1600634970
0.0039999999999995595 1600634970
0.2804000000000002 1600634970
0.3719000000000001 1600634970
0.24929999999999986 1600634970
0.3752000000000004 1600634970
0.49239999999999995 1600634970
0.32479999999999976 1600634970
0.0038000000000000256 1600634970
0.3963000000000001 1600634970
0.4924999999999997 1600634970
0.3342999999999998 1600634970
0.4074 1600634970
0.4885999999999999 1600634970
0.31590000000000007 1600634970
0.004000000000000448 1600634970
0.28139999999999965 1600634970
0.32449999999999957 1600634970
0.33420000000000005 1600634970
0.24910000000000032 1600634970
0.004100000000000215 1600634970
0.4885999999999999 1600634970
0.24819999999999975 1600634970
0.4919000000000002 1600634970
0.3818999999999999 1600634970
0.24840000000000018 1600634970
0.40139999999999976 1600634970
0.37099999999999955 1600634970
0.24819999999999975 1600634970
0.37150000000000016 1600634970
0.47999999999999954 1600634970
0.3483999999999998 1600634970
0.4961000000000002 1600634970
0.2878999999999996 1600634970
0.3493000000000004 1600634970
0.18179999999999996 1600634970
0.49069999999999947 1600634970
0.1734 1600634970
0.2693000000000003 1600634970
0.41720000000000024 1600634970
0.004699999999999704 1600634970
0.28219999999999956 1600634970
0.26920000000000055 1600634970
0.8913000000000002 1600634970
0.6382000000000003 1600634970
0.26919999999999966 1600634970
0.6375000000000002 1600634970
0.6605000000000008 1600634970
0.8911000000000007 1600634970
0.5978000000000003 1600634970
0.0045999999999999375 1600634970
0.6444000000000001 1600634970
0.7647000000000004 1600634970
0.7868000000000004 1600634970
0.7635000000000005 1600634970
0.8912000000000004 1600634970
0.2687999999999997 1600634970
0.5054000000000007 1600634970
0.6376 1600634970
0.49019999999999975 1600634970
0.6376 1600634970
0.7843 1600634970
0.14440000000000008 1600634970
0.6322999999999999 1600634970
0.2511000000000001 1600634970
0.6322000000000001 1600634970
0.6247999999999996 1600634970
0.2511000000000001 1600634970
0.5655000000000001 1600634970
0.8544 1600634970
0.25090000000000057 1600634970
0.0049000000000001265 1600634970
0.2667999999999999 1600634970
0.05039999999999978 1600634970
0.29969999999999963 1600634970
0.0049000000000001265 1600634970
0.5808999999999997 1600634970
0.004799999999999471 1600634970
0.31230000000000047 1600634970
0.0049000000000001265 1600634970
0.37270000000000003 1600634970
0.0049000000000001265 1600634970
0.0048000000000003595 1600634970
0.3059000000000003 1600634970
0.5117000000000003 1600634970
0.47989999999999977 1600634970
0.29689999999999994 1600634970
0.4451999999999998 1600634970
0.33530000000000015 1600634970
0.4485000000000001 1600634970
0.0049000000000001265 1600634970
0.30689999999999973 1600634970
0.3886000000000003 1600634970
0.4499000000000004 1600634970
0.5560999999999998 1600634970
0.43599999999999994 1600634970
0.0045000000000001705 1600634970
0.3883000000000001 1600634970
0.5528000000000004 1600634970
0.5156999999999998 1600634970
0.42930000000000046 1600634970
0.2008000000000001 1600634970
0.5013000000000005 1600634970
0.2012999999999998 1600634970
0.5590000000000002 1600634970
0.4251000000000005 1600634970
0.5514999999999999 1600634970
0.5034000000000001 1600634970
0.42569999999999997 1600634970
0.4889000000000001 1600634970
0.42569999999999997 1600634970
0.20110000000000028 1600634970
0.4260999999999999 1600634970
0.0042999999999997485 1600634970
0.19720000000000049 1600634970
0.004399999999999515 1600634970
0.4790000000000001 1600634970
0.24730000000000008 1600634970
0.4792000000000005 1600634970
0.27200000000000024 1600634970
0.19650000000000034 1600634970
0.42930000000000046 1600634970
0.2716000000000003 1600634970
0.0042999999999997485 1600634970
0.5479000000000003 1600634970
0.36770000000000014 1600634970
0.0049000000000001265 1600634970
0.24100000000000055 1600634970
0.4047999999999998 1600634970
0.004999999999999893 1600634970
0.4488000000000003 1600634970
0.2541000000000002 1600634970
0.3791000000000002 1600634970
0.44870000000000054 1600634970
0.0049000000000001265 1600634970
0.3387000000000002 1600634970
0.6729000000000003 1600634970
0.6013000000000002 1600634970
0.4485000000000001 1600634970
0.6421000000000001 1600634970
0.4488000000000003 1600634970
0.6414 1600634970
0.004999999999999893 1600634970
0.3205999999999998 1600634970
0.4634999999999998 1600634970
0.00509999999999966 1600634970
0.00509999999999966 1600634970
0.3202999999999996 1600634970
0.3788 1600634970
0.4660000000000002 1600634970
0.5090000000000003 1600634970
0.4623999999999997 1600634970
0.004999999999999893 1600634970
0.4601999999999995 1600634970
0.6722999999999999 1600634970
0.6065000000000005 1600634970
0.5090000000000003 1600634970
0.0037000000000002586 1600634970
0.6096000000000004 1600634970
0.4474 1600634970
0.5797999999999996 1600634970
0.0038000000000000256 1600634970
0.16589999999999971 1600634970
0.4748000000000001 1600634970
0.6292999999999997 1600634970
0.5594999999999999 1600634970
0.0037000000000002586 1600634970
0.5602999999999998 1600634970
0.9177 1600634970
0.24179999999999957 1600634970
0.0036000000000004917 1600634970
0.9076000000000004 1600634970
0.6192000000000002 1600634970
0.7930000000000001 1600634970
0.2416999999999998 1600634970
0.7956000000000003 1600634970
0.6758000000000006 1600634970
0.7946 1600634970
0.6888000000000005 1600634970
0.24210000000000065 1600634970
0.6894 1600634970
0.9097 1600634970
0.2416999999999998 1600634970
0.5013000000000005 1600634970
0.24260000000000037 1600634970
0.0038000000000000256 1600634970
0.21530000000000005 1600634970
0.9205000000000005 1600634970
0.8454000000000006 1600634970
0.16190000000000015 1600634970
0.16170000000000062 1600634970
0.4725999999999999 1600634970
0.9403000000000006 1600634970
0.7111000000000001 1600634970
1.0205000000000002 1600634970
0.6835000000000004 1600634970
0.07939999999999969 1600634970
0.6828000000000003 1600634970
0.35000000000000053 1600634970
0.6901999999999999 1600634970
0.3512000000000004 1600634970
0.31730000000000036 1600634970
0.47190000000000065 1600634970
0.0036000000000004917 1600634970
0.29520000000000035 1600634970
0.3222000000000005 1600634970
0.2937000000000003 1600634970
0.4826000000000006 1600634970
0.6228000000000007 1600634970
0.29389999999999983 1600634970
0.3045 1600634970
0.0036000000000004917 1600634970
0.3250000000000002 1600634970
0.47160000000000046 1600634970
0.0038000000000000256 1600634970
0.33150000000000013 1600634970
0.43650000000000055 1600634970
0.4823000000000004 1600634970
0.4721000000000002 1600634970
0.0042999999999997485 1600634970
0.3011000000000008 1600634970
0.3947000000000003 1600634970
0.29330000000000034 1600634970
0.4577 1600634970
0.2940000000000005 1600634970
0.4310999999999998 1600634970
0.004699999999999704 1600634970
0.2254000000000005 1600634970
0.35680000000000067 1600634970
0.22449999999999992 1600634970
0.4828000000000001 1600634970
0.2517000000000005 1600634970
0.0045999999999999375 1600634970
0.22560000000000002 1600634970
0.2248000000000001 1600634970
0.30210000000000026 1600634970
0.3683000000000005 1600634970
0.28830000000000044 1600634970
0.2248000000000001 1600634970
0.3371000000000004 1600634970
0.004699999999999704 1600634970
0.2544000000000004 1600634970
0.24260000000000037 1600634970
0.0048000000000003595 1600634970
0.26390000000000047 1600634970
0.004799999999999471 1600634970
0.0045999999999999375 1600634970
0.2647000000000004 1600634970
0.004799999999999471 1600634970
0.2831999999999999 1600634970
0.26839999999999975 1600634970
0.0052000000000003155 1600634970
0.2881999999999998 1600634970
0.0037000000000002586 1600634970
0.35660000000000025 1600634970
0.33030000000000026 1600634970
0.27590000000000003 1600634970
0.3257000000000003 1600634970
0.32559999999999967 1600634970
0.27639999999999976 1600634970
0.0038000000000000256 1600634970
0.28279999999999994 1600634970
0.0036000000000004917 1600634970
0.4146000000000001 1600634970
0.27609999999999957 1600634970
0.3257000000000003 1600634970
0.3254999999999999 1600634970
0.4165000000000001 1600634970
0.27609999999999957 1600634970
0.36299999999999955 1600634970
0.4150999999999998 1600634970
0.3578000000000001 1600634970
0.3260000000000005 1600634970
0.0038999999999997925 1600634970
0.2755000000000001 1600634970
0.42079999999999984 1600634970
0.32669999999999977 1600634970
0.0038000000000000256 1600634970
0.26149999999999984 1600634970
0.3263999999999996 1600634970
0.44090000000000007 1600634970
0.2610000000000001 1600634970
0.0038000000000000256 1600634970
0.2764999999999995 1600634970
0.4485000000000001 1600634970
0.1581999999999999 1600634970
0.15800000000000036 1600634970
0.3461999999999996 1600634970
0.4126000000000003 1600634970
0.3403999999999998 1600634970
0.4478 1600634970
0.5321999999999996 1600634970
0.0037000000000002586 1600634970
0.2998000000000003 1600634970
0.28329999999999966 1600634970
0.48130000000000006 1600634970
0.0038000000000000256 1600634970
0.28359999999999985 1600634970
0.0037000000000002586 1600634970
0.25370000000000026 1600634970
0.3413000000000004 1600634970
0.0037000000000002586 1600634970
