11.043199999999999 1600646376
10.736 1600646376
7.611000000000001 1600646376
10.712100000000001 1600646376
12.069700000000001 1600646376
10.4086 1600646376
11.133600000000001 1600646376
4.9015 1600646376
13.1431 1600646376
7.5626 1600646376
4.4208 1600646376
5.1381 1600646376
12.1067 1600646376
8.9604 1600646376
8.7635 1600646376
7.3886 1600646376
13.3459 1600646376
5.0068 1600646376
7.7247 1600646376
8.153300000000002 1600646376
12.282900000000001 1600646376
7.496600000000001 1600646376
10.8983 1600646376
10.9341 1600646376
12.7655 1600646376
9.8763 1600646376
4.4894 1600646376
10.5721 1600646376
11.8359 1600646376
6.8413 1600646376
4.1371 1600646376
5.203099999999999 1600646376
12.6211 1600646376
7.5135000000000005 1600646376
8.7318 1600646376
8.656 1600646376
4.2021999999999995 1600646376
12.707500000000001 1600646376
9.1884 1600646376
9.326500000000001 1600646376
9.1879 1600646376
10.302 1600646376
4.6058 1600646376
7.0974 1600646376
6.4704 1600646376
12.186 1600646376
10.8762 1600646376
5.1556 1600646376
4.0656 1600646376
13.474300000000001 1600646376
8.2608 1600646376
5.3635 1600646376
6.7982 1600646376
13.959800000000001 1600646376
8.057 1600646376
4.6812000000000005 1600646376
4.0113 1600646376
14.367 1600646376
9.786100000000001 1600646376
5.543 1600646376
5.598000000000001 1600646376
14.1361 1600646376
4.649699999999999 1600646376
5.2118 1600646376
8.6085 1600646376
12.440999999999999 1600646376
3.9108 1600646376
8.331100000000001 1600646376
3.8699 1600646376
12.251 1600646376
4.3625 1600646376
7.3338 1600646376
11.4249 1600646376
7.334 1600646376
12.7339 1600646376
4.1579 1600646376
8.0156 1600646376
4.7743 1600646376
13.2714 1600646376
3.7654 1600646376
10.7372 1600646376
4.0481 1600646376
12.1074 1600646376
7.1337 1600646376
7.1337 1600646376
9.6992 1600646376
12.549999999999999 1600646376
4.0306999999999995 1600646376
7.4726 1600646376
5.3286 1600646376
13.6434 1600646376
5.0797 1600646376
8.1239 1600646376
8.715 1600646376
11.5464 1600646376
5.205 1600646376
8.1019 1600646376
7.9422 1600646376
12.2698 1600646376
8.731399999999999 1600646376
4.319 1600646376
9.7528 1600646376
13.1054 1600646376
4.191800000000001 1600646376
10.916599999999999 1600646376
4.9014999999999995 1600646376
10.176 1600646376
3.9288 1600646376
8.3738 1600646376
8.2569 1600646376
4.4209 1600646376
12.1063 1600646376
3.7926 1600646376
4.552 1600646376
8.7638 1600646376
12.9134 1600646376
8.1516 1600646376
7.7249 1600646376
8.153 1600646376
13.393699999999999 1600646376
5.0051 1600646376
10.713899999999999 1600646376
4.3605 1600646376
10.7387 1600646376
11.1757 1600646376
3.6591 1600646376
8.1373 1600646376
11.639299999999999 1600646376
6.2637 1600646376
4.1377999999999995 1600646376
4.558199999999999 1600646376
11.5346 1600646376
8.7131 1600646376
7.9619 1600646376
3.8987000000000003 1600646376
11.559099999999999 1600646376
4.2401 1600646376
9.3269 1600646376
3.8000000000000003 1600646376
12.798399999999999 1600646376
7.127 1600646376
10.9881 1600646376
11.1105 1600646376
11.4397 1600646376
4.9405 1600646376
11.2619 1600646376
10.4749 1600646376
5.0991 1600646376
12.5968 1600646376
11.1402 1600646376
5.3642 1600646376
7.235799999999999 1600646376
13.0364 1600646376
7.3534999999999995 1600646376
8.0315 1600646376
3.9417 1600646376
12.4842 1600646376
9.7641 1600646376
9.8374 1600646376
9.8783 1600646376
12.5701 1600646376
10.8548 1600646376
10.0408 1600646376
5.2595 1600646376
12.5061 1600646376
4.363099999999999 1600646376
4.1383 1600646376
4.587899999999999 1600646376
13.114799999999999 1600646376
11.4477 1600646376
10.8739 1600646376
4.3045 1600646376
13.152899999999999 1600646376
4.7467 1600646376
8.5884 1600646376
8.9679 1600646376
11.7296 1600646376
4.8304 1600646376
10.9922 1600646376
4.4688 1600646376
12.7914 1600646376
9.671 1600646376
11.094199999999999 1600646376
9.6692 1600646376
7.654 1600646376
12.6011 1600646376
7.9704999999999995 1600646376
5.3282 1600646376
5.3281 1600646376
12.4888 1600646376
5.0797 1600646376
7.2909999999999995 1600646376
4.6176 1600646376
12.1208 1600646376
9.0441 1600646376
7.7027 1600646376
4.2231000000000005 1600646376
14.3611 1600646376
10.687 1600646376
4.3191999999999995 1600646376
4.64 1600646376
11.7262 1600646376
11.0517 1600646376
4.869 1600646376
4.9012 1600646376
12.0807 1600646376
4.4220999999999995 1600646376
10.0021 1600646376
3.9289 1600646376
13.2142 1600646376
4.4489 1600646376
7.333 1600646376
4.8579 1600646376
14.1089 1600646376
5.322299999999999 1600646376
8.1563 1600646376
7.7246 1600646376
12.0692 1600646376
4.801 1600646376
7.7338 1600646376
5.736 1600646376
4.8008999999999995 1600646376
11.7004 1600646376
3.6059 1600646376
9.2088 1600646376
10.5846 1600646376
13.4178 1600646376
4.2389 1600646376
5.1272 1600646376
10.6155 1600646376
12.5384 1600646376
5.2274 1600646376
7.955 1600646376
3.838 1600646376
14.1497 1600646376
4.201899999999999 1600646376
5.2574 1600646376
7.3654 1600646376
11.9261 1600646376
6.4707 1600646376
4.6059 1600646376
4.7024 1600646376
12.801 1600646376
5.0988999999999995 1600646376
8.1663 1600646376
4.9266 1600646376
12.1646 1600646376
7.0633 1600646376
5.3637 1600646376
8.4281 1600646376
13.685599999999999 1600646376
4.9737 1600646376
4.681299999999999 1600646376
5.3083 1600646376
9.8778 1600646376
5.5982 1600646376
8.1545 1600646376
4.2935 1600646376
9.6622 1600646376
9.8777 1600646376
10.7286 1600646376
8.8903 1600646376
10.0023 1600646376
11.6094 1600646376
11.121400000000001 1600646376
10.2913 1600646376
4.5337000000000005 1600646376
12.6197 1600646376
4.9945 1600646376
5.023 1600646376
6.0154 1600646376
12.3645 1600646376
4.157500000000001 1600646376
7.9347 1600646376
4.7646999999999995 1600646376
7.538 1600646376
10.573400000000001 1600646376
5.146599999999999 1600646376
8.009 1600646376
11.1019 1600646376
4.8035 1600646376
10.7425 1600646376
8.139800000000001 1600646376
12.8391 1600646376
5.3286999999999995 1600646376
6.115600000000001 1600646376
11.025500000000001 1600646376
11.6282 1600646376
8.6742 1600646376
11.5297 1600646376
4.994800000000001 1600646376
12.3583 1600646376
7.924300000000001 1600646376
3.9189 1600646376
7.965300000000001 1600646376
3.9625999999999997 1600646376
12.1427 1600646376
10.7356 1600646376
4.691599999999999 1600646376
0.8135 1600646376
12.1927 1600646376
10.573500000000001 1600646376
5.2042 1600646376
9.0291 1600646376
10.3894 1600646376
4.8507 1600646376
8.1645 1600646376
6.4864999999999995 1600646376
11.7132 1600646376
7.3431 1600646376
3.5552 1600646376
4.7559000000000005 1600646376
10.7619 1600646376
5.2003 1600646376
8.951 1600646376
5.630599999999999 1600646376
13.1591 1600646376
4.433299999999999 1600646376
10.898100000000001 1600646376
4.799799999999999 1600646376
10.191199999999998 1600646376
11.3036 1600646376
11.1756 1600646376
3.8409 1600646376
10.5234 1600646376
5.1272 1600646376
8.4456 1600646376
5.127000000000001 1600646376
11.073099999999998 1600646376
8.780399999999998 1600646376
5.267799999999999 1600646376
8.839699999999999 1600646376
3.5949 1600646376
11.5659 1600646376
8.935599999999999 1600646376
5.1861 1600646376
4.4247 1600646376
13.112 1600646376
10.725900000000001 1600646376
5.016 1600646376
8.0273 1600646376
12.0013 1600646376
8.1639 1600646376
9.599 1600646376
5.098699999999999 1600646376
11.960600000000001 1600646376
11.3491 1600646376
3.9715 1600646376
4.2629 1600646376
13.070300000000001 1600646376
7.9857 1600646376
8.7796 1600646376
4.0115 1600646376
12.850100000000001 1600646376
9.1892 1600646376
9.878 1600646376
5.5975 1600646376
12.8317 1600646376
9.4541 1600646376
4.671099999999999 1600646376
4.6495 1600646376
11.6053 1600646376
5.136799999999999 1600646376
8.180900000000001 1600646376
11.2657 1600646376
5.2011 1600646376
12.7188 1600646376
4.8339 1600646376
4.8018 1600646376
6.0224 1600646376
13.182899999999998 1600646376
7.007 1600646376
4.1573 1600646376
7.9492 1600646376
11.932400000000001 1600646376
7.7646999999999995 1600646376
10.7369 1600646376
5.151 1600646376
13.008299999999998 1600646376
10.542 1600646376
10.112699999999998 1600646376
7.8568999999999996 1600646376
12.4396 1600646376
7.4658 1600646376
8.3613 1600646376
1.8678 1600646376
13.0207 1600646376
6.0252 1600646376
7.797700000000001 1600646376
4.305 1600646376
13.8717 1600646376
6.329000000000001 1600646376
8.819600000000001 1600646376
6.329000000000001 1600646376
13.1562 1600646376
5.2387 1600646376
10.6868 1600646376
8.0486 1600646376
12.2948 1600646376
4.901199999999999 1600646376
8.023900000000001 1600646376
4.184900000000001 1600646376
10.163400000000001 1600646376
11.6502 1600646376
10.8048 1600646376
8.379100000000001 1600646376
7.222200000000001 1600646376
10.358500000000001 1600646376
7.776300000000001 1600646376
4.755599999999999 1600646376
5.0632 1600646376
8.808300000000001 1600646376
7.757499999999999 1600646376
8.0638 1600646376
8.1781 1600646376
12.0686 1600646376
4.3603000000000005 1600646376
10.8986 1600646376
4.360200000000001 1600646376
10.1912 1600646376
4.3408999999999995 1600646376
10.8122 1600646376
4.939299999999999 1600646376
11.4472 1600646376
7.5951 1600646376
4.2003 1600646376
7.6265 1600646376
11.683 1600646376
7.922899999999999 1600646376
9.8404 1600646376
7.9228000000000005 1600646376
7.952999999999999 1600646376
9.4289 1600646376
9.375200000000001 1600646376
8.9288 1600646376
12.9952 1600646376
4.9289000000000005 1600646376
11.087100000000001 1600646376
7.853899999999999 1600646376
4.5951 1600646376
12.5958 1600646376
5.0389 1600646376
1.0421 1600646376
4.1457 1600646376
10.8152 1600646376
4.173400000000001 1600646376
7.3144 1600646376
4.1378 1600646376
11.691600000000001 1600646376
8.8976 1600646376
8.808300000000001 1600646376
3.9381999999999997 1600646376
14.113900000000001 1600646376
9.8782 1600646376
9.763200000000001 1600646376
9.8368 1600646376
12.000300000000001 1600646376
5.4641 1600646376
11.008299999999998 1600646376
5.258900000000001 1600646376
12.704 1600646376
11.2109 1600646376
5.200799999999999 1600646376
10.751800000000001 1600646376
12.458200000000001 1600646376
11.360000000000001 1600646376
8.5539 1600646376
6.014799999999999 1600646376
13.325000000000001 1600646376
7.9467 1600646376
8.968200000000001 1600646376
4.7311000000000005 1600646376
11.0495 1600646376
10.5642 1600646376
10.7108 1600646376
4.001899999999999 1600646376
4.654299999999999 1600646376
13.0595 1600646376
11.0935 1600646376
4.810499999999999 1600646376
4.112 1600646376
12.228000000000002 1600646376
11.267800000000001 1600646376
1.81 1600646376
3.6248 1600646376
12.8834 1600646376
7.7963 1600646376
8.6738 1600646376
5.079000000000001 1600646376
12.7539 1600646376
8.1248 1600646376
3.7403 1600646376
3.9427999999999996 1600646376
13.9063 1600646376
4.572900000000001 1600646376
10.5662 1600646376
4.5729 1600646376
11.8565 1600646376
8.9234 1600646376
10.1675 1600646376
8.0229 1600646376
11.6794 1600646376
4.120799999999999 1600646376
11.017100000000001 1600646376
4.849600000000001 1600646376
11.9326 1600646376
8.7056 1600646376
4.746600000000001 1600646376
4.7554 1600646376
13.0166 1600646376
9.0875 1600646376
7.7575 1600646376
