103.9918 1600359113
103.9917 1600359113
103.99119999999999 1600359113
99.4197 1600359113
99.42 1600359113
99.4201 1600359113
105.51280000000001 1600359113
105.5139 1600359113
105.5132 1600359113
104.1881 1600359113
104.1882 1600359113
104.18900000000001 1600359113
99.3468 1600359113
99.3462 1600359113
99.34609999999999 1600359113
105.7912 1600359113
105.7914 1600359113
105.7914 1600359113
104.6204 1600359113
104.6206 1600359113
104.6208 1600359113
105.6809 1600359113
105.6807 1600359113
105.6808 1600359113
105.9953 1600359113
105.9946 1600359113
105.9945 1600359113
105.92399999999999 1600359113
105.9239 1600359113
105.9241 1600359113
104.055 1600359113
104.0549 1600359113
104.0548 1600359113
104.622 1600359113
104.622 1600359113
104.622 1600359113
104.6243 1600359113
104.6242 1600359113
104.6246 1600359113
106.0116 1600359113
106.0114 1600359113
106.0116 1600359113
105.0675 1600359113
105.06739999999999 1600359113
105.0677 1600359113
104.3047 1600359113
104.3044 1600359113
104.3047 1600359113
103.1883 1600359113
103.188 1600359113
103.1883 1600359113
104.3853 1600359113
104.3847 1600359113
104.38459999999999 1600359113
104.771 1600359113
104.7718 1600359113
104.771 1600359113
102.9179 1600359113
102.9177 1600359113
102.9185 1600359113
104.90259999999999 1600359113
104.902 1600359113
104.902 1600359113
105.5199 1600359113
105.5197 1600359113
105.52 1600359113
105.139 1600359113
105.139 1600359113
105.1392 1600359113
103.5394 1600359113
103.5392 1600359113
103.5393 1600359113
105.8621 1600359113
105.8619 1600359113
105.8614 1600359113
105.0645 1600359113
105.0646 1600359113
105.0651 1600359113
106.0088 1600359113
106.0087 1600359113
106.009 1600359113
105.8442 1600359113
105.8446 1600359113
105.8446 1600359113
105.843 1600359113
105.84309999999999 1600359113
105.8428 1600359113
104.5261 1600359113
104.5261 1600359113
104.526 1600359113
105.7944 1600359113
105.7953 1600359113
105.7944 1600359113
105.7885 1600359113
105.78850000000001 1600359113
105.7889 1600359113
105.78710000000001 1600359113
105.787 1600359113
105.78739999999999 1600359113
105.55699999999999 1600359113
105.5578 1600359113
105.5567 1600359113
104.7192 1600359113
104.7191 1600359113
104.7186 1600359113
104.4259 1600359113
104.4262 1600359113
104.4263 1600359113
104.7933 1600359113
104.7934 1600359113
104.7941 1600359113
104.9544 1600359113
104.9546 1600359113
104.9546 1600359113
105.5504 1600359113
105.5506 1600359113
105.5512 1600359113
104.7952 1600359113
104.7949 1600359113
104.7952 1600359113
105.3012 1600359113
105.3012 1600359113
105.3019 1600359113
105.0687 1600359113
105.06880000000001 1600359113
105.0689 1600359113
104.4196 1600359113
104.4193 1600359113
104.4195 1600359113
105.79010000000001 1600359113
105.7899 1600359113
105.79 1600359113
104.1937 1600359113
104.1932 1600359113
104.1931 1600359113
104.4301 1600359113
104.4295 1600359113
104.4295 1600359113
101.034 1600359113
101.0348 1600359113
101.0338 1600359113
105.8411 1600359113
105.8419 1600359113
105.841 1600359113
105.7861 1600359113
105.7855 1600359113
105.78529999999999 1600359113
105.1405 1600359113
105.1413 1600359113
105.1404 1600359113
104.4316 1600359113
104.4316 1600359113
104.4316 1600359113
104.4865 1600359113
104.4868 1600359113
104.4869 1600359113
105.6296 1600359113
105.6303 1600359113
105.63040000000001 1600359113
105.9935 1600359113
105.9935 1600359113
105.99329999999999 1600359113
102.5446 1600359113
102.5447 1600359113
102.5446 1600359113
104.65599999999999 1600359113
104.65599999999999 1600359113
104.65599999999999 1600359113
105.2082 1600359113
105.2086 1600359113
105.2093 1600359113
104.634 1600359113
104.6334 1600359113
104.6341 1600359113
104.6133 1600359113
104.61389999999999 1600359113
104.6142 1600359113
103.5821 1600359113
103.5817 1600359113
103.582 1600359113
101.5563 1600359113
101.5561 1600359113
101.5566 1600359113
105.8456 1600359113
105.8458 1600359113
105.8459 1600359113
105.2995 1600359113
105.29979999999999 1600359113
105.2999 1600359113
104.587 1600359113
104.58730000000001 1600359113
104.5873 1600359113
102.5265 1600359113
102.5267 1600359113
102.5268 1600359113
105.5937 1600359113
105.5946 1600359113
105.59429999999999 1600359113
106.23570000000001 1600359113
106.2368 1600359113
106.23599999999999 1600359113
104.05630000000001 1600359113
104.056 1600359113
104.0562 1600359113
104.41120000000001 1600359113
104.41130000000001 1600359113
104.4107 1600359113
105.5152 1600359113
105.515 1600359113
105.515 1600359113
104.5275 1600359113
104.5275 1600359113
104.5273 1600359113
104.9397 1600359113
104.9393 1600359113
104.9397 1600359113
105.5957 1600359113
105.5956 1600359113
105.5955 1600359113
104.21090000000001 1600359113
104.2109 1600359113
104.2106 1600359113
105.5347 1600359113
105.5347 1600359113
105.5346 1600359113
105.8648 1600359113
105.8649 1600359113
105.8652 1600359113
105.847 1600359113
105.8468 1600359113
105.8472 1600359113
104.636 1600359113
104.6354 1600359113
104.6356 1600359113
101.77829999999999 1600359113
101.7782 1600359113
101.7786 1600359113
106.0103 1600359113
106.01 1600359113
106.0103 1600359113
105.2437 1600359113
105.2435 1600359113
105.2434 1600359113
104.1786 1600359113
104.1789 1600359113
104.1795 1600359113
105.9229 1600359113
105.9227 1600359113
105.923 1600359113
105.5394 1600359113
105.5395 1600359113
105.5402 1600359113
104.5858 1600359113
104.58590000000001 1600359113
104.5856 1600359113
106.17200000000001 1600359113
106.1718 1600359113
106.1721 1600359113
104.48859999999999 1600359113
104.4879 1600359113
104.48819999999999 1600359113
104.5895 1600359113
104.5905 1600359113
104.5898 1600359113
104.7204 1600359113
104.7204 1600359113
104.72109999999999 1600359113
103.1145 1600359113
103.1138 1600359113
103.114 1600359113
105.7127 1600359113
105.71300000000001 1600359113
105.7131 1600359113
105.2854 1600359113
105.2855 1600359113
105.2862 1600359113
100.78479999999999 1600359113
100.7846 1600359113
100.7844 1600359113
105.066 1600359113
105.0662 1600359113
105.0664 1600359113
105.339 1600359113
105.33879999999999 1600359113
105.3391 1600359113
102.8018 1600359113
102.8016 1600359113
102.8021 1600359113
105.5183 1600359113
105.5182 1600359113
105.51859999999999 1600359113
105.0362 1600359113
105.0371 1600359113
105.0364 1600359113
98.7265 1600359113
98.7264 1600359113
98.7268 1600359113
105.7932 1600359113
105.7931 1600359113
105.7928 1600359113
104.7225 1600359113
104.722 1600359113
104.7221 1600359113
102.8032 1600359113
102.80330000000001 1600359113
102.8035 1600359113
102.5006 1600359113
102.5009 1600359113
102.5016 1600359113
104.2125 1600359113
104.21260000000001 1600359113
104.2125 1600359113
102.877 1600359113
104.4792 1600359113
101.20739999999999 1600359113
106.1722 1600359113
106.17190000000001 1600359113
106.1715 1600359113
105.2902 1600359113
105.28970000000001 1600359113
105.2903 1600359113
104.4846 1600359113
104.48429999999999 1600359113
104.4846 1600359113
106.10260000000001 1600359113
106.1027 1600359113
106.1024 1600359113
102.9776 1600359113
102.9778 1600359113
102.97779999999999 1600359113
105.0633 1600359113
105.0633 1600359113
105.0636 1600359113
105.90339999999999 1600359113
105.9026 1600359113
105.90289999999999 1600359113
105.1565 1600359113
105.15610000000001 1600359113
105.1564 1600359113
105.3918 1600359113
105.3917 1600359113
105.3918 1600359113
104.45280000000001 1600359113
104.45270000000001 1600359113
104.45270000000001 1600359113
103.03779999999999 1600359113
103.0371 1600359113
103.03670000000001 1600359113
104.9542 1600359113
104.9538 1600359113
104.954 1600359113
104.4919 1600359113
104.4918 1600359113
104.4915 1600359113
104.7555 1600359113
104.75569999999999 1600359113
104.7555 1600359113
104.9679 1600359113
104.9679 1600359113
104.9679 1600359113
104.18480000000001 1600359113
104.1849 1600359113
104.18509999999999 1600359113
105.8184 1600359113
105.8186 1600359113
105.81869999999999 1600359113
106.2057 1600359113
106.2057 1600359113
106.20559999999999 1600359113
103.4892 1600359113
103.48899999999999 1600359113
103.4895 1600359113
105.5125 1600359113
105.5126 1600359113
105.5128 1600359113
104.5504 1600359113
104.5502 1600359113
104.5503 1600359113
105.8671 1600359113
105.8671 1600359113
105.86699999999999 1600359113
105.4567 1600359113
105.4568 1600359113
105.4566 1600359113
106.12650000000001 1600359113
106.1267 1600359113
106.1267 1600359113
104.77359999999999 1600359113
104.7732 1600359113
104.7731 1600359113
105.4577 1600359113
105.4579 1600359113
105.45809999999999 1600359113
105.06660000000001 1600359113
105.0665 1600359113
105.0665 1600359113
104.5869 1600359113
104.5869 1600359113
104.5866 1600359113
105.7489 1600359113
105.749 1600359113
105.7483 1600359113
106.18809999999999 1600359113
106.1884 1600359113
106.1886 1600359113
105.79180000000001 1600359113
105.79220000000001 1600359113
105.7922 1600359113
106.0612 1600359113
106.0612 1600359113
106.06099999999999 1600359113
105.5393 1600359113
105.53909999999999 1600359113
105.53909999999999 1600359113
105.3051 1600359113
105.30449999999999 1600359113
105.3051 1600359113
104.5577 1600359113
104.55739999999999 1600359113
104.5576 1600359113
104.4816 1600359113
104.4817 1600359113
104.482 1600359113
105.2869 1600359113
105.2867 1600359113
105.28659999999999 1600359113
106.0091 1600359113
106.0084 1600359113
106.0091 1600359113
103.6096 1600359113
103.6109 1600359113
103.6101 1600359113
105.2089 1600359113
105.2087 1600359113
105.20859999999999 1600359113
105.2997 1600359113
105.29939999999999 1600359113
105.29939999999999 1600359113
104.5766 1600359113
104.5769 1600359113
104.577 1600359113
104.2987 1600359113
104.29860000000001 1600359113
104.2991 1600359113
105.04429999999999 1600359113
105.0442 1600359113
105.0446 1600359113
105.0305 1600359113
105.0298 1600359113
105.0299 1600359113
104.4832 1600359113
104.4832 1600359113
104.4831 1600359113
106.097 1600359113
106.09679999999999 1600359113
106.09729999999999 1600359113
104.2123 1600359113
104.21220000000001 1600359113
104.212 1600359113
104.3031 1600359113
104.3029 1600359113
104.3031 1600359113
106.2397 1600359113
106.2397 1600359113
106.24 1600359113
104.3016 1600359113
104.3015 1600359113
104.3019 1600359113
105.3033 1600359113
105.3031 1600359113
105.3031 1600359113
105.1726 1600359113
105.17269999999999 1600359113
105.1725 1600359113
102.5525 1600359113
102.55239999999999 1600359113
102.5526 1600359113
104.7044 1600359113
104.7045 1600359113
104.7047 1600359113
105.0458 1600359113
105.046 1600359113
105.0461 1600359113
104.6177 1600359113
104.6177 1600359113
104.61749999999999 1600359113
105.9587 1600359113
105.9589 1600359113
105.9587 1600359113
102.8014 1600359113
102.8016 1600359113
102.8019 1600359113
105.0332 1600359113
105.0333 1600359113
105.0334 1600359113
105.3243 1600359113
105.3245 1600359113
105.32419999999999 1600359113
105.5356 1600359113
105.5357 1600359113
105.535 1600359113
105.7889 1600359113
105.789 1600359113
105.7889 1600359113
105.2839 1600359113
105.2838 1600359113
105.2842 1600359113
104.4804 1600359113
104.4803 1600359113
104.4806 1600359113
106.25869999999999 1600359113
106.2585 1600359113
106.2588 1600359113
104.1557 1600359113
104.15599999999999 1600359113
104.1561 1600359113
104.1596 1600359113
104.1595 1600359113
104.1595 1600359113
106.1106 1600359113
106.1104 1600359113
106.1107 1600359113
105.1759 1600359113
105.1753 1600359113
105.1763 1600359113
104.6372 1600359113
104.6368 1600359113
104.6371 1600359113
105.39649999999999 1600359113
105.3965 1600359113
105.3962 1600359113
105.2436 1600359113
105.2431 1600359113
105.2432 1600359113
105.61070000000001 1600359113
105.6109 1600359113
105.6112 1600359113
102.8992 1600359113
102.8988 1600359113
102.8992 1600359113
105.5069 1600359113
105.507 1600359113
105.5063 1600359113
100.7227 1600359113
100.7228 1600359113
100.7234 1600359113
104.8464 1600359113
104.8458 1600359113
104.846 1600359113
105.73010000000001 1600359113
105.7303 1600359113
105.73060000000001 1600359113
105.8711 1600359113
105.8722 1600359113
105.8718 1600359113
104.6108 1600359113
104.6103 1600359113
104.6104 1600359113
105.9049 1600359113
105.9049 1600359113
105.9046 1600359113
104.7058 1600359113
104.7055 1600359113
104.7057 1600359113
104.7202 1600359113
104.7204 1600359113
104.7204 1600359113
104.7713 1600359113
104.7719 1600359113
104.7712 1600359113
104.6201 1600359113
104.6203 1600359113
104.6205 1600359113
103.4913 1600359113
103.4904 1600359113
103.4907 1600359113
105.1088 1600359113
105.10799999999999 1600359113
105.1083 1600359113
106.2559 1600359113
106.2559 1600359113
106.25569999999999 1600359113
105.2855 1600359113
105.2855 1600359113
105.28529999999999 1600359113
105.2948 1600359113
105.2942 1600359113
105.2953 1600359113
106.0628 1600359113
106.0629 1600359113
106.0623 1600359113
101.58959999999999 1600359113
101.5889 1600359113
101.5898 1600359113
103.0185 1600359113
103.0185 1600359113
103.0188 1600359113
105.8735 1600359113
105.8733 1600359113
105.8733 1600359113
104.45389999999999 1600359113
104.4537 1600359113
104.45410000000001 1600359113
105.681 1600359113
105.6803 1600359113
105.6803 1600359113
104.62230000000001 1600359113
104.62230000000001 1600359113
104.623 1600359113
104.5278 1600359113
104.5275 1600359113
104.5278 1600359113
104.4858 1600359113
104.4859 1600359113
104.4857 1600359113
105.50880000000001 1600359113
105.5082 1600359113
105.5083 1600359113
104.55619999999999 1600359113
104.5562 1600359113
104.55630000000001 1600359113
105.405 1600359113
105.40520000000001 1600359113
105.4059 1600359113
104.5464 1600359113
104.5462 1600359113
104.5466 1600359113
104.7767 1600359113
104.7762 1600359113
104.7764 1600359113
105.3008 1600359113
105.3019 1600359113
105.30109999999999 1600359113
105.5192 1600359113
105.5194 1600359113
105.5196 1600359113
105.5182 1600359113
105.5181 1600359113
105.518 1600359113
104.7033 1600359113
104.7027 1600359113
104.7019 1600359113
105.4555 1600359113
105.4555 1600359113
105.4554 1600359113
104.5478 1600359113
104.5479 1600359113
104.5478 1600359113
105.67880000000001 1600359113
105.67920000000001 1600359113
105.67920000000001 1600359113
105.8102 1600359113
105.8104 1600359113
105.81049999999999 1600359113
101.3454 1600359113
101.3454 1600359113
101.3453 1600359113
101.1684 1600359113
101.1684 1600359113
101.1683 1600359113
103.5574 1600359113
103.5585 1600359113
103.5577 1600359113
105.8699 1600359113
105.87 1600359113
105.8697 1600359113
103.6452 1600359113
103.6452 1600359113
103.6451 1600359113
105.4345 1600359113
105.4353 1600359113
105.4353 1600359113
105.29180000000001 1600359113
105.29140000000001 1600359113
105.2917 1600359113
105.4036 1600359113
105.4035 1600359113
105.4041 1600359113
104.9345 1600359113
104.9345 1600359113
104.9348 1600359113
105.4016 1600359113
105.40180000000001 1600359113
105.4025 1600359113
105.53779999999999 1600359113
105.5376 1600359113
105.538 1600359113
105.0987 1600359113
105.0998 1600359113
105.099 1600359113
99.8883 1600359113
99.8893 1600359113
99.8882 1600359113
104.2811 1600359113
104.2813 1600359113
104.2815 1600359113
105.9614 1600359113
105.96170000000001 1600359113
105.9617 1600359113
106.0984 1600359113
106.0985 1600359113
106.0988 1600359113
105.7551 1600359113
105.7552 1600359113
105.7547 1600359113
105.86829999999999 1600359113
105.8681 1600359113
105.86859999999999 1600359113
104.3845 1600359113
104.3849 1600359113
104.3852 1600359113
104.43239999999999 1600359113
104.43249999999999 1600359113
104.4326 1600359113
105.4315 1600359113
105.4317 1600359113
105.432 1600359113
105.4337 1600359113
105.4329 1600359113
105.4332 1600359113
86.547 1600359113
86.5479 1600359113
86.548 1600359113
104.897 1600359113
104.8971 1600359113
104.8967 1600359113
105.5167 1600359113
105.5169 1600359113
105.51700000000001 1600359113
105.4485 1600359113
105.4483 1600359113
105.4483 1600359113
105.8657 1600359113
105.8657 1600359113
105.866 1600359113
106.0958 1600359113
106.0959 1600359113
106.096 1600359113
105.9072 1600359113
105.9074 1600359113
105.9076 1600359113
104.2598 1600359113
104.25959999999999 1600359113
104.2601 1600359113
105.1544 1600359113
105.1545 1600359113
105.1553 1600359113
106.1126 1600359113
106.1117 1600359113
106.11189999999999 1600359113
105.4382 1600359113
105.4378 1600359113
105.4378 1600359113
105.0344 1600359113
105.0347 1600359113
105.035 1600359113
105.4069 1600359113
105.4067 1600359113
105.40679999999999 1600359113
105.38929999999999 1600359113
105.3891 1600359113
105.3889 1600359113
104.2999 1600359113
104.30030000000001 1600359113
104.3003 1600359113
102.71 1600359113
102.7097 1600359113
102.70989999999999 1600359113
104.2613 1600359113
104.262 1600359113
104.262 1600359113
105.2965 1600359113
105.29639999999999 1600359113
105.2966 1600359113
104.5518 1600359113
104.5526 1600359113
104.5516 1600359113
105.3548 1600359113
105.3547 1600359113
105.35499999999999 1600359113
105.9627 1600359113
105.9637 1600359113
105.96340000000001 1600359113
105.4283 1600359113
105.4294 1600359113
105.4286 1600359113
105.646 1600359113
105.6464 1600359113
105.6464 1600359113
105.75 1600359113
105.75030000000001 1600359113
105.7503 1600359113
104.615 1600359113
104.6151 1600359113
104.6149 1600359113
103.4024 1600359113
103.4026 1600359113
103.40259999999999 1600359113
104.6307 1600359113
104.6307 1600359113
104.6307 1600359113
105.5045 1600359113
105.5046 1600359113
105.5052 1600359113
105.8151 1600359113
105.8149 1600359113
105.8158 1600359113
106.0932 1600359113
106.0934 1600359113
106.0934 1600359113
103.4955 1600359113
103.4953 1600359113
103.4953 1600359113
103.3184 1600359113
103.3184 1600359113
103.3183 1600359113
104.58539999999999 1600359113
104.5852 1600359113
104.5857 1600359113
104.0197 1600359113
104.0195 1600359113
104.0199 1600359113
104.6164 1600359113
104.6164 1600359113
104.61619999999999 1600359113
105.8643 1600359113
105.8644 1600359113
105.8643 1600359113
105.61370000000001 1600359113
105.61370000000001 1600359113
105.6135 1600359113
105.7533 1600359113
105.7526 1600359113
105.7537 1600359113
104.4352 1600359113
104.4352 1600359113
104.4352 1600359113
105.038 1600359113
105.0381 1600359113
105.0379 1600359113
101.8879 1600359113
101.887 1600359113
101.8877 1600359113
105.0318 1600359113
105.0316 1600359113
105.0324 1600359113
105.5907 1600359113
105.59060000000001 1600359113
105.5907 1600359113
105.1025 1600359113
105.1027 1600359113
105.10289999999999 1600359113
105.1041 1600359113
105.1042 1600359113
105.104 1600359113
99.9716 1600359113
99.9714 1600359113
99.9713 1600359113
98.94149999999999 1600359113
98.9417 1600359113
98.94189999999999 1600359113
102.551 1600359113
102.551 1600359113
102.5509 1600359113
106.2576 1600359113
106.2576 1600359113
106.25699999999999 1600359113
105.29289999999999 1600359113
105.2932 1600359113
105.2933 1600359113
105.2979 1600359113
105.2978 1600359113
105.2985 1600359113
104.5537 1600359113
104.5535 1600359113
104.5539 1600359113
106.14020000000001 1600359113
106.14 1600359113
106.14 1600359113
105.72879999999999 1600359113
105.72879999999999 1600359113
105.7289 1600359113
106.1011 1600359113
106.1011 1600359113
106.1013 1600359113
105.5113 1600359113
105.5112 1600359113
105.5111 1600359113
105.0393 1600359113
105.0393 1600359113
105.0396 1600359113
14.002200000000002 1600359113
14.001999999999999 1600359113
14.109100000000002 1600359113
103.4967 1600359113
103.4968 1600359113
103.4966 1600359113
102.5458 1600359113
102.54560000000001 1600359113
102.5453 1600359113
104.5754 1600359113
104.57530000000001 1600359113
104.5756 1600359113
106.0268 1600359113
106.027 1600359113
106.02669999999999 1600359113
105.9603 1600359113
105.9603 1600359113
105.9602 1600359113
105.0432 1600359113
105.0425 1600359113
105.04249999999999 1600359113
104.509 1600359113
104.50869999999999 1600359113
104.509 1600359113
105.5606 1600359113
105.5608 1600359113
105.56129999999999 1600359113
101.79549999999999 1600359113
101.7953 1600359113
101.79549999999999 1600359113
104.63210000000001 1600359113
104.63170000000001 1600359113
104.63210000000001 1600359113
103.5598 1600359113
103.5596 1600359113
103.5595 1600359113
100.8498 1600359113
100.8507 1600359113
100.8497 1600359113
105.2879 1600359113
105.2885 1600359113
105.2885 1600359113
106.1427 1600359113
106.1423 1600359113
106.1426 1600359113
105.3229 1600359113
105.32300000000001 1600359113
105.3232 1600359113
101.20219999999999 1600359113
101.202 1600359113
101.20209999999999 1600359113
106.0254 1600359113
106.0253 1600359113
106.0257 1600359113
104.6708 1600359113
104.6716 1600359113
104.6717 1600359113
106.09989999999999 1600359113
106.0996 1600359113
106.09989999999999 1600359113
104.41239999999999 1600359113
104.4126 1600359113
104.41269999999999 1600359113
106.0946 1600359113
106.0945 1600359113
106.0945 1600359113
105.3928 1600359113
105.3935 1600359113
105.39359999999999 1600359113
104.6093 1600359113
104.60860000000001 1600359113
104.6088 1600359113
104.4136 1600359113
104.41369999999999 1600359113
104.4138 1600359113
104.7186 1600359113
104.71889999999999 1600359113
104.71889999999999 1600359113
105.0414 1600359113
105.0408 1600359113
105.0409 1600359113
105.4439 1600359113
105.4443 1600359113
105.4445 1600359113
105.4458 1600359113
105.4456 1600359113
105.4455 1600359113
104.2107 1600359113
104.2108 1600359113
104.2107 1600359113
106.18939999999999 1600359113
106.1897 1600359113
106.1908 1600359113
106.1053 1600359113
106.1053 1600359113
106.105 1600359113
105.7511 1600359113
105.7513 1600359113
105.7515 1600359113
105.7568 1600359113
105.7568 1600359113
105.7566 1600359113
104.5791 1600359113
104.579 1600359113
104.5791 1600359113
105.1578 1600359113
105.1577 1600359113
105.1576 1600359113
105.8395 1600359113
105.8395 1600359113
105.8395 1600359113
105.4514 1600359113
105.4517 1600359113
105.4517 1600359113
104.6564 1600359113
104.6562 1600359113
104.6563 1600359113
105.408 1600359113
105.408 1600359113
105.4083 1600359113
105.6125 1600359113
105.6123 1600359113
105.6122 1600359113
105.3902 1600359113
105.3905 1600359113
105.39059999999999 1600359113
105.9954 1600359113
105.9953 1600359113
105.9954 1600359113
104.6242 1600359113
104.6242 1600359113
104.6238 1600359113
91.7558 1600359113
91.7557 1600359113
91.7558 1600359113
104.2654 1600359113
104.2654 1600359113
104.2662 1600359113
104.775 1600359113
104.7747 1600359113
104.775 1600359113
104.4194 1600359113
104.4194 1600359113
104.4198 1600359113
102.62310000000001 1600359113
102.6222 1600359113
102.623 1600359113
106.2353 1600359113
106.2357 1600359113
106.2357 1600359113
105.6821 1600359113
105.682 1600359113
105.6829 1600359113
105.5518 1600359113
105.5515 1600359113
105.5518 1600359113
104.4313 1600359113
104.4313 1600359113
104.431 1600359113
105.4468 1600359113
105.4471 1600359113
105.44709999999999 1600359113
104.8952 1600359113
104.8954 1600359113
104.8956 1600359113
78.6607 1600359113
78.6603 1600359113
78.6605 1600359113
103.40100000000001 1600359113
103.4012 1600359113
103.4012 1600359113
106.2611 1600359113
106.26100000000001 1600359113
106.2617 1600359113
105.9928 1600359113
105.9929 1600359113
105.9924 1600359113
104.2629 1600359113
104.2627 1600359113
104.2632 1600359113
103.6904 1600359113
103.6906 1600359113
103.69069999999999 1600359113
94.8894 1600359113
94.8898 1600359113
94.8898 1600359113
103.0941 1600359113
103.0939 1600359113
103.0939 1600359113
89.09020000000001 1600359113
89.0903 1600359113
89.0905 1600359113
104.6263 1600359113
104.6263 1600359113
104.62650000000001 1600359113
106.2372 1600359113
106.237 1600359113
106.2372 1600359113
105.0975 1600359113
105.0975 1600359113
105.0974 1600359113
103.4693 1600359113
103.4691 1600359113
103.4691 1600359113
105.5158 1600359113
105.51520000000001 1600359113
105.5153 1600359113
98.5941 1600359113
98.5943 1600359113
98.5945 1600359113
101.2538 1600359113
101.2536 1600359113
101.2541 1600359113
105.51 1600359113
105.51 1600359113
105.5097 1600359113
106.05760000000001 1600359113
106.0582 1600359113
106.0574 1600359113
104.8475 1600359113
104.8474 1600359113
104.8477 1600359113
95.27 1600359113
95.2698 1600359113
95.2698 1600359113
105.8631 1600359113
105.8631 1600359113
105.86280000000001 1600359113
104.8437 1600359113
104.8447 1600359113
104.8441 1600359113
106.2384 1600359113
106.2383 1600359113
106.23859999999999 1600359113
105.8131 1600359113
105.8138 1600359113
105.813 1600359113
104.5806 1600359113
104.5806 1600359113
104.5804 1600359113
105.4364 1600359113
105.43639999999999 1600359113
105.4366 1600359113
104.60589999999999 1600359113
104.60589999999999 1600359113
104.60589999999999 1600359113
104.6137 1600359113
104.6132 1600359113
104.6133 1600359113
106.0593 1600359113
106.0596 1600359113
106.0598 1600359113
106.2602 1600359113
106.26 1600359113
106.26 1600359113
105.17410000000001 1600359113
105.174 1600359113
105.1743 1600359113
104.4361 1600359113
104.4361 1600359113
104.43639999999999 1600359113
105.10560000000001 1600359113
105.10570000000001 1600359113
105.10560000000001 1600359113
105.2389 1600359113
105.23870000000001 1600359113
105.2388 1600359113
102.3819 1600359113
102.3823 1600359113
102.3823 1600359113
105.2412 1600359113
105.24210000000001 1600359113
105.2421 1600359113
104.5073 1600359113
104.5076 1600359113
104.5078 1600359113
105.2403 1600359113
105.2402 1600359113
105.2401 1600359113
105.4267 1600359113
105.4271 1600359113
105.4272 1600359113
101.16919999999999 1600359113
101.16929999999999 1600359113
101.1697 1600359113
103.9371 1600359113
103.937 1600359113
103.9376 1600359113
103.8514 1600359113
103.85170000000001 1600359113
103.8517 1600359113
105.9548 1600359113
105.95490000000001 1600359113
105.9548 1600359113
105.8091 1600359113
105.809 1600359113
105.8089 1600359113
103.3485 1600359113
103.3483 1600359113
103.34819999999999 1600359113
104.5816 1600359113
104.582 1600359113
104.582 1600359113
101.92 1600359113
101.9201 1600359113
101.92 1600359113
105.5595 1600359113
105.5593 1600359113
105.5593 1600359113
105.4395 1600359113
105.4396 1600359113
105.4394 1600359113
95.1865 1600359113
95.1875 1600359113
95.1866 1600359113
104.8982 1600359113
104.9088 1600359113
104.8985 1600359113
102.7409 1600359113
102.7406 1600359113
102.7409 1600359113
105.8406 1600359113
105.8415 1600359113
105.8409 1600359113
103.5816 1600359113
103.5818 1600359113
103.58189999999999 1600359113
105.9063 1600359113
105.9061 1600359113
105.9059 1600359113
104.4168 1600359113
104.4179 1600359113
104.4172 1600359113
105.4415 1600359113
105.4415 1600359113
105.4409 1600359113
102.1487 1600359113
102.1483 1600359113
102.1484 1600359113
105.4528 1600359113
105.4529 1600359113
105.4527 1600359113
105.45400000000001 1600359113
105.4539 1600359113
105.4543 1600359113
104.4339 1600359113
104.4339 1600359113
104.4337 1600359113
105.7902 1600359113
105.7901 1600359113
105.79079999999999 1600359113
106.141 1600359113
106.1412 1600359113
106.14129999999999 1600359113
103.49929999999999 1600359113
103.4991 1600359113
103.49929999999999 1600359113
104.6336 1600359113
104.6336 1600359113
104.6334 1600359113
95.1847 1600359113
95.185 1600359113
95.185 1600359113
104.6358 1600359113
104.6359 1600359113
104.6358 1600359113
104.30460000000001 1600359113
104.3044 1600359113
104.3044 1600359113
102.6182 1600359113
102.618 1600359113
102.6184 1600359113
104.4228 1600359113
104.4235 1600359113
104.4226 1600359113
105.5503 1600359113
105.5505 1600359113
105.5504 1600359113
104.2134 1600359113
104.2132 1600359113
104.2142 1600359113
104.5548 1600359113
104.55510000000001 1600359113
104.5552 1600359113
101.5408 1600359113
101.5406 1600359113
101.5406 1600359113
105.3946 1600359113
105.3946 1600359113
105.39529999999999 1600359113
106.10340000000001 1600359113
106.1036 1600359113
106.1039 1600359113
105.81190000000001 1600359113
105.8118 1600359113
105.8117 1600359113
106.1079 1600359113
106.1079 1600359113
106.1077 1600359113
105.4306 1600359113
105.4306 1600359113
105.4305 1600359113
104.6187 1600359113
104.6191 1600359113
104.6192 1600359113
105.4008 1600359113
105.4002 1600359113
105.4001 1600359113
105.7471 1600359113
105.7469 1600359113
105.7468 1600359113
105.0269 1600359113
105.0273 1600359113
105.0273 1600359113
105.6433 1600359113
105.643 1600359113
105.6433 1600359113
103.4982 1600359113
103.4979 1600359113
103.4982 1600359113
104.4086 1600359113
104.4088 1600359113
104.4088 1600359113
104.6121 1600359113
104.612 1600359113
104.6122 1600359113
105.6448 1600359113
105.64399999999999 1600359113
105.64439999999999 1600359113
50.690799999999996 1600359113
50.6901 1600359113
50.69 1600359113
102.54440000000001 1600359113
102.5442 1600359113
102.54440000000001 1600359113
90.4778 1600359113
90.4781 1600359113
90.47829999999999 1600359113
104.4905 1600359113
104.49029999999999 1600359113
104.4899 1600359113
104.1577 1600359113
104.1584 1600359113
104.1585 1600359113
104.1349 1600359113
104.13470000000001 1600359113
104.1346 1600359113
105.3216 1600359113
105.3215 1600359113
105.3218 1600359113
106.2196 1600359113
106.2193 1600359113
106.2196 1600359113
98.7764 1600359113
98.7764 1600359113
98.7768 1600359113
104.43010000000001 1600359113
104.4298 1600359113
104.4299 1600359113
94.1874 1600359113
94.1884 1600359113
94.18730000000001 1600359113
104.5743 1600359113
104.5741 1600359113
104.5738 1600359113
105.0477 1600359113
105.047 1600359113
105.0468 1600359113
102.40459999999999 1600359113
102.4037 1600359113
102.4036 1600359113
102.66460000000001 1600359113
102.6653 1600359113
102.6656 1600359113
105.3988 1600359113
105.399 1600359113
105.3993 1600359113
104.9664 1600359113
104.9664 1600359113
104.9667 1600359113
98.5229 1600359113
98.5239 1600359113
98.5233 1600359113
106.1091 1600359113
106.1091 1600359113
106.109 1600359113
105.025 1600359113
105.026 1600359113
105.0254 1600359113
105.9576 1600359113
105.9577 1600359113
105.9574 1600359113
90.6241 1600359113
90.6238 1600359113
90.6247 1600359113
104.5492 1600359113
104.549 1600359113
104.5492 1600359113
101.3683 1600359113
101.3695 1600359113
101.3686 1600359113
104.7229 1600359113
104.7227 1600359113
104.7235 1600359113
105.3978 1600359113
105.3975 1600359113
105.3978 1600359113
102.1906 1600359113
102.1905 1600359113
102.1914 1600359113
104.62740000000001 1600359113
104.628 1600359113
104.6282 1600359113
104.4155 1600359113
104.4148 1600359113
104.41539999999999 1600359113
102.5039 1600359113
102.5032 1600359113
102.5031 1600359113
103.4876 1600359113
103.4876 1600359113
103.4879 1600359113
105.3562 1600359113
105.356 1600359113
105.3564 1600359113
106.2548 1600359113
106.2543 1600359113
106.2545 1600359113
104.4217 1600359113
104.42110000000001 1600359113
104.4212 1600359113
105.8619 1600359113
105.8613 1600359113
105.8614 1600359113
104.7218 1600359113
104.7217 1600359113
104.7217 1600359113
103.7279 1600359113
103.7279 1600359113
103.7276 1600359113
105.9561 1600359113
105.9563 1600359113
105.9563 1600359113
104.7372 1600359113
104.7373 1600359113
104.7375 1600359113
105.4497 1600359113
105.4505 1600359113
105.4497 1600359113
106.1919 1600359113
106.1921 1600359113
106.1922 1600359113
89.69300000000001 1600359113
89.6931 1600359113
89.6928 1600359113
87.5343 1600359113
87.5342 1600359113
87.5345 1600359113
104.506 1600359113
104.5059 1600359113
104.5059 1600359113
105.9941 1600359113
105.994 1600359113
105.994 1600359113
102.82509999999999 1600359113
102.8252 1600359113
102.826 1600359113
102.23819999999999 1600359113
102.2383 1600359113
102.2383 1600359113
106.1067 1600359113
106.1065 1600359113
106.1066 1600359113
104.6537 1600359113
104.65379999999999 1600359113
104.6536 1600359113
105.0223 1600359113
105.0225 1600359113
105.0226 1600359113
89.5968 1600359113
89.5967 1600359113
89.5967 1600359113
105.47319999999999 1600359113
105.4734 1600359113
105.4737 1600359113
90.5063 1600359113
90.5062 1600359113
90.5061 1600359113
105.8168 1600359113
105.8175 1600359113
105.8166 1600359113
105.1066 1600359113
105.107 1600359113
105.107 1600359113
89.9399 1600359113
89.9395 1600359113
89.9399 1600359113
104.42460000000001 1600359113
104.42540000000001 1600359113
104.4248 1600359113
105.024 1600359113
105.024 1600359113
105.0238 1600359113
104.6293 1600359113
104.6291 1600359113
104.6294 1600359113
98.6384 1600359113
98.6386 1600359113
98.6389 1600359113
102.7614 1600359113
102.7613 1600359113
102.7618 1600359113
94.13759999999999 1600359113
94.13780000000001 1600359113
94.1379 1600359113
103.09649999999999 1600359113
103.0966 1600359113
103.09649999999999 1600359113
103.9356 1600359113
103.9356 1600359113
103.93599999999999 1600359113
105.1012 1600359113
105.1021 1600359113
105.1015 1600359113
105.3534 1600359113
105.3533 1600359113
105.3536 1600359113
105.0364 1600359113
105.036 1600359113
105.0367 1600359113
105.4426 1600359113
105.4427 1600359113
105.4426 1600359113
94.029 1600359113
94.0291 1600359113
94.0283 1600359113
101.3272 1600359113
101.3274 1600359113
101.3276 1600359113
103.5616 1600359113
103.5612 1600359113
103.561 1600359113
103.3469 1600359113
103.3467 1600359113
103.3472 1600359113
