108.9657 1600327492
108.9662 1600327492
108.9663 1600327492
110.1966 1600327492
110.19680000000001 1600327492
110.197 1600327492
108.9499 1600327492
108.9501 1600327492
108.95009999999999 1600327492
110.3773 1600327492
110.3776 1600327492
110.378 1600327492
109.22330000000001 1600327492
109.2231 1600327492
109.2231 1600327492
108.5153 1600327492
108.5155 1600327492
108.51559999999999 1600327492
108.63719999999999 1600327492
108.63719999999999 1600327492
108.63759999999999 1600327492
101.0976 1600327492
101.09870000000001 1600327492
101.09800000000001 1600327492
109.8277 1600327492
109.8276 1600327492
109.8281 1600327492
110.0958 1600327492
110.0955 1600327492
110.0956 1600327492
108.8714 1600327492
108.8711 1600327492
108.8708 1600327492
109.14280000000001 1600327492
109.1425 1600327492
109.1425 1600327492
110.1725 1600327492
110.1734 1600327492
110.1724 1600327492
109.3613 1600327492
109.3612 1600327492
109.3614 1600327492
109.69640000000001 1600327492
109.6959 1600327492
109.697 1600327492
109.5984 1600327492
109.598 1600327492
109.59870000000001 1600327492
108.868 1600327492
108.8678 1600327492
108.86779999999999 1600327492
105.5174 1600327492
105.5174 1600327492
105.51729999999999 1600327492
108.7498 1600327492
108.7511 1600327492
108.7505 1600327492
109.5968 1600327492
109.59710000000001 1600327492
109.5973 1600327492
110.2996 1600327492
110.29920000000001 1600327492
110.3001 1600327492
109.7523 1600327492
109.75319999999999 1600327492
109.7526 1600327492
108.9126 1600327492
108.9119 1600327492
108.91220000000001 1600327492
106.5391 1600327492
106.539 1600327492
106.5387 1600327492
110.3811 1600327492
110.3818 1600327492
110.3819 1600327492
109.8245 1600327492
109.82390000000001 1600327492
109.8245 1600327492
110.1955 1600327492
110.1955 1600327492
110.19550000000001 1600327492
109.2016 1600327492
109.20270000000001 1600327492
109.2021 1600327492
108.6742 1600327492
108.6739 1600327492
108.6742 1600327492
109.74969999999999 1600327492
109.7495 1600327492
109.7496 1600327492
102.0845 1600327492
102.0845 1600327492
102.08470000000001 1600327492
109.33600000000001 1600327492
109.33579999999999 1600327492
109.33630000000001 1600327492
109.7378 1600327492
109.7364 1600327492
109.7373 1600327492
108.6339 1600327492
108.634 1600327492
108.6339 1600327492
107.2752 1600327492
107.27510000000001 1600327492
107.2751 1600327492
107.70710000000001 1600327492
107.7077 1600327492
107.70800000000001 1600327492
109.33290000000001 1600327492
109.3331 1600327492
109.3336 1600327492
108.663 1600327492
108.66260000000001 1600327492
108.66319999999999 1600327492
108.9097 1600327492
108.91029999999999 1600327492
108.91080000000001 1600327492
110.5532 1600327492
110.5525 1600327492
110.5523 1600327492
109.76450000000001 1600327492
109.7645 1600327492
109.7636 1600327492
108.9672 1600327492
108.96759999999999 1600327492
108.9674 1600327492
110.5027 1600327492
110.50240000000001 1600327492
110.5022 1600327492
106.7548 1600327492
106.755 1600327492
106.7554 1600327492
108.7414 1600327492
108.74159999999999 1600327492
108.7417 1600327492
109.2674 1600327492
109.2667 1600327492
109.26689999999999 1600327492
109.3517 1600327492
109.3518 1600327492
109.352 1600327492
109.36309999999999 1600327492
109.3631 1600327492
109.3624 1600327492
110.3368 1600327492
110.3375 1600327492
110.3363 1600327492
109.617 1600327492
109.6168 1600327492
109.61710000000001 1600327492
109.411 1600327492
109.4117 1600327492
109.41170000000001 1600327492
109.51689999999999 1600327492
109.51660000000001 1600327492
109.5169 1600327492
109.9593 1600327492
109.9589 1600327492
109.9592 1600327492
109.82119999999999 1600327492
109.8218 1600327492
109.821 1600327492
109.23280000000001 1600327492
109.2328 1600327492
109.23320000000001 1600327492
109.51809999999999 1600327492
109.5179 1600327492
109.5185 1600327492
109.3088 1600327492
109.3087 1600327492
109.30860000000001 1600327492
104.23110000000001 1600327492
104.2304 1600327492
104.2303 1600327492
109.38210000000001 1600327492
109.3824 1600327492
109.38279999999999 1600327492
109.61370000000001 1600327492
109.61319999999999 1600327492
109.6144 1600327492
109.7331 1600327492
109.73270000000001 1600327492
109.7329 1600327492
108.7427 1600327492
108.743 1600327492
108.7431 1600327492
109.7697 1600327492
109.7697 1600327492
109.7697 1600327492
103.91799999999999 1600327492
103.9179 1600327492
103.9188 1600327492
109.80579999999999 1600327492
109.80539999999999 1600327492
109.8057 1600327492
110.3408 1600327492
110.3409 1600327492
110.34060000000001 1600327492
108.8729 1600327492
108.8728 1600327492
108.8727 1600327492
109.2246 1600327492
109.2247 1600327492
109.2246 1600327492
109.9063 1600327492
109.9067 1600327492
109.9057 1600327492
109.7684 1600327492
109.76830000000001 1600327492
109.768 1600327492
109.55460000000001 1600327492
109.55499999999999 1600327492
109.5551 1600327492
108.4662 1600327492
108.4662 1600327492
108.466 1600327492
109.4101 1600327492
109.4095 1600327492
109.4094 1600327492
109.1682 1600327492
109.1685 1600327492
109.16860000000001 1600327492
107.84949999999999 1600327492
107.8496 1600327492
107.8503 1600327492
109.2343 1600327492
109.2339 1600327492
109.2347 1600327492
108.1231 1600327492
108.123 1600327492
108.1229 1600327492
107.1391 1600327492
107.1392 1600327492
107.13980000000001 1600327492
109.9523 1600327492
109.9527 1600327492
109.9527 1600327492
108.46719999999999 1600327492
108.467 1600327492
108.4675 1600327492
108.6591 1600327492
108.6592 1600327492
108.6595 1600327492
109.33149999999999 1600327492
109.3321 1600327492
109.3321 1600327492
108.7852 1600327492
108.786 1600327492
108.78519999999999 1600327492
108.6606 1600327492
108.6616 1600327492
108.661 1600327492
109.1397 1600327492
109.1396 1600327492
109.1395 1600327492
108.8691 1600327492
108.8694 1600327492
108.8695 1600327492
109.8267 1600327492
109.8262 1600327492
109.8262 1600327492
108.8763 1600327492
108.8763 1600327492
108.8767 1600327492
108.8156 1600327492
108.8152 1600327492
108.8155 1600327492
110.339 1600327492
110.3386 1600327492
110.33879999999999 1600327492
106.9127 1600327492
106.9136 1600327492
106.9127 1600327492
110.554 1600327492
110.55409999999999 1600327492
110.5548 1600327492
106.5757 1600327492
106.5766 1600327492
106.5754 1600327492
109.3591 1600327492
109.3591 1600327492
109.3589 1600327492
110.3336 1600327492
110.3336 1600327492
110.334 1600327492
109.75450000000001 1600327492
109.75420000000001 1600327492
109.75460000000001 1600327492
109.76660000000001 1600327492
109.7666 1600327492
109.76679999999999 1600327492
108.5167 1600327492
108.5169 1600327492
108.5167 1600327492
109.33449999999999 1600327492
109.3348 1600327492
109.3349 1600327492
106.9352 1600327492
106.9345 1600327492
106.9346 1600327492
109.5152 1600327492
109.51549999999999 1600327492
109.5156 1600327492
110.2782 1600327492
110.2784 1600327492
110.2783 1600327492
109.51219999999999 1600327492
109.51339999999999 1600327492
109.5125 1600327492
109.2275 1600327492
109.22749999999999 1600327492
109.2274 1600327492
109.7654 1600327492
110.3424 1600327492
110.3419 1600327492
110.4367 1600327492
110.4366 1600327492
110.43730000000001 1600327492
109.2037 1600327492
109.20400000000001 1600327492
109.20389999999999 1600327492
109.3021 1600327492
109.3016 1600327492
109.302 1600327492
108.0768 1600327492
108.0776 1600327492
108.0764 1600327492
108.795 1600327492
108.7947 1600327492
108.7954 1600327492
109.405 1600327492
109.4052 1600327492
109.4055 1600327492
109.97380000000001 1600327492
109.9731 1600327492
109.9735 1600327492
109.3429 1600327492
109.34270000000001 1600327492
109.3432 1600327492
110.3574 1600327492
110.35719999999999 1600327492
110.3571 1600327492
108.5149 1600327492
108.5149 1600327492
108.5157 1600327492
108.64 1600327492
108.64 1600327492
108.64 1600327492
109.1679 1600327492
109.1678 1600327492
109.1682 1600327492
109.82350000000001 1600327492
109.82379999999999 1600327492
109.8239 1600327492
109.73479999999999 1600327492
109.7355 1600327492
109.7345 1600327492
108.64280000000001 1600327492
108.6426 1600327492
108.6428 1600327492
105.6613 1600327492
105.6608 1600327492
105.6609 1600327492
109.01339999999999 1600327492
109.013 1600327492
109.01400000000001 1600327492
109.746 1600327492
109.7458 1600327492
109.7462 1600327492
108.9526 1600327492
108.95240000000001 1600327492
108.9525 1600327492
109.62049999999999 1600327492
109.62039999999999 1600327492
109.6207 1600327492
109.3071 1600327492
109.30690000000001 1600327492
109.30720000000001 1600327492
109.515 1600327492
109.51469999999999 1600327492
109.51520000000001 1600327492
110.3758 1600327492
110.3761 1600327492
110.37620000000001 1600327492
106.3232 1600327492
106.3222 1600327492
106.3224 1600327492
108.8509 1600327492
108.8511 1600327492
108.85130000000001 1600327492
109.743 1600327492
109.7431 1600327492
109.7428 1600327492
108.9102 1600327492
108.9105 1600327492
108.91069999999999 1600327492
109.39880000000001 1600327492
109.39909999999999 1600327492
109.3992 1600327492
110.4188 1600327492
110.41860000000001 1600327492
110.4184 1600327492
109.16640000000001 1600327492
109.1666 1600327492
109.1669 1600327492
110.07600000000001 1600327492
110.0764 1600327492
110.07650000000001 1600327492
109.5542 1600327492
109.55359999999999 1600327492
109.5549 1600327492
101.5381 1600327492
101.5381 1600327492
101.53790000000001 1600327492
107.2232 1600327492
107.2234 1600327492
107.22380000000001 1600327492
109.3033 1600327492
109.30420000000001 1600327492
109.30340000000001 1600327492
107.3434 1600327492
107.3434 1600327492
107.3431 1600327492
109.6967 1600327492
109.6969 1600327492
109.6971 1600327492
109.6592 1600327492
109.65889999999999 1600327492
109.6593 1600327492
109.412 1600327492
109.4114 1600327492
109.4123 1600327492
109.6609 1600327492
109.6603 1600327492
109.66 1600327492
109.1619 1600327492
109.16239999999999 1600327492
109.1623 1600327492
108.6756 1600327492
108.6751 1600327492
108.6769 1600327492
110.3168 1600327492
110.3169 1600327492
110.3168 1600327492
106.5976 1600327492
106.5972 1600327492
106.5978 1600327492
107.6562 1600327492
107.657 1600327492
107.6559 1600327492
108.48129999999999 1600327492
108.4817 1600327492
108.48219999999999 1600327492
106.82629999999999 1600327492
106.8262 1600327492
106.8272 1600327492
109.0518 1600327492
109.0519 1600327492
109.0518 1600327492
110.04560000000001 1600327492
110.04570000000001 1600327492
110.04560000000001 1600327492
109.10539999999999 1600327492
109.1058 1600327492
109.10610000000001 1600327492
109.012 1600327492
109.0117 1600327492
109.012 1600327492
110.3805 1600327492
110.3807 1600327492
110.38119999999999 1600327492
108.74549999999999 1600327492
108.746 1600327492
108.74499999999999 1600327492
105.4656 1600327492
105.4662 1600327492
105.4663 1600327492
109.82480000000001 1600327492
109.82499999999999 1600327492
109.8253 1600327492
107.047 1600327492
107.04820000000001 1600327492
107.0475 1600327492
108.4128 1600327492
108.4127 1600327492
108.41239999999999 1600327492
109.8208 1600327492
109.8207 1600327492
109.8209 1600327492
109.6217 1600327492
109.6219 1600327492
109.6225 1600327492
109.5016 1600327492
109.5017 1600327492
109.5018 1600327492
102.6221 1600327492
102.6227 1600327492
102.6224 1600327492
109.75009999999999 1600327492
109.7507 1600327492
109.7511 1600327492
109.3363 1600327492
109.33670000000001 1600327492
109.3376 1600327492
109.30550000000001 1600327492
109.3052 1600327492
109.30579999999999 1600327492
109.0535 1600327492
109.0535 1600327492
109.05330000000001 1600327492
108.9169 1600327492
108.9174 1600327492
108.9187 1600327492
108.63810000000001 1600327492
108.63850000000001 1600327492
108.63879999999999 1600327492
109.34750000000001 1600327492
109.3469 1600327492
109.3478 1600327492
109.35560000000001 1600327492
109.3558 1600327492
109.35640000000001 1600327492
108.1739 1600327492
108.1739 1600327492
108.17399999999999 1600327492
109.1715 1600327492
109.1713 1600327492
109.1718 1600327492
108.91199999999999 1600327492
108.9119 1600327492
108.9118 1600327492
109.4662 1600327492
109.46600000000001 1600327492
109.4661 1600327492
109.3004 1600327492
109.30080000000001 1600327492
109.3008 1600327492
109.7486 1600327492
109.7488 1600327492
109.7489 1600327492
109.1029 1600327492
109.1033 1600327492
109.1034 1600327492
108.54339999999999 1600327492
108.5433 1600327492
108.5437 1600327492
110.2778 1600327492
110.27820000000001 1600327492
110.27810000000001 1600327492
110.5505 1600327492
110.5505 1600327492
110.5506 1600327492
110.04419999999999 1600327492
110.0444 1600327492
110.0445 1600327492
109.3539 1600327492
109.3546 1600327492
109.35470000000001 1600327492
110.3154 1600327492
110.3154 1600327492
110.31569999999999 1600327492
109.342 1600327492
109.3419 1600327492
109.3416 1600327492
110.2798 1600327492
110.27980000000001 1600327492
110.2792 1600327492
110.3747 1600327492
110.3745 1600327492
110.37490000000001 1600327492
109.23140000000001 1600327492
109.2312 1600327492
109.2312 1600327492
109.7388 1600327492
109.7387 1600327492
109.7386 1600327492
109.46740000000001 1600327492
109.4674 1600327492
109.4677 1600327492
107.97930000000001 1600327492
107.9786 1600327492
107.9788 1600327492
106.2499 1600327492
106.25009999999999 1600327492
106.25040000000001 1600327492
110.2992 1600327492
110.2992 1600327492
110.2988 1600327492
110.5339 1600327492
110.53490000000001 1600327492
110.53370000000001 1600327492
109.04620000000001 1600327492
109.0472 1600327492
109.0462 1600327492
110.38329999999999 1600327492
110.3836 1600327492
110.38380000000001 1600327492
110.01180000000001 1600327492
110.01150000000001 1600327492
110.0124 1600327492
108.9607 1600327492
108.9606 1600327492
108.9605 1600327492
108.6363 1600327492
108.6374 1600327492
108.6364 1600327492
108.8135 1600327492
108.8138 1600327492
108.81370000000001 1600327492
108.79360000000001 1600327492
108.7929 1600327492
108.79320000000001 1600327492
110.05669999999999 1600327492
110.0567 1600327492
110.057 1600327492
108.6689 1600327492
108.6691 1600327492
108.6693 1600327492
108.8764 1600327492
108.8762 1600327492
108.8765 1600327492
109.4008 1600327492
109.4002 1600327492
109.4001 1600327492
108.8728 1600327492
108.8727 1600327492
108.8732 1600327492
108.74119999999999 1600327492
108.7409 1600327492
108.7414 1600327492
106.7355 1600327492
106.7355 1600327492
106.7355 1600327492
109.0573 1600327492
109.0571 1600327492
109.05760000000001 1600327492
109.4649 1600327492
109.4649 1600327492
109.46470000000001 1600327492
109.1006 1600327492
109.1005 1600327492
109.1005 1600327492
109.3384 1600327492
109.3386 1600327492
109.33829999999999 1600327492
108.0462 1600327492
108.0468 1600327492
108.0475 1600327492
109.5616 1600327492
109.5614 1600327492
109.5618 1600327492
109.7414 1600327492
109.7414 1600327492
109.7415 1600327492
105.77069999999999 1600327492
105.77069999999999 1600327492
105.77069999999999 1600327492
109.4999 1600327492
109.50009999999999 1600327492
109.50040000000001 1600327492
109.73270000000001 1600327492
109.7335 1600327492
109.73259999999999 1600327492
109.9752 1600327492
109.97489999999999 1600327492
109.9752 1600327492
110.4206 1600327492
110.42 1600327492
110.4203 1600327492
108.91629999999999 1600327492
108.916 1600327492
108.9162 1600327492
110.50080000000001 1600327492
110.5013 1600327492
110.5021 1600327492
109.0559 1600327492
109.0561 1600327492
109.0562 1600327492
93.4352 1600327492
93.435 1600327492
93.43589999999999 1600327492
108.9571 1600327492
108.9579 1600327492
108.95710000000001 1600327492
108.42960000000001 1600327492
108.42970000000001 1600327492
108.4304 1600327492
109.69550000000001 1600327492
109.6957 1600327492
109.6957 1600327492
109.5587 1600327492
109.5586 1600327492
109.5586 1600327492
109.4152 1600327492
109.4153 1600327492
109.41520000000001 1600327492
109.4164 1600327492
109.41640000000001 1600327492
109.4167 1600327492
109.7294 1600327492
109.72999999999999 1600327492
109.73 1600327492
108.3531 1600327492
108.3531 1600327492
108.3533 1600327492
110.4176 1600327492
110.41629999999999 1600327492
110.41720000000001 1600327492
109.5567 1600327492
109.5563 1600327492
109.5567 1600327492
108.172 1600327492
108.1717 1600327492
108.17190000000001 1600327492
100.3686 1600327492
100.3686 1600327492
100.36840000000001 1600327492
109.41 1600327492
109.4095 1600327492
109.40920000000001 1600327492
109.7372 1600327492
109.7376 1600327492
109.7364 1600327492
109.3527 1600327492
109.35289999999999 1600327492
109.3529 1600327492
108.7874 1600327492
108.7876 1600327492
108.78750000000001 1600327492
110.3585 1600327492
110.3584 1600327492
110.369 1600327492
109.0655 1600327492
109.0651 1600327492
109.0654 1600327492
108.7085 1600327492
108.70960000000001 1600327492
108.70909999999999 1600327492
106.3559 1600327492
106.3563 1600327492
106.3564 1600327492
110.0956 1600327492
110.095 1600327492
110.0959 1600327492
110.3796 1600327492
110.3785 1600327492
110.3794 1600327492
109.404 1600327492
109.4038 1600327492
109.40400000000001 1600327492
108.74249999999999 1600327492
108.7426 1600327492
108.74249999999999 1600327492
108.9471 1600327492
108.94800000000001 1600327492
108.9471 1600327492
105.29140000000001 1600327492
105.29169999999999 1600327492
105.2918 1600327492
105.17030000000001 1600327492
105.1702 1600327492
105.1708 1600327492
109.8224 1600327492
109.822 1600327492
109.82199999999999 1600327492
109.402 1600327492
109.4025 1600327492
109.40280000000001 1600327492
109.0587 1600327492
109.0587 1600327492
109.05900000000001 1600327492
106.8347 1600327492
106.8348 1600327492
106.83510000000001 1600327492
108.9631 1600327492
108.96310000000001 1600327492
108.96340000000001 1600327492
109.22149999999999 1600327492
109.22070000000001 1600327492
109.221 1600327492
110.0427 1600327492
110.04260000000001 1600327492
110.043 1600327492
108.7889 1600327492
108.7888 1600327492
108.78880000000001 1600327492
108.4405 1600327492
108.4405 1600327492
108.4402 1600327492
110.3823 1600327492
110.38239999999999 1600327492
110.3823 1600327492
108.9535 1600327492
108.95370000000001 1600327492
108.954 1600327492
110.2162 1600327492
110.2156 1600327492
110.2157 1600327492
109.4133 1600327492
109.414 1600327492
109.4141 1600327492
109.82830000000001 1600327492
109.8283 1600327492
109.82870000000001 1600327492
108.6413 1600327492
108.641 1600327492
108.6413 1600327492
109.36070000000001 1600327492
109.36099999999999 1600327492
109.36080000000001 1600327492
108.7529 1600327492
108.75309999999999 1600327492
108.75319999999999 1600327492
110.09259999999999 1600327492
110.0926 1600327492
110.0925 1600327492
109.38250000000001 1600327492
109.3829 1600327492
109.3831 1600327492
108.64410000000001 1600327492
108.6438 1600327492
108.6442 1600327492
109.04849999999999 1600327492
109.0485 1600327492
109.0485 1600327492
109.90400000000001 1600327492
109.90350000000001 1600327492
109.90360000000001 1600327492
108.7436 1600327492
108.7438 1600327492
108.744 1600327492
108.7976 1600327492
108.7975 1600327492
108.7984 1600327492
110.2128 1600327492
110.2123 1600327492
110.21230000000001 1600327492
107.89540000000001 1600327492
107.8964 1600327492
107.89550000000001 1600327492
108.9556 1600327492
108.9555 1600327492
108.9559 1600327492
108.7965 1600327492
108.7965 1600327492
108.79639999999999 1600327492
110.09400000000001 1600327492
110.094 1600327492
110.09400000000001 1600327492
109.74040000000001 1600327492
109.74 1600327492
109.74 1600327492
109.551 1600327492
109.55090000000001 1600327492
109.5514 1600327492
108.1626 1600327492
108.16250000000001 1600327492
108.1624 1600327492
109.26859999999999 1600327492
109.2684 1600327492
109.26870000000001 1600327492
110.1791 1600327492
110.1788 1600327492
110.1799 1600327492
110.09740000000001 1600327492
110.098 1600327492
110.0973 1600327492
109.9054 1600327492
109.9051 1600327492
109.905 1600327492
108.9088 1600327492
108.9087 1600327492
108.90899999999999 1600327492
109.099 1600327492
109.09859999999999 1600327492
109.0996 1600327492
109.3502 1600327492
109.3503 1600327492
109.35000000000001 1600327492
108.3192 1600327492
108.319 1600327492
108.31909999999999 1600327492
110.4139 1600327492
110.4141 1600327492
110.414 1600327492
109.2342 1600327492
109.2344 1600327492
109.2339 1600327492
109.76989999999999 1600327492
109.77090000000001 1600327492
109.7701 1600327492
109.7449 1600327492
109.74430000000001 1600327492
109.7442 1600327492
109.505 1600327492
109.5053 1600327492
109.5053 1600327492
107.98450000000001 1600327492
107.9844 1600327492
107.9842 1600327492
109.5814 1600327492
109.5808 1600327492
109.58200000000001 1600327492
110.43849999999999 1600327492
110.43820000000001 1600327492
110.4383 1600327492
107.3446 1600327492
107.3445 1600327492
107.34479999999999 1600327492
108.87469999999999 1600327492
108.8741 1600327492
108.8749 1600327492
109.509 1600327492
109.5094 1600327492
109.5097 1600327492
108.0424 1600327492
108.0423 1600327492
108.0422 1600327492
109.3487 1600327492
109.3489 1600327492
109.3492 1600327492
109.2323 1600327492
109.2321 1600327492
109.2328 1600327492
109.7639 1600327492
109.7634 1600327492
109.76350000000001 1600327492
110.3779 1600327492
110.3773 1600327492
110.37729999999999 1600327492
101.2087 1600327492
101.2084 1600327492
101.20840000000001 1600327492
108.4834 1600327492
108.48349999999999 1600327492
108.4833 1600327492
110.0094 1600327492
110.0089 1600327492
110.00869999999999 1600327492
104.2303 1600327492
104.2296 1600327492
104.2296 1600327492
110.4708 1600327492
110.47099999999999 1600327492
110.4713 1600327492
109.1046 1600327492
109.10440000000001 1600327492
109.1046 1600327492
109.33109999999999 1600327492
109.33109999999999 1600327492
109.3315 1600327492
98.6134 1600327492
98.6133 1600327492
98.613 1600327492
100.6732 1600327492
100.67320000000001 1600327492
100.6732 1600327492
108.7496 1600327492
108.75 1600327492
108.7508 1600327492
105.9112 1600327492
105.9116 1600327492
105.9124 1600327492
108.1668 1600327492
108.166 1600327492
108.16629999999999 1600327492
109.4341 1600327492
109.4342 1600327492
109.4341 1600327492
109.51249999999999 1600327492
109.5117 1600327492
109.5122 1600327492
108.7545 1600327492
108.75450000000001 1600327492
108.75439999999999 1600327492
109.0625 1600327492
109.0616 1600327492
109.0623 1600327492
107.0451 1600327492
107.04509999999999 1600327492
107.0455 1600327492
108.242 1600327492
108.2424 1600327492
108.2422 1600327492
110.33380000000001 1600327492
110.3339 1600327492
110.3332 1600327492
109.3462 1600327492
109.346 1600327492
109.3462 1600327492
110.0551 1600327492
110.0556 1600327492
110.05560000000001 1600327492
110.09020000000001 1600327492
110.09129999999999 1600327492
110.09060000000001 1600327492
109.04990000000001 1600327492
109.05069999999999 1600327492
109.0498 1600327492
109.3301 1600327492
109.3291 1600327492
109.3298 1600327492
109.3664 1600327492
109.36630000000001 1600327492
109.36670000000001 1600327492
108.913 1600327492
108.913 1600327492
108.9135 1600327492
109.1648 1600327492
109.16499999999999 1600327492
109.1657 1600327492
109.1729 1600327492
109.17309999999999 1600327492
109.17320000000001 1600327492
110.07209999999999 1600327492
110.072 1600327492
110.07209999999999 1600327492
110.07339999999999 1600327492
110.0732 1600327492
110.0734 1600327492
110.301 1600327492
110.3002 1600327492
110.3008 1600327492
110.5001 1600327492
110.4996 1600327492
110.4988 1600327492
109.7475 1600327492
109.7476 1600327492
109.7473 1600327492
109.32799999999999 1600327492
109.328 1600327492
109.3277 1600327492
110.0528 1600327492
110.0525 1600327492
110.0525 1600327492
109.5184 1600327492
109.5183 1600327492
109.5187 1600327492
106.464 1600327492
106.4643 1600327492
106.46400000000001 1600327492
109.9504 1600327492
109.9505 1600327492
109.9511 1600327492
109.36330000000001 1600327492
109.3629 1600327492
109.36330000000001 1600327492
109.5078 1600327492
109.5078 1600327492
109.508 1600327492
110.282 1600327492
110.2823 1600327492
110.2825 1600327492
110.4351 1600327492
110.4345 1600327492
110.43530000000001 1600327492
109.2293 1600327492
109.2298 1600327492
109.2291 1600327492
109.06389999999999 1600327492
109.06360000000001 1600327492
109.06400000000001 1600327492
109.7602 1600327492
109.76060000000001 1600327492
109.7606 1600327492
109.6415 1600327492
109.6415 1600327492
109.6414 1600327492
110.0744 1600327492
110.0745 1600327492
110.07520000000001 1600327492
107.6366 1600327492
107.6363 1600327492
107.6373 1600327492
110.21100000000001 1600327492
110.2109 1600327492
110.21090000000001 1600327492
109.3116 1600327492
109.3111 1600327492
109.3115 1600327492
109.4636 1600327492
109.4635 1600327492
109.4629 1600327492
109.3082 1600327492
109.3082 1600327492
109.3086 1600327492
103.3338 1600327492
103.33460000000001 1600327492
103.33489999999999 1600327492
109.6245 1600327492
109.62469999999999 1600327492
109.625 1600327492
109.81909999999999 1600327492
109.8194 1600327492
109.81949999999999 1600327492
109.16029999999999 1600327492
109.1605 1600327492
109.1608 1600327492
108.9667 1600327492
108.9654 1600327492
108.96640000000001 1600327492
110.0497 1600327492
110.049 1600327492
110.0488 1600327492
109.6236 1600327492
109.6233 1600327492
109.6235 1600327492
109.3597 1600327492
109.3593 1600327492
109.3587 1600327492
108.75179999999999 1600327492
108.7517 1600327492
108.752 1600327492
109.7561 1600327492
109.756 1600327492
109.7561 1600327492
108.7916 1600327492
108.7913 1600327492
108.792 1600327492
109.2996 1600327492
109.2997 1600327492
109.2988 1600327492
109.5521 1600327492
109.5524 1600327492
109.5528 1600327492
110.17490000000001 1600327492
110.17460000000001 1600327492
110.17490000000001 1600327492
108.67370000000001 1600327492
108.67349999999999 1600327492
108.6744 1600327492
105.65870000000001 1600327492
105.659 1600327492
105.65979999999999 1600327492
110.1727 1600327492
110.1722 1600327492
110.1722 1600327492
103.5608 1600327492
103.56089999999999 1600327492
103.56089999999999 1600327492
110.47240000000001 1600327492
110.47300000000001 1600327492
110.4723 1600327492
108.74709999999999 1600327492
108.74709999999999 1600327492
108.74740000000001 1600327492
107.9936 1600327492
107.9946 1600327492
107.99430000000001 1600327492
110.3558 1600327492
110.35570000000001 1600327492
110.3562 1600327492
109.7722 1600327492
109.7723 1600327492
109.7723 1600327492
108.63289999999999 1600327492
108.6335 1600327492
108.63369999999999 1600327492
109.2228 1600327492
109.2229 1600327492
109.22269999999999 1600327492
109.4066 1600327492
109.406 1600327492
109.4064 1600327492
108.7904 1600327492
108.79010000000001 1600327492
108.79050000000001 1600327492
108.6663 1600327492
108.6662 1600327492
108.6666 1600327492
108.4469 1600327492
108.447 1600327492
108.4468 1600327492
107.0894 1600327492
107.0882 1600327492
107.0897 1600327492
110.5479 1600327492
110.5477 1600327492
110.54820000000001 1600327492
110.04690000000001 1600327492
110.0472 1600327492
110.0479 1600327492
109.408 1600327492
109.4076 1600327492
109.408 1600327492
109.5992 1600327492
109.5985 1600327492
109.59870000000001 1600327492
109.9522 1600327492
109.9521 1600327492
109.9525 1600327492
105.76910000000001 1600327492
105.7689 1600327492
105.7693 1600327492
109.3576 1600327492
109.35740000000001 1600327492
109.35770000000001 1600327492
109.06 1600327492
109.05980000000001 1600327492
109.0607 1600327492
106.68390000000001 1600327492
106.6842 1600327492
106.6844 1600327492
109.3102 1600327492
109.3096 1600327492
109.3095 1600327492
109.52 1600327492
109.5199 1600327492
109.5201 1600327492
109.61760000000001 1600327492
109.61760000000001 1600327492
109.61810000000001 1600327492
109.3265 1600327492
109.3266 1600327492
109.3267 1600327492
108.665 1600327492
108.6648 1600327492
108.66489999999999 1600327492
110.0578 1600327492
110.058 1600327492
110.05890000000001 1600327492
105.8486 1600327492
105.8486 1600327492
105.8481 1600327492
101.86030000000001 1600327492
101.86019999999999 1600327492
101.8602 1600327492
105.6948 1600327492
105.69460000000001 1600327492
105.69470000000001 1600327492
109.6427 1600327492
109.64269999999999 1600327492
109.6431 1600327492
109.50380000000001 1600327492
109.5036 1600327492
109.504 1600327492
110.054 1600327492
110.054 1600327492
110.05380000000001 1600327492
110.0993 1600327492
110.0992 1600327492
110.0999 1600327492
109.3354 1600327492
109.3353 1600327492
109.3348 1600327492
109.9529 1600327492
109.95330000000001 1600327492
109.9539 1600327492
109.10170000000001 1600327492
109.1018 1600327492
109.1022 1600327492
109.8444 1600327492
109.8442 1600327492
109.8446 1600327492
109.51379999999999 1600327492
109.5139 1600327492
109.51389999999999 1600327492
110.17800000000001 1600327492
110.1775 1600327492
110.1777 1600327492
108.9614 1600327492
108.96170000000001 1600327492
108.962 1600327492
107.0049 1600327492
107.0048 1600327492
107.0047 1600327492
107.865 1600327492
107.86410000000001 1600327492
107.8645 1600327492
110.4157 1600327492
110.41510000000001 1600327492
110.4152 1600327492
105.3837 1600327492
105.3836 1600327492
105.3835 1600327492
109.8419 1600327492
109.8433 1600327492
109.8427 1600327492
109.1572 1600327492
109.1572 1600327492
109.1575 1600327492
110.3368 1600327492
110.3367 1600327492
110.3368 1600327492
110.3352 1600327492
110.3353 1600327492
110.33500000000001 1600327492
108.7485 1600327492
108.7486 1600327492
108.7485 1600327492
109.87259999999999 1600327492
109.8724 1600327492
109.87259999999999 1600327492
109.7536 1600327492
109.7532 1600327492
109.75359999999999 1600327492
108.6704 1600327492
108.6702 1600327492
108.67120000000001 1600327492
110.28110000000001 1600327492
110.2809 1600327492
110.2811 1600327492
106.4032 1600327492
106.4034 1600327492
106.4036 1600327492
108.8673 1600327492
108.8672 1600327492
108.86779999999999 1600327492
109.0547 1600327492
109.0543 1600327492
109.05489999999999 1600327492
109.5831 1600327492
109.5833 1600327492
109.5835 1600327492
109.1634 1600327492
109.16380000000001 1600327492
109.1638 1600327492
109.4175 1600327492
109.4176 1600327492
109.4181 1600327492
109.7591 1600327492
109.7585 1600327492
109.75919999999999 1600327492
109.0696 1600327492
109.06949999999999 1600327492
109.0691 1600327492
99.75529999999999 1600327492
99.7546 1600327492
99.7549 1600327492
109.75800000000001 1600327492
109.7575 1600327492
109.75750000000001 1600327492
9.0114 1600327492
9.105 1600327492
9.1056 1600327492
109.75189999999999 1600327492
109.7521 1600327492
109.7524 1600327492
110.0105 1600327492
110.01050000000001 1600327492
110.0105 1600327492
110.3848 1600327492
110.38459999999999 1600327492
110.3851 1600327492
106.92070000000001 1600327492
106.91969999999999 1600327492
106.9205 1600327492
108.9144 1600327492
108.9148 1600327492
108.9149 1600327492
109.56030000000001 1600327492
109.5604 1600327492
109.5603 1600327492
109.015 1600327492
109.01490000000001 1600327492
109.01520000000001 1600327492
109.1592 1600327492
109.1587 1600327492
109.15870000000001 1600327492
108.0452 1600327492
108.045 1600327492
108.045 1600327492
103.9957 1600327492
103.9959 1600327492
103.9962 1600327492
110.27579999999999 1600327492
110.2768 1600327492
110.27619999999999 1600327492
109.2671 1600327492
109.2672 1600327492
109.267 1600327492
109.3517 1600327492
109.35170000000001 1600327492
109.35140000000001 1600327492
108.672 1600327492
108.6722 1600327492
108.67259999999999 1600327492
109.3404 1600327492
109.33980000000001 1600327492
109.33980000000001 1600327492
109.4323 1600327492
109.4328 1600327492
109.4328 1600327492
110.2143 1600327492
110.2137 1600327492
110.2138 1600327492
109.3655 1600327492
109.36500000000001 1600327492
109.3647 1600327492
108.6348 1600327492
108.6351 1600327492
108.63539999999999 1600327492
108.79939999999999 1600327492
108.79950000000001 1600327492
108.79960000000001 1600327492
108.16789999999999 1600327492
108.16850000000001 1600327492
108.16860000000001 1600327492
110.0505 1600327492
110.05080000000001 1600327492
110.05160000000001 1600327492
97.0456 1600327492
97.0471 1600327492
97.0463 1600327492
97.65010000000001 1600327492
97.6499 1600327492
97.65039999999999 1600327492
105.6898 1600327492
105.6901 1600327492
105.69000000000001 1600327492
109.5214 1600327492
109.52120000000001 1600327492
109.52130000000001 1600327492
109.21950000000001 1600327492
109.2197 1600327492
109.22000000000001 1600327492
110.4397 1600327492
110.4397 1600327492
110.44000000000001 1600327492
108.96430000000001 1600327492
108.9645 1600327492
108.96470000000001 1600327492
110.19290000000001 1600327492
110.193 1600327492
110.1934 1600327492
109.7311 1600327492
109.7312 1600327492
109.7316 1600327492
109.5107 1600327492
109.5106 1600327492
109.5107 1600327492
110.17660000000001 1600327492
110.1765 1600327492
110.176 1600327492
103.9131 1600327492
103.913 1600327492
103.9125 1600327492
108.0437 1600327492
108.0438 1600327492
108.0437 1600327492
108.7393 1600327492
108.73939999999999 1600327492
108.74 1600327492
109.7624 1600327492
109.7619 1600327492
109.7617 1600327492
104.78420000000001 1600327492
104.7843 1600327492
104.7843 1600327492
109.34429999999999 1600327492
109.3451 1600327492
109.3452 1600327492
109.0667 1600327492
109.0665 1600327492
109.0665 1600327492
109.0677 1600327492
109.0681 1600327492
109.0682 1600327492
106.8231 1600327492
106.82289999999999 1600327492
106.82339999999999 1600327492
105.3849 1600327492
105.38470000000001 1600327492
105.3853 1600327492
108.6028 1600327492
108.60239999999999 1600327492
108.60249999999999 1600327492
102.7808 1600327492
102.78020000000001 1600327492
102.7801 1600327492
107.9916 1600327492
107.9909 1600327492
107.9915 1600327492
109.2026 1600327492
109.20240000000001 1600327492
109.2021 1600327492
109.7548 1600327492
109.7545 1600327492
109.7551 1600327492
108.86609999999999 1600327492
108.8662 1600327492
108.86640000000001 1600327492
110.3321 1600327492
110.33239999999999 1600327492
110.3316 1600327492
109.644 1600327492
109.6443 1600327492
109.6445 1600327492
108.3909 1600327492
108.3907 1600327492
108.3904 1600327492
108.959 1600327492
108.9591 1600327492
108.9594 1600327492
110.5536 1600327492
110.5536 1600327492
110.5532 1600327492
109.8059 1600327492
109.805 1600327492
109.8051 1600327492
108.81500000000001 1600327492
108.81490000000001 1600327492
108.8155 1600327492
110.4215 1600327492
110.4217 1600327492
110.4219 1600327492
108.6781 1600327492
108.678 1600327492
108.67880000000001 1600327492
108.66730000000001 1600327492
108.6678 1600327492
108.66799999999999 1600327492
108.756 1600327492
108.7556 1600327492
108.75590000000001 1600327492
100.9782 1600327492
100.9785 1600327492
100.9786 1600327492
108.6011 1600327492
108.601 1600327492
108.60119999999999 1600327492
108.389 1600327492
108.3892 1600327492
108.3896 1600327492
109.5063 1600327492
109.5064 1600327492
109.5067 1600327492
109.902 1600327492
109.9023 1600327492
109.9024 1600327492
109.9761 1600327492
109.97630000000001 1600327492
109.9766 1600327492
110.5521 1600327492
110.55189999999999 1600327492
110.5518 1600327492
