60.6988 1600638264
70.31649999999999 1600638264
73.58709999999999 1600638264
70.4932 1600638264
62.705 1600638264
79.3741 1600638264
82.4614 1600638264
50.4713 1600638264
56.9527 1600638264
70.5628 1600638264
60.0026 1600638264
62.9107 1600638264
82.8748 1600638264
52.337599999999995 1600638264
81.246 1600638264
62.9289 1600638264
59.3337 1600638264
61.757 1600638264
79.79990000000001 1600638264
68.8288 1600638264
52.019 1600638264
58.6364 1600638264
82.3377 1600638264
79.61529999999999 1600638264
60.7851 1600638264
85.8828 1600638264
43.3897 1600638264
58.2665 1600638264
79.68379999999999 1600638264
79.2119 1600638264
74.3582 1600638264
78.5914 1600638264
56.6032 1600638264
81.1644 1600638264
59.5897 1600638264
43.0327 1600638264
62.2024 1600638264
85.679 1600638264
61.0265 1600638264
63.696799999999996 1600638264
73.7348 1600638264
65.2665 1600638264
69.66659999999999 1600638264
73.3616 1600638264
81.249 1600638264
79.2397 1600638264
69.6655 1600638264
76.7488 1600638264
54.3011 1600638264
69.18029999999999 1600638264
86.2135 1600638264
55.9925 1600638264
61.7594 1600638264
59.338100000000004 1600638264
70.4456 1600638264
72.9141 1600638264
80.8843 1600638264
79.8168 1600638264
72.93260000000001 1600638264
60.8933 1600638264
72.91470000000001 1600638264
75.013 1600638264
80.55709999999999 1600638264
83.7929 1600638264
61.916599999999995 1600638264
65.58059999999999 1600638264
74.1289 1600638264
69.88940000000001 1600638264
57.8707 1600638264
72.2439 1600638264
80.3554 1600638264
61.492799999999995 1600638264
62.4958 1600638264
79.0077 1600638264
62.386 1600638264
85.3554 1600638264
44.0082 1600638264
79.1312 1600638264
49.675000000000004 1600638264
50.8284 1600638264
63.18509999999999 1600638264
70.3057 1600638264
67.4114 1600638264
53.509299999999996 1600638264
72.3881 1600638264
80.2798 1600638264
76.186 1600638264
66.9073 1600638264
86.3834 1600638264
67.4127 1600638264
70.47489999999999 1600638264
52.496199999999995 1600638264
73.3087 1600638264
73.9986 1600638264
77.7051 1600638264
42.070499999999996 1600638264
42.7215 1600638264
65.3103 1600638264
81.7788 1600638264
66.40360000000001 1600638264
48.937000000000005 1600638264
84.79350000000001 1600638264
76.0665 1600638264
73.2685 1600638264
63.996900000000004 1600638264
67.059 1600638264
81.61059999999999 1600638264
74.25049999999999 1600638264
70.98780000000001 1600638264
67.2693 1600638264
83.42620000000001 1600638264
73.3839 1600638264
56.9117 1600638264
85.8185 1600638264
62.4964 1600638264
48.9886 1600638264
70.3918 1600638264
58.4403 1600638264
79.1152 1600638264
63.59929999999999 1600638264
78.4836 1600638264
69.6632 1600638264
79.5566 1600638264
81.2987 1600638264
62.7058 1600638264
77.97710000000001 1600638264
85.57480000000001 1600638264
62.463499999999996 1600638264
62.9744 1600638264
70.15459999999999 1600638264
64.6764 1600638264
71.0324 1600638264
47.4187 1600638264
79.5822 1600638264
82.7469 1600638264
64.6134 1600638264
78.7531 1600638264
50.602000000000004 1600638264
62.872 1600638264
85.9765 1600638264
73.2123 1600638264
79.4281 1600638264
69.9103 1600638264
47.936299999999996 1600638264
50.6037 1600638264
80.9425 1600638264
76.1206 1600638264
54.0753 1600638264
70.4717 1600638264
72.4115 1600638264
71.0836 1600638264
83.053 1600638264
57.8698 1600638264
81.65809999999999 1600638264
74.2568 1600638264
60.8932 1600638264
74.1973 1600638264
61.209799999999994 1600638264
69.93939999999999 1600638264
78.3861 1600638264
80.71979999999999 1600638264
79.3379 1600638264
69.8396 1600638264
63.393299999999996 1600638264
85.7412 1600638264
71.1939 1600638264
73.47319999999999 1600638264
56.7179 1600638264
66.98519999999999 1600638264
79.0501 1600638264
71.4314 1600638264
70.4422 1600638264
71.0592 1600638264
81.333 1600638264
73.114 1600638264
55.6063 1600638264
86.2419 1600638264
68.0203 1600638264
52.5988 1600638264
67.3129 1600638264
70.9551 1600638264
69.8472 1600638264
72.39020000000001 1600638264
73.4417 1600638264
72.246 1600638264
78.99589999999999 1600638264
52.5989 1600638264
79.16 1600638264
48.355999999999995 1600638264
85.29339999999999 1600638264
52.829899999999995 1600638264
57.4628 1600638264
67.1318 1600638264
70.2055 1600638264
73.6762 1600638264
80.61059999999999 1600638264
72.50999999999999 1600638264
60.161 1600638264
82.27669999999999 1600638264
69.9303 1600638264
45.513 1600638264
60.5516 1600638264
85.7139 1600638264
49.0089 1600638264
67.6155 1600638264
49.5457 1600638264
69.269 1600638264
51.978899999999996 1600638264
52.0171 1600638264
76.663 1600638264
52.753499999999995 1600638264
61.532799999999995 1600638264
63.9675 1600638264
69.2688 1600638264
85.7158 1600638264
49.103500000000004 1600638264
79.2666 1600638264
78.8695 1600638264
80.8535 1600638264
54.089999999999996 1600638264
64.06179999999999 1600638264
69.66210000000001 1600638264
74.7137 1600638264
54.2981 1600638264
79.5097 1600638264
71.0855 1600638264
54.298700000000004 1600638264
84.3442 1600638264
63.7756 1600638264
80.1178 1600638264
69.84349999999999 1600638264
68.9891 1600638264
69.96940000000001 1600638264
74.3606 1600638264
71.0353 1600638264
75.8068 1600638264
49.3445 1600638264
79.9977 1600638264
53.5168 1600638264
58.1246 1600638264
83.98140000000001 1600638264
72.5712 1600638264
50.876799999999996 1600638264
52.9617 1600638264
75.8369 1600638264
62.3737 1600638264
77.6601 1600638264
64.02210000000001 1600638264
54.116299999999995 1600638264
79.17009999999999 1600638264
58.3882 1600638264
63.919000000000004 1600638264
86.2146 1600638264
66.3798 1600638264
80.0101 1600638264
66.3798 1600638264
69.73939999999999 1600638264
56.066900000000004 1600638264
78.7525 1600638264
70.4453 1600638264
42.803000000000004 1600638264
82.4204 1600638264
75.2589 1600638264
56.8024 1600638264
59.692 1600638264
86.26989999999999 1600638264
73.8366 1600638264
69.0769 1600638264
76.5513 1600638264
54.1921 1600638264
80.1666 1600638264
62.656400000000005 1600638264
66.5318 1600638264
70.8711 1600638264
72.32770000000001 1600638264
72.8707 1600638264
78.7675 1600638264
72.2399 1600638264
83.794 1600638264
53.1198 1600638264
59.96510000000001 1600638264
76.18599999999999 1600638264
81.4269 1600638264
60.0747 1600638264
62.8611 1600638264
67.0663 1600638264
79.1152 1600638264
70.6007 1600638264
70.5672 1600638264
50.79750000000001 1600638264
84.61160000000001 1600638264
62.597100000000005 1600638264
63.99999999999999 1600638264
74.54849999999999 1600638264
79.6978 1600638264
78.9984 1600638264
62.5984 1600638264
70.5233 1600638264
74.51950000000001 1600638264
79.2403 1600638264
47.3671 1600638264
70.4644 1600638264
42.7216 1600638264
73.6352 1600638264
49.362199999999994 1600638264
79.4376 1600638264
73.3241 1600638264
69.4505 1600638264
74.2509 1600638264
82.46759999999999 1600638264
79.0246 1600638264
52.069900000000004 1600638264
73.29599999999999 1600638264
73.6165 1600638264
79.1274 1600638264
56.5372 1600638264
83.6299 1600638264
62.232 1600638264
74.2431 1600638264
78.5368 1600638264
58.453199999999995 1600638264
69.01429999999999 1600638264
81.71270000000001 1600638264
69.663 1600638264
74.6948 1600638264
82.6998 1600638264
58.1349 1600638264
63.1418 1600638264
83.9957 1600638264
71.0552 1600638264
57.317299999999996 1600638264
62.232 1600638264
63.5086 1600638264
80.1218 1600638264
62.1862 1600638264
69.6623 1600638264
67.6198 1600638264
57.3176 1600638264
82.4131 1600638264
78.5391 1600638264
64.67599999999999 1600638264
86.5642 1600638264
75.2511 1600638264
74.2579 1600638264
79.1225 1600638264
74.07939999999999 1600638264
80.7862 1600638264
81.8556 1600638264
61.7881 1600638264
82.0453 1600638264
74.8638 1600638264
63.661100000000005 1600638264
49.407 1600638264
83.7855 1600638264
69.0679 1600638264
78.757 1600638264
67.4143 1600638264
72.76259999999999 1600638264
56.7286 1600638264
72.747 1600638264
59.5897 1600638264
78.7577 1600638264
63.19069999999999 1600638264
72.73700000000001 1600638264
65.3594 1600638264
67.6053 1600638264
84.1079 1600638264
44.92659999999999 1600638264
45.4991 1600638264
73.0726 1600638264
73.1913 1600638264
45.2418 1600638264
77.7302 1600638264
69.3432 1600638264
49.987899999999996 1600638264
65.5802 1600638264
79.49249999999999 1600638264
74.18329999999999 1600638264
45.6287 1600638264
84.17840000000001 1600638264
52.7337 1600638264
73.2287 1600638264
81.8727 1600638264
56.630599999999994 1600638264
62.60850000000001 1600638264
77.67 1600638264
67.5457 1600638264
73.5536 1600638264
54.3696 1600638264
69.5694 1600638264
73.16029999999999 1600638264
81.72269999999999 1600638264
75.9654 1600638264
49.1926 1600638264
73.5116 1600638264
67.32000000000001 1600638264
72.4785 1600638264
48.7335 1600638264
72.4795 1600638264
55.596399999999996 1600638264
60.7658 1600638264
78.93100000000001 1600638264
62.6168 1600638264
66.13210000000001 1600638264
83.9602 1600638264
59.818599999999996 1600638264
79.8959 1600638264
76.4308 1600638264
59.6973 1600638264
82.461 1600638264
79.363 1600638264
75.0193 1600638264
52.064899999999994 1600638264
81.0804 1600638264
62.0543 1600638264
62.8904 1600638264
63.356700000000004 1600638264
84.265 1600638264
64.6861 1600638264
74.3913 1600638264
74.0195 1600638264
79.68119999999999 1600638264
78.5614 1600638264
64.6854 1600638264
80.78089999999999 1600638264
64.68730000000001 1600638264
56.455299999999994 1600638264
64.6125 1600638264
48.1101 1600638264
86.94879999999999 1600638264
67.62 1600638264
53.7926 1600638264
64.14399999999999 1600638264
71.5265 1600638264
74.3823 1600638264
71.15169999999999 1600638264
79.6982 1600638264
78.1116 1600638264
73.3407 1600638264
47.268899999999995 1600638264
74.2822 1600638264
57.1272 1600638264
83.6632 1600638264
66.75150000000001 1600638264
68.9352 1600638264
82.0204 1600638264
4.832599999999999 1600638264
59.4141 1600638264
63.6426 1600638264
69.1121 1600638264
73.5339 1600638264
67.3124 1600638264
73.75919999999999 1600638264
78.20100000000001 1600638264
55.592800000000004 1600638264
85.1802 1600638264
76.55 1600638264
67.58 1600638264
75.5307 1600638264
59.6918 1600638264
67.3993 1600638264
71.5501 1600638264
48.226 1600638264
72.1934 1600638264
53.093199999999996 1600638264
61.761199999999995 1600638264
80.0098 1600638264
85.20559999999999 1600638264
74.455 1600638264
75.9417 1600638264
79.494 1600638264
48.2271 1600638264
55.8043 1600638264
76.3113 1600638264
81.7131 1600638264
48.229 1600638264
73.13929999999999 1600638264
53.5094 1600638264
79.3967 1600638264
51.8219 1600638264
85.3567 1600638264
80.28250000000001 1600638264
73.1416 1600638264
62.204100000000004 1600638264
77.6692 1600638264
79.1215 1600638264
80.2817 1600638264
69.1525 1600638264
78.9958 1600638264
65.9442 1600638264
56.0242 1600638264
67.54549999999999 1600638264
61.989 1600638264
84.1048 1600638264
73.86869999999999 1600638264
62.5977 1600638264
67.4677 1600638264
79.0405 1600638264
79.3008 1600638264
80.9973 1600638264
67.36449999999999 1600638264
63.1632 1600638264
80.6108 1600638264
67.4474 1600638264
63.11860000000001 1600638264
85.5105 1600638264
66.307 1600638264
41.8921 1600638264
65.7443 1600638264
72.4378 1600638264
80.68929999999999 1600638264
82.14970000000001 1600638264
