0.5773 1600648190
0.6684 1600648190
0.724 1600648190
0.6456000000000001 1600648190
0.5387000000000001 1600648190
0.6368 1600648190
0.7205000000000001 1600648190
0.622 1600648190
0.7096000000000001 1600648190
0.6156 1600648190
0.6159999999999999 1600648190
0.7623 1600648190
0.6192 1600648190
0.6702 1600648190
0.7266 1600648190
0.6591 1600648190
0.6314000000000001 1600648190
0.723 1600648190
0.5346000000000001 1600648190
0.5698000000000001 1600648190
0.6626 1600648190
0.6672 1600648190
0.5842 1600648190
0.6594 1600648190
0.6591 1600648190
0.5678 1600648190
0.6597000000000001 1600648190
0.7034 1600648190
0.6004 1600648190
0.5579999999999999 1600648190
0.6321000000000001 1600648190
0.6201 1600648190
0.6941 1600648190
0.6625 1600648190
0.6283000000000001 1600648190
0.7344 1600648190
0.6062 1600648190
0.6373 1600648190
0.6684000000000001 1600648190
0.6953 1600648190
0.7092 1600648190
0.6345999999999999 1600648190
0.6710999999999999 1600648190
0.6331 1600648190
0.7149999999999999 1600648190
0.637 1600648190
0.7329000000000001 1600648190
0.7165999999999999 1600648190
0.6746 1600648190
0.5458000000000001 1600648190
0.6968000000000001 1600648190
0.6169 1600648190
0.6415 1600648190
0.6981 1600648190
0.6561000000000001 1600648190
0.6901999999999999 1600648190
0.6865999999999999 1600648190
0.5145000000000001 1600648190
0.6295999999999999 1600648190
0.6906 1600648190
0.6451 1600648190
0.695 1600648190
0.6780000000000002 1600648190
0.7296 1600648190
0.6201000000000001 1600648190
0.6772999999999999 1600648190
0.6508 1600648190
0.6942 1600648190
0.6904999999999999 1600648190
0.7341000000000001 1600648190
0.7376000000000001 1600648190
0.6693 1600648190
0.5362000000000001 1600648190
0.6641 1600648190
0.6180000000000001 1600648190
0.6995 1600648190
0.5342000000000001 1600648190
0.6838 1600648190
0.6870999999999999 1600648190
0.6941 1600648190
0.6599 1600648190
0.6355999999999999 1600648190
0.7252 1600648190
0.667 1600648190
0.6930999999999999 1600648190
0.6997 1600648190
0.5954999999999999 1600648190
0.7296 1600648190
0.7247999999999999 1600648190
0.6545 1600648190
0.5952999999999999 1600648190
0.6918 1600648190
0.6321 1600648190
0.6718 1600648190
0.6815000000000001 1600648190
0.6530999999999999 1600648190
0.6594 1600648190
0.6848 1600648190
0.5713999999999999 1600648190
0.5700000000000001 1600648190
0.735 1600648190
0.6973999999999999 1600648190
0.5893 1600648190
0.6844 1600648190
0.6254 1600648190
0.7114 1600648190
0.6547000000000001 1600648190
0.7083999999999999 1600648190
0.5913000000000002 1600648190
0.5238 1600648190
0.6502 1600648190
0.6789000000000001 1600648190
0.6278 1600648190
0.6158 1600648190
0.7308999999999999 1600648190
0.5516 1600648190
0.7153000000000002 1600648190
0.6926 1600648190
0.6951 1600648190
0.7096999999999999 1600648190
0.6587000000000001 1600648190
0.6604 1600648190
0.6513000000000001 1600648190
0.6199999999999999 1600648190
0.7358 1600648190
0.5927 1600648190
0.6291 1600648190
0.6605000000000001 1600648190
0.5286000000000001 1600648190
0.6920999999999999 1600648190
0.5494 1600648190
0.6837000000000001 1600648190
0.6534 1600648190
0.6537999999999999 1600648190
0.7122 1600648190
0.6357999999999999 1600648190
0.7232999999999999 1600648190
0.7192000000000001 1600648190
0.6900000000000001 1600648190
0.6134999999999999 1600648190
0.5867 1600648190
0.6612 1600648190
0.7119 1600648190
0.5582 1600648190
0.6435000000000001 1600648190
0.5812 1600648190
0.7434 1600648190
0.6497 1600648190
0.5908 1600648190
0.6597999999999999 1600648190
0.6546000000000001 1600648190
0.6647000000000001 1600648190
0.5537000000000001 1600648190
0.6673 1600648190
0.6103999999999999 1600648190
0.7133000000000002 1600648190
0.7082999999999999 1600648190
0.5817999999999999 1600648190
0.6902999999999999 1600648190
0.6933000000000001 1600648190
0.5735999999999999 1600648190
0.5963999999999999 1600648190
0.6256 1600648190
0.5708 1600648190
0.6851999999999999 1600648190
0.7136 1600648190
0.6898 1600648190
0.5666000000000001 1600648190
0.6188999999999999 1600648190
0.6299 1600648190
0.5349 1600648190
0.6521000000000001 1600648190
0.5305000000000001 1600648190
0.6447999999999999 1600648190
0.5631 1600648190
0.5830000000000001 1600648190
0.6095 1600648190
0.632 1600648190
0.6698 1600648190
0.6247 1600648190
0.6691 1600648190
0.5891 1600648190
0.6101000000000001 1600648190
0.71 1600648190
0.6321 1600648190
0.6892000000000001 1600648190
0.6033 1600648190
0.5492 1600648190
0.5762999999999999 1600648190
0.7515000000000001 1600648190
0.6741 1600648190
0.682 1600648190
0.7056999999999999 1600648190
0.603 1600648190
0.6107999999999999 1600648190
0.6434 1600648190
0.6597000000000001 1600648190
0.6860999999999999 1600648190
0.6508999999999999 1600648190
0.6216 1600648190
0.6546 1600648190
0.5544000000000001 1600648190
0.7028 1600648190
0.6493000000000001 1600648190
0.6283000000000001 1600648190
0.6006999999999999 1600648190
0.5923999999999999 1600648190
0.6844999999999999 1600648190
0.6486999999999999 1600648190
0.5961000000000001 1600648190
0.6627 1600648190
0.6741 1600648190
0.6128999999999999 1600648190
0.6401 1600648190
0.5821 1600648190
0.5191999999999999 1600648190
0.6508 1600648190
0.6002000000000001 1600648190
0.6435 1600648190
0.5045000000000001 1600648190
0.616 1600648190
0.6873999999999999 1600648190
0.6405000000000001 1600648190
0.6996 1600648190
0.666 1600648190
0.7364999999999999 1600648190
0.6711999999999999 1600648190
0.5507000000000001 1600648190
0.6715 1600648190
0.6800999999999999 1600648190
0.6370000000000001 1600648190
0.5944 1600648190
0.6918000000000001 1600648190
0.5220999999999999 1600648190
0.7199 1600648190
0.6279000000000001 1600648190
0.6636000000000001 1600648190
0.6639 1600648190
0.721 1600648190
0.6876 1600648190
0.7285 1600648190
0.6232 1600648190
0.7186999999999999 1600648190
0.5888 1600648190
0.5962000000000001 1600648190
0.7370000000000001 1600648190
0.6156 1600648190
0.5407000000000001 1600648190
0.5926999999999999 1600648190
0.6722000000000001 1600648190
0.7214999999999999 1600648190
0.6798000000000001 1600648190
0.6803 1600648190
0.7192999999999999 1600648190
0.6967 1600648190
0.6532 1600648190
0.6048000000000001 1600648190
0.5873999999999999 1600648190
0.6661000000000001 1600648190
0.5785 1600648190
0.7091 1600648190
0.6642 1600648190
0.6765000000000001 1600648190
0.6604 1600648190
0.6587999999999999 1600648190
0.6318 1600648190
0.7300000000000001 1600648190
0.5912999999999999 1600648190
0.7123 1600648190
0.6269000000000001 1600648190
0.4555 1600648190
0.6867999999999999 1600648190
0.6425000000000001 1600648190
0.7409999999999999 1600648190
0.6035 1600648190
0.6861 1600648190
0.672 1600648190
0.49349999999999994 1600648190
0.6141 1600648190
0.7392000000000001 1600648190
0.5895999999999999 1600648190
0.7114999999999999 1600648190
0.6657 1600648190
0.7074999999999999 1600648190
0.5958 1600648190
0.7077000000000001 1600648190
0.6081000000000001 1600648190
0.6844 1600648190
0.6431 1600648190
0.7388999999999999 1600648190
0.5718 1600648190
0.6737000000000001 1600648190
0.6383000000000001 1600648190
0.6656000000000001 1600648190
0.7511 1600648190
0.7121 1600648190
0.6651000000000001 1600648190
0.6497999999999999 1600648190
0.6406000000000001 1600648190
0.6412000000000001 1600648190
0.7206999999999999 1600648190
0.6820999999999999 1600648190
0.7262000000000001 1600648190
0.6837999999999999 1600648190
0.6278 1600648190
0.6267999999999999 1600648190
0.5603 1600648190
0.6928000000000001 1600648190
0.6785 1600648190
0.6900000000000001 1600648190
0.7061 1600648190
0.6986999999999999 1600648190
0.5888 1600648190
0.6318000000000001 1600648190
0.556 1600648190
0.71 1600648190
0.6565000000000001 1600648190
0.6452000000000001 1600648190
0.6073000000000001 1600648190
0.6722000000000001 1600648190
0.7508 1600648190
0.606 1600648190
0.6832 1600648190
0.6518999999999999 1600648190
0.6657 1600648190
0.7237999999999999 1600648190
0.6952999999999999 1600648190
0.6157999999999999 1600648190
0.7138 1600648190
0.6401 1600648190
0.5791000000000001 1600648190
0.6197999999999999 1600648190
0.6349 1600648190
0.6712000000000001 1600648190
0.6865 1600648190
0.633 1600648190
0.7188 1600648190
0.6187999999999999 1600648190
0.6041 1600648190
0.6996 1600648190
0.6595 1600648190
0.5932999999999999 1600648190
0.6861 1600648190
0.5835 1600648190
0.7008 1600648190
0.6873 1600648190
0.6869 1600648190
0.7132000000000001 1600648190
0.6948999999999999 1600648190
0.5921000000000001 1600648190
0.6188000000000001 1600648190
0.6236 1600648190
0.7195999999999999 1600648190
0.6544999999999999 1600648190
0.7061000000000001 1600648190
0.6821999999999999 1600648190
0.6837000000000001 1600648190
0.7136999999999999 1600648190
0.6567 1600648190
0.6556000000000001 1600648190
0.6174 1600648190
0.6693000000000001 1600648190
0.4474 1600648190
0.6444000000000001 1600648190
0.6814999999999999 1600648190
0.6520999999999999 1600648190
0.6767 1600648190
0.6432000000000001 1600648190
0.6901999999999999 1600648190
0.6070000000000001 1600648190
0.7263 1600648190
0.625 1600648190
0.5331 1600648190
0.6075 1600648190
0.6201000000000001 1600648190
0.6641 1600648190
0.6584999999999999 1600648190
0.6655 1600648190
0.7378000000000001 1600648190
0.6416999999999999 1600648190
0.5089 1600648190
0.6508 1600648190
0.6584 1600648190
0.6941 1600648190
0.6496999999999999 1600648190
0.5846000000000001 1600648190
0.6078 1600648190
0.7019000000000001 1600648190
0.6720000000000002 1600648190
0.7489 1600648190
0.5197 1600648190
0.5873 1600648190
0.5786000000000001 1600648190
0.7456999999999999 1600648190
0.5999999999999999 1600648190
0.6207000000000001 1600648190
0.6462 1600648190
0.5874000000000001 1600648190
0.6645000000000001 1600648190
0.6642 1600648190
0.6582 1600648190
0.6159 1600648190
0.6679999999999999 1600648190
0.6555 1600648190
0.5906000000000001 1600648190
0.5923 1600648190
0.6799000000000001 1600648190
0.6459 1600648190
0.6747000000000001 1600648190
0.638 1600648190
0.6276999999999999 1600648190
0.6952 1600648190
0.6734000000000001 1600648190
0.5800000000000001 1600648190
0.6467 1600648190
0.6090000000000001 1600648190
0.6136 1600648190
0.6297999999999999 1600648190
0.6939 1600648190
0.6193000000000001 1600648190
0.6238999999999999 1600648190
0.6769000000000001 1600648190
0.6032 1600648190
0.6693 1600648190
0.7017 1600648190
0.6884999999999999 1600648190
0.5464 1600648190
0.6568 1600648190
0.7235 1600648190
0.7245999999999999 1600648190
0.6408 1600648190
0.7213999999999999 1600648190
0.6673 1600648190
0.6043000000000001 1600648190
0.6251 1600648190
0.6287999999999999 1600648190
0.6325000000000001 1600648190
0.6295000000000001 1600648190
0.6179 1600648190
0.5910000000000001 1600648190
0.644 1600648190
0.6604 1600648190
0.7021 1600648190
0.674 1600648190
0.679 1600648190
0.7097000000000001 1600648190
0.6426 1600648190
0.6472 1600648190
0.594 1600648190
0.6911 1600648190
0.6424 1600648190
0.7231000000000001 1600648190
0.6371 1600648190
0.6276 1600648190
0.6775 1600648190
0.6587 1600648190
0.6367 1600648190
0.6345999999999999 1600648190
0.6539999999999999 1600648190
0.6794999999999999 1600648190
0.6116 1600648190
0.6512 1600648190
0.6684 1600648190
0.6984999999999999 1600648190
0.5765999999999999 1600648190
0.7226 1600648190
0.7008999999999999 1600648190
0.6249 1600648190
0.7145999999999999 1600648190
0.5646 1600648190
0.5902999999999999 1600648190
0.7082999999999999 1600648190
0.6577999999999999 1600648190
0.6421999999999999 1600648190
0.6551 1600648190
0.6217000000000001 1600648190
0.6597 1600648190
0.5672 1600648190
0.6613 1600648190
0.6668999999999999 1600648190
0.5720999999999999 1600648190
0.6270999999999999 1600648190
0.6071 1600648190
0.6351 1600648190
0.6752 1600648190
0.7149 1600648190
0.629 1600648190
0.6927999999999999 1600648190
0.6471000000000001 1600648190
0.7163999999999999 1600648190
0.5094999999999998 1600648190
0.5148 1600648190
0.6502 1600648190
0.6831999999999999 1600648190
0.6686 1600648190
0.5910000000000001 1600648190
0.5835 1600648190
0.7343999999999999 1600648190
0.6891999999999999 1600648190
0.6715 1600648190
0.6203 1600648190
0.6362000000000001 1600648190
0.6877 1600648190
0.563 1600648190
0.6851 1600648190
0.623 1600648190
0.7404999999999999 1600648190
0.7267 1600648190
0.5354 1600648190
0.5787 1600648190
0.7123999999999999 1600648190
0.7152000000000001 1600648190
