0.5103 1600338575
0.2244 1600338575
0.571 1600338575
0.5169999999999999 1600338575
0.5728 1600338575
0.5542 1600338575
0.5643 1600338575
0.5712 1600338575
0.6066 1600338575
0.5707 1600338575
0.5345 1600338575
0.5714 1600338575
0.6175 1600338575
0.5805 1600338575
0.5622 1600338575
0.5827 1600338575
0.5811 1600338575
0.5711999999999999 1600338575
0.36300000000000004 1600338575
0.5897999999999999 1600338575
0.6355 1600338575
0.5655999999999999 1600338575
0.5999000000000001 1600338575
0.5767 1600338575
0.6025 1600338575
0.5539000000000001 1600338575
0.5722 1600338575
0.5444 1600338575
0.5855999999999999 1600338575
0.5129999999999999 1600338575
0.5667 1600338575
0.5316000000000001 1600338575
0.605 1600338575
0.618 1600338575
0.22450000000000003 1600338575
0.6095 1600338575
0.6179 1600338575
0.6183000000000001 1600338575
0.5808 1600338575
0.5557 1600338575
0.5667 1600338575
0.5670999999999999 1600338575
0.595 1600338575
0.5625 1600338575
0.5871000000000001 1600338575
0.5355 1600338575
0.559 1600338575
0.5725 1600338575
0.5259 1600338575
0.605 1600338575
0.6120000000000001 1600338575
0.5274000000000001 1600338575
0.6002000000000001 1600338575
0.5811999999999999 1600338575
0.5304 1600338575
0.6021000000000001 1600338575
0.5338 1600338575
0.5134000000000001 1600338575
0.5708 1600338575
0.6046 1600338575
0.5694999999999999 1600338575
0.5481 1600338575
0.5805 1600338575
0.5368999999999999 1600338575
0.5413 1600338575
0.5346000000000001 1600338575
0.6085 1600338575
0.5814 1600338575
0.5725 1600338575
0.5887 1600338575
0.6138 1600338575
0.6298 1600338575
0.6176 1600338575
0.6091 1600338575
0.5641 1600338575
0.5636 1600338575
0.6098 1600338575
0.5715 1600338575
0.5133 1600338575
0.6113000000000001 1600338575
0.5132000000000001 1600338575
0.548 1600338575
0.5873999999999999 1600338575
0.5558000000000001 1600338575
0.6249 1600338575
0.5693999999999999 1600338575
0.5262 1600338575
0.6097999999999999 1600338575
0.5693999999999999 1600338575
0.5720000000000001 1600338575
0.5947 1600338575
0.5130999999999999 1600338575
0.5671999999999999 1600338575
0.5668 1600338575
0.5864 1600338575
0.577 1600338575
0.5883 1600338575
0.5993999999999999 1600338575
0.6055999999999999 1600338575
0.5765 1600338575
0.5536000000000001 1600338575
0.5649 1600338575
0.5767 1600338575
0.3633 1600338575
0.5672999999999999 1600338575
0.5582 1600338575
0.5559000000000001 1600338575
0.5577000000000001 1600338575
0.5865 1600338575
0.5641 1600338575
0.5466 1600338575
0.6051 1600338575
0.5933 1600338575
0.5497000000000001 1600338575
0.5856 1600338575
0.4909 1600338575
0.6121 1600338575
0.5815 1600338575
0.5724 1600338575
0.5385 1600338575
0.6169 1600338575
0.6029 1600338575
0.6189 1600338575
0.5635 1600338575
0.5715 1600338575
0.5934 1600338575
0.5720000000000001 1600338575
0.614 1600338575
0.6312 1600338575
0.611 1600338575
0.6221 1600338575
0.56 1600338575
0.5725 1600338575
0.6122000000000001 1600338575
0.5815 1600338575
0.6098 1600338575
0.5641 1600338575
0.6095 1600338575
0.5765 1600338575
0.5865 1600338575
0.5581 1600338575
0.6114 1600338575
0.5534 1600338575
0.6179 1600338575
0.5639000000000001 1600338575
0.6116999999999999 1600338575
0.5638000000000001 1600338575
0.5776999999999999 1600338575
0.5707 1600338575
0.6268 1600338575
0.5729 1600338575
0.6252 1600338575
0.6121000000000001 1600338575
0.583 1600338575
0.5841000000000001 1600338575
0.5637000000000001 1600338575
0.5765 1600338575
0.5767 1600338575
0.5708 1600338575
0.5760000000000001 1600338575
0.6102000000000001 1600338575
0.5704 1600338575
0.6106 1600338575
0.5769000000000001 1600338575
0.552 1600338575
0.5660000000000001 1600338575
0.5764 1600338575
0.6115 1600338575
0.5421 1600338575
0.5712 1600338575
0.5924 1600338575
0.5685 1600338575
0.6099 1600338575
0.6119 1600338575
0.5531 1600338575
0.5726 1600338575
0.5548 1600338575
0.5271999999999999 1600338575
0.6115999999999999 1600338575
0.5377000000000001 1600338575
0.5505 1600338575
0.5907 1600338575
0.5766 1600338575
0.5596000000000001 1600338575
0.5902000000000001 1600338575
0.6121000000000001 1600338575
0.5709 1600338575
0.6461999999999999 1600338575
0.5636000000000001 1600338575
0.5707 1600338575
0.627 1600338575
0.6095999999999999 1600338575
0.5598000000000001 1600338575
0.5805 1600338575
0.5523 1600338575
0.5787 1600338575
0.5823 1600338575
0.6117 1600338575
0.5715 1600338575
0.4927 1600338575
0.5383 1600338575
0.6043000000000001 1600338575
0.5865 1600338575
0.513 1600338575
0.6356 1600338575
0.5642 1600338575
0.5811000000000001 1600338575
0.5814 1600338575
0.5445 1600338575
0.5809 1600338575
0.6349 1600338575
0.4915 1600338575
0.5250999999999999 1600338575
0.5170999999999999 1600338575
0.48500000000000004 1600338575
0.6101000000000001 1600338575
0.5700000000000001 1600338575
0.5699000000000001 1600338575
0.5862 1600338575
0.5648 1600338575
0.4943 1600338575
0.5127999999999999 1600338575
0.6136999999999999 1600338575
0.5336000000000001 1600338575
0.5377000000000001 1600338575
0.6002000000000001 1600338575
0.5901000000000001 1600338575
0.5475000000000001 1600338575
0.6252 1600338575
0.5626 1600338575
0.6136999999999999 1600338575
0.5639000000000001 1600338575
0.605 1600338575
0.6098999999999999 1600338575
0.5336000000000001 1600338575
0.5640000000000001 1600338575
0.5993999999999999 1600338575
0.6001000000000001 1600338575
0.5329999999999999 1600338575
0.5701 1600338575
0.6169 1600338575
0.6273000000000001 1600338575
0.614 1600338575
0.5765 1600338575
0.5481 1600338575
0.5698 1600338575
0.5843 1600338575
0.6 1600338575
0.5661 1600338575
0.5564 1600338575
0.5793 1600338575
0.5862 1600338575
0.6352 1600338575
0.5883 1600338575
0.5888 1600338575
0.5185 1600338575
0.5701 1600338575
0.5720000000000001 1600338575
0.6122000000000001 1600338575
0.5103 1600338575
0.538 1600338575
0.5126999999999999 1600338575
0.5495000000000001 1600338575
0.5728 1600338575
0.5624 1600338575
0.577 1600338575
0.5135000000000001 1600338575
0.538 1600338575
0.5941000000000001 1600338575
0.5339 1600338575
0.5131000000000001 1600338575
0.5939000000000001 1600338575
0.5906 1600338575
0.5753999999999999 1600338575
0.5809 1600338575
0.5637000000000001 1600338575
0.5359 1600338575
0.5811 1600338575
0.5638000000000001 1600338575
0.5861000000000001 1600338575
0.5666 1600338575
0.5269999999999999 1600338575
0.5386 1600338575
0.5840000000000001 1600338575
0.5638000000000001 1600338575
0.5345 1600338575
0.5541 1600338575
0.5888 1600338575
0.6265000000000001 1600338575
0.5541 1600338575
0.6087 1600338575
0.5179 1600338575
0.6136999999999999 1600338575
0.6294 1600338575
0.6079000000000001 1600338575
0.5614999999999999 1600338575
0.6180000000000001 1600338575
0.5502 1600338575
0.5699000000000001 1600338575
0.5812999999999999 1600338575
0.599 1600338575
0.5401 1600338575
0.5164 1600338575
0.5724 1600338575
0.5773999999999999 1600338575
0.5742 1600338575
0.6460999999999999 1600338575
0.5446 1600338575
0.5127999999999999 1600338575
0.587 1600338575
0.5811 1600338575
0.5880000000000001 1600338575
0.6134999999999999 1600338575
0.6221000000000001 1600338575
0.6458999999999999 1600338575
0.5884 1600338575
0.5548 1600338575
0.544 1600338575
0.5456000000000001 1600338575
0.6214999999999999 1600338575
0.6053 1600338575
0.5811 1600338575
0.5128999999999999 1600338575
0.6085 1600338575
0.5639000000000001 1600338575
0.5268999999999999 1600338575
0.5813999999999999 1600338575
0.5859000000000001 1600338575
0.6180000000000001 1600338575
0.6091 1600338575
0.5777000000000001 1600338575
0.5414000000000001 1600338575
0.5741 1600338575
0.6120000000000001 1600338575
0.6206 1600338575
0.5178 1600338575
0.5707 1600338575
0.5932999999999999 1600338575
0.5524 1600338575
0.5455000000000001 1600338575
0.5702 1600338575
0.5691999999999999 1600338575
0.6108 1600338575
0.5665 1600338575
0.5728 1600338575
0.5495000000000001 1600338575
0.5575000000000001 1600338575
0.5720000000000001 1600338575
0.5903 1600338575
0.5475000000000001 1600338575
0.5708 1600338575
0.5735999999999999 1600338575
0.5703 1600338575
0.6262000000000001 1600338575
0.5871 1600338575
0.5591999999999999 1600338575
0.6169 1600338575
0.5934999999999999 1600338575
0.5799000000000001 1600338575
0.5885 1600338575
0.5772999999999999 1600338575
0.6214999999999999 1600338575
0.49089999999999995 1600338575
0.5626 1600338575
0.5938000000000001 1600338575
0.5623 1600338575
0.5267 1600338575
0.6092 1600338575
0.5601 1600338575
0.6135999999999999 1600338575
0.6036999999999999 1600338575
0.5706 1600338575
0.6218999999999999 1600338575
0.5190999999999999 1600338575
0.5711999999999999 1600338575
0.6300999999999999 1600338575
0.5590999999999999 1600338575
0.5177 1600338575
0.5905 1600338575
0.6175999999999999 1600338575
0.5916999999999999 1600338575
0.4913 1600338575
0.5700000000000001 1600338575
0.5703 1600338575
0.5503 1600338575
0.5589999999999999 1600338575
0.6377999999999999 1600338575
0.5884 1600338575
0.5707 1600338575
0.5638000000000001 1600338575
0.6262000000000001 1600338575
0.5553999999999999 1600338575
0.5664 1600338575
0.6131 1600338575
0.5573999999999999 1600338575
0.5181 1600338575
0.5774999999999999 1600338575
0.5181 1600338575
0.5814999999999999 1600338575
0.6461999999999999 1600338575
0.5717000000000001 1600338575
0.5709 1600338575
0.5172000000000001 1600338575
0.5516000000000001 1600338575
0.5901000000000001 1600338575
0.5632999999999999 1600338575
0.5578000000000001 1600338575
0.5851999999999999 1600338575
0.5669 1600338575
0.6167 1600338575
0.5769 1600338575
0.6051 1600338575
0.5736000000000001 1600338575
0.6101000000000001 1600338575
0.5852999999999999 1600338575
0.6216999999999999 1600338575
0.5593999999999999 1600338575
0.5744 1600338575
0.5341 1600338575
0.5829 1600338575
0.5781000000000001 1600338575
0.5701 1600338575
0.6107 1600338575
0.5865 1600338575
0.569 1600338575
0.6244000000000001 1600338575
0.6616 1600338575
0.5947 1600338575
0.5638000000000001 1600338575
0.6003000000000001 1600338575
0.587 1600338575
0.5723 1600338575
0.5831999999999999 1600338575
0.5764 1600338575
0.5562 1600338575
0.6095999999999999 1600338575
0.6353 1600338575
0.5866 1600338575
0.5512999999999999 1600338575
0.5724 1600338575
0.581 1600338575
0.5590999999999999 1600338575
0.5715999999999999 1600338575
0.6080000000000001 1600338575
0.6103000000000001 1600338575
0.6172 1600338575
0.5868 1600338575
0.5660000000000001 1600338575
0.5899000000000001 1600338575
0.5717000000000001 1600338575
0.5887 1600338575
0.5829 1600338575
0.5709 1600338575
0.5636000000000001 1600338575
0.5578000000000001 1600338575
0.6137999999999999 1600338575
0.5670999999999999 1600338575
0.5256000000000001 1600338575
0.5805 1600338575
0.603 1600338575
0.5646 1600338575
0.6294 1600338575
0.5631999999999999 1600338575
0.5766 1600338575
0.5385 1600338575
0.5760000000000001 1600338575
0.6119000000000001 1600338575
0.5617000000000001 1600338575
0.5575000000000001 1600338575
0.6345000000000001 1600338575
0.5660000000000001 1600338575
0.5884 1600338575
0.5764 1600338575
0.6136999999999999 1600338575
0.5509 1600338575
0.5382 1600338575
0.6113 1600338575
0.6452 1600338575
0.5701 1600338575
0.5639000000000001 1600338575
0.6100000000000001 1600338575
0.5521 1600338575
0.5402 1600338575
0.5505 1600338575
0.5637000000000001 1600338575
0.5664 1600338575
0.5624 1600338575
0.5602 1600338575
0.5895999999999999 1600338575
0.6064 1600338575
0.6100000000000001 1600338575
0.6134999999999999 1600338575
0.6372 1600338575
0.6351 1600338575
0.5638000000000001 1600338575
0.5616000000000001 1600338575
0.6102000000000001 1600338575
0.5994999999999999 1600338575
0.5183 1600338575
0.563 1600338575
0.49500000000000005 1600338575
0.5428999999999999 1600338575
0.5987 1600338575
0.5499 1600338575
0.6116999999999999 1600338575
0.5598000000000001 1600338575
0.5652999999999999 1600338575
0.5836999999999999 1600338575
0.5855999999999999 1600338575
0.5705 1600338575
0.6165 1600338575
0.6188 1600338575
