10.001999999999999 1600520641
10.0019 1600520641
10.001999999999999 1600520641
10.001999999999999 1600520641
10.002099999999999 1600520641
8.815100000000001 1600520641
8.815000000000001 1600520641
8.8154 1600520641
8.815100000000001 1600520641
8.814800000000002 1600520641
8.444200000000002 1600520641
8.4708 1600520641
8.4528 1600520641
8.470899999999997 1600520641
8.4527 1600520641
9.999399999999998 1600520641
10.0044 1600520641
10.011800000000001 1600520641
10.0119 1600520641
10.0119 1600520641
7.705199999999998 1600520641
7.704999999999998 1600520641
7.704999999999998 1600520641
7.705199999999998 1600520641
7.705099999999998 1600520641
8.9682 1600520641
8.9683 1600520641
8.9683 1600520641
8.9683 1600520641
8.9683 1600520641
5.012799999999999 1600520641
5.012999999999998 1600520641
5.012699999999999 1600520641
5.012799999999999 1600520641
5.012699999999999 1600520641
7.2376000000000005 1600520641
7.2376000000000005 1600520641
7.237500000000001 1600520641
7.2376000000000005 1600520641
7.236000000000001 1600520641
10.583000000000002 1600520641
10.575600000000001 1600520641
10.582999999999998 1600520641
10.583100000000002 1600520641
10.575600000000001 1600520641
7.523199999999999 1600520641
7.523199999999999 1600520641
7.523199999999999 1600520641
7.5181000000000004 1600520641
7.5181000000000004 1600520641
4.906299999999998 1600520641
4.906199999999998 1600520641
4.906299999999998 1600520641
4.906199999999998 1600520641
4.906299999999998 1600520641
7.8751999999999995 1600520641
7.875500000000002 1600520641
7.875399999999999 1600520641
7.875200000000003 1600520641
7.875599999999999 1600520641
9.522499999999997 1600520641
9.522299999999998 1600520641
9.529399999999999 1600520641
9.522399999999998 1600520641
9.529499999999999 1600520641
8.672199999999997 1600520641
8.667200000000001 1600520641
8.6723 1600520641
8.6722 1600520641
8.667299999999997 1600520641
8.0166 1600520641
8.0165 1600520641
8.016399999999997 1600520641
8.0165 1600520641
8.0164 1600520641
6.468599999999999 1600520641
7.880299999999998 1600520641
7.880299999999998 1600520641
7.880299999999998 1600520641
7.8801999999999985 1600520641
7.4350999999999985 1600520641
7.4349000000000025 1600520641
7.434999999999999 1600520641
7.435100000000002 1600520641
7.435100000000002 1600520641
7.487200000000001 1600520641
7.487300000000001 1600520641
7.487500000000001 1600520641
7.487500000000001 1600520641
7.4876000000000005 1600520641
13.961300000000001 1600520641
13.9615 1600520641
13.9613 1600520641
13.961200000000002 1600520641
13.961599999999999 1600520641
7.434699999999999 1600520641
7.434699999999999 1600520641
7.434700000000003 1600520641
7.434699999999999 1600520641
7.434699999999999 1600520641
5.330699999999997 1600520641
5.325199999999999 1600520641
5.3307 1600520641
5.325199999999999 1600520641
5.325199999999999 1600520641
9.179100000000002 1600520641
9.178999999999998 1600520641
9.179099999999998 1600520641
9.179100000000002 1600520641
9.178999999999998 1600520641
9.278099999999998 1600520641
9.278099999999998 1600520641
9.2787 1600520641
9.278599999999997 1600520641
9.2787 1600520641
8.846200000000003 1600520641
8.8461 1600520641
8.8461 1600520641
8.8461 1600520641
8.8462 1600520641
5.024699999999999 1600520641
5.024800000000003 1600520641
5.024800000000003 1600520641
5.024700000000003 1600520641
5.024800000000003 1600520641
6.568000000000001 1600520641
6.568100000000001 1600520641
6.568000000000001 1600520641
6.568100000000001 1600520641
6.568000000000001 1600520641
5.3721 1600520641
5.372 1600520641
5.372 1600520641
5.3797999999999995 1600520641
5.3797999999999995 1600520641
5.814 1600520641
5.813599999999997 1600520641
5.813599999999997 1600520641
5.8138000000000005 1600520641
5.813599999999997 1600520641
5.796199999999999 1600520641
5.796099999999999 1600520641
5.796199999999999 1600520641
5.796099999999999 1600520641
5.796099999999999 1600520641
5.440800000000003 1600520641
5.440799999999999 1600520641
5.440700000000003 1600520641
5.440799999999999 1600520641
5.4407 1600520641
9.677499999999998 1600520641
9.677399999999999 1600520641
9.677200000000003 1600520641
9.6772 1600520641
9.6771 1600520641
10.2378 1600520641
10.2379 1600520641
10.2378 1600520641
10.2378 1600520641
10.2375 1600520641
9.5655 1600520641
9.5656 1600520641
9.5656 1600520641
9.5638 1600520641
9.5655 1600520641
6.497900000000001 1600520641
6.497799999999998 1600520641
6.497900000000001 1600520641
6.497699999999998 1600520641
6.498100000000001 1600520641
5.830200000000001 1600520641
5.847899999999999 1600520641
5.830599999999997 1600520641
5.847999999999999 1600520641
5.847899999999999 1600520641
9.301299999999998 1600520641
9.308999999999997 1600520641
9.309000000000001 1600520641
9.301199999999998 1600520641
9.301200000000001 1600520641
10.089400000000001 1600520641
10.089400000000001 1600520641
10.089400000000001 1600520641
10.089300000000001 1600520641
10.089400000000001 1600520641
9.5668 1600520641
9.573699999999999 1600520641
9.573799999999999 1600520641
9.573699999999999 1600520641
9.573699999999999 1600520641
8.031300000000002 1600520641
8.031300000000002 1600520641
8.0259 1600520641
8.031400000000001 1600520641
8.0259 1600520641
6.930599999999998 1600520641
6.930799999999998 1600520641
6.930599999999998 1600520641
6.9304999999999986 1600520641
6.930800000000001 1600520641
7.9147 1600520641
7.9147 1600520641
7.9148 1600520641
7.9145 1600520641
7.914899999999999 1600520641
6.7212 1600520641
6.7216999999999985 1600520641
6.721499999999999 1600520641
6.721399999999999 1600520641
6.721299999999999 1600520641
7.6236999999999995 1600520641
7.6236999999999995 1600520641
7.628599999999999 1600520641
7.628599999999999 1600520641
7.628700000000002 1600520641
9.808499999999999 1600520641
9.808399999999999 1600520641
9.8082 1600520641
9.8082 1600520641
9.808400000000002 1600520641
8.563200000000002 1600520641
8.563399999999998 1600520641
8.563299999999998 1600520641
8.563099999999999 1600520641
8.563399999999998 1600520641
9.421999999999997 1600520641
9.4225 1600520641
9.4225 1600520641
9.4225 1600520641
9.4222 1600520641
9.930999999999997 1600520641
9.9314 1600520641
9.9314 1600520641
9.930999999999997 1600520641
9.930999999999997 1600520641
8.363299999999999 1600520641
8.363299999999999 1600520641
8.363199999999999 1600520641
8.363299999999999 1600520641
8.363399999999999 1600520641
7.8733 1600520641
7.8734 1600520641
7.8733 1600520641
7.8733 1600520641
7.8734 1600520641
9.406099999999999 1600520641
9.406200000000002 1600520641
9.406099999999999 1600520641
9.406100000000002 1600520641
9.406099999999999 1600520641
4.497500000000002 1600520641
4.497499999999999 1600520641
4.497500000000002 1600520641
4.497499999999999 1600520641
4.497399999999999 1600520641
7.7902999999999984 1600520641
7.790099999999999 1600520641
7.7902999999999984 1600520641
7.790199999999999 1600520641
7.790300000000002 1600520641
10.1597 1600520641
10.159699999999997 1600520641
10.1598 1600520641
10.1598 1600520641
10.159599999999998 1600520641
5.512699999999999 1600520641
5.518699999999999 1600520641
5.512799999999999 1600520641
5.512599999999999 1600520641
5.518699999999999 1600520641
9.1769 1600520641
9.1769 1600520641
9.1772 1600520641
9.177 1600520641
9.177 1600520641
8.4637 1600520641
8.4637 1600520641
8.4637 1600520641
8.463799999999999 1600520641
8.463799999999999 1600520641
9.4912 1600520641
9.4912 1600520641
9.491299999999999 1600520641
9.471 1600520641
9.471 1600520641
5.6721 1600520641
5.671599999999998 1600520641
5.671899999999997 1600520641
5.6722 1600520641
5.6717999999999975 1600520641
7.392599999999998 1600520641
7.392599999999998 1600520641
7.392499999999998 1600520641
7.392500000000002 1600520641
7.392599999999998 1600520641
7.467600000000001 1600520641
7.4678 1600520641
7.4632000000000005 1600520641
7.4633 1600520641
7.463100000000001 1600520641
10.356000000000002 1600520641
10.355999999999998 1600520641
10.356200000000001 1600520641
10.356199999999998 1600520641
10.356299999999997 1600520641
9.2576 1600520641
9.2576 1600520641
9.2575 1600520641
9.257200000000001 1600520641
9.2575 1600520641
4.907 1600520641
4.913699999999999 1600520641
4.918800000000001 1600520641
4.913500000000003 1600520641
4.918699999999998 1600520641
10.541899999999998 1600520641
10.546999999999997 1600520641
10.547 1600520641
10.542000000000002 1600520641
10.547 1600520641
10.187899999999999 1600520641
10.188000000000002 1600520641
10.188000000000002 1600520641
10.187900000000003 1600520641
10.188000000000002 1600520641
5.476800000000001 1600520641
5.476800000000001 1600520641
5.476800000000001 1600520641
5.4769000000000005 1600520641
5.4766999999999975 1600520641
9.4113 1600520641
9.411100000000001 1600520641
9.4113 1600520641
9.4115 1600520641
9.4114 1600520641
9.0472 1600520641
9.0475 1600520641
9.0474 1600520641
9.0472 1600520641
9.0473 1600520641
7.101199999999999 1600520641
7.101399999999998 1600520641
7.106100000000001 1600520641
7.106000000000002 1600520641
7.106000000000002 1600520641
9.437100000000001 1600520641
9.4375 1600520641
9.436699999999998 1600520641
9.436900000000001 1600520641
9.437000000000001 1600520641
9.156100000000002 1600520641
9.155999999999999 1600520641
9.156000000000002 1600520641
9.156099999999999 1600520641
9.156099999999999 1600520641
8.741 1600520641
8.736 1600520641
8.7359 1600520641
8.741 1600520641
8.7411 1600520641
7.919699999999999 1600520641
7.919699999999999 1600520641
7.941299999999998 1600520641
7.941299999999998 1600520641
7.941299999999998 1600520641
9.6909 1600520641
9.690700000000003 1600520641
9.690900000000003 1600520641
9.6907 1600520641
9.6909 1600520641
10.913900000000002 1600520641
10.913900000000002 1600520641
10.913900000000002 1600520641
10.913900000000002 1600520641
10.913900000000002 1600520641
7.848600000000001 1600520641
7.848300000000002 1600520641
7.848400000000002 1600520641
7.848600000000001 1600520641
7.848499999999998 1600520641
7.5639 1600520641
7.564 1600520641
7.564 1600520641
7.5639 1600520641
7.5639 1600520641
8.173699999999997 1600520641
8.1737 1600520641
8.1736 1600520641
8.173499999999997 1600520641
8.1736 1600520641
9.542200000000001 1600520641
9.5415 1600520641
9.542199999999998 1600520641
9.5414 1600520641
9.542200000000001 1600520641
5.296199999999999 1600520641
5.296199999999999 1600520641
5.296300000000002 1600520641
5.295999999999999 1600520641
5.2962000000000025 1600520641
10.646999999999998 1600520641
10.6464 1600520641
10.646800000000002 1600520641
10.646899999999999 1600520641
10.646900000000002 1600520641
8.360600000000002 1600520641
8.360500000000002 1600520641
8.360599999999998 1600520641
8.360599999999998 1600520641
8.360299999999999 1600520641
10.258200000000002 1600520641
10.258300000000002 1600520641
10.258299999999998 1600520641
10.258400000000002 1600520641
10.258300000000002 1600520641
7.654 1600520641
7.6541 1600520641
7.6541999999999994 1600520641
7.6541 1600520641
7.6539 1600520641
7.871700000000001 1600520641
7.871700000000001 1600520641
7.871700000000001 1600520641
7.865100000000002 1600520641
7.871700000000001 1600520641
5.876999999999999 1600520641
5.876899999999999 1600520641
5.8766 1600520641
5.8764 1600520641
5.876899999999999 1600520641
8.839400000000001 1600520641
8.839400000000001 1600520641
8.839400000000001 1600520641
8.839500000000001 1600520641
8.839500000000001 1600520641
7.902799999999999 1600520641
7.902799999999999 1600520641
7.902699999999999 1600520641
7.902799999999999 1600520641
7.902799999999999 1600520641
9.7178 1600520641
9.718 1600520641
9.7177 1600520641
9.7178 1600520641
9.717799999999997 1600520641
8.829 1600520641
8.829 1600520641
8.828999999999997 1600520641
8.828899999999997 1600520641
8.829 1600520641
9.063099999999999 1600520641
9.067999999999998 1600520641
9.067999999999998 1600520641
9.068100000000001 1600520641
9.068000000000001 1600520641
9.6811 1600520641
9.6811 1600520641
9.6811 1600520641
9.6811 1600520641
9.6811 1600520641
9.729399999999998 1600520641
9.729 1600520641
9.729099999999999 1600520641
9.729 1600520641
9.729 1600520641
6.3643 1600520641
6.3643 1600520641
6.360700000000001 1600520641
6.3643 1600520641
6.360700000000001 1600520641
10.186800000000002 1600520641
10.186900000000001 1600520641
10.187000000000001 1600520641
10.187000000000001 1600520641
10.186800000000002 1600520641
9.673399999999997 1600520641
9.6734 1600520641
9.6734 1600520641
9.673599999999997 1600520641
9.673599999999997 1600520641
9.507200000000001 1600520641
9.507000000000001 1600520641
9.506799999999998 1600520641
9.5073 1600520641
9.5074 1600520641
9.7121 1600520641
9.7119 1600520641
9.712 1600520641
9.7121 1600520641
9.712599999999998 1600520641
4.9313 1600520641
4.931100000000001 1600520641
4.9313 1600520641
4.931000000000001 1600520641
4.9312000000000005 1600520641
9.3722 1600520641
9.3723 1600520641
9.3723 1600520641
9.3723 1600520641
9.3722 1600520641
8.6112 1600520641
8.6114 1600520641
8.6111 1600520641
8.6115 1600520641
8.6115 1600520641
7.505299999999998 1600520641
7.505299999999998 1600520641
7.505299999999998 1600520641
7.505400000000002 1600520641
7.505299999999998 1600520641
8.3797 1600520641
8.3796 1600520641
8.3795 1600520641
8.3795 1600520641
8.3796 1600520641
7.700599999999998 1600520641
7.700800000000001 1600520641
7.700800000000001 1600520641
7.700800000000001 1600520641
7.700700000000001 1600520641
5.6655000000000015 1600520641
5.665600000000001 1600520641
5.665600000000001 1600520641
5.665599999999998 1600520641
5.665399999999998 1600520641
10.2972 1600520641
10.2984 1600520641
10.2985 1600520641
10.2985 1600520641
10.298300000000001 1600520641
7.807100000000002 1600520641
7.8065999999999995 1600520641
7.806900000000002 1600520641
7.806500000000003 1600520641
7.806799999999999 1600520641
7.218600000000002 1600520641
7.218600000000002 1600520641
7.218700000000002 1600520641
7.218600000000002 1600520641
7.218599999999999 1600520641
7.9376999999999995 1600520641
7.937799999999999 1600520641
7.942600000000002 1600520641
7.942599999999999 1600520641
7.942599999999999 1600520641
10.770600000000002 1600520641
10.770400000000002 1600520641
10.770499999999998 1600520641
10.770400000000002 1600520641
10.770399999999999 1600520641
6.6945000000000014 1600520641
6.6945000000000014 1600520641
6.6945000000000014 1600520641
6.694700000000001 1600520641
6.694600000000001 1600520641
8.084000000000003 1600520641
8.084 1600520641
8.0896 1600520641
8.0896 1600520641
8.0896 1600520641
9.758399999999998 1600520641
9.758300000000002 1600520641
9.758299999999998 1600520641
9.758400000000002 1600520641
9.758400000000002 1600520641
4.8429 1600520641
4.847799999999999 1600520641
4.847899999999999 1600520641
4.847899999999999 1600520641
4.847799999999999 1600520641
6.4544 1600520641
6.459400000000002 1600520641
6.459400000000002 1600520641
6.459500000000002 1600520641
6.4544999999999995 1600520641
8.7563 1600520641
8.7514 1600520641
8.7564 1600520641
8.7513 1600520641
8.7563 1600520641
8.536900000000003 1600520641
8.5369 1600520641
8.532899999999998 1600520641
8.537000000000003 1600520641
8.533099999999997 1600520641
10.276699999999998 1600520641
10.2776 1600520641
10.2775 1600520641
10.277600000000003 1600520641
10.2775 1600520641
8.0109 1600520641
8.011 1600520641
8.0109 1600520641
8.0109 1600520641
8.011000000000003 1600520641
6.144400000000001 1600520641
6.1446000000000005 1600520641
6.1447 1600520641
6.144699999999997 1600520641
6.1448 1600520641
8.7214 1600520641
8.7107 1600520641
8.7212 1600520641
8.7212 1600520641
8.715800000000002 1600520641
8.3235 1600520641
8.3235 1600520641
8.315999999999999 1600520641
8.3159 1600520641
8.3157 1600520641
9.596 1600520641
9.596 1600520641
9.596 1600520641
9.596 1600520641
9.5959 1600520641
7.8687000000000005 1600520641
7.868199999999998 1600520641
7.8688 1600520641
7.868299999999998 1600520641
7.869 1600520641
9.060400000000001 1600520641
9.060500000000001 1600520641
9.0606 1600520641
9.060500000000001 1600520641
9.060499999999998 1600520641
8.776500000000002 1600520641
8.776600000000002 1600520641
8.776399999999999 1600520641
8.776500000000002 1600520641
8.776399999999999 1600520641
9.0186 1600520641
9.018699999999999 1600520641
9.0185 1600520641
9.006699999999999 1600520641
9.006699999999999 1600520641
10.4513 1600520641
10.4512 1600520641
10.4514 1600520641
10.4513 1600520641
10.4514 1600520641
9.5656 1600520641
9.5656 1600520641
9.5655 1600520641
9.5655 1600520641
9.5655 1600520641
8.264199999999999 1600520641
8.264200000000002 1600520641
8.264299999999999 1600520641
8.264199999999999 1600520641
8.264200000000002 1600520641
5.872499999999999 1600520641
5.872500000000002 1600520641
5.8675999999999995 1600520641
5.8675999999999995 1600520641
5.8675 1600520641
7.7438 1600520641
7.7437000000000005 1600520641
7.744 1600520641
7.7438 1600520641
7.744 1600520641
5.798200000000001 1600520641
5.798300000000001 1600520641
5.798200000000001 1600520641
5.798300000000001 1600520641
5.798200000000001 1600520641
9.7288 1600520641
9.729099999999999 1600520641
9.7288 1600520641
9.7288 1600520641
9.7288 1600520641
10.6295 1600520641
10.629399999999997 1600520641
10.629399999999997 1600520641
10.6294 1600520641
10.628899999999998 1600520641
8.5518 1600520641
8.552 1600520641
8.5517 1600520641
8.5518 1600520641
8.552 1600520641
4.661999999999999 1600520641
4.6617999999999995 1600520641
4.661900000000003 1600520641
4.661899999999999 1600520641
4.662000000000003 1600520641
10.8262 1600520641
10.8261 1600520641
10.8262 1600520641
10.8261 1600520641
10.8262 1600520641
8.5043 1600520641
8.5045 1600520641
8.5045 1600520641
8.504100000000001 1600520641
8.5042 1600520641
6.110100000000003 1600520641
6.110299999999999 1600520641
6.110300000000002 1600520641
6.110099999999999 1600520641
6.110300000000002 1600520641
9.1269 1600520641
9.1268 1600520641
9.1269 1600520641
9.1268 1600520641
9.1265 1600520641
7.656600000000001 1600520641
7.6569 1600520641
7.656500000000001 1600520641
7.6568000000000005 1600520641
7.656200000000002 1600520641
9.7026 1600520641
9.694899999999997 1600520641
9.7025 1600520641
9.694899999999997 1600520641
9.6949 1600520641
8.0824 1600520641
8.0824 1600520641
8.0823 1600520641
8.0823 1600520641
8.082500000000003 1600520641
5.219200000000001 1600520641
5.210899999999999 1600520641
5.219200000000001 1600520641
5.211000000000002 1600520641
5.210799999999999 1600520641
8.0671 1600520641
8.067400000000003 1600520641
8.067 1600520641
8.0672 1600520641
8.0673 1600520641
9.4038 1600520641
9.4038 1600520641
9.4089 1600520641
9.4089 1600520641
9.4088 1600520641
7.773700000000002 1600520641
7.773699999999998 1600520641
7.7734999999999985 1600520641
7.773500000000002 1600520641
7.773500000000002 1600520641
7.555000000000003 1600520641
7.5549 1600520641
7.555 1600520641
7.555 1600520641
7.5549 1600520641
7.699599999999997 1600520641
7.6997 1600520641
7.6997 1600520641
7.6997 1600520641
7.6995000000000005 1600520641
7.3095 1600520641
7.3095 1600520641
7.3096 1600520641
7.3095 1600520641
7.3096 1600520641
7.5969000000000015 1600520641
7.5969000000000015 1600520641
7.591700000000003 1600520641
7.591799999999999 1600520641
7.597000000000001 1600520641
8.491299999999999 1600520641
8.4911 1600520641
8.4911 1600520641
8.4911 1600520641
8.491299999999999 1600520641
10.535700000000002 1600520641
10.5409 1600520641
10.540700000000001 1600520641
10.540700000000001 1600520641
10.535600000000002 1600520641
7.210900000000002 1600520641
7.211000000000002 1600520641
7.211000000000002 1600520641
7.2108000000000025 1600520641
7.2104 1600520641
9.470600000000001 1600520641
9.4605 1600520641
9.470500000000001 1600520641
9.465499999999999 1600520641
9.465499999999999 1600520641
7.460799999999999 1600520641
7.460799999999999 1600520641
7.460799999999999 1600520641
7.460799999999999 1600520641
7.4609999999999985 1600520641
6.7902999999999984 1600520641
6.790099999999999 1600520641
6.789899999999999 1600520641
6.790199999999999 1600520641
6.7901000000000025 1600520641
6.190799999999999 1600520641
6.190900000000003 1600520641
6.190900000000003 1600520641
6.190899999999999 1600520641
6.190899999999999 1600520641
6.974900000000002 1600520641
6.975000000000001 1600520641
6.974899999999998 1600520641
6.974999999999998 1600520641
6.974799999999998 1600520641
9.1401 1600520641
9.1402 1600520641
9.140099999999997 1600520641
9.1402 1600520641
9.140099999999997 1600520641
8.1648 1600520641
8.1649 1600520641
8.165 1600520641
8.1648 1600520641
8.1647 1600520641
9.765 1600520641
9.764800000000001 1600520641
9.765 1600520641
9.7649 1600520641
9.7649 1600520641
8.3217 1600520641
8.3219 1600520641
8.3218 1600520641
8.325499999999998 1600520641
8.325399999999998 1600520641
8.327100000000002 1600520641
8.319899999999997 1600520641
8.320300000000003 1600520641
8.327100000000002 1600520641
8.327099999999998 1600520641
9.7375 1600520641
9.7376 1600520641
9.7376 1600520641
9.7376 1600520641
9.7376 1600520641
2.130300000000002 1600520641
2.130300000000002 1600520641
2.130300000000002 1600520641
2.1304000000000016 1600520641
2.1302999999999983 1600520641
8.684999999999999 1600520641
8.6923 1600520641
8.6923 1600520641
8.684999999999999 1600520641
8.6923 1600520641
9.613199999999999 1600520641
9.6131 1600520641
9.613200000000003 1600520641
9.6131 1600520641
9.613100000000003 1600520641
10.070200000000003 1600520641
10.070300000000003 1600520641
10.070200000000003 1600520641
10.0704 1600520641
10.0703 1600520641
8.856199999999998 1600520641
8.856300000000001 1600520641
8.856299999999997 1600520641
8.856299999999997 1600520641
8.8566 1600520641
7.617699999999999 1600520641
7.6175 1600520641
7.617700000000003 1600520641
7.6175 1600520641
7.6175 1600520641
10.0365 1600520641
10.036399999999997 1600520641
10.0366 1600520641
10.0366 1600520641
10.036399999999997 1600520641
10.337700000000002 1600520641
10.337800000000001 1600520641
10.337700000000002 1600520641
10.337800000000001 1600520641
10.337800000000001 1600520641
8.3902 1600520641
8.3901 1600520641
8.3903 1600520641
8.390300000000003 1600520641
8.3902 1600520641
4.474400000000003 1600520641
4.474399999999999 1600520641
4.469399999999997 1600520641
4.4694 1600520641
4.4695 1600520641
10.932300000000001 1600520641
10.938400000000001 1600520641
10.932500000000001 1600520641
10.932400000000001 1600520641
10.938400000000001 1600520641
8.9226 1600520641
8.9226 1600520641
8.922699999999999 1600520641
8.9226 1600520641
8.922699999999999 1600520641
7.421900000000001 1600520641
7.4216000000000015 1600520641
7.421900000000001 1600520641
7.421900000000001 1600520641
7.421800000000001 1600520641
5.980499999999999 1600520641
5.980600000000003 1600520641
5.980499999999999 1600520641
5.9803 1600520641
5.9803 1600520641
9.601499999999998 1600520641
9.601299999999998 1600520641
9.601099999999999 1600520641
9.601399999999998 1600520641
9.601299999999998 1600520641
9.204999999999998 1600520641
9.204999999999998 1600520641
9.205000000000002 1600520641
9.204999999999998 1600520641
9.2011 1600520641
10.031299999999998 1600520641
10.031299999999998 1600520641
10.0242 1600520641
10.0242 1600520641
10.0242 1600520641
10.898600000000002 1600520641
10.898600000000002 1600520641
10.898600000000002 1600520641
10.898600000000002 1600520641
10.898600000000002 1600520641
8.278599999999997 1600520641
8.273599999999998 1600520641
8.273599999999998 1600520641
8.278499999999998 1600520641
8.273699999999998 1600520641
10.7381 1600520641
10.738400000000002 1600520641
10.738400000000002 1600520641
10.738199999999999 1600520641
10.738200000000003 1600520641
9.2255 1600520641
9.2256 1600520641
9.2195 1600520641
9.2196 1600520641
9.2256 1600520641
9.7195 1600520641
9.719199999999997 1600520641
9.7195 1600520641
9.7196 1600520641
9.7192 1600520641
9.690100000000001 1600520641
9.690000000000001 1600520641
9.689900000000002 1600520641
9.690000000000001 1600520641
9.690000000000001 1600520641
9.867899999999999 1600520641
9.867900000000002 1600520641
9.8627 1600520641
9.867999999999999 1600520641
9.8627 1600520641
8.112199999999998 1600520641
8.112099999999998 1600520641
8.111999999999998 1600520641
8.111999999999998 1600520641
8.111900000000002 1600520641
7.4787 1600520641
7.4785 1600520641
7.4786 1600520641
7.4786 1600520641
7.4786 1600520641
8.0278 1600520641
8.020500000000002 1600520641
8.0278 1600520641
8.020599999999998 1600520641
8.020499999999998 1600520641
7.604699999999998 1600520641
7.604800000000001 1600520641
7.604800000000001 1600520641
7.604800000000001 1600520641
7.604700000000001 1600520641
8.9114 1600520641
8.9114 1600520641
8.9115 1600520641
8.9114 1600520641
8.911399999999997 1600520641
9.8992 1600520641
9.8991 1600520641
9.898899999999998 1600520641
9.8992 1600520641
9.8992 1600520641
9.9514 1600520641
9.9515 1600520641
9.9514 1600520641
9.9513 1600520641
9.9514 1600520641
7.544999999999998 1600520641
7.544900000000002 1600520641
7.544899999999998 1600520641
7.545000000000002 1600520641
7.544699999999999 1600520641
9.927400000000002 1600520641
9.927399999999999 1600520641
9.9272 1600520641
9.927400000000002 1600520641
9.9271 1600520641
6.345600000000001 1600520641
6.345699999999997 1600520641
6.3455999999999975 1600520641
6.345600000000001 1600520641
6.345700000000001 1600520641
9.038499999999999 1600520641
9.038599999999999 1600520641
9.038900000000002 1600520641
9.038899999999998 1600520641
9.039000000000001 1600520641
8.034299999999998 1600520641
8.034299999999998 1600520641
8.033999999999999 1600520641
8.034199999999998 1600520641
8.034399999999998 1600520641
7.9998000000000005 1600520641
7.999700000000001 1600520641
7.9998000000000005 1600520641
7.999700000000001 1600520641
7.9999 1600520641
8.217300000000002 1600520641
8.217300000000002 1600520641
8.217500000000001 1600520641
8.217300000000002 1600520641
8.217200000000002 1600520641
7.699999999999999 1600520641
7.699999999999999 1600520641
7.700300000000002 1600520641
7.700200000000002 1600520641
7.700199999999999 1600520641
10.285499999999999 1600520641
10.285599999999999 1600520641
10.2854 1600520641
10.285499999999999 1600520641
10.285499999999999 1600520641
10.130300000000002 1600520641
10.130300000000002 1600520641
10.130200000000002 1600520641
10.130299999999998 1600520641
10.130299999999998 1600520641
7.357599999999998 1600520641
7.357500000000002 1600520641
7.362499999999997 1600520641
7.3626000000000005 1600520641
7.357599999999998 1600520641
8.0182 1600520641
8.017799999999998 1600520641
8.0181 1600520641
8.0182 1600520641
8.0181 1600520641
10.087299999999999 1600520641
10.092600000000001 1600520641
10.092600000000001 1600520641
10.092599999999997 1600520641
10.0927 1600520641
7.479799999999997 1600520641
7.479800000000001 1600520641
7.479799999999997 1600520641
7.479700000000001 1600520641
7.479899999999997 1600520641
6.738600000000002 1600520641
6.738699999999998 1600520641
6.743699999999997 1600520641
6.738699999999998 1600520641
6.743600000000001 1600520641
7.885200000000001 1600520641
7.880099999999999 1600520641
7.8801999999999985 1600520641
7.8801999999999985 1600520641
7.885100000000001 1600520641
9.535799999999998 1600520641
9.535599999999999 1600520641
9.5308 1600520641
9.5306 1600520641
9.5306 1600520641
9.3415 1600520641
9.3417 1600520641
9.341800000000003 1600520641
9.3417 1600520641
9.3416 1600520641
7.6219 1600520641
7.6219 1600520641
7.6221 1600520641
7.6219 1600520641
7.622 1600520641
8.402899999999999 1600520641
8.402899999999999 1600520641
8.402899999999999 1600520641
8.402999999999999 1600520641
8.402999999999999 1600520641
9.766200000000001 1600520641
9.766200000000001 1600520641
9.759899999999998 1600520641
9.759699999999999 1600520641
9.759800000000002 1600520641
7.348800000000001 1600520641
7.348700000000001 1600520641
7.353999999999999 1600520641
7.348700000000001 1600520641
7.353999999999999 1600520641
7.2454 1600520641
7.2455 1600520641
7.2454 1600520641
7.2454 1600520641
7.240400000000001 1600520641
10.553 1600520641
10.5531 1600520641
10.5531 1600520641
10.5532 1600520641
10.552900000000001 1600520641
10.765999999999998 1600520641
10.765999999999998 1600520641
10.766099999999998 1600520641
10.766100000000002 1600520641
10.765899999999998 1600520641
7.433600000000002 1600520641
7.433500000000002 1600520641
7.4334000000000024 1600520641
7.433500000000002 1600520641
7.433600000000002 1600520641
7.5823 1600520641
7.5822 1600520641
7.5822 1600520641
7.5824 1600520641
7.5822 1600520641
6.9864999999999995 1600520641
6.9864999999999995 1600520641
6.986599999999999 1600520641
6.986799999999999 1600520641
6.9864 1600520641
9.1734 1600520641
9.1734 1600520641
9.1677 1600520641
9.1679 1600520641
9.1676 1600520641
9.6938 1600520641
9.6937 1600520641
9.6938 1600520641
9.6937 1600520641
9.6938 1600520641
9.305699999999998 1600520641
9.3109 1600520641
9.305899999999998 1600520641
9.311 1600520641
9.305599999999998 1600520641
9.1983 1600520641
9.1982 1600520641
9.1982 1600520641
9.1983 1600520641
9.1982 1600520641
10.351299999999998 1600520641
10.346799999999998 1600520641
10.346599999999999 1600520641
10.346800000000002 1600520641
10.351299999999998 1600520641
9.451800000000002 1600520641
9.452000000000002 1600520641
9.451800000000002 1600520641
9.451700000000002 1600520641
9.451900000000002 1600520641
8.4302 1600520641
8.43 1600520641
8.430399999999999 1600520641
8.430699999999998 1600520641
8.430799999999998 1600520641
10.3156 1600520641
10.3157 1600520641
10.3155 1600520641
10.3155 1600520641
10.3155 1600520641
7.5609 1600520641
7.561 1600520641
7.5608 1600520641
7.5611 1600520641
7.561 1600520641
9.883300000000002 1600520641
9.883400000000002 1600520641
9.883500000000002 1600520641
9.883399999999998 1600520641
9.883500000000002 1600520641
7.990100000000002 1600520641
7.990400000000001 1600520641
7.9902000000000015 1600520641
7.9902000000000015 1600520641
7.990100000000002 1600520641
8.518700000000003 1600520641
8.518699999999999 1600520641
8.518799999999999 1600520641
8.518800000000002 1600520641
8.518899999999999 1600520641
8.3444 1600520641
8.3491 1600520641
8.3491 1600520641
8.3491 1600520641
8.3443 1600520641
8.875599999999999 1600520641
8.8812 1600520641
8.875800000000002 1600520641
8.8812 1600520641
8.8811 1600520641
10.080200000000001 1600520641
10.075199999999999 1600520641
10.080300000000001 1600520641
10.080300000000001 1600520641
10.075200000000002 1600520641
7.881499999999999 1600520641
7.881399999999999 1600520641
7.881499999999999 1600520641
7.881399999999999 1600520641
7.881499999999999 1600520641
10.0349 1600520641
10.0348 1600520641
10.0349 1600520641
10.0349 1600520641
10.0349 1600520641
10.3871 1600520641
10.3873 1600520641
10.3871 1600520641
10.3872 1600520641
10.3871 1600520641
8.202300000000001 1600520641
8.2024 1600520641
8.2024 1600520641
8.2024 1600520641
8.202100000000002 1600520641
9.3853 1600520641
9.3853 1600520641
9.3853 1600520641
9.385200000000001 1600520641
9.3853 1600520641
7.407599999999999 1600520641
7.407700000000002 1600520641
7.407800000000002 1600520641
7.407799999999998 1600520641
7.407699999999998 1600520641
7.3567 1600520641
7.3567 1600520641
7.357200000000002 1600520641
7.357199999999999 1600520641
7.357199999999999 1600520641
6.954699999999999 1600520641
6.954599999999999 1600520641
6.954699999999999 1600520641
6.954699999999999 1600520641
6.954699999999999 1600520641
7.229499999999998 1600520641
7.229499999999998 1600520641
7.229599999999998 1600520641
7.229500000000002 1600520641
7.229600000000001 1600520641
9.596600000000002 1600520641
9.596900000000002 1600520641
9.596600000000002 1600520641
9.596900000000002 1600520641
9.597000000000001 1600520641
5.165399999999998 1600520641
5.165700000000001 1600520641
5.165900000000001 1600520641
5.165800000000001 1600520641
5.165800000000001 1600520641
7.7783000000000015 1600520641
7.778199999999998 1600520641
7.784799999999997 1600520641
7.778100000000002 1600520641
7.784700000000001 1600520641
7.345299999999998 1600520641
7.3567 1600520641
7.350300000000001 1600520641
7.356800000000003 1600520641
7.350299999999997 1600520641
9.3214 1600520641
9.321299999999997 1600520641
9.321199999999997 1600520641
9.321100000000001 1600520641
9.321399999999997 1600520641
9.536100000000001 1600520641
9.536200000000001 1600520641
9.536100000000001 1600520641
9.535900000000002 1600520641
9.5363 1600520641
9.647300000000001 1600520641
9.647400000000001 1600520641
9.647400000000001 1600520641
9.647300000000001 1600520641
9.647400000000001 1600520641
10.705099999999998 1600520641
10.7039 1600520641
10.704999999999998 1600520641
10.705000000000002 1600520641
10.705100000000002 1600520641
8.551300000000001 1600520641
8.551300000000001 1600520641
8.5459 1600520641
8.5458 1600520641
8.551200000000001 1600520641
9.129600000000003 1600520641
9.1296 1600520641
9.1294 1600520641
9.1295 1600520641
9.1295 1600520641
8.551300000000001 1600520641
8.551200000000001 1600520641
8.551300000000001 1600520641
8.551400000000001 1600520641
8.551300000000001 1600520641
9.895 1600520641
9.895399999999999 1600520641
9.895199999999999 1600520641
9.895199999999999 1600520641
9.895300000000002 1600520641
10.0882 1600520641
10.0882 1600520641
10.087900000000001 1600520641
10.087899999999998 1600520641
10.0882 1600520641
7.587700000000002 1600520641
7.587600000000002 1600520641
7.587800000000001 1600520641
7.587800000000001 1600520641
7.587699999999998 1600520641
8.796299999999999 1600520641
8.796299999999999 1600520641
8.796199999999999 1600520641
8.796399999999998 1600520641
8.796499999999998 1600520641
8.823800000000002 1600520641
8.823799999999999 1600520641
8.823799999999999 1600520641
8.823899999999998 1600520641
8.823799999999999 1600520641
8.497399999999999 1600520641
8.497399999999999 1600520641
8.4973 1600520641
8.497399999999999 1600520641
8.497400000000003 1600520641
7.0992 1600520641
7.099400000000003 1600520641
7.0991 1600520641
7.0992999999999995 1600520641
7.099 1600520641
9.049600000000002 1600520641
9.0545 1600520641
9.054400000000001 1600520641
9.049600000000002 1600520641
9.049500000000002 1600520641
9.4342 1600520641
9.429099999999998 1600520641
9.429099999999998 1600520641
9.4342 1600520641
9.429199999999998 1600520641
8.8692 1600520641
8.8692 1600520641
8.869299999999999 1600520641
8.8692 1600520641
8.8692 1600520641
10.2092 1600520641
10.214100000000002 1600520641
10.214100000000002 1600520641
10.208799999999997 1600520641
10.214099999999998 1600520641
8.902899999999999 1600520641
8.9028 1600520641
8.898499999999999 1600520641
8.8981 1600520641
8.898299999999999 1600520641
7.889999999999997 1600520641
7.890000000000001 1600520641
7.890000000000001 1600520641
7.889899999999997 1600520641
7.890000000000001 1600520641
6.400500000000001 1600520641
6.395399999999999 1600520641
6.395400000000002 1600520641
6.395399999999999 1600520641
6.400400000000001 1600520641
6.549699999999998 1600520641
6.549699999999998 1600520641
6.549799999999998 1600520641
6.549800000000001 1600520641
6.544599999999999 1600520641
10.270399999999999 1600520641
10.270599999999998 1600520641
10.270499999999998 1600520641
10.270399999999999 1600520641
10.270600000000002 1600520641
10.705300000000001 1600520641
10.705200000000001 1600520641
10.7056 1600520641
10.705400000000001 1600520641
10.705400000000001 1600520641
9.596699999999998 1600520641
9.596799999999998 1600520641
9.601600000000001 1600520641
9.601599999999998 1600520641
9.596800000000002 1600520641
10.265 1600520641
10.255500000000001 1600520641
10.2649 1600520641
10.264899999999997 1600520641
10.264899999999997 1600520641
5.725200000000001 1600520641
5.725100000000001 1600520641
5.725200000000001 1600520641
5.725099999999998 1600520641
5.725099999999998 1600520641
7.499199999999998 1600520641
7.499300000000002 1600520641
7.499300000000002 1600520641
7.499199999999998 1600520641
7.499300000000002 1600520641
5.122699999999998 1600520641
5.122699999999998 1600520641
5.117099999999997 1600520641
5.122700000000002 1600520641
5.122799999999998 1600520641
8.846599999999999 1600520641
8.846599999999999 1600520641
8.846699999999998 1600520641
8.846799999999998 1600520641
8.846699999999998 1600520641
8.631600000000002 1600520641
8.6262 1600520641
8.631700000000002 1600520641
8.631600000000002 1600520641
8.631700000000002 1600520641
10.0901 1600520641
10.0901 1600520641
10.0899 1600520641
10.09 1600520641
10.0899 1600520641
8.449099999999998 1600520641
8.448999999999998 1600520641
8.449099999999998 1600520641
8.448799999999999 1600520641
8.449099999999998 1600520641
9.6432 1600520641
9.6432 1600520641
9.633499999999998 1600520641
9.633099999999999 1600520641
9.633099999999999 1600520641
7.9238 1600520641
7.924000000000003 1600520641
7.9239 1600520641
7.924000000000003 1600520641
7.9239 1600520641
10.090499999999999 1600520641
10.1049 1600520641
10.1049 1600520641
10.1049 1600520641
10.1049 1600520641
9.1391 1600520641
9.139200000000002 1600520641
9.139100000000003 1600520641
9.139199999999999 1600520641
9.139100000000003 1600520641
9.020399999999999 1600520641
9.020399999999999 1600520641
9.020400000000002 1600520641
9.020199999999999 1600520641
9.020299999999999 1600520641
8.4252 1600520641
8.4252 1600520641
8.4252 1600520641
8.4251 1600520641
8.419699999999999 1600520641
9.257399999999997 1600520641
9.257000000000001 1600520641
9.257099999999998 1600520641
9.2574 1600520641
9.257100000000001 1600520641
8.665399999999998 1600520641
8.665299999999998 1600520641
8.665299999999998 1600520641
8.660300000000003 1600520641
8.665299999999998 1600520641
9.192200000000003 1600520641
9.2046 1600520641
9.204600000000003 1600520641
9.2045 1600520641
9.1921 1600520641
8.316199999999998 1600520641
8.316099999999999 1600520641
8.316399999999998 1600520641
8.316399999999998 1600520641
8.316399999999998 1600520641
9.2786 1600520641
9.2786 1600520641
9.284500000000001 1600520641
9.2848 1600520641
9.273800000000001 1600520641
8.389599999999998 1600520641
8.389600000000002 1600520641
8.389599999999998 1600520641
8.389600000000002 1600520641
8.389599999999998 1600520641
10.889399999999998 1600520641
10.889399999999998 1600520641
10.889399999999998 1600520641
10.889699999999998 1600520641
10.889799999999997 1600520641
7.3248 1600520641
7.324999999999999 1600520641
7.324999999999999 1600520641
7.3248999999999995 1600520641
7.324999999999999 1600520641
8.546 1600520641
8.5442 1600520641
8.5461 1600520641
8.5441 1600520641
8.546199999999999 1600520641
7.030000000000001 1600520641
7.030100000000001 1600520641
7.029999999999998 1600520641
7.030000000000001 1600520641
7.029999999999998 1600520641
10.5471 1600520641
10.5473 1600520641
10.5472 1600520641
10.5471 1600520641
10.5472 1600520641
8.376099999999997 1600520641
8.3763 1600520641
8.3765 1600520641
8.375900000000001 1600520641
8.3763 1600520641
7.669499999999999 1600520641
7.669599999999999 1600520641
7.669599999999999 1600520641
7.669499999999999 1600520641
7.669499999999999 1600520641
3.5228 1600520641
3.5227000000000004 1600520641
3.5229999999999997 1600520641
3.5229999999999997 1600520641
3.5230999999999995 1600520641
7.497299999999999 1600520641
7.4924 1600520641
7.497100000000003 1600520641
7.497299999999999 1600520641
7.497199999999999 1600520641
10.8858 1600520641
10.8859 1600520641
10.886099999999999 1600520641
10.8859 1600520641
10.8859 1600520641
5.126799999999999 1600520641
5.126899999999999 1600520641
5.126799999999999 1600520641
5.126899999999999 1600520641
5.126899999999999 1600520641
9.9268 1600520641
9.9265 1600520641
9.9267 1600520641
9.9268 1600520641
9.9266 1600520641
8.809000000000001 1600520641
8.809000000000001 1600520641
8.809000000000001 1600520641
8.804300000000001 1600520641
8.809000000000001 1600520641
8.512700000000002 1600520641
8.512599999999999 1600520641
8.512699999999999 1600520641
8.5124 1600520641
8.5121 1600520641
10.302299999999999 1600520641
10.302399999999999 1600520641
10.302700000000002 1600520641
10.302700000000002 1600520641
10.302399999999999 1600520641
7.444399999999998 1600520641
7.4445000000000014 1600520641
7.444299999999998 1600520641
7.444599999999998 1600520641
7.444600000000001 1600520641
8.006 1600520641
8.006 1600520641
8.006 1600520641
8.006 1600520641
8.000700000000002 1600520641
7.886599999999998 1600520641
7.886700000000001 1600520641
7.886499999999998 1600520641
7.886599999999998 1600520641
7.886699999999998 1600520641
6.7621 1600520641
6.7622 1600520641
6.7621 1600520641
6.7621 1600520641
6.7620000000000005 1600520641
9.014700000000001 1600520641
9.014600000000002 1600520641
9.014700000000001 1600520641
9.014700000000001 1600520641
9.014700000000001 1600520641
6.4542 1600520641
7.958100000000002 1600520641
7.957700000000003 1600520641
7.957800000000002 1600520641
6.4544 1600520641
10.4572 1600520641
10.4571 1600520641
10.4571 1600520641
10.4572 1600520641
10.4571 1600520641
9.5471 1600520641
9.5473 1600520641
9.5473 1600520641
9.5472 1600520641
9.547 1600520641
8.1082 1600520641
8.1082 1600520641
8.1082 1600520641
8.1082 1600520641
8.1082 1600520641
10.901500000000002 1600520641
10.9073 1600520641
10.901400000000002 1600520641
10.901499999999999 1600520641
10.907399999999999 1600520641
9.209500000000002 1600520641
9.209600000000002 1600520641
9.209600000000002 1600520641
9.209400000000002 1600520641
9.209499999999998 1600520641
8.718700000000002 1600520641
8.7239 1600520641
8.7239 1600520641
8.718600000000002 1600520641
8.718900000000001 1600520641
10.2409 1600520641
10.2409 1600520641
10.2407 1600520641
10.2407 1600520641
10.241 1600520641
9.863999999999997 1600520641
9.864 1600520641
9.864 1600520641
9.864099999999997 1600520641
9.8641 1600520641
6.592600000000001 1600520641
6.592700000000001 1600520641
6.592700000000001 1600520641
6.592699999999997 1600520641
6.592499999999998 1600520641
8.852599999999999 1600520641
8.852500000000003 1600520641
8.852700000000002 1600520641
8.8524 1600520641
8.8524 1600520641
10.317699999999999 1600520641
10.317799999999998 1600520641
10.317799999999998 1600520641
10.317699999999999 1600520641
10.317799999999998 1600520641
8.2153 1600520641
8.2153 1600520641
8.2153 1600520641
8.2152 1600520641
8.2151 1600520641
8.937000000000001 1600520641
8.9317 1600520641
8.936900000000001 1600520641
8.937100000000001 1600520641
8.936899999999998 1600520641
8.410800000000002 1600520641
8.410899999999998 1600520641
8.410999999999998 1600520641
8.410900000000002 1600520641
8.410999999999998 1600520641
9.2166 1600520641
9.216099999999997 1600520641
9.2166 1600520641
9.2166 1600520641
9.2165 1600520641
9.752299999999998 1600520641
9.752300000000002 1600520641
9.752199999999998 1600520641
9.7376 1600520641
9.752299999999998 1600520641
8.9407 1600520641
8.9404 1600520641
8.9405 1600520641
8.940800000000003 1600520641
8.9407 1600520641
9.974499999999999 1600520641
9.974600000000002 1600520641
9.974500000000003 1600520641
9.9744 1600520641
9.9741 1600520641
5.956399999999999 1600520641
5.956399999999999 1600520641
5.956399999999999 1600520641
5.956399999999999 1600520641
5.956299999999999 1600520641
10.453000000000003 1600520641
10.453 1600520641
10.4527 1600520641
10.453 1600520641
10.4529 1600520641
8.7381 1600520641
8.7381 1600520641
8.738 1600520641
8.738 1600520641
8.7379 1600520641
8.046799999999998 1600520641
8.046799999999998 1600520641
8.046699999999998 1600520641
8.046799999999998 1600520641
8.046699999999998 1600520641
8.698799999999999 1600520641
8.698799999999999 1600520641
8.698799999999999 1600520641
8.698899999999998 1600520641
8.699300000000001 1600520641
5.3445 1600520641
5.3445 1600520641
5.3445 1600520641
5.3446 1600520641
5.3446 1600520641
9.859100000000002 1600520641
9.859200000000001 1600520641
9.859200000000001 1600520641
9.864899999999999 1600520641
9.864800000000002 1600520641
10.235600000000002 1600520641
10.2408 1600520641
10.2407 1600520641
10.235600000000002 1600520641
10.240799999999997 1600520641
10.190099999999997 1600520641
10.1902 1600520641
10.190199999999997 1600520641
10.1902 1600520641
10.190100000000001 1600520641
10.6631 1600520641
10.6631 1600520641
10.6631 1600520641
10.6631 1600520641
10.6631 1600520641
5.952300000000001 1600520641
5.952399999999997 1600520641
5.952300000000001 1600520641
5.9522999999999975 1600520641
5.952300000000001 1600520641
9.4164 1600520641
9.4164 1600520641
9.416300000000003 1600520641
9.4163 1600520641
9.4164 1600520641
9.641199999999998 1600520641
9.641399999999997 1600520641
9.641099999999998 1600520641
9.641199999999998 1600520641
9.6418 1600520641
8.405899999999999 1600520641
8.4113 1600520641
8.4113 1600520641
8.4114 1600520641
8.4114 1600520641
8.1772 1600520641
8.177299999999999 1600520641
8.177299999999999 1600520641
8.1772 1600520641
8.1772 1600520641
7.677800000000001 1600520641
7.6778999999999975 1600520641
7.6778999999999975 1600520641
7.6777000000000015 1600520641
7.677799999999998 1600520641
10.012699999999999 1600520641
10.0125 1600520641
10.012799999999999 1600520641
10.012899999999998 1600520641
10.012699999999999 1600520641
9.1022 1600520641
9.102400000000003 1600520641
9.102600000000002 1600520641
9.1023 1600520641
9.102599999999999 1600520641
9.1006 1600520641
9.1007 1600520641
9.1007 1600520641
9.1007 1600520641
9.1006 1600520641
10.413599999999999 1600520641
10.413499999999999 1600520641
10.413500000000003 1600520641
10.413499999999999 1600520641
10.4134 1600520641
8.693299999999997 1600520641
8.6934 1600520641
8.6934 1600520641
8.688300000000002 1600520641
8.6933 1600520641
5.849999999999998 1600520641
5.849899999999998 1600520641
5.854700000000001 1600520641
5.854799999999997 1600520641
5.854700000000001 1600520641
9.593500000000002 1600520641
9.593599999999999 1600520641
9.593500000000002 1600520641
9.593500000000002 1600520641
9.593500000000002 1600520641
8.676000000000002 1600520641
8.675899999999999 1600520641
8.676000000000002 1600520641
8.676200000000001 1600520641
8.675999999999998 1600520641
8.764599999999998 1600520641
8.764 1600520641
8.764499999999998 1600520641
8.764600000000002 1600520641
8.764 1600520641
8.299 1600520641
8.2989 1600520641
8.2989 1600520641
8.299 1600520641
8.299 1600520641
9.448699999999999 1600520641
9.459399999999999 1600520641
9.459399999999999 1600520641
9.459399999999999 1600520641
9.459499999999998 1600520641
7.744600000000002 1600520641
7.749500000000001 1600520641
7.749500000000001 1600520641
7.749600000000001 1600520641
7.744400000000002 1600520641
10.3748 1600520641
10.374600000000001 1600520641
10.374699999999997 1600520641
10.3747 1600520641
10.374599999999997 1600520641
7.391199999999998 1600520641
7.391399999999997 1600520641
7.391199999999998 1600520641
7.391300000000001 1600520641
7.3912999999999975 1600520641
10.8888 1600520641
10.8887 1600520641
10.8886 1600520641
10.8889 1600520641
10.8887 1600520641
5.417400000000001 1600520641
5.417200000000001 1600520641
5.417400000000001 1600520641
5.417400000000001 1600520641
5.417300000000001 1600520641
9.7775 1600520641
9.7775 1600520641
9.7776 1600520641
9.7776 1600520641
9.7776 1600520641
8.5837 1600520641
8.583699999999997 1600520641
8.583699999999997 1600520641
8.5837 1600520641
8.5837 1600520641
10.0851 1600520641
10.0851 1600520641
10.0851 1600520641
10.0851 1600520641
10.085099999999997 1600520641
9.576699999999999 1600520641
9.5762 1600520641
9.5701 1600520641
9.576699999999999 1600520641
9.5762 1600520641
5.431699999999999 1600520641
5.4314 1600520641
5.4314 1600520641
5.4315999999999995 1600520641
5.4315 1600520641
6.033800000000003 1600520641
6.0337 1600520641
6.0336 1600520641
6.033800000000003 1600520641
6.033799999999999 1600520641
6.8337 1600520641
6.8333999999999975 1600520641
6.833099999999998 1600520641
6.833499999999997 1600520641
6.833199999999998 1600520641
7.468999999999998 1600520641
7.468999999999998 1600520641
7.468999999999998 1600520641
7.468999999999998 1600520641
7.468999999999998 1600520641
8.7441 1600520641
8.7441 1600520641
8.738800000000001 1600520641
8.744 1600520641
8.744 1600520641
7.749799999999997 1600520641
7.749799999999997 1600520641
7.7498000000000005 1600520641
7.7499 1600520641
7.749700000000001 1600520641
5.392799999999998 1600520641
5.392800000000001 1600520641
5.392999999999997 1600520641
5.392800000000001 1600520641
5.392599999999998 1600520641
3.9595999999999982 1600520641
3.9608999999999988 1600520641
3.960799999999999 1600520641
3.9608999999999988 1600520641
3.9594999999999985 1600520641
3.9453999999999994 1600520641
3.9453999999999994 1600520641
3.9452999999999996 1600520641
3.9452 1600520641
3.9450000000000003 1600520641
8.284099999999999 1600520641
8.284099999999999 1600520641
8.2839 1600520641
8.283999999999999 1600520641
8.284199999999998 1600520641
5.6804999999999986 1600520641
5.680500000000002 1600520641
5.680399999999999 1600520641
5.680500000000002 1600520641
5.680500000000002 1600520641
8.54 1600520641
8.5399 1600520641
8.54 1600520641
8.5398 1600520641
8.5398 1600520641
8.4455 1600520641
8.4455 1600520641
8.4404 1600520641
8.4455 1600520641
8.4455 1600520641
8.456200000000003 1600520641
8.456299999999999 1600520641
8.456200000000003 1600520641
8.456199999999999 1600520641
8.456199999999999 1600520641
9.194400000000002 1600520641
9.194300000000002 1600520641
9.194300000000002 1600520641
9.194400000000002 1600520641
9.194299999999998 1600520641
8.383700000000001 1600520641
8.383699999999997 1600520641
8.383700000000001 1600520641
8.383700000000001 1600520641
8.384099999999997 1600520641
7.271000000000001 1600520641
7.2708999999999975 1600520641
7.271000000000001 1600520641
7.2708999999999975 1600520641
7.270999999999997 1600520641
4.6945000000000014 1600520641
4.6945000000000014 1600520641
4.694300000000002 1600520641
4.694499999999998 1600520641
4.694399999999998 1600520641
8.54 1600520641
8.540200000000002 1600520641
8.5399 1600520641
8.540200000000002 1600520641
8.5397 1600520641
5.040700000000001 1600520641
5.0406999999999975 1600520641
5.0406999999999975 1600520641
5.040700000000001 1600520641
5.040700000000001 1600520641
8.3748 1600520641
8.375 1600520641
8.3748 1600520641
8.3749 1600520641
8.3747 1600520641
10.668200000000002 1600520641
10.668399999999998 1600520641
10.668199999999999 1600520641
10.668199999999999 1600520641
10.668300000000002 1600520641
8.091999999999999 1600520641
8.092400000000001 1600520641
8.092399999999998 1600520641
8.092299999999998 1600520641
8.092299999999998 1600520641
8.991500000000002 1600520641
8.991500000000002 1600520641
8.9851 1600520641
8.9847 1600520641
8.991399999999999 1600520641
6.910299999999999 1600520641
6.910400000000003 1600520641
6.910599999999999 1600520641
6.910599999999999 1600520641
6.910599999999999 1600520641
9.1007 1600520641
9.1008 1600520641
9.1007 1600520641
9.1007 1600520641
9.1008 1600520641
6.714600000000001 1600520641
6.714699999999997 1600520641
6.709199999999999 1600520641
6.714600000000001 1600520641
6.709199999999999 1600520641
9.7961 1600520641
9.7957 1600520641
9.7961 1600520641
9.7961 1600520641
9.7958 1600520641
10.7222 1600520641
10.7223 1600520641
10.7222 1600520641
10.7223 1600520641
10.7223 1600520641
10.2268 1600520641
10.226899999999997 1600520641
10.226700000000001 1600520641
10.226599999999998 1600520641
10.226899999999997 1600520641
6.623799999999999 1600520641
6.6235 1600520641
6.623899999999999 1600520641
6.623799999999999 1600520641
6.6236999999999995 1600520641
8.1084 1600520641
8.1085 1600520641
8.1082 1600520641
8.1082 1600520641
8.1084 1600520641
7.471 1600520641
7.4773 1600520641
7.4708000000000006 1600520641
7.477599999999999 1600520641
7.477599999999999 1600520641
4.186500000000002 1600520641
4.186200000000003 1600520641
4.186400000000003 1600520641
4.186400000000003 1600520641
4.1865999999999985 1600520641
5.8096 1600520641
5.809799999999999 1600520641
5.8096 1600520641
5.809699999999999 1600520641
5.8096 1600520641
9.1817 1600520641
9.1889 1600520641
9.189 1600520641
9.1888 1600520641
9.1889 1600520641
9.3793 1600520641
9.378900000000002 1600520641
9.378700000000002 1600520641
9.379000000000001 1600520641
9.378999999999998 1600520641
10.0261 1600520641
10.0261 1600520641
10.0262 1600520641
10.031699999999997 1600520641
10.031599999999997 1600520641
9.6933 1600520641
9.693200000000001 1600520641
9.693200000000001 1600520641
9.693100000000001 1600520641
9.693200000000001 1600520641
8.115300000000001 1600520641
8.115400000000001 1600520641
8.115300000000001 1600520641
8.115400000000001 1600520641
8.115400000000001 1600520641
4.830500000000001 1600520641
4.830500000000001 1600520641
4.830500000000001 1600520641
4.8306000000000004 1600520641
4.830500000000001 1600520641
8.0095 1600520641
8.0094 1600520641
8.0095 1600520641
8.0095 1600520641
8.009599999999999 1600520641
7.296400000000002 1600520641
7.2912 1600520641
7.291399999999999 1600520641
7.2966000000000015 1600520641
7.296499999999998 1600520641
8.235499999999998 1600520641
8.2348 1600520641
8.235499999999998 1600520641
8.235399999999998 1600520641
8.235399999999998 1600520641
9.3383 1600520641
9.3381 1600520641
9.3383 1600520641
9.3383 1600520641
9.338199999999997 1600520641
8.484000000000002 1600520641
8.484000000000002 1600520641
8.484000000000002 1600520641
8.484000000000002 1600520641
8.483899999999998 1600520641
9.438399999999998 1600520641
9.438399999999998 1600520641
9.438199999999998 1600520641
9.438399999999998 1600520641
9.438499999999998 1600520641
9.014700000000001 1600520641
9.014700000000001 1600520641
9.014700000000001 1600520641
9.014699999999998 1600520641
9.014700000000001 1600520641
9.5747 1600520641
9.5749 1600520641
9.5747 1600520641
9.5747 1600520641
9.5747 1600520641
8.760000000000002 1600520641
8.759899999999998 1600520641
8.759899999999998 1600520641
8.759900000000002 1600520641
8.759899999999998 1600520641
8.445799999999998 1600520641
8.445799999999998 1600520641
8.4409 1600520641
8.440999999999999 1600520641
8.4409 1600520641
10.206700000000001 1600520641
10.206900000000001 1600520641
10.206700000000001 1600520641
10.206700000000001 1600520641
10.206800000000001 1600520641
7.7524000000000015 1600520641
7.757300000000001 1600520641
7.7469 1600520641
7.757300000000001 1600520641
7.7524000000000015 1600520641
10.901900000000001 1600520641
10.902000000000001 1600520641
10.901999999999997 1600520641
10.902000000000001 1600520641
10.902000000000001 1600520641
8.567500000000003 1600520641
8.5673 1600520641
8.5672 1600520641
8.5673 1600520641
8.5673 1600520641
8.528500000000001 1600520641
8.528499999999998 1600520641
8.528500000000001 1600520641
8.528499999999998 1600520641
8.528399999999998 1600520641
10.1374 1600520641
10.1375 1600520641
10.1374 1600520641
10.137599999999999 1600520641
10.1375 1600520641
9.5807 1600520641
9.5808 1600520641
9.5809 1600520641
9.5809 1600520641
9.5808 1600520641
9.364799999999999 1600520641
9.364900000000002 1600520641
9.364900000000002 1600520641
9.364800000000002 1600520641
9.3646 1600520641
9.5184 1600520641
9.5183 1600520641
9.5184 1600520641
9.5184 1600520641
9.518400000000003 1600520641
8.558399999999999 1600520641
8.5534 1600520641
8.558400000000002 1600520641
8.5534 1600520641
8.558499999999999 1600520641
9.315999999999999 1600520641
9.315999999999999 1600520641
9.315999999999999 1600520641
9.3159 1600520641
9.316099999999999 1600520641
8.7838 1600520641
8.7839 1600520641
8.7838 1600520641
8.7788 1600520641
8.7788 1600520641
8.194600000000001 1600520641
8.1948 1600520641
8.194700000000001 1600520641
8.194700000000001 1600520641
8.1948 1600520641
7.231000000000002 1600520641
7.230900000000002 1600520641
7.230900000000002 1600520641
7.230900000000002 1600520641
7.230900000000002 1600520641
10.1495 1600520641
10.1496 1600520641
10.1494 1600520641
10.1493 1600520641
10.1493 1600520641
7.861699999999999 1600520641
7.861699999999999 1600520641
7.861799999999999 1600520641
7.861699999999999 1600520641
7.861900000000002 1600520641
7.587499999999999 1600520641
7.587700000000002 1600520641
7.587700000000002 1600520641
7.587600000000002 1600520641
7.587600000000002 1600520641
9.549100000000003 1600520641
9.549199999999999 1600520641
9.549200000000003 1600520641
9.549199999999999 1600520641
9.5491 1600520641
7.9651 1600520641
7.9651 1600520641
7.9651 1600520641
7.9651 1600520641
7.965 1600520641
10.315299999999997 1600520641
10.3153 1600520641
10.315299999999997 1600520641
10.315299999999997 1600520641
10.3153 1600520641
8.0674 1600520641
8.0673 1600520641
8.0672 1600520641
8.0672 1600520641
8.067599999999999 1600520641
9.774999999999999 1600520641
9.775099999999998 1600520641
9.7756 1600520641
9.775200000000002 1600520641
9.775400000000001 1600520641
7.953099999999999 1600520641
7.953099999999999 1600520641
7.9483 1600520641
7.9483999999999995 1600520641
7.9483 1600520641
9.890899999999998 1600520641
9.890800000000002 1600520641
9.890999999999998 1600520641
9.891000000000002 1600520641
9.890899999999998 1600520641
4.189 1600520641
4.189 1600520641
4.187799999999999 1600520641
4.187799999999999 1600520641
4.1892 1600520641
9.9876 1600520641
9.9879 1600520641
9.9877 1600520641
9.9877 1600520641
9.9877 1600520641
9.495000000000001 1600520641
9.494900000000001 1600520641
9.494900000000001 1600520641
9.495000000000001 1600520641
9.494999999999997 1600520641
8.4058 1600520641
8.4057 1600520641
8.405999999999999 1600520641
8.4058 1600520641
8.405899999999999 1600520641
9.0058 1600520641
9.005700000000001 1600520641
9.0058 1600520641
9.005700000000001 1600520641
9.005400000000002 1600520641
10.433800000000002 1600520641
10.433800000000002 1600520641
10.433900000000001 1600520641
10.433800000000002 1600520641
10.433800000000002 1600520641
6.5945 1600520641
6.5946 1600520641
6.5947 1600520641
6.5947 1600520641
6.5946 1600520641
9.419699999999999 1600520641
9.419599999999999 1600520641
9.419699999999999 1600520641
9.419899999999998 1600520641
9.419799999999999 1600520641
9.6129 1600520641
9.617899999999999 1600520641
9.6129 1600520641
9.6128 1600520641
9.617999999999999 1600520641
8.9418 1600520641
8.9437 1600520641
8.9417 1600520641
8.9438 1600520641
8.9436 1600520641
10.791600000000003 1600520641
10.7915 1600520641
10.7915 1600520641
10.791500000000003 1600520641
10.791599999999999 1600520641
7.541999999999998 1600520641
7.541599999999999 1600520641
7.541999999999998 1600520641
7.5417999999999985 1600520641
7.542000000000002 1600520641
7.027699999999999 1600520641
7.027800000000003 1600520641
7.027699999999999 1600520641
7.032600000000002 1600520641
7.032700000000002 1600520641
5.247499999999999 1600520641
5.247399999999999 1600520641
5.2475999999999985 1600520641
5.2475999999999985 1600520641
5.247600000000002 1600520641
9.2609 1600520641
9.261 1600520641
9.261000000000003 1600520641
9.2608 1600520641
9.2609 1600520641
9.426400000000001 1600520641
9.426400000000001 1600520641
9.4265 1600520641
9.421 1600520641
9.426400000000001 1600520641
6.269099999999998 1600520641
6.268899999999999 1600520641
6.269500000000001 1600520641
6.268999999999998 1600520641
6.2697 1600520641
9.1553 1600520641
9.1553 1600520641
9.155000000000001 1600520641
9.1552 1600520641
9.154800000000002 1600520641
8.5794 1600520641
8.5795 1600520641
8.5795 1600520641
8.5795 1600520641
8.5795 1600520641
9.1722 1600520641
9.1722 1600520641
9.1722 1600520641
9.1722 1600520641
9.1726 1600520641
7.1447 1600520641
7.1447 1600520641
7.1447 1600520641
7.1447 1600520641
7.1447 1600520641
9.803700000000003 1600520641
9.8037 1600520641
9.8037 1600520641
9.8036 1600520641
9.803600000000003 1600520641
5.0794 1600520641
5.0794999999999995 1600520641
5.0792 1600520641
5.0794999999999995 1600520641
5.0794999999999995 1600520641
7.223400000000002 1600520641
7.223299999999998 1600520641
7.223400000000002 1600520641
7.2231999999999985 1600520641
7.223300000000002 1600520641
10.745900000000002 1600520641
10.746000000000002 1600520641
10.745800000000003 1600520641
10.746100000000002 1600520641
10.746200000000002 1600520641
9.6706 1600520641
9.6705 1600520641
9.670499999999997 1600520641
9.6705 1600520641
9.6706 1600520641
6.1797 1600520641
6.174099999999999 1600520641
6.1797 1600520641
6.1798 1600520641
6.1797 1600520641
9.1192 1600520641
9.1192 1600520641
9.1192 1600520641
9.1177 1600520641
9.1192 1600520641
10.322399999999998 1600520641
10.3276 1600520641
10.3276 1600520641
10.322200000000002 1600520641
10.3276 1600520641
8.409499999999998 1600520641
8.409499999999998 1600520641
8.409500000000001 1600520641
8.409499999999998 1600520641
8.409499999999998 1600520641
6.8309 1600520641
6.8309999999999995 1600520641
6.8309999999999995 1600520641
6.8308 1600520641
6.8309999999999995 1600520641
6.412300000000002 1600520641
6.412199999999999 1600520641
6.412399999999998 1600520641
6.412199999999999 1600520641
6.412199999999999 1600520641
9.962600000000002 1600520641
9.962700000000002 1600520641
9.962800000000001 1600520641
9.962800000000001 1600520641
9.962700000000002 1600520641
8.6658 1600520641
8.665700000000001 1600520641
8.6658 1600520641
8.6658 1600520641
8.6659 1600520641
7.7027 1600520641
7.7026 1600520641
7.7028 1600520641
7.702500000000001 1600520641
7.702499999999997 1600520641
7.733599999999999 1600520641
7.733499999999999 1600520641
7.7287 1600520641
7.733600000000003 1600520641
7.733600000000003 1600520641
7.2780999999999985 1600520641
7.278299999999998 1600520641
7.278199999999998 1600520641
7.278199999999998 1600520641
7.278199999999998 1600520641
10.028100000000002 1600520641
10.028100000000002 1600520641
10.023400000000002 1600520641
10.028100000000002 1600520641
10.023300000000003 1600520641
6.324100000000001 1600520641
6.324200000000001 1600520641
6.324300000000001 1600520641
6.324100000000001 1600520641
6.324300000000001 1600520641
10.073699999999999 1600520641
10.0735 1600520641
10.079 1600520641
10.078899999999997 1600520641
10.073999999999998 1600520641
8.9954 1600520641
8.9955 1600520641
8.995500000000003 1600520641
8.995600000000003 1600520641
8.9957 1600520641
8.695900000000002 1600520641
8.696000000000002 1600520641
8.695900000000002 1600520641
8.695800000000002 1600520641
8.695600000000002 1600520641
10.0308 1600520641
10.0307 1600520641
10.0308 1600520641
10.0307 1600520641
10.0307 1600520641
10.5882 1600520641
10.5883 1600520641
10.5881 1600520641
10.5882 1600520641
10.5883 1600520641
9.671199999999999 1600520641
9.671199999999999 1600520641
9.6711 1600520641
9.671199999999999 1600520641
9.671199999999999 1600520641
10.242099999999997 1600520641
10.241999999999997 1600520641
10.242 1600520641
10.241999999999997 1600520641
10.2421 1600520641
8.159199999999998 1600520641
8.159199999999998 1600520641
8.159299999999998 1600520641
8.159199999999998 1600520641
8.159099999999999 1600520641
8.064 1600520641
8.064 1600520641
8.0701 1600520641
8.07 1600520641
8.064 1600520641
9.6556 1600520641
9.655700000000003 1600520641
9.6557 1600520641
9.655700000000003 1600520641
9.6557 1600520641
10.172799999999999 1600520641
10.172799999999999 1600520641
10.172799999999999 1600520641
10.172700000000003 1600520641
10.172800000000002 1600520641
7.9252 1600520641
7.9252 1600520641
7.9252 1600520641
7.9252 1600520641
7.9251000000000005 1600520641
7.343799999999998 1600520641
7.343799999999998 1600520641
7.343799999999998 1600520641
7.343799999999998 1600520641
7.343800000000002 1600520641
4.5535 1600520641
4.5534 1600520641
4.5534 1600520641
4.553599999999999 1600520641
4.5534 1600520641
5.766200000000001 1600520641
5.765999999999998 1600520641
5.766200000000001 1600520641
5.766199999999998 1600520641
5.766000000000002 1600520641
4.960099999999997 1600520641
4.959999999999997 1600520641
4.9604 1600520641
4.960099999999997 1600520641
4.960000000000001 1600520641
8.9988 1600520641
8.998900000000003 1600520641
8.9988 1600520641
8.9988 1600520641
8.9988 1600520641
7.465700000000002 1600520641
7.471400000000003 1600520641
7.4658000000000015 1600520641
7.471400000000003 1600520641
7.471400000000003 1600520641
8.9119 1600520641
8.9119 1600520641
8.911999999999999 1600520641
8.911999999999999 1600520641
8.9119 1600520641
9.081500000000002 1600520641
9.081500000000002 1600520641
9.0839 1600520641
9.081500000000002 1600520641
9.0839 1600520641
6.115400000000001 1600520641
6.115400000000001 1600520641
6.115400000000001 1600520641
6.115500000000001 1600520641
6.116000000000003 1600520641
2.1401000000000003 1600520641
2.1403 1600520641
2.1403 1600520641
2.1403 1600520641
2.1403999999999996 1600520641
9.417200000000001 1600520641
9.417100000000001 1600520641
9.417300000000001 1600520641
9.417299999999997 1600520641
9.417300000000001 1600520641
9.296700000000001 1600520641
9.296700000000001 1600520641
9.296700000000001 1600520641
9.296700000000001 1600520641
9.296700000000001 1600520641
5.536999999999999 1600520641
5.537199999999999 1600520641
5.536899999999999 1600520641
5.5367999999999995 1600520641
5.537099999999999 1600520641
