3.5753999999999997 1600645967
3.4087 1600645967
2.693 1600645967
3.394 1600645967
3.4715000000000003 1600645967
3.3953 1600645967
3.4423 1600645967
3.5338000000000003 1600645967
2.6932 1600645967
2.9530000000000003 1600645967
2.8887 1600645967
2.9521 1600645967
2.8885 1600645967
2.9661000000000004 1600645967
3.5763999999999996 1600645967
2.9422 1600645967
2.9428 1600645967
3.4333 1600645967
2.9426 1600645967
3.4083 1600645967
2.8898 1600645967
3.4374 1600645967
3.2746000000000004 1600645967
3.3862 1600645967
3.3933 1600645967
2.6177 1600645967
3.4303000000000003 1600645967
3.6255 1600645967
3.4297 1600645967
2.6177 1600645967
3.4301 1600645967
2.6175 1600645967
3.274 1600645967
3.6673 1600645967
3.2742 1600645967
3.3103000000000002 1600645967
3.3012 1600645967
1.7078 1600645967
3.4304 1600645967
3.2741000000000002 1600645967
3.4339000000000004 1600645967
3.3106 1600645967
1.6076 1600645967
2.1011 1600645967
2.0991 1600645967
3.6208 1600645967
2.7717 1600645967
2.2913 1600645967
2.7653 1600645967
3.9964000000000004 1600645967
3.3987 1600645967
3.0956 1600645967
3.1866 1600645967
2.4718999999999998 1600645967
3.1692 1600645967
3.2742 1600645967
3.2918 1600645967
3.2742999999999998 1600645967
3.1701 1600645967
3.2371000000000003 1600645967
3.1622 1600645967
3.7445000000000004 1600645967
3.1467 1600645967
3.1914000000000002 1600645967
3.6564 1600645967
3.1459 1600645967
4.1224 1600645967
3.6344000000000003 1600645967
3.1447 1600645967
3.6603000000000003 1600645967
1.9547 1600645967
3.0612 1600645967
3.4065 1600645967
3.3865 1600645967
3.1668000000000003 1600645967
3.3929 1600645967
3.1664000000000003 1600645967
3.2051000000000003 1600645967
3.1668000000000003 1600645967
3.3703000000000003 1600645967
3.1741 1600645967
1.9407 1600645967
2.571 1600645967
3.1665 1600645967
3.3331000000000004 1600645967
3.1659 1600645967
3.693 1600645967
3.128 1600645967
3.6698 1600645967
3.8216 1600645967
3.7346000000000004 1600645967
3.2227 1600645967
2.5151000000000003 1600645967
3.2143 1600645967
3.7872000000000003 1600645967
3.2085 1600645967
3.6932 1600645967
3.2091000000000003 1600645967
3.7117999999999998 1600645967
3.2085000000000004 1600645967
3.7152000000000003 1600645967
3.2233 1600645967
2.5142 1600645967
3.2229 1600645967
3.2227 1600645967
3.7955 1600645967
3.7116 1600645967
3.218 1600645967
3.2229 1600645967
1.9367999999999999 1600645967
3.7351 1600645967
3.2228 1600645967
3.2184000000000004 1600645967
3.7349 1600645967
3.2236000000000002 1600645967
2.2985 1600645967
2.2984999999999998 1600645967
3.7107 1600645967
2.2986 1600645967
2.5148 1600645967
3.2231 1600645967
2.6191 1600645967
3.6639 1600645967
3.2226000000000004 1600645967
3.6658000000000004 1600645967
2.6202 1600645967
2.5103 1600645967
2.6001000000000003 1600645967
2.4888 1600645967
3.4743 1600645967
3.4392 1600645967
2.4889 1600645967
3.2287000000000003 1600645967
3.5259 1600645967
3.4395 1600645967
3.5181999999999998 1600645967
3.4389000000000003 1600645967
3.5182 1600645967
3.576 1600645967
3.4391000000000003 1600645967
3.4478 1600645967
2.4890000000000003 1600645967
3.4422 1600645967
2.4888000000000003 1600645967
3.2181 1600645967
3.4476 1600645967
3.2294 1600645967
3.4515 1600645967
2.4888000000000003 1600645967
3.2287000000000003 1600645967
3.4772000000000003 1600645967
3.2285000000000004 1600645967
2.2744 1600645967
3.6334 1600645967
2.2744 1600645967
2.4177 1600645967
2.4018 1600645967
3.4856000000000003 1600645967
3.1814 1600645967
3.6108000000000002 1600645967
3.6332999999999998 1600645967
3.2507 1600645967
2.4838 1600645967
2.9333 1600645967
2.4837000000000002 1600645967
3.0137 1600645967
2.476 1600645967
2.9695 1600645967
3.6196 1600645967
2.4838999999999998 1600645967
3.6338 1600645967
3.7103 1600645967
3.6191 1600645967
3.7299 1600645967
2.4761 1600645967
3.6050999999999997 1600645967
2.476 1600645967
3.7151 1600645967
3.6301 1600645967
3.7088 1600645967
2.4756 1600645967
3.5836 1600645967
3.6443000000000003 1600645967
3.5827999999999998 1600645967
3.5831 1600645967
3.7096 1600645967
2.4019000000000004 1600645967
3.0076 1600645967
2.4018 1600645967
3.7095 1600645967
2.4753000000000003 1600645967
3.0079 1600645967
3.0024 1600645967
3.7141 1600645967
2.4754 1600645967
2.9273 1600645967
3.6472 1600645967
2.9274 1600645967
3.6461 1600645967
3.7174 1600645967
2.4754 1600645967
3.6646 1600645967
3.6303 1600645967
2.4754 1600645967
3.5449 1600645967
2.4755000000000003 1600645967
3.1386 1600645967
3.0472 1600645967
3.1348000000000003 1600645967
3.6743 1600645967
3.0468 1600645967
3.5601000000000003 1600645967
2.4019000000000004 1600645967
3.5661 1600645967
2.8998000000000004 1600645967
3.1454 1600645967
3.7087000000000003 1600645967
3.6633999999999998 1600645967
3.157 1600645967
3.2035 1600645967
3.1556 1600645967
2.3499000000000003 1600645967
3.2042 1600645967
3.5456000000000003 1600645967
3.5702000000000003 1600645967
3.1564 1600645967
2.4267 1600645967
2.6036 1600645967
2.5932000000000004 1600645967
3.5284999999999997 1600645967
3.0437 1600645967
3.5247 1600645967
3.5282999999999998 1600645967
2.6768 1600645967
3.5948 1600645967
2.2483 1600645967
2.4263000000000003 1600645967
2.4490000000000003 1600645967
3.5951 1600645967
2.4263 1600645967
2.4262 1600645967
3.5934000000000004 1600645967
3.2036000000000002 1600645967
3.5929 1600645967
2.4262 1600645967
2.6155000000000004 1600645967
2.4261000000000004 1600645967
2.5771 1600645967
2.8641 1600645967
2.5777 1600645967
3.5936000000000003 1600645967
2.6692 1600645967
2.377 1600645967
3.2055 1600645967
2.495 1600645967
3.1889 1600645967
3.1488 1600645967
3.9945000000000004 1600645967
3.2046 1600645967
2.5151000000000003 1600645967
2.9221000000000004 1600645967
3.4929 1600645967
3.3977 1600645967
3.5504000000000002 1600645967
2.4952 1600645967
3.1481000000000003 1600645967
2.934 1600645967
3.1488 1600645967
3.3975 1600645967
2.9346 1600645967
3.3979000000000004 1600645967
3.5249 1600645967
2.4261000000000004 1600645967
2.6493 1600645967
2.6302000000000003 1600645967
2.6488 1600645967
2.6329000000000002 1600645967
3.1479000000000004 1600645967
2.6331 1600645967
3.4283 1600645967
3.1542 1600645967
2.6329000000000002 1600645967
3.9977000000000005 1600645967
3.1248 1600645967
2.6276 1600645967
3.6794 1600645967
2.6278 1600645967
2.8703000000000003 1600645967
2.403 1600645967
2.628 1600645967
3.7042 1600645967
2.6277 1600645967
2.855 1600645967
2.6283 1600645967
2.7062000000000004 1600645967
2.8556000000000004 1600645967
2.694 1600645967
3.2272 1600645967
3.48 1600645967
1.8987999999999998 1600645967
2.8055000000000003 1600645967
2.87 1600645967
2.3741 1600645967
3.1257 1600645967
3.4832 1600645967
2.8589 1600645967
2.6278 1600645967
2.8582 1600645967
2.8562000000000003 1600645967
3.483 1600645967
2.628 1600645967
3.1303 1600645967
3.4857 1600645967
3.1289000000000002 1600645967
2.628 1600645967
3.1254000000000004 1600645967
3.1814 1600645967
3.4641 1600645967
3.1260000000000003 1600645967
2.6274 1600645967
3.1008999999999998 1600645967
3.4715 1600645967
3.126 1600645967
2.6274 1600645967
3.028 1600645967
2.7971000000000004 1600645967
1.7783 1600645967
3.0075 1600645967
2.4832 1600645967
3.4833 1600645967
2.6929 1600645967
3.4733 1600645967
2.6928 1600645967
3.5575 1600645967
2.6922 1600645967
3.5384 1600645967
2.6917999999999997 1600645967
3.4915000000000003 1600645967
2.512 1600645967
2.6951 1600645967
2.691 1600645967
3.293 1600645967
2.9751000000000003 1600645967
2.6912000000000003 1600645967
3.2914000000000003 1600645967
2.8549 1600645967
3.2975000000000003 1600645967
2.6912000000000003 1600645967
2.691 1600645967
3.6814999999999998 1600645967
3.2165000000000004 1600645967
2.6768 1600645967
3.5186 1600645967
3.1831 1600645967
2.6786 1600645967
2.7829 1600645967
3.176 1600645967
2.7829 1600645967
3.4953 1600645967
2.6692 1600645967
2.8194 1600645967
3.1789 1600645967
3.2496 1600645967
3.1699 1600645967
2.6412999999999998 1600645967
3.3039 1600645967
3.2481999999999998 1600645967
2.7516000000000003 1600645967
3.2479 1600645967
2.7829 1600645967
3.3109 1600645967
2.7516000000000003 1600645967
2.7518 1600645967
3.5191 1600645967
2.7829 1600645967
2.9403 1600645967
3.2418 1600645967
2.8656 1600645967
3.0588 1600645967
2.3126 1600645967
3.2415000000000003 1600645967
2.5018 1600645967
3.3074000000000003 1600645967
3.0228 1600645967
2.5666 1600645967
2.6940000000000004 1600645967
3.2147 1600645967
2.5016 1600645967
2.5015 1600645967
3.3335 1600645967
3.0776000000000003 1600645967
2.4974 1600645967
2.7070000000000003 1600645967
3.214 1600645967
2.6422000000000003 1600645967
2.9080000000000004 1600645967
3.0768 1600645967
2.4973 1600645967
3.2494 1600645967
2.8934 1600645967
2.8938 1600645967
3.0138 1600645967
2.8939000000000004 1600645967
2.9245 1600645967
3.1823 1600645967
2.5661 1600645967
3.0669 1600645967
3.1699 1600645967
3.1346000000000003 1600645967
3.2575000000000003 1600645967
3.1745 1600645967
2.4755000000000003 1600645967
3.2415 1600645967
3.1547 1600645967
2.4755000000000003 1600645967
2.6611000000000002 1600645967
2.483 1600645967
3.2451000000000003 1600645967
2.4838 1600645967
2.5797 1600645967
3.1820000000000004 1600645967
2.5469 1600645967
3.2396000000000003 1600645967
2.5796 1600645967
3.3149 1600645967
3.1841000000000004 1600645967
2.0115000000000003 1600645967
2.3812 1600645967
3.3811999999999998 1600645967
3.3557 1600645967
2.3694 1600645967
2.4935 1600645967
3.2202 1600645967
2.7585 1600645967
2.4824 1600645967
2.7231 1600645967
2.4013 1600645967
3.1938 1600645967
2.5372000000000003 1600645967
2.7513 1600645967
2.7327000000000004 1600645967
3.0877000000000003 1600645967
3.3213000000000004 1600645967
3.0787 1600645967
3.1382000000000003 1600645967
2.5162999999999998 1600645967
3.1407000000000003 1600645967
2.5161 1600645967
2.6618 1600645967
3.3406 1600645967
3.255 1600645967
2.6612999999999998 1600645967
3.3644 1600645967
2.9704 1600645967
2.7645 1600645967
2.9602000000000004 1600645967
3.0726 1600645967
2.9549000000000003 1600645967
3.0448 1600645967
3.0952 1600645967
2.6615 1600645967
3.1744000000000003 1600645967
3.0956 1600645967
3.028 1600645967
3.2631 1600645967
3.028 1600645967
3.1723 1600645967
2.3419000000000003 1600645967
2.3419000000000003 1600645967
3.2713 1600645967
2.4826 1600645967
2.5135 1600645967
2.5059 1600645967
3.2688 1600645967
3.5833000000000004 1600645967
2.5060000000000002 1600645967
2.5061 1600645967
3.2212 1600645967
3.0936 1600645967
3.2606 1600645967
2.4826 1600645967
3.318 1600645967
3.0605 1600645967
2.4848 1600645967
3.2729 1600645967
2.5962 1600645967
3.394 1600645967
3.273 1600645967
2.5963000000000003 1600645967
3.1250999999999998 1600645967
3.0732000000000004 1600645967
3.5074 1600645967
2.4849 1600645967
3.0887000000000002 1600645967
3.3175 1600645967
3.5199000000000003 1600645967
3.3164000000000002 1600645967
3.0730000000000004 1600645967
3.5947 1600645967
3.316 1600645967
3.6048 1600645967
3.3648000000000002 1600645967
3.9405000000000006 1600645967
3.3157 1600645967
3.3163 1600645967
2.2689 1600645967
2.7485000000000004 1600645967
2.9167 1600645967
3.6125000000000003 1600645967
3.363 1600645967
3.6167 1600645967
2.7394000000000003 1600645967
