0.8692000000000001 1600222175
0.8954000000000001 1600222175
1.0324 1600222175
0.9531 1600222175
0.987 1600222175
0.9642000000000001 1600222175
1.0179999999999998 1600222175
1.0391 1600222175
1.0122 1600222175
0.961 1600222175
0.854 1600222175
1.0455999999999999 1600222175
0.9606 1600222175
0.9871 1600222175
1.0328 1600222175
0.9607 1600222175
0.9091999999999999 1600222175
0.9877999999999999 1600222175
0.8765999999999999 1600222175
0.9858999999999999 1600222175
0.9864 1600222175
0.9410999999999999 1600222175
0.8997 1600222175
0.9856999999999999 1600222175
1.0432000000000001 1600222175
0.9865 1600222175
0.9044 1600222175
0.9807 1600222175
0.9795999999999999 1600222175
0.9796999999999999 1600222175
0.9874999999999999 1600222175
1.0553 1600222175
0.9645 1600222175
1.0074999999999998 1600222175
0.9811 1600222175
0.9453999999999999 1600222175
0.9833 1600222175
0.9604 1600222175
0.9460000000000001 1600222175
0.8674000000000001 1600222175
0.9874999999999999 1600222175
0.9798000000000001 1600222175
1.0529000000000002 1600222175
1.0151 1600222175
0.9664 1600222175
1.0236999999999998 1600222175
0.8695 1600222175
1.0203000000000002 1600222175
0.9600000000000001 1600222175
0.9649 1600222175
1.0636 1600222175
0.9791 1600222175
0.9852 1600222175
0.9601000000000001 1600222175
0.8865999999999999 1600222175
1.0158999999999998 1600222175
0.8557 1600222175
0.9600000000000001 1600222175
0.9420000000000001 1600222175
1.0329000000000002 1600222175
0.8825999999999999 1600222175
0.8699 1600222175
0.9909 1600222175
1.0558999999999998 1600222175
0.9864 1600222175
0.9902000000000001 1600222175
1.0886999999999998 1600222175
0.9601000000000001 1600222175
0.9841000000000001 1600222175
0.9231999999999999 1600222175
0.9273999999999999 1600222175
1.008 1600222175
1.0080999999999998 1600222175
1.0634000000000001 1600222175
1.0177999999999998 1600222175
0.9853 1600222175
1.0478999999999998 1600222175
1.0325000000000002 1600222175
1.0707 1600222175
1.0903999999999998 1600222175
0.9797999999999999 1600222175
0.9211999999999999 1600222175
0.9667 1600222175
0.8666999999999999 1600222175
1.0335 1600222175
0.9875999999999999 1600222175
0.975 1600222175
0.9913 1600222175
1.0457999999999998 1600222175
0.9027 1600222175
0.9668 1600222175
0.9799000000000001 1600222175
0.9800000000000001 1600222175
0.9248 1600222175
0.9868 1600222175
0.8704 1600222175
1.0478999999999998 1600222175
0.9093000000000001 1600222175
1.0366 1600222175
1.0223 1600222175
0.9669 1600222175
0.8728999999999999 1600222175
0.9855999999999999 1600222175
0.8965 1600222175
0.9799000000000001 1600222175
0.9127 1600222175
0.9606 1600222175
0.9853 1600222175
0.9846 1600222175
0.8652000000000001 1600222175
1.0223 1600222175
0.9803000000000001 1600222175
0.9827 1600222175
0.9861000000000001 1600222175
0.9586 1600222175
0.9600000000000001 1600222175
0.9257000000000001 1600222175
0.9613999999999999 1600222175
1.0282 1600222175
1.0122 1600222175
0.9455999999999999 1600222175
0.9860000000000001 1600222175
1.0032999999999999 1600222175
0.9185 1600222175
0.9876999999999999 1600222175
0.9829 1600222175
1.0453000000000001 1600222175
0.9751 1600222175
0.8994000000000001 1600222175
1.0154 1600222175
0.9863000000000001 1600222175
0.9772 1600222175
0.9607 1600222175
0.9857999999999999 1600222175
0.9614999999999999 1600222175
0.9754999999999999 1600222175
1.0120999999999998 1600222175
0.9607 1600222175
1.0221 1600222175
0.9868 1600222175
0.8938 1600222175
0.9872 1600222175
1.0453999999999999 1600222175
1.0078999999999998 1600222175
0.9787 1600222175
0.9671 1600222175
1.012 1600222175
0.9877999999999999 1600222175
0.9591 1600222175
0.9424 1600222175
1.0367000000000002 1600222175
1.0219999999999998 1600222175
0.9854999999999999 1600222175
0.9607 1600222175
0.9463 1600222175
0.9307 1600222175
0.9228999999999999 1600222175
0.8825999999999999 1600222175
0.8697 1600222175
0.9855999999999999 1600222175
0.9070999999999999 1600222175
0.9598000000000001 1600222175
0.93 1600222175
0.9218000000000001 1600222175
1.0323000000000002 1600222175
0.9873 1600222175
0.9299000000000001 1600222175
0.9648 1600222175
0.9860000000000001 1600222175
1.0331000000000001 1600222175
0.9461 1600222175
1.0154999999999998 1600222175
1.0478999999999998 1600222175
0.9836999999999999 1600222175
0.9007999999999999 1600222175
1.0276 1600222175
1.0118999999999998 1600222175
1.012 1600222175
1.0335 1600222175
0.8982 1600222175
1.02 1600222175
0.9868 1600222175
0.9863000000000001 1600222175
0.9853 1600222175
0.9856999999999999 1600222175
1.0468000000000002 1600222175
0.9121 1600222175
1.0452 1600222175
1.0156 1600222175
1.0282 1600222175
0.9089999999999999 1600222175
1.0200999999999998 1600222175
0.9853999999999999 1600222175
1.0391 1600222175
1.0310000000000001 1600222175
0.9088999999999999 1600222175
0.9607 1600222175
0.9636999999999999 1600222175
0.9877999999999999 1600222175
0.8884 1600222175
0.9865 1600222175
0.8552000000000001 1600222175
0.9668 1600222175
0.9797999999999999 1600222175
0.987 1600222175
0.9851 1600222175
1.0384000000000002 1600222175
0.9604 1600222175
0.9855999999999999 1600222175
0.9856999999999999 1600222175
0.9088999999999999 1600222175
1.0183 1600222175
1.0549 1600222175
1.0541 1600222175
0.9452999999999999 1600222175
0.9773 1600222175
0.9462 1600222175
0.9044 1600222175
0.9310999999999999 1600222175
0.9860000000000001 1600222175
0.9123 1600222175
1.0910000000000002 1600222175
0.8888999999999999 1600222175
0.876 1600222175
0.9865 1600222175
0.8989999999999999 1600222175
0.9601000000000001 1600222175
0.9222 1600222175
1.0471 1600222175
0.8556 1600222175
0.9469 1600222175
0.8821 1600222175
0.9667 1600222175
0.9789 1600222175
0.9007999999999999 1600222175
1.0123000000000002 1600222175
0.9291999999999999 1600222175
0.8988999999999999 1600222175
0.9611 1600222175
1.0320999999999998 1600222175
1.0394 1600222175
0.908 1600222175
0.9215000000000001 1600222175
0.9421 1600222175
0.8825 1600222175
0.9877999999999999 1600222175
0.9469 1600222175
0.908 1600222175
0.9494999999999999 1600222175
1.0657999999999999 1600222175
0.8692000000000001 1600222175
0.9869 1600222175
0.9944000000000001 1600222175
0.9869 1600222175
0.9587 1600222175
0.9228999999999999 1600222175
0.9008999999999999 1600222175
0.9492999999999999 1600222175
0.9227 1600222175
0.8696 1600222175
1.0238 1600222175
1.0179 1600222175
0.9873 1600222175
1.0363000000000002 1600222175
0.8917 1600222175
1.0152 1600222175
0.9587 1600222175
0.9864 1600222175
1.0154 1600222175
0.9861000000000001 1600222175
0.9599000000000001 1600222175
1.0156 1600222175
0.9857000000000001 1600222175
1.0365000000000002 1600222175
0.9854999999999999 1600222175
0.9462 1600222175
1.0550000000000002 1600222175
0.9854999999999999 1600222175
1.0548000000000002 1600222175
0.9642000000000001 1600222175
0.9859000000000001 1600222175
1.0642999999999998 1600222175
0.9863000000000001 1600222175
0.9864 1600222175
0.9322 1600222175
1.0072 1600222175
0.9822000000000001 1600222175
0.9580000000000001 1600222175
1.0145 1600222175
0.9247 1600222175
0.9448 1600222175
0.88 1600222175
0.8753000000000001 1600222175
0.9853 1600222175
1.0135999999999998 1600222175
1.0221 1600222175
0.8715 1600222175
1.0055999999999998 1600222175
0.8824 1600222175
0.9865 1600222175
0.9611 1600222175
0.8983 1600222175
1.0362 1600222175
0.8623 1600222175
0.9491999999999999 1600222175
0.9868 1600222175
0.9794999999999999 1600222175
0.9532999999999999 1600222175
0.9871 1600222175
0.8985 1600222175
1.0646 1600222175
0.9234000000000001 1600222175
0.9293000000000001 1600222175
1.0076999999999998 1600222175
0.9868 1600222175
0.9589 1600222175
1.0121000000000002 1600222175
1.0083000000000002 1600222175
0.8701 1600222175
0.9868 1600222175
1.0554000000000001 1600222175
0.9855999999999999 1600222175
0.9796000000000001 1600222175
1.0333 1600222175
1.0321000000000002 1600222175
1.0316 1600222175
0.9603 1600222175
0.8619 1600222175
1.0631 1600222175
1.0642999999999998 1600222175
0.9403 1600222175
0.9860000000000001 1600222175
0.9867 1600222175
0.9866 1600222175
1.037 1600222175
0.8554 1600222175
0.9087999999999999 1600222175
0.9823000000000001 1600222175
0.9793999999999999 1600222175
0.9646 1600222175
0.9023 1600222175
0.9611 1600222175
0.9589 1600222175
0.9873 1600222175
1.0364 1600222175
0.9872 1600222175
0.9187 1600222175
1.02 1600222175
0.991 1600222175
0.892 1600222175
0.8810000000000001 1600222175
0.9597000000000001 1600222175
0.9079 1600222175
0.9646 1600222175
0.9867 1600222175
0.9853999999999999 1600222175
1.0089000000000001 1600222175
1.0654 1600222175
0.9868 1600222175
1.0078 1600222175
0.9023 1600222175
0.987 1600222175
0.961 1600222175
0.9011000000000001 1600222175
1.0539999999999998 1600222175
0.9069999999999999 1600222175
0.9068999999999999 1600222175
1.0655000000000001 1600222175
0.8993000000000001 1600222175
0.9824 1600222175
1.0154999999999998 1600222175
0.9007 1600222175
1.0085000000000002 1600222175
1.0122 1600222175
1.028 1600222175
0.9865 1600222175
0.9607 1600222175
0.8547000000000001 1600222175
0.9858000000000001 1600222175
0.9603 1600222175
1.009 1600222175
1.0903999999999998 1600222175
1.0201000000000002 1600222175
0.8984 1600222175
1.0076999999999998 1600222175
0.9406 1600222175
0.9447 1600222175
0.9601000000000001 1600222175
0.8672000000000001 1600222175
0.9785 1600222175
1.0646 1600222175
0.8663 1600222175
0.9872 1600222175
1.0078999999999998 1600222175
0.9494000000000001 1600222175
1.0150000000000001 1600222175
0.8704 1600222175
0.9491999999999999 1600222175
0.9868 1600222175
0.9867 1600222175
0.9817000000000001 1600222175
0.9532999999999999 1600222175
1.0236 1600222175
0.9865 1600222175
0.9855999999999999 1600222175
0.9852 1600222175
0.9853999999999999 1600222175
1.0386000000000002 1600222175
1.0201000000000002 1600222175
1.0631 1600222175
0.9411999999999999 1600222175
1.0478999999999998 1600222175
0.9286 1600222175
0.9078 1600222175
0.9794999999999999 1600222175
0.9845 1600222175
0.9599000000000001 1600222175
0.9855999999999999 1600222175
0.8608000000000001 1600222175
1.0648 1600222175
1.0525000000000002 1600222175
1.0223 1600222175
0.9589 1600222175
0.9867 1600222175
0.9873999999999999 1600222175
1.0393 1600222175
0.9793 1600222175
0.8549000000000001 1600222175
1.0180000000000002 1600222175
0.9863000000000001 1600222175
0.9652 1600222175
1.0453000000000001 1600222175
0.8838 1600222175
0.9855999999999999 1600222175
0.9605 1600222175
0.9769 1600222175
0.9088999999999999 1600222175
0.8986 1600222175
0.9868 1600222175
0.862 1600222175
0.9598000000000001 1600222175
0.9078 1600222175
0.9636000000000001 1600222175
1.0398 1600222175
0.9924000000000001 1600222175
0.9604 1600222175
0.987 1600222175
0.9860000000000001 1600222175
0.9855999999999999 1600222175
0.9863000000000001 1600222175
0.9865 1600222175
1.0082 1600222175
0.9841000000000001 1600222175
0.8748000000000001 1600222175
0.953 1600222175
0.9597000000000001 1600222175
0.9798000000000001 1600222175
1.0074999999999998 1600222175
0.9067999999999999 1600222175
0.9858000000000001 1600222175
0.8694000000000001 1600222175
0.9458000000000001 1600222175
0.9067999999999999 1600222175
0.9853999999999999 1600222175
0.9839000000000001 1600222175
0.9874999999999999 1600222175
0.9884000000000001 1600222175
0.9526 1600222175
0.9185 1600222175
0.9793999999999999 1600222175
1.0152 1600222175
1.0469 1600222175
1.0063 1600222175
0.8986 1600222175
1.0154999999999998 1600222175
1.0121000000000002 1600222175
0.9857000000000001 1600222175
0.9793999999999999 1600222175
1.0901999999999998 1600222175
0.9420000000000001 1600222175
0.9731 1600222175
1.0306000000000002 1600222175
0.8981 1600222175
1.0074 1600222175
0.9818000000000001 1600222175
0.9871 1600222175
1.0554999999999999 1600222175
0.9008999999999999 1600222175
0.9854999999999999 1600222175
1.0121000000000002 1600222175
0.9322 1600222175
0.9864 1600222175
0.9415000000000001 1600222175
0.961 1600222175
1.0116999999999998 1600222175
1.0322 1600222175
0.9298000000000001 1600222175
0.8982 1600222175
0.9096000000000001 1600222175
0.9287 1600222175
0.8942 1600222175
1.0068000000000001 1600222175
0.9789 1600222175
0.9872 1600222175
0.9117000000000001 1600222175
0.8978 1600222175
1.012 1600222175
0.9113000000000001 1600222175
0.9589 1600222175
0.9895999999999999 1600222175
0.9881000000000001 1600222175
1.065 1600222175
