0.3925 1600354809
0.38830000000000003 1600354809
0.3771 1600354809
0.36480000000000007 1600354809
0.3542 1600354809
0.40309999999999996 1600354809
0.3869 1600354809
0.3697 1600354809
0.303 1600354809
0.3589 1600354809
0.42089999999999994 1600354809
0.32570000000000005 1600354809
0.42060000000000003 1600354809
0.32899999999999996 1600354809
0.3335 1600354809
0.42219999999999996 1600354809
0.3614 1600354809
0.3294 1600354809
0.38460000000000005 1600354809
0.3616 1600354809
0.4875 1600354809
0.34930000000000005 1600354809
0.34159999999999996 1600354809
0.39330000000000004 1600354809
0.3445 1600354809
0.3477 1600354809
0.34329999999999994 1600354809
0.38850000000000007 1600354809
0.31639999999999996 1600354809
0.36229999999999996 1600354809
0.31800000000000006 1600354809
0.3215 1600354809
0.3473 1600354809
0.34120000000000006 1600354809
0.38099999999999995 1600354809
0.3026 1600354809
0.348 1600354809
0.42869999999999997 1600354809
0.3292 1600354809
0.34700000000000003 1600354809
0.2842 1600354809
0.3521 1600354809
0.46280000000000004 1600354809
0.46099999999999997 1600354809
0.3528 1600354809
0.38569999999999993 1600354809
0.32599999999999996 1600354809
0.36130000000000007 1600354809
0.3389 1600354809
0.34400000000000003 1600354809
0.3803 1600354809
0.3874 1600354809
0.3261 1600354809
0.3885 1600354809
0.3595 1600354809
0.40990000000000004 1600354809
0.46629999999999994 1600354809
0.351 1600354809
0.32299999999999995 1600354809
0.3517 1600354809
0.37320000000000003 1600354809
0.3597 1600354809
0.37799999999999995 1600354809
0.3205 1600354809
0.411 1600354809
0.3736999999999999 1600354809
0.31640000000000007 1600354809
0.3576 1600354809
0.30190000000000006 1600354809
0.3465 1600354809
0.32289999999999996 1600354809
0.45539999999999997 1600354809
0.4087 1600354809
0.28900000000000003 1600354809
0.38819999999999993 1600354809
0.3367 1600354809
0.3369 1600354809
0.36920000000000003 1600354809
0.3543 1600354809
0.4125 1600354809
0.35009999999999997 1600354809
0.42850000000000005 1600354809
0.32089999999999996 1600354809
0.3467 1600354809
0.30640000000000006 1600354809
0.3425 1600354809
0.37489999999999996 1600354809
0.33070000000000005 1600354809
0.3285 1600354809
0.3873 1600354809
0.32249999999999995 1600354809
0.3476 1600354809
0.36389999999999995 1600354809
0.3359 1600354809
0.4099 1600354809
0.3827 1600354809
0.33290000000000003 1600354809
0.3969 1600354809
0.33039999999999997 1600354809
0.38250000000000006 1600354809
0.3945 1600354809
0.36279999999999996 1600354809
0.4175 1600354809
0.3925 1600354809
0.35730000000000006 1600354809
0.37150000000000005 1600354809
0.42160000000000003 1600354809
0.353 1600354809
0.34450000000000003 1600354809
0.4399 1600354809
0.3483 1600354809
0.355 1600354809
0.3582 1600354809
0.4078 1600354809
0.33509999999999995 1600354809
0.34109999999999996 1600354809
0.3469 1600354809
0.39139999999999997 1600354809
0.3388 1600354809
0.42519999999999997 1600354809
0.3375 1600354809
0.36279999999999996 1600354809
0.3711 1600354809
0.3421 1600354809
0.287 1600354809
0.34890000000000004 1600354809
0.3349 1600354809
0.3415 1600354809
0.3421 1600354809
0.4093 1600354809
0.40540000000000004 1600354809
0.33840000000000003 1600354809
0.3917 1600354809
0.34020000000000006 1600354809
0.3415 1600354809
0.3357 1600354809
0.3666 1600354809
0.41910000000000003 1600354809
0.3407 1600354809
0.34730000000000005 1600354809
0.3555 1600354809
0.33050000000000007 1600354809
0.3504 1600354809
0.34260000000000007 1600354809
0.3318 1600354809
0.3472 1600354809
0.40029999999999993 1600354809
0.33790000000000003 1600354809
0.32899999999999996 1600354809
0.44249999999999995 1600354809
0.32360000000000005 1600354809
0.36990000000000006 1600354809
0.3464 1600354809
0.4148 1600354809
0.332 1600354809
0.3566 1600354809
0.37650000000000006 1600354809
0.31799999999999995 1600354809
0.2884 1600354809
0.39730000000000004 1600354809
0.34249999999999997 1600354809
0.3409 1600354809
0.337 1600354809
0.313 1600354809
0.3916 1600354809
0.31410000000000005 1600354809
0.33610000000000007 1600354809
0.32399999999999995 1600354809
0.4207 1600354809
0.37989999999999996 1600354809
0.32620000000000005 1600354809
0.3515 1600354809
0.3452 1600354809
0.3228 1600354809
0.33990000000000004 1600354809
0.36419999999999997 1600354809
0.3291 1600354809
0.39139999999999997 1600354809
0.31309999999999993 1600354809
0.3759 1600354809
0.37879999999999997 1600354809
0.3489 1600354809
0.38380000000000003 1600354809
0.33259999999999995 1600354809
0.40330000000000005 1600354809
0.3362 1600354809
0.40209999999999996 1600354809
0.38359999999999994 1600354809
0.3504 1600354809
0.3619 1600354809
0.37370000000000003 1600354809
0.35860000000000003 1600354809
0.33999999999999997 1600354809
0.33099999999999996 1600354809
0.3509999999999999 1600354809
0.3443 1600354809
0.3183 1600354809
0.3488 1600354809
0.3441 1600354809
0.2804 1600354809
0.31679999999999997 1600354809
0.4115 1600354809
0.34240000000000004 1600354809
0.36189999999999994 1600354809
0.3926 1600354809
0.3798 1600354809
0.36539999999999995 1600354809
0.3848 1600354809
0.3968999999999999 1600354809
0.35559999999999997 1600354809
0.35780000000000006 1600354809
0.3334 1600354809
0.3352 1600354809
0.31959999999999994 1600354809
0.39010000000000006 1600354809
0.3422 1600354809
0.2742 1600354809
0.32399999999999995 1600354809
0.3796 1600354809
0.34219999999999995 1600354809
0.3626 1600354809
0.3379 1600354809
0.34909999999999997 1600354809
0.41419999999999996 1600354809
0.3178 1600354809
0.3281 1600354809
0.36299999999999993 1600354809
0.3403999999999999 1600354809
0.3145 1600354809
0.3454 1600354809
0.33969999999999995 1600354809
0.37839999999999996 1600354809
0.34340000000000004 1600354809
0.3405 1600354809
0.3377 1600354809
0.32989999999999997 1600354809
0.31220000000000003 1600354809
0.32070000000000004 1600354809
0.34470000000000006 1600354809
0.3913 1600354809
0.32760000000000006 1600354809
0.3362 1600354809
0.34680000000000005 1600354809
0.3023 1600354809
0.4248 1600354809
0.3228 1600354809
0.3675 1600354809
0.3524 1600354809
0.3474 1600354809
0.30659999999999993 1600354809
0.38880000000000003 1600354809
0.3902999999999999 1600354809
0.3223 1600354809
0.3539999999999999 1600354809
0.3402 1600354809
0.387 1600354809
0.3467 1600354809
0.34320000000000006 1600354809
0.3316 1600354809
0.38309999999999994 1600354809
0.3674 1600354809
0.3145 1600354809
0.27840000000000004 1600354809
0.39540000000000003 1600354809
0.3678 1600354809
0.35579999999999995 1600354809
0.338 1600354809
0.3405 1600354809
0.45439999999999997 1600354809
0.30970000000000003 1600354809
0.3378999999999999 1600354809
0.4655 1600354809
0.3390000000000001 1600354809
0.3241 1600354809
0.41879999999999995 1600354809
0.3627 1600354809
0.3192 1600354809
0.3334 1600354809
0.46349999999999997 1600354809
0.3513 1600354809
0.3517 1600354809
0.38289999999999996 1600354809
0.33410000000000006 1600354809
0.41519999999999996 1600354809
0.34129999999999994 1600354809
0.37399999999999994 1600354809
0.3076 1600354809
0.3673 1600354809
0.33859999999999996 1600354809
0.34789999999999993 1600354809
0.33919999999999995 1600354809
0.3523 1600354809
0.33990000000000004 1600354809
0.3362 1600354809
0.3442 1600354809
0.3586 1600354809
0.3381 1600354809
0.32939999999999997 1600354809
0.36180000000000007 1600354809
0.34299999999999997 1600354809
0.3521 1600354809
0.41379999999999995 1600354809
0.3854000000000001 1600354809
0.38430000000000003 1600354809
0.35539999999999994 1600354809
0.353 1600354809
0.3459 1600354809
0.38939999999999997 1600354809
0.3584 1600354809
0.3456 1600354809
0.3403999999999999 1600354809
0.37460000000000004 1600354809
0.3279 1600354809
0.3352 1600354809
0.39570000000000005 1600354809
0.37029999999999996 1600354809
0.372 1600354809
0.34450000000000003 1600354809
0.27459999999999996 1600354809
0.3269 1600354809
0.46040000000000003 1600354809
0.3359 1600354809
0.34149999999999997 1600354809
0.31760000000000005 1600354809
0.3879 1600354809
0.33769999999999994 1600354809
0.4029 1600354809
0.3939 1600354809
0.37460000000000004 1600354809
0.42390000000000005 1600354809
0.33669999999999994 1600354809
0.32960000000000006 1600354809
0.32899999999999996 1600354809
0.3103 1600354809
0.3343 1600354809
0.34870000000000007 1600354809
0.38100000000000006 1600354809
0.3757 1600354809
0.34750000000000003 1600354809
0.34769999999999995 1600354809
0.3592000000000001 1600354809
0.3627 1600354809
0.33340000000000003 1600354809
0.3595 1600354809
0.37809999999999994 1600354809
0.2923 1600354809
0.4122 1600354809
0.37170000000000003 1600354809
0.3682 1600354809
0.3816 1600354809
0.3901 1600354809
0.3499 1600354809
0.3869 1600354809
0.3259 1600354809
0.39540000000000003 1600354809
0.4018 1600354809
0.3838 1600354809
0.367 1600354809
0.38089999999999996 1600354809
0.34440000000000004 1600354809
0.39619999999999994 1600354809
0.3287 1600354809
0.37109999999999993 1600354809
0.3881 1600354809
0.41720000000000007 1600354809
0.3734 1600354809
0.41029999999999994 1600354809
0.4226 1600354809
0.3608 1600354809
0.28940000000000005 1600354809
0.45690000000000003 1600354809
0.3302999999999999 1600354809
0.3597 1600354809
0.3898 1600354809
0.3759 1600354809
0.4551 1600354809
0.35649999999999993 1600354809
0.33799999999999997 1600354809
0.32509999999999994 1600354809
0.3592 1600354809
0.35650000000000004 1600354809
0.313 1600354809
0.33160000000000006 1600354809
0.3489 1600354809
0.39289999999999997 1600354809
0.3511 1600354809
0.32989999999999997 1600354809
0.3467 1600354809
0.33799999999999997 1600354809
0.3839 1600354809
0.3327 1600354809
0.35080000000000006 1600354809
0.33280000000000004 1600354809
0.4059 1600354809
0.33619999999999994 1600354809
0.3347 1600354809
0.33659999999999995 1600354809
0.33549999999999996 1600354809
0.3261 1600354809
0.3431 1600354809
0.347 1600354809
0.3786 1600354809
0.37640000000000007 1600354809
0.33859999999999996 1600354809
0.36669999999999997 1600354809
0.33899999999999997 1600354809
0.35000000000000003 1600354809
0.29250000000000004 1600354809
0.38570000000000004 1600354809
0.3662 1600354809
0.36679999999999996 1600354809
0.3483 1600354809
0.38480000000000003 1600354809
0.3423 1600354809
0.3322 1600354809
0.36290000000000006 1600354809
0.36589999999999995 1600354809
0.3319 1600354809
0.41040000000000004 1600354809
0.31189999999999996 1600354809
0.4583 1600354809
0.36970000000000003 1600354809
0.37670000000000003 1600354809
0.34930000000000005 1600354809
0.3383 1600354809
0.31429999999999997 1600354809
0.29839999999999994 1600354809
0.3752 1600354809
0.3545 1600354809
0.29000000000000004 1600354809
0.3964 1600354809
0.30160000000000003 1600354809
0.35020000000000007 1600354809
0.3373 1600354809
0.31409999999999993 1600354809
0.3392 1600354809
0.34180000000000005 1600354809
0.34369999999999995 1600354809
0.3259 1600354809
0.35290000000000005 1600354809
0.33440000000000003 1600354809
0.41230000000000006 1600354809
0.31540000000000007 1600354809
0.3822 1600354809
0.363 1600354809
0.4107 1600354809
0.33059999999999995 1600354809
0.41380000000000006 1600354809
0.35059999999999997 1600354809
0.2922 1600354809
0.357 1600354809
0.35509999999999997 1600354809
0.38520000000000004 1600354809
0.35150000000000003 1600354809
0.37670000000000003 1600354809
0.3332 1600354809
0.3952 1600354809
0.4185 1600354809
0.36369999999999997 1600354809
0.41330000000000006 1600354809
0.28090000000000004 1600354809
0.3352 1600354809
0.36429999999999996 1600354809
0.38930000000000003 1600354809
0.3712 1600354809
0.3197 1600354809
0.3443 1600354809
0.35320000000000007 1600354809
0.34030000000000005 1600354809
0.31880000000000003 1600354809
0.378 1600354809
0.32070000000000004 1600354809
0.3457 1600354809
0.34530000000000005 1600354809
0.3449 1600354809
0.3417 1600354809
0.33830000000000005 1600354809
0.3449 1600354809
0.3927 1600354809
0.2884 1600354809
0.33559999999999995 1600354809
0.35209999999999997 1600354809
0.40390000000000004 1600354809
0.40829999999999994 1600354809
0.3786 1600354809
0.346 1600354809
0.4695 1600354809
0.35020000000000007 1600354809
0.3656 1600354809
0.3188 1600354809
0.35400000000000004 1600354809
0.3292 1600354809
0.33919999999999995 1600354809
0.34109999999999996 1600354809
0.4007 1600354809
0.3487 1600354809
0.32830000000000004 1600354809
0.3088 1600354809
0.3459 1600354809
0.2844 1600354809
0.2891 1600354809
0.354 1600354809
0.3414 1600354809
0.3259 1600354809
0.32249999999999995 1600354809
0.41590000000000005 1600354809
0.3624 1600354809
0.3447 1600354809
0.3306 1600354809
0.3212 1600354809
0.37300000000000005 1600354809
0.2911 1600354809
