0.4546000000000001 1600224434
0.5949 1600224434
0.5863999999999998 1600224434
0.44100000000000006 1600224434
0.40670000000000006 1600224434
0.6331 1600224434
0.4839 1600224434
0.6041000000000001 1600224434
0.7158 1600224434
0.5398000000000001 1600224434
0.3720999999999999 1600224434
0.5919999999999999 1600224434
0.5991 1600224434
0.5613000000000001 1600224434
0.5184 1600224434
0.5281 1600224434
0.6326 1600224434
0.46710000000000007 1600224434
0.45330000000000004 1600224434
0.49160000000000004 1600224434
0.4941 1600224434
0.4568000000000001 1600224434
0.597 1600224434
0.39359999999999995 1600224434
0.5674000000000001 1600224434
0.7105000000000001 1600224434
0.5980000000000001 1600224434
0.5778000000000001 1600224434
0.6691 1600224434
0.4525999999999999 1600224434
0.5557000000000001 1600224434
0.7262000000000002 1600224434
0.5314000000000001 1600224434
0.46310000000000007 1600224434
0.5236000000000001 1600224434
0.5939999999999999 1600224434
0.44179999999999997 1600224434
0.5984 1600224434
0.5658000000000001 1600224434
0.5297000000000001 1600224434
0.5331000000000001 1600224434
0.40239999999999987 1600224434
0.4434 1600224434
0.44900000000000007 1600224434
0.5243 1600224434
0.5793999999999999 1600224434
0.5363 1600224434
0.4434 1600224434
0.6154 1600224434
0.5238 1600224434
0.7248999999999999 1600224434
0.5278 1600224434
0.5374000000000001 1600224434
0.5285 1600224434
0.4404000000000001 1600224434
0.3848999999999998 1600224434
0.4417 1600224434
0.6687000000000001 1600224434
0.5206000000000002 1600224434
0.4419000000000002 1600224434
0.5035999999999998 1600224434
0.5252999999999999 1600224434
0.5223 1600224434
0.47150000000000003 1600224434
0.5871 1600224434
0.5285 1600224434
0.4908000000000001 1600224434
0.4444999999999999 1600224434
0.47340000000000004 1600224434
0.48130000000000006 1600224434
0.5808 1600224434
0.48139999999999983 1600224434
0.40169999999999995 1600224434
0.5912 1600224434
0.6467 1600224434
0.4535 1600224434
0.5195000000000001 1600224434
0.5267000000000002 1600224434
0.5218 1600224434
0.5177 1600224434
0.44609999999999994 1600224434
0.587 1600224434
0.5312000000000001 1600224434
0.5323 1600224434
0.4842000000000002 1600224434
0.6063000000000001 1600224434
0.5951 1600224434
0.5353000000000001 1600224434
0.4587000000000001 1600224434
0.41100000000000003 1600224434
0.5913999999999999 1600224434
0.4203000000000001 1600224434
0.4478 1600224434
0.45320000000000005 1600224434
0.5783 1600224434
0.6855 1600224434
0.5152000000000001 1600224434
0.6494 1600224434
0.5569 1600224434
0.5369999999999999 1600224434
0.6337999999999999 1600224434
0.536 1600224434
0.4811000000000001 1600224434
0.6269 1600224434
0.4397 1600224434
0.5972 1600224434
0.5337000000000001 1600224434
0.6083000000000001 1600224434
0.5952999999999999 1600224434
0.3988999999999998 1600224434
0.5709 1600224434
0.49470000000000014 1600224434
0.6303000000000001 1600224434
0.53 1600224434
0.5880000000000001 1600224434
0.44090000000000007 1600224434
0.5632000000000001 1600224434
0.5702999999999998 1600224434
0.4465999999999999 1600224434
0.5827 1600224434
0.46120000000000005 1600224434
0.39600000000000013 1600224434
0.585 1600224434
0.6486000000000001 1600224434
0.4748000000000001 1600224434
0.6000000000000001 1600224434
0.5939999999999999 1600224434
0.4525999999999999 1600224434
0.6120999999999999 1600224434
0.387 1600224434
0.4524999999999999 1600224434
0.4518 1600224434
0.4356 1600224434
0.6115999999999999 1600224434
0.4397 1600224434
0.46710000000000007 1600224434
0.4328000000000001 1600224434
0.5299 1600224434
0.4488000000000001 1600224434
0.6322000000000001 1600224434
0.4776 1600224434
0.40649999999999986 1600224434
0.5853999999999999 1600224434
0.4469000000000001 1600224434
0.4447000000000001 1600224434
0.4719 1600224434
0.5934999999999999 1600224434
0.5947 1600224434
0.46020000000000016 1600224434
0.4375 1600224434
0.47750000000000004 1600224434
0.5331999999999999 1600224434
0.5996999999999999 1600224434
0.5027000000000001 1600224434
0.39349999999999996 1600224434
0.534 1600224434
0.5295000000000001 1600224434
0.47519999999999984 1600224434
0.45209999999999995 1600224434
0.45220000000000016 1600224434
0.5582 1600224434
0.5257000000000001 1600224434
0.3984000000000001 1600224434
0.45189999999999997 1600224434
0.6229 1600224434
0.5708 1600224434
0.4502999999999999 1600224434
0.7212000000000001 1600224434
0.5316999999999998 1600224434
0.581 1600224434
0.43999999999999995 1600224434
0.47030000000000016 1600224434
0.5508 1600224434
0.44220000000000015 1600224434
0.4071 1600224434
0.5730999999999999 1600224434
0.39559999999999995 1600224434
0.5817999999999999 1600224434
0.5731000000000002 1600224434
0.45130000000000003 1600224434
0.44910000000000005 1600224434
0.6557999999999999 1600224434
0.5053000000000001 1600224434
0.46219999999999994 1600224434
0.4870000000000001 1600224434
0.7169000000000001 1600224434
0.5228000000000002 1600224434
0.5217 1600224434
0.4665999999999999 1600224434
0.5807 1600224434
0.5264 1600224434
0.5865 1600224434
0.45720000000000005 1600224434
0.5653000000000001 1600224434
0.5767 1600224434
0.43630000000000013 1600224434
0.44419999999999993 1600224434
0.5962000000000001 1600224434
0.6031 1600224434
0.4417 1600224434
0.736 1600224434
0.5947 1600224434
0.5283 1600224434
0.44530000000000003 1600224434
0.5827 1600224434
0.5875000000000001 1600224434
0.5685 1600224434
0.6338999999999999 1600224434
0.5687 1600224434
0.4516 1600224434
0.5334000000000001 1600224434
0.4073 1600224434
0.5856000000000001 1600224434
0.7256 1600224434
0.5960999999999999 1600224434
0.6018999999999999 1600224434
0.4925999999999999 1600224434
0.47209999999999996 1600224434
0.5187999999999999 1600224434
0.6431 1600224434
0.5158 1600224434
0.4217000000000002 1600224434
0.5764 1600224434
0.381 1600224434
0.7208999999999999 1600224434
0.472 1600224434
0.4531999999999998 1600224434
0.4494 1600224434
0.5733000000000001 1600224434
0.4615 1600224434
0.5536000000000001 1600224434
0.5429000000000002 1600224434
0.5471000000000001 1600224434
0.45740000000000003 1600224434
0.4401999999999999 1600224434
0.5228000000000002 1600224434
0.6678999999999999 1600224434
0.4711000000000001 1600224434
0.6123000000000001 1600224434
0.5321 1600224434
0.4504999999999999 1600224434
0.43610000000000015 1600224434
0.5979000000000001 1600224434
0.49219999999999997 1600224434
0.5340999999999998 1600224434
0.4708000000000001 1600224434
0.40180000000000016 1600224434
0.6073 1600224434
0.46089999999999987 1600224434
0.5842999999999998 1600224434
0.4516 1600224434
0.5732000000000002 1600224434
0.5405 1600224434
0.6440000000000001 1600224434
0.5932 1600224434
0.4319000000000002 1600224434
0.4618 1600224434
0.6039000000000001 1600224434
0.7202 1600224434
0.45409999999999995 1600224434
0.5229999999999999 1600224434
0.45399999999999996 1600224434
0.5214000000000001 1600224434
0.6355 1600224434
0.44269999999999987 1600224434
0.43490000000000006 1600224434
0.4396 1600224434
0.7151000000000001 1600224434
0.4488000000000001 1600224434
0.44389999999999996 1600224434
0.6784000000000001 1600224434
0.4042999999999999 1600224434
0.44989999999999997 1600224434
0.48819999999999997 1600224434
0.4909000000000001 1600224434
0.5207000000000002 1600224434
0.46850000000000014 1600224434
0.45120000000000005 1600224434
0.45010000000000017 1600224434
0.5291000000000001 1600224434
0.5303 1600224434
0.5201 1600224434
0.7235 1600224434
0.4494 1600224434
0.44819999999999993 1600224434
0.5814000000000001 1600224434
0.5221 1600224434
0.5195000000000001 1600224434
0.5466000000000002 1600224434
0.5764 1600224434
0.5553999999999999 1600224434
0.6002999999999998 1600224434
0.4225000000000001 1600224434
0.4423999999999999 1600224434
0.45850000000000013 1600224434
0.5306 1600224434
0.4160999999999999 1600224434
0.5189000000000001 1600224434
0.5225000000000002 1600224434
0.4595 1600224434
0.5284 1600224434
0.5818000000000001 1600224434
0.6421000000000001 1600224434
0.4514 1600224434
0.49070000000000014 1600224434
0.44120000000000004 1600224434
0.7183999999999999 1600224434
0.5678000000000001 1600224434
0.56 1600224434
0.5973999999999999 1600224434
0.43920000000000003 1600224434
0.7260000000000002 1600224434
0.5586 1600224434
0.3964000000000001 1600224434
0.577 1600224434
0.5912 1600224434
0.5351000000000001 1600224434
0.6161000000000001 1600224434
0.4477 1600224434
0.4971000000000001 1600224434
0.39379999999999993 1600224434
0.4365000000000001 1600224434
0.4119999999999999 1600224434
0.6542999999999999 1600224434
0.5824 1600224434
0.5283 1600224434
0.5349000000000002 1600224434
0.6349 1600224434
0.5545 1600224434
0.4982 1600224434
0.6004999999999998 1600224434
0.5889 1600224434
0.4446999999999999 1600224434
0.4636 1600224434
0.7130000000000001 1600224434
0.4575 1600224434
0.5303 1600224434
0.5955999999999999 1600224434
0.6245 1600224434
0.5944 1600224434
0.5788 1600224434
0.6213 1600224434
0.45110000000000006 1600224434
0.5598000000000001 1600224434
0.6545000000000001 1600224434
0.5227000000000002 1600224434
0.6523999999999999 1600224434
0.6176999999999999 1600224434
0.5239 1600224434
0.522 1600224434
0.4445999999999999 1600224434
0.5443 1600224434
0.5304 1600224434
0.5218 1600224434
0.5849 1600224434
0.4435 1600224434
0.4928000000000001 1600224434
0.4491999999999998 1600224434
0.5267999999999999 1600224434
0.5319 1600224434
0.6465999999999998 1600224434
0.4115 1600224434
0.6777 1600224434
0.6371 1600224434
0.4058999999999999 1600224434
0.5284 1600224434
0.6349 1600224434
0.5431000000000001 1600224434
0.4394 1600224434
0.6013999999999999 1600224434
0.43789999999999996 1600224434
0.4474 1600224434
0.4973000000000001 1600224434
0.5329999999999999 1600224434
0.4704999999999999 1600224434
0.4804999999999999 1600224434
0.4363999999999999 1600224434
0.6056000000000001 1600224434
0.39980000000000016 1600224434
0.4989000000000001 1600224434
0.44440000000000013 1600224434
0.44399999999999995 1600224434
0.45399999999999996 1600224434
0.6021000000000001 1600224434
0.6269 1600224434
0.5842999999999998 1600224434
0.5677000000000001 1600224434
0.5399 1600224434
0.4655 1600224434
0.5604 1600224434
0.5289000000000001 1600224434
0.47119999999999984 1600224434
0.5739999999999998 1600224434
0.40579999999999994 1600224434
0.5279 1600224434
0.45389999999999997 1600224434
0.3436999999999999 1600224434
0.6025 1600224434
0.5605 1600224434
0.42500000000000004 1600224434
0.6087 1600224434
0.5349999999999999 1600224434
0.4756 1600224434
0.7189000000000001 1600224434
0.48750000000000004 1600224434
0.45829999999999993 1600224434
0.5859999999999999 1600224434
0.6805000000000001 1600224434
0.4467000000000001 1600224434
0.5328999999999999 1600224434
0.4265000000000001 1600224434
0.46419999999999995 1600224434
0.43610000000000015 1600224434
0.4859 1600224434
0.7150999999999998 1600224434
0.3943000000000001 1600224434
0.40179999999999993 1600224434
0.4388000000000001 1600224434
0.4537 1600224434
0.4982 1600224434
0.47719999999999985 1600224434
0.6055000000000001 1600224434
0.6002000000000001 1600224434
0.6349 1600224434
0.6065 1600224434
0.5330000000000001 1600224434
0.6711 1600224434
0.5307999999999999 1600224434
0.4007999999999998 1600224434
0.45409999999999995 1600224434
0.5685 1600224434
0.5174999999999998 1600224434
0.4446999999999999 1600224434
0.47529999999999983 1600224434
0.5207999999999999 1600224434
0.45829999999999993 1600224434
0.52 1600224434
0.4546999999999999 1600224434
0.7201 1600224434
0.40059999999999985 1600224434
0.4372999999999998 1600224434
0.4506999999999999 1600224434
0.4709000000000001 1600224434
0.6468 1600224434
0.5688 1600224434
0.5932 1600224434
0.4605999999999999 1600224434
0.5848 1600224434
0.4019999999999999 1600224434
0.4558 1600224434
0.4497000000000002 1600224434
0.4324000000000001 1600224434
0.5311000000000001 1600224434
0.4497 1600224434
0.649 1600224434
0.4663999999999999 1600224434
0.44499999999999984 1600224434
0.6186 1600224434
0.6301000000000001 1600224434
0.4888000000000001 1600224434
0.4958 1600224434
0.5501 1600224434
0.5226999999999999 1600224434
0.4717 1600224434
0.5373000000000001 1600224434
0.4589000000000001 1600224434
0.5091999999999999 1600224434
0.4487000000000001 1600224434
0.6652 1600224434
0.7030999999999998 1600224434
0.49 1600224434
0.5636000000000001 1600224434
0.4496 1600224434
0.5308999999999999 1600224434
0.6120000000000001 1600224434
0.5201 1600224434
0.39559999999999995 1600224434
0.7186999999999999 1600224434
0.5805 1600224434
0.5225000000000002 1600224434
0.5591000000000002 1600224434
0.5650999999999999 1600224434
0.6854 1600224434
0.6881999999999999 1600224434
0.5561 1600224434
0.5538000000000001 1600224434
0.4390999999999998 1600224434
0.3448 1600224434
0.5834999999999999 1600224434
0.7084999999999999 1600224434
0.6032 1600224434
0.714 1600224434
0.5695000000000001 1600224434
0.5162 1600224434
0.6459000000000001 1600224434
0.5529 1600224434
0.43809999999999993 1600224434
0.46320000000000006 1600224434
0.45130000000000003 1600224434
0.5676999999999999 1600224434
0.5307 1600224434
0.5678000000000001 1600224434
0.7091999999999998 1600224434
0.5756999999999999 1600224434
0.4403999999999999 1600224434
0.6231 1600224434
0.4075 1600224434
0.40039999999999987 1600224434
0.5656999999999999 1600224434
0.4555 1600224434
0.4446999999999999 1600224434
0.5853999999999999 1600224434
