0.6496999999999999 1600354507
0.6341 1600354507
0.6395000000000002 1600354507
0.6460999999999999 1600354507
0.6313 1600354507
0.6446 1600354507
0.7459000000000001 1600354507
0.6458000000000002 1600354507
0.7169000000000001 1600354507
0.7645 1600354507
0.5651999999999999 1600354507
0.6138000000000001 1600354507
0.7191000000000001 1600354507
0.7396999999999999 1600354507
0.6757000000000001 1600354507
0.6826000000000001 1600354507
0.6474 1600354507
0.7524 1600354507
0.6437999999999999 1600354507
0.6855000000000001 1600354507
0.7139 1600354507
0.7186999999999999 1600354507
0.7466 1600354507
0.6026 1600354507
0.7365999999999999 1600354507
0.5928 1600354507
0.7429000000000001 1600354507
0.6453 1600354507
0.6318999999999999 1600354507
0.6883999999999999 1600354507
0.7623 1600354507
0.7424 1600354507
0.6825999999999999 1600354507
0.7019 1600354507
0.6416 1600354507
0.7193 1600354507
0.6937 1600354507
0.6827000000000001 1600354507
0.6371 1600354507
0.7299 1600354507
0.5991 1600354507
0.6935 1600354507
0.6948 1600354507
0.6887000000000001 1600354507
0.726 1600354507
0.7617 1600354507
0.6930000000000001 1600354507
0.6356999999999999 1600354507
0.7151000000000001 1600354507
0.6428 1600354507
0.7775 1600354507
0.6400999999999999 1600354507
0.6198999999999999 1600354507
0.6457000000000002 1600354507
0.6459999999999999 1600354507
0.5831999999999999 1600354507
0.6891 1600354507
0.7133 1600354507
0.7763 1600354507
0.6738 1600354507
0.6728999999999998 1600354507
0.7694000000000001 1600354507
0.6927999999999999 1600354507
0.7709 1600354507
0.6795 1600354507
0.6168 1600354507
0.6560000000000001 1600354507
0.6441000000000001 1600354507
0.5621 1600354507
0.7831999999999999 1600354507
0.6483000000000001 1600354507
0.7279 1600354507
0.5851000000000001 1600354507
0.5996000000000001 1600354507
0.7713999999999999 1600354507
0.7098 1600354507
0.6243999999999998 1600354507
0.7175 1600354507
0.6501999999999999 1600354507
0.5920000000000001 1600354507
0.7139000000000001 1600354507
0.6773 1600354507
0.6487 1600354507
0.7233999999999999 1600354507
0.5928000000000001 1600354507
0.6574 1600354507
0.7093 1600354507
0.6546000000000001 1600354507
0.6180000000000001 1600354507
0.6897 1600354507
0.7491999999999999 1600354507
0.6907 1600354507
0.6954 1600354507
0.7286999999999999 1600354507
0.7271 1600354507
0.713 1600354507
0.7384999999999999 1600354507
0.7791999999999999 1600354507
0.6873 1600354507
0.6435 1600354507
0.7746 1600354507
0.7687 1600354507
0.6985000000000001 1600354507
0.6428 1600354507
0.7133 1600354507
0.6874 1600354507
0.6856000000000001 1600354507
0.7073 1600354507
0.7524000000000001 1600354507
0.5874999999999999 1600354507
0.6348 1600354507
0.6985 1600354507
0.6378999999999999 1600354507
0.6804000000000001 1600354507
0.6388 1600354507
0.7275 1600354507
0.7382 1600354507
0.6440000000000001 1600354507
0.6472999999999999 1600354507
0.778 1600354507
0.5524 1600354507
0.5198 1600354507
0.7730000000000001 1600354507
0.7155 1600354507
0.5666 1600354507
0.712 1600354507
0.7652999999999999 1600354507
0.6462 1600354507
0.7453000000000001 1600354507
0.5548 1600354507
0.7247 1600354507
0.6517 1600354507
0.7204 1600354507
0.7468 1600354507
0.6469 1600354507
0.6575 1600354507
0.6869999999999999 1600354507
0.7216 1600354507
0.6489 1600354507
0.6733 1600354507
0.7675 1600354507
0.5146 1600354507
0.7405999999999999 1600354507
0.7033 1600354507
0.6948000000000001 1600354507
0.6638999999999999 1600354507
0.7465000000000002 1600354507
0.7037 1600354507
0.7697 1600354507
0.6398000000000001 1600354507
0.7088000000000001 1600354507
0.6544000000000001 1600354507
0.751 1600354507
0.6799 1600354507
0.7451 1600354507
0.7399 1600354507
0.7642 1600354507
0.6144 1600354507
0.7288999999999999 1600354507
0.6086 1600354507
0.6451 1600354507
0.6910000000000001 1600354507
0.6974 1600354507
0.6861000000000002 1600354507
0.7657 1600354507
0.7298000000000001 1600354507
0.7274 1600354507
0.7468 1600354507
0.6815000000000001 1600354507
0.6473000000000001 1600354507
0.7203000000000002 1600354507
0.7295999999999999 1600354507
0.7282 1600354507
0.6291 1600354507
0.6873 1600354507
0.6402999999999999 1600354507
0.7023000000000001 1600354507
0.6386999999999998 1600354507
0.7465999999999999 1600354507
0.7731999999999999 1600354507
0.6371 1600354507
0.7221 1600354507
0.7186000000000001 1600354507
0.6144000000000001 1600354507
0.7172000000000001 1600354507
0.7511 1600354507
0.7705 1600354507
0.6007 1600354507
0.7871999999999999 1600354507
0.6371000000000001 1600354507
0.7693000000000001 1600354507
0.6476000000000002 1600354507
0.6131000000000001 1600354507
0.6651 1600354507
0.6287 1600354507
0.6457 1600354507
0.624 1600354507
0.7528999999999999 1600354507
0.7551000000000001 1600354507
0.7243 1600354507
0.7170000000000001 1600354507
0.7810000000000001 1600354507
0.7286999999999999 1600354507
0.6876 1600354507
0.7707999999999999 1600354507
0.7301 1600354507
0.7155999999999999 1600354507
0.6444000000000001 1600354507
0.6449 1600354507
0.5534 1600354507
0.6379 1600354507
0.6337999999999999 1600354507
0.7635000000000001 1600354507
0.6658 1600354507
0.6464000000000001 1600354507
0.6358999999999999 1600354507
0.726 1600354507
0.6253 1600354507
0.767 1600354507
0.7011000000000001 1600354507
0.7327000000000001 1600354507
0.6336999999999999 1600354507
0.7757 1600354507
0.5828 1600354507
0.7111000000000001 1600354507
0.6262 1600354507
0.6389 1600354507
0.646 1600354507
0.7439 1600354507
0.7331000000000001 1600354507
0.6488 1600354507
0.728 1600354507
0.7666 1600354507
0.6426999999999999 1600354507
0.7148999999999999 1600354507
0.6444999999999999 1600354507
0.7042999999999999 1600354507
0.558 1600354507
0.7014 1600354507
0.7715000000000001 1600354507
0.6136000000000001 1600354507
0.7716000000000001 1600354507
0.7370999999999999 1600354507
0.7304999999999999 1600354507
0.6900000000000001 1600354507
0.5611999999999999 1600354507
0.7016 1600354507
0.7417 1600354507
0.7242 1600354507
0.7626000000000002 1600354507
0.7666 1600354507
0.7191000000000001 1600354507
0.6506 1600354507
0.7031000000000001 1600354507
0.7362000000000001 1600354507
0.6388 1600354507
0.7729000000000001 1600354507
0.7302 1600354507
0.7455 1600354507
0.634 1600354507
0.7742999999999999 1600354507
0.7268 1600354507
0.6460999999999999 1600354507
0.7698 1600354507
0.6261 1600354507
0.7109000000000001 1600354507
0.7277 1600354507
0.5843 1600354507
0.6866999999999999 1600354507
0.6255999999999999 1600354507
0.7104999999999999 1600354507
0.6914 1600354507
0.5249999999999999 1600354507
0.7233 1600354507
0.6974 1600354507
0.6423999999999999 1600354507
0.6561 1600354507
0.5595 1600354507
0.6913 1600354507
0.6895 1600354507
0.6134 1600354507
0.6395000000000002 1600354507
0.7012 1600354507
0.698 1600354507
0.7375 1600354507
0.6416999999999999 1600354507
0.6154999999999999 1600354507
0.6394000000000001 1600354507
0.7265999999999999 1600354507
0.6446000000000001 1600354507
0.6375000000000001 1600354507
0.7315 1600354507
0.6963 1600354507
0.6700999999999999 1600354507
0.7042999999999999 1600354507
0.7590000000000001 1600354507
0.5814000000000001 1600354507
0.7258 1600354507
0.7699 1600354507
0.7158 1600354507
0.6349 1600354507
0.6284999999999998 1600354507
0.7599 1600354507
0.7211000000000001 1600354507
0.7117999999999999 1600354507
0.7203999999999999 1600354507
0.5665 1600354507
0.6440999999999999 1600354507
0.7231999999999998 1600354507
0.7554000000000001 1600354507
0.6405000000000001 1600354507
0.7464999999999999 1600354507
0.6388 1600354507
0.6240000000000001 1600354507
0.7636 1600354507
0.7749999999999999 1600354507
0.6327999999999999 1600354507
0.712 1600354507
0.6899 1600354507
0.7197 1600354507
0.5919999999999999 1600354507
0.5592999999999999 1600354507
0.5865 1600354507
0.7705 1600354507
0.6383999999999999 1600354507
0.6472999999999999 1600354507
0.633 1600354507
0.7719 1600354507
0.6454 1600354507
0.6212 1600354507
0.7055 1600354507
0.7669 1600354507
0.7195 1600354507
0.5497000000000001 1600354507
0.6415000000000001 1600354507
0.7861 1600354507
0.7681 1600354507
0.7031000000000001 1600354507
0.6868999999999998 1600354507
0.6359000000000001 1600354507
0.7194 1600354507
0.7797 1600354507
0.6573 1600354507
0.7288000000000001 1600354507
0.7613999999999999 1600354507
0.6594 1600354507
0.7229000000000001 1600354507
0.6351 1600354507
0.6313000000000001 1600354507
0.6348999999999999 1600354507
0.6457999999999999 1600354507
0.7790999999999999 1600354507
0.7679 1600354507
0.6188000000000001 1600354507
0.7464999999999999 1600354507
0.5623 1600354507
0.6119 1600354507
0.6312000000000001 1600354507
0.6754000000000001 1600354507
0.7623 1600354507
0.7731999999999999 1600354507
0.6254 1600354507
0.7134 1600354507
0.7706999999999999 1600354507
0.6063000000000001 1600354507
0.6542999999999999 1600354507
0.6311 1600354507
0.6125 1600354507
0.6889000000000001 1600354507
0.6332 1600354507
0.7005 1600354507
0.7436 1600354507
0.7214 1600354507
0.7727999999999999 1600354507
0.6302000000000001 1600354507
0.7226 1600354507
0.6816000000000001 1600354507
0.7174 1600354507
0.5648 1600354507
0.6020000000000001 1600354507
0.6371 1600354507
0.7243999999999999 1600354507
0.6367999999999999 1600354507
0.7381000000000001 1600354507
0.639 1600354507
0.7309 1600354507
0.6476000000000001 1600354507
0.7358 1600354507
0.7231 1600354507
0.7448000000000001 1600354507
0.7347999999999999 1600354507
0.7148 1600354507
0.7395 1600354507
0.7261 1600354507
0.72 1600354507
0.7839 1600354507
0.6873 1600354507
0.7181 1600354507
0.7295999999999999 1600354507
0.6299 1600354507
0.7426000000000001 1600354507
0.6429 1600354507
0.7707 1600354507
0.5926999999999999 1600354507
0.6981000000000002 1600354507
0.7057 1600354507
0.7153 1600354507
0.6384 1600354507
0.6418999999999999 1600354507
0.7084000000000001 1600354507
0.7276999999999999 1600354507
0.7247999999999999 1600354507
0.6326 1600354507
0.7267000000000001 1600354507
0.6169 1600354507
0.6261000000000001 1600354507
0.6985999999999999 1600354507
0.7214 1600354507
0.692 1600354507
0.6198999999999999 1600354507
0.6875 1600354507
0.7711000000000001 1600354507
0.7731 1600354507
0.5861000000000001 1600354507
0.653 1600354507
0.7032 1600354507
0.7096999999999999 1600354507
0.5737000000000001 1600354507
0.6862999999999999 1600354507
0.5635999999999999 1600354507
0.7634 1600354507
0.6428 1600354507
0.6985999999999999 1600354507
0.5630999999999999 1600354507
0.6265 1600354507
0.6474 1600354507
0.6342000000000001 1600354507
0.7276 1600354507
0.7706 1600354507
0.5932 1600354507
0.6343000000000001 1600354507
0.7201 1600354507
0.7439000000000001 1600354507
0.7652000000000001 1600354507
0.6348 1600354507
0.6920000000000002 1600354507
0.718 1600354507
0.687 1600354507
0.6020000000000001 1600354507
0.5641 1600354507
0.7142999999999999 1600354507
0.5809 1600354507
0.7746999999999999 1600354507
0.6409999999999999 1600354507
0.7364 1600354507
0.607 1600354507
0.7023999999999999 1600354507
0.6301999999999999 1600354507
0.6422000000000001 1600354507
0.7176 1600354507
0.6781999999999999 1600354507
0.649 1600354507
0.6776 1600354507
0.5477000000000001 1600354507
0.7222 1600354507
0.6127999999999999 1600354507
0.7479 1600354507
0.6312 1600354507
0.7534 1600354507
0.6196999999999999 1600354507
0.7178 1600354507
0.7395999999999999 1600354507
0.7177000000000001 1600354507
0.6435 1600354507
0.7874 1600354507
0.6408999999999999 1600354507
0.5526 1600354507
0.6101000000000001 1600354507
0.7764000000000001 1600354507
0.6532999999999999 1600354507
0.6421000000000001 1600354507
0.6389 1600354507
0.7637 1600354507
0.6466999999999999 1600354507
0.6994 1600354507
0.7663 1600354507
0.697 1600354507
0.6985999999999999 1600354507
0.6876 1600354507
0.6437999999999999 1600354507
0.7053999999999999 1600354507
0.703 1600354507
0.6432 1600354507
0.6302 1600354507
0.7626999999999999 1600354507
0.7761 1600354507
0.7241000000000001 1600354507
0.5595 1600354507
0.6495 1600354507
0.6835000000000001 1600354507
0.6827000000000001 1600354507
0.6428999999999999 1600354507
0.7766 1600354507
0.7306000000000001 1600354507
0.6316999999999999 1600354507
0.7275 1600354507
0.7026000000000001 1600354507
0.6844 1600354507
0.6399000000000001 1600354507
0.5770000000000001 1600354507
0.5977000000000001 1600354507
0.7724000000000001 1600354507
