10.6904 1600647072
10.0059 1600647072
8.0996 1600647072
10.005899999999999 1600647072
9.9736 1600647072
8.1655 1600647072
9.2739 1600647072
10.011899999999999 1600647072
10.7783 1600647072
10.0804 1600647072
8.0178 1600647072
8.9469 1600647072
10.2164 1600647072
10.0893 1600647072
9.273700000000002 1600647072
10.0855 1600647072
8.9642 1600647072
10.0804 1600647072
9.8294 1600647072
10.0726 1600647072
8.0178 1600647072
10.5871 1600647072
10.748 1600647072
9.084999999999999 1600647072
9.2736 1600647072
10.1588 1600647072
8.0181 1600647072
9.089 1600647072
10.107999999999999 1600647072
9.831199999999999 1600647072
9.0861 1600647072
9.623299999999999 1600647072
9.084999999999999 1600647072
9.696 1600647072
9.725299999999999 1600647072
10.2233 1600647072
8.0176 1600647072
9.6951 1600647072
8.967500000000001 1600647072
9.643799999999999 1600647072
8.966899999999999 1600647072
10.7837 1600647072
8.0177 1600647072
8.9108 1600647072
8.9086 1600647072
9.661299999999999 1600647072
9.2736 1600647072
8.908800000000001 1600647072
10.936499999999999 1600647072
9.2738 1600647072
8.9087 1600647072
9.2736 1600647072
9.2736 1600647072
8.9091 1600647072
10.931899999999999 1600647072
9.200999999999999 1600647072
8.8121 1600647072
9.774899999999999 1600647072
11.386199999999999 1600647072
9.7477 1600647072
8.8864 1600647072
10.8243 1600647072
9.8735 1600647072
7.8482 1600647072
10.8627 1600647072
8.8032 1600647072
12.2158 1600647072
8.7388 1600647072
8.7388 1600647072
10.0968 1600647072
9.402800000000001 1600647072
9.108699999999999 1600647072
11.6395 1600647072
10.0984 1600647072
9.4019 1600647072
9.4595 1600647072
10.934 1600647072
9.459499999999998 1600647072
11.498 1600647072
9.401399999999999 1600647072
7.844 1600647072
8.3134 1600647072
10.6439 1600647072
9.3746 1600647072
10.960400000000002 1600647072
10.4778 1600647072
10.9695 1600647072
8.309 1600647072
9.7479 1600647072
10.9611 1600647072
10.348999999999998 1600647072
8.309 1600647072
10.4785 1600647072
11.3606 1600647072
11.4344 1600647072
11.6843 1600647072
8.421299999999999 1600647072
9.1267 1600647072
10.3803 1600647072
8.309199999999999 1600647072
10.79 1600647072
9.052499999999998 1600647072
10.960899999999999 1600647072
9.0527 1600647072
9.788 1600647072
11.0626 1600647072
10.0788 1600647072
10.3182 1600647072
11.072099999999999 1600647072
10.312600000000002 1600647072
8.309800000000001 1600647072
8.4581 1600647072
10.2297 1600647072
10.060500000000001 1600647072
11.0644 1600647072
8.457799999999999 1600647072
8.865 1600647072
9.8287 1600647072
8.894100000000002 1600647072
10.1409 1600647072
9.748899999999999 1600647072
9.3668 1600647072
10.5471 1600647072
9.4838 1600647072
10.5458 1600647072
8.457600000000001 1600647072
11.0961 1600647072
10.3682 1600647072
8.309899999999999 1600647072
10.4673 1600647072
10.6981 1600647072
8.3099 1600647072
9.091600000000001 1600647072
11.0709 1600647072
9.091000000000001 1600647072
10.035900000000002 1600647072
10.6757 1600647072
9.0914 1600647072
9.675500000000001 1600647072
10.979899999999999 1600647072
9.674800000000001 1600647072
10.5458 1600647072
10.4667 1600647072
10.558 1600647072
8.31 1600647072
10.711 1600647072
8.671000000000001 1600647072
10.540000000000001 1600647072
9.329600000000001 1600647072
10.7368 1600647072
10.5404 1600647072
9.432300000000001 1600647072
10.4589 1600647072
10.7209 1600647072
10.4681 1600647072
8.670900000000001 1600647072
10.719 1600647072
9.914800000000001 1600647072
10.491 1600647072
9.9652 1600647072
8.603299999999999 1600647072
10.718 1600647072
10.3148 1600647072
10.7171 1600647072
9.8719 1600647072
11.090100000000001 1600647072
9.976 1600647072
8.171800000000001 1600647072
8.559500000000002 1600647072
10.7279 1600647072
10.578899999999999 1600647072
8.610700000000001 1600647072
10.6217 1600647072
10.4858 1600647072
8.511000000000001 1600647072
9.0496 1600647072
10.314900000000002 1600647072
8.9944 1600647072
10.3717 1600647072
8.994100000000001 1600647072
9.898299999999999 1600647072
8.9947 1600647072
9.898200000000001 1600647072
9.9428 1600647072
8.610299999999999 1600647072
10.9516 1600647072
9.898100000000001 1600647072
8.862900000000002 1600647072
9.7843 1600647072
9.9433 1600647072
9.7849 1600647072
9.88 1600647072
11.0858 1600647072
9.898200000000001 1600647072
8.176 1600647072
9.771500000000001 1600647072
8.175899999999999 1600647072
10.234 1600647072
8.6102 1600647072
9.771500000000001 1600647072
10.2488 1600647072
9.7715 1600647072
9.922300000000002 1600647072
8.6103 1600647072
10.157900000000001 1600647072
8.6102 1600647072
10.6639 1600647072
9.211500000000001 1600647072
8.552100000000001 1600647072
11.101799999999999 1600647072
11.068900000000001 1600647072
8.4487 1600647072
8.4754 1600647072
8.8488 1600647072
10.5683 1600647072
9.2248 1600647072
8.6291 1600647072
10.6092 1600647072
8.6295 1600647072
10.604500000000002 1600647072
11.7601 1600647072
10.597100000000001 1600647072
8.4314 1600647072
8.796700000000001 1600647072
10.555900000000001 1600647072
8.431199999999999 1600647072
10.6208 1600647072
8.4314 1600647072
9.752600000000001 1600647072
11.086599999999999 1600647072
9.7914 1600647072
8.4315 1600647072
11.0853 1600647072
9.225399999999999 1600647072
8.4313 1600647072
10.3911 1600647072
9.225100000000001 1600647072
9.2589 1600647072
11.6974 1600647072
8.4315 1600647072
10.4016 1600647072
11.101999999999999 1600647072
8.4313 1600647072
9.3826 1600647072
11.8151 1600647072
11.100900000000001 1600647072
9.7855 1600647072
10.8897 1600647072
8.431500000000002 1600647072
11.132399999999999 1600647072
11.1018 1600647072
8.431500000000002 1600647072
10.190000000000001 1600647072
9.320400000000001 1600647072
11.103 1600647072
8.601 1600647072
9.0806 1600647072
10.0947 1600647072
9.2499 1600647072
10.0891 1600647072
11.0737 1600647072
10.4897 1600647072
10.0792 1600647072
8.3717 1600647072
8.6121 1600647072
11.0768 1600647072
10.0876 1600647072
8.5088 1600647072
10.3269 1600647072
10.126 1600647072
10.0877 1600647072
8.3598 1600647072
11.1641 1600647072
10.9712 1600647072
10.324900000000001 1600647072
9.3408 1600647072
9.3098 1600647072
11.555399999999999 1600647072
9.8811 1600647072
8.360199999999999 1600647072
9.973799999999999 1600647072
8.4562 1600647072
10.387500000000001 1600647072
9.341000000000001 1600647072
9.3483 1600647072
11.255899999999999 1600647072
9.9521 1600647072
9.3483 1600647072
9.8596 1600647072
9.9676 1600647072
10.8432 1600647072
10.455400000000001 1600647072
8.2341 1600647072
11.2403 1600647072
10.8372 1600647072
8.6116 1600647072
8.6614 1600647072
11.3708 1600647072
10.8372 1600647072
9.3483 1600647072
8.661299999999999 1600647072
10.385399999999999 1600647072
8.8135 1600647072
10.8235 1600647072
11.3621 1600647072
11.3068 1600647072
10.8238 1600647072
8.8136 1600647072
10.7822 1600647072
11.3216 1600647072
8.8438 1600647072
10.8325 1600647072
8.8374 1600647072
9.9202 1600647072
11.289200000000001 1600647072
9.721499999999999 1600647072
9.7213 1600647072
11.0156 1600647072
8.2099 1600647072
10.8225 1600647072
11.056799999999999 1600647072
8.2101 1600647072
11.0579 1600647072
8.210099999999999 1600647072
9.7623 1600647072
9.449100000000001 1600647072
11.0337 1600647072
9.4489 1600647072
11.275799999999998 1600647072
9.7602 1600647072
8.2102 1600647072
9.790000000000001 1600647072
9.7599 1600647072
8.2102 1600647072
10.307 1600647072
8.3168 1600647072
10.8928 1600647072
9.5686 1600647072
9.368 1600647072
9.567599999999999 1600647072
10.430800000000001 1600647072
10.2968 1600647072
8.3167 1600647072
9.4159 1600647072
10.488 1600647072
9.401 1600647072
10.993 1600647072
9.4004 1600647072
9.400400000000001 1600647072
10.3055 1600647072
10.0891 1600647072
8.3162 1600647072
10.3065 1600647072
9.3575 1600647072
10.7994 1600647072
9.3569 1600647072
8.316600000000001 1600647072
10.960899999999999 1600647072
9.578999999999999 1600647072
8.78 1600647072
9.651900000000001 1600647072
8.733 1600647072
9.486500000000001 1600647072
10.0564 1600647072
8.7007 1600647072
10.1341 1600647072
9.3284 1600647072
8.7733 1600647072
9.1915 1600647072
9.7927 1600647072
9.3495 1600647072
10.0553 1600647072
9.1797 1600647072
10.113 1600647072
8.564200000000001 1600647072
9.351700000000001 1600647072
9.349200000000002 1600647072
10.110399999999998 1600647072
9.349400000000001 1600647072
10.1128 1600647072
8.4206 1600647072
10.0549 1600647072
10.115699999999999 1600647072
8.4204 1600647072
9.1409 1600647072
10.1273 1600647072
10.0918 1600647072
8.4206 1600647072
12.1937 1600647072
10.122200000000001 1600647072
10.057500000000001 1600647072
8.4206 1600647072
10.703100000000001 1600647072
8.648200000000001 1600647072
9.092699999999999 1600647072
10.7172 1600647072
12.193700000000002 1600647072
8.648299999999999 1600647072
12.6066 1600647072
8.648299999999999 1600647072
8.9684 1600647072
10.021 1600647072
8.6481 1600647072
10.005700000000001 1600647072
8.8437 1600647072
10.126 1600647072
8.8436 1600647072
8.945699999999999 1600647072
10.6801 1600647072
8.938 1600647072
9.33 1600647072
9.986600000000001 1600647072
12.087299999999999 1600647072
9.9642 1600647072
10.866499999999998 1600647072
8.5683 1600647072
10.1377 1600647072
12.1809 1600647072
8.5449 1600647072
10.278 1600647072
8.6129 1600647072
12.141 1600647072
10.1384 1600647072
8.6127 1600647072
10.145100000000001 1600647072
8.8758 1600647072
10.884 1600647072
8.875900000000001 1600647072
10.878499999999999 1600647072
8.875900000000001 1600647072
11.8652 1600647072
8.8757 1600647072
10.3925 1600647072
8.875399999999999 1600647072
11.8657 1600647072
10.7675 1600647072
8.876000000000001 1600647072
11.8459 1600647072
9.203299999999999 1600647072
9.8001 1600647072
9.794400000000001 1600647072
11.2736 1600647072
8.875900000000001 1600647072
9.2193 1600647072
11.5836 1600647072
9.212499999999999 1600647072
11.8878 1600647072
9.2127 1600647072
9.2125 1600647072
12.364 1600647072
10.1784 1600647072
9.2123 1600647072
9.3105 1600647072
10.4009 1600647072
10.3231 1600647072
10.4005 1600647072
10.511 1600647072
8.410499999999999 1600647072
10.233600000000001 1600647072
10.1373 1600647072
10.1829 1600647072
8.4104 1600647072
11.0307 1600647072
8.7426 1600647072
9.339 1600647072
11.463700000000001 1600647072
9.678099999999999 1600647072
9.7391 1600647072
9.761899999999999 1600647072
11.3709 1600647072
10.9917 1600647072
9.2193 1600647072
11.3711 1600647072
9.3392 1600647072
11.3658 1600647072
9.6979 1600647072
9.9692 1600647072
10.6401 1600647072
10.178600000000001 1600647072
8.7022 1600647072
10.7676 1600647072
10.6154 1600647072
9.3393 1600647072
10.178799999999999 1600647072
11.3445 1600647072
10.7557 1600647072
9.7391 1600647072
10.754199999999999 1600647072
8.674199999999999 1600647072
10.7543 1600647072
11.3652 1600647072
9.4471 1600647072
10.7068 1600647072
9.4473 1600647072
10.770900000000001 1600647072
9.4473 1600647072
11.6498 1600647072
9.6777 1600647072
9.4471 1600647072
9.6834 1600647072
9.8072 1600647072
9.4472 1600647072
10.2284 1600647072
8.6739 1600647072
9.8242 1600647072
9.6333 1600647072
10.0655 1600647072
9.9689 1600647072
9.9687 1600647072
10.1425 1600647072
9.6333 1600647072
10.066699999999999 1600647072
