33.674 1600643695
29.1508 1600643695
34.7811 1600643695
31.7087 1600643695
32.7234 1600643695
36.6876 1600643695
26.959 1600643695
26.9174 1600643695
28.3066 1600643695
28.3064 1600643695
34.882600000000004 1600643695
28.1307 1600643695
26.9315 1600643695
26.9286 1600643695
31.8238 1600643695
28.4727 1600643695
35.2175 1600643695
22.824 1600643695
23.375 1600643695
25.5316 1600643695
25.938 1600643695
34.2912 1600643695
34.3587 1600643695
28.3994 1600643695
23.5802 1600643695
22.1391 1600643695
31.2026 1600643695
35.4798 1600643695
19.7806 1600643695
20.7377 1600643695
22.8278 1600643695
22.7594 1600643695
39.540699999999994 1600643695
25.0905 1600643695
24.8924 1600643695
25.3928 1600643695
24.9567 1600643695
31.6621 1600643695
35.3265 1600643695
17.1657 1600643695
29.0138 1600643695
27.3768 1600643695
16.4213 1600643695
36.1708 1600643695
24.2803 1600643695
31.824 1600643695
33.3285 1600643695
24.5159 1600643695
26.4517 1600643695
35.4768 1600643695
24.8951 1600643695
27.8707 1600643695
27.762 1600643695
26.584 1600643695
35.9808 1600643695
31.8755 1600643695
31.8718 1600643695
31.8754 1600643695
31.962000000000003 1600643695
36.0884 1600643695
18.8575 1600643695
0.5981000000000001 1600643695
19.4706 1600643695
20.5352 1600643695
26.0573 1600643695
35.9156 1600643695
31.8211 1600643695
32.62779999999999 1600643695
22.9922 1600643695
28.4588 1600643695
39.8931 1600643695
20.6286 1600643695
25.7705 1600643695
23.5871 1600643695
20.6285 1600643695
24.5723 1600643695
39.2446 1600643695
31.4564 1600643695
34.3065 1600643695
34.3714 1600643695
33.891099999999994 1600643695
39.8255 1600643695
25.6599 1600643695
27.9036 1600643695
25.8706 1600643695
19.8794 1600643695
25.8426 1600643695
37.047 1600643695
24.7409 1600643695
29.04 1600643695
29.1084 1600643695
29.0231 1600643695
34.4116 1600643695
28.415 1600643695
25.5278 1600643695
27.8675 1600643695
27.8672 1600643695
27.8672 1600643695
36.443999999999996 1600643695
34.3238 1600643695
27.2454 1600643695
27.2406 1600643695
27.0574 1600643695
31.704 1600643695
28.193 1600643695
26.5396 1600643695
26.2563 1600643695
20.1317 1600643695
39.9565 1600643695
29.1066 1600643695
34.138400000000004 1600643695
34.7222 1600643695
29.4619 1600643695
29.3301 1600643695
33.3323 1600643695
26.883 1600643695
26.8037 1600643695
26.1785 1600643695
26.1268 1600643695
36.3231 1600643695
34.4371 1600643695
31.8195 1600643695
28.4214 1600643695
33.107 1600643695
33.1067 1600643695
36.3725 1600643695
26.7019 1600643695
27.1726 1600643695
23.2908 1600643695
27.1725 1600643695
39.9099 1600643695
28.4842 1600643695
23.0924 1600643695
25.8571 1600643695
33.7767 1600643695
2.9797 1600643695
36.2985 1600643695
26.9176 1600643695
23.5628 1600643695
21.598 1600643695
26.1966 1600643695
34.545199999999994 1600643695
33.4123 1600643695
26.9267 1600643695
27.0429 1600643695
31.0857 1600643695
32.4535 1600643695
35.5686 1600643695
24.9226 1600643695
24.9226 1600643695
18.2558 1600643695
23.3787 1600643695
35.4449 1600643695
29.15 1600643695
25.7122 1600643695
25.5175 1600643695
29.7709 1600643695
34.7675 1600643695
26.9437 1600643695
26.6144 1600643695
26.8908 1600643695
27.67 1600643695
1.654 1600643695
35.1297 1600643695
26.4831 1600643695
22.5061 1600643695
27.8721 1600643695
25.0434 1600643695
32.229699999999994 1600643695
19.2063 1600643695
25.8501 1600643695
21.8416 1600643695
26.4834 1600643695
26.6305 1600643695
29.8718 1600643695
33.328599999999994 1600643695
24.8734 1600643695
30.6008 1600643695
28.6058 1600643695
34.217600000000004 1600643695
28.1128 1600643695
28.3489 1600643695
28.113 1600643695
17.445 1600643695
24.7187 1600643695
39.1017 1600643695
31.9621 1600643695
23.4918 1600643695
26.9995 1600643695
31.5464 1600643695
33.205200000000005 1600643695
25.5268 1600643695
20.8639 1600643695
20.8279 1600643695
26.119 1600643695
26.8916 1600643695
32.8599 1600643695
31.8212 1600643695
32.406 1600643695
33.6133 1600643695
22.5028 1600643695
35.9481 1600643695
26.1214 1600643695
27.0893 1600643695
26.1185 1600643695
27.7683 1600643695
39.651300000000006 1600643695
24.4166 1600643695
31.4562 1600643695
33.714 1600643695
28.9606 1600643695
28.8927 1600643695
32.3867 1600643695
25.8707 1600643695
26.229400000000002 1600643695
27.8678 1600643695
27.736 1600643695
36.120000000000005 1600643695
33.5865 1600643695
28.9629 1600643695
29.5834 1600643695
24.3528 1600643695
34.2118 1600643695
34.842 1600643695
28.7785 1600643695
19.1662 1600643695
26.4487 1600643695
26.1927 1600643695
34.1169 1600643695
34.109100000000005 1600643695
31.5091 1600643695
31.1118 1600643695
32.9358 1600643695
32.935599999999994 1600643695
35.778 1600643695
23.5845 1600643695
24.961 1600643695
27.3913 1600643695
27.3911 1600643695
33.1441 1600643695
33.144299999999994 1600643695
34.2483 1600643695
23.824 1600643695
25.7276 1600643695
28.5638 1600643695
35.406 1600643695
26.3607 1600643695
27.1585 1600643695
25.5107 1600643695
18.4551 1600643695
36.358399999999996 1600643695
28.4815 1600643695
29.0113 1600643695
28.5254 1600643695
28.4815 1600643695
31.1036 1600643695
23.2912 1600643695
18.245 1600643695
27.102 1600643695
26.968 1600643695
18.3688 1600643695
36.2977 1600643695
27.0979 1600643695
22.9236 1600643695
23.0927 1600643695
31.1685 1600643695
32.5377 1600643695
18.5367 1600643695
26.1781 1600643695
26.0767 1600643695
26.9891 1600643695
19.4806 1600643695
35.517399999999995 1600643695
31.6723 1600643695
28.5909 1600643695
33.7589 1600643695
31.6726 1600643695
34.8073 1600643695
27.5736 1600643695
26.0949 1600643695
26.312 1600643695
20.1089 1600643695
25.7731 1600643695
35.4382 1600643695
28.9538 1600643695
29.1501 1600643695
22.9146 1600643695
34.4241 1600643695
35.7043 1600643695
26.9951 1600643695
27.078 1600643695
26.9952 1600643695
28.1775 1600643695
26.8185 1600643695
36.275 1600643695
31.8752 1600643695
33.2254 1600643695
34.3792 1600643695
27.8722 1600643695
36.436800000000005 1600643695
21.2776 1600643695
24.8962 1600643695
25.2132 1600643695
26.1915 1600643695
26.077 1600643695
36.037 1600643695
24.5358 1600643695
27.06 1600643695
31.4807 1600643695
33.325399999999995 1600643695
35.3219 1600643695
17.4066 1600643695
22.7558 1600643695
21.276699999999998 1600643695
25.8398 1600643695
32.8337 1600643695
26.9934 1600643695
31.1431 1600643695
34.5467 1600643695
22.4911 1600643695
28.6953 1600643695
36.0025 1600643695
23.5858 1600643695
27.9787 1600643695
17.5431 1600643695
20.0204 1600643695
39.831700000000005 1600643695
26.4811 1600643695
26.9238 1600643695
31.4568 1600643695
31.4095 1600643695
33.3245 1600643695
36.3351 1600643695
27.6795 1600643695
25.9552 1600643695
25.8282 1600643695
25.7147 1600643695
35.2887 1600643695
34.279999999999994 1600643695
34.370999999999995 1600643695
32.1168 1600643695
31.504 1600643695
22.4482 1600643695
35.0476 1600643695
25.0259 1600643695
25.8221 1600643695
19.5293 1600643695
26.1669 1600643695
36.72730000000001 1600643695
24.071 1600643695
33.2068 1600643695
23.5035 1600643695
23.5035 1600643695
24.2871 1600643695
32.327000000000005 1600643695
27.1822 1600643695
27.8673 1600643695
28.415 1600643695
29.022100000000002 1600643695
36.725699999999996 1600643695
31.9086 1600643695
23.5232 1600643695
24.5568 1600643695
28.1345 1600643695
34.6736 1600643695
19.4245 1600643695
24.6616 1600643695
26.4991 1600643695
25.053 1600643695
16.4171 1600643695
36.5222 1600643695
31.5083 1600643695
31.1691 1600643695
33.2898 1600643695
33.107 1600643695
35.5187 1600643695
27.1585 1600643695
23.2491 1600643695
23.4506 1600643695
27.5213 1600643695
17.9715 1600643695
33.714299999999994 1600643695
23.085 1600643695
32.4552 1600643695
32.3086 1600643695
32.3043 1600643695
35.550999999999995 1600643695
23.234 1600643695
22.6612 1600643695
26.6063 1600643695
18.3374 1600643695
22.5297 1600643695
35.4132 1600643695
31.5535 1600643695
31.1686 1600643695
32.3045 1600643695
24.1572 1600643695
34.9307 1600643695
23.5679 1600643695
24.4971 1600643695
28.8636 1600643695
19.6179 1600643695
23.1519 1600643695
35.098099999999995 1600643695
28.3659 1600643695
32.229800000000004 1600643695
33.0327 1600643695
33.032399999999996 1600643695
34.124199999999995 1600643695
24.9994 1600643695
26.0761 1600643695
28.2409 1600643695
26.0761 1600643695
35.6487 1600643695
25.7255 1600643695
22.5569 1600643695
32.960499999999996 1600643695
22.5066 1600643695
25.6807 1600643695
36.271 1600643695
27.5477 1600643695
27.6122 1600643695
27.5475 1600643695
28.141 1600643695
39.8785 1600643695
28.6139 1600643695
31.4569 1600643695
34.976 1600643695
24.8738 1600643695
31.4553 1600643695
36.4036 1600643695
27.5679 1600643695
27.9988 1600643695
16.3905 1600643695
26.4403 1600643695
35.319199999999995 1600643695
33.2099 1600643695
33.2098 1600643695
21.4537 1600643695
31.5907 1600643695
31.976 1600643695
36.1787 1600643695
26.56 1600643695
17.4858 1600643695
27.7519 1600643695
24.5419 1600643695
39.2491 1600643695
28.6971 1600643695
31.872 1600643695
33.3247 1600643695
33.304899999999996 1600643695
32.065900000000006 1600643695
36.0488 1600643695
26.3954 1600643695
19.584 1600643695
26.2257 1600643695
20.0204 1600643695
39.540299999999995 1600643695
31.8216 1600643695
33.1961 1600643695
34.5169 1600643695
31.6511 1600643695
35.9727 1600643695
27.8919 1600643695
20.8527 1600643695
25.9103 1600643695
25.8644 1600643695
20.6285 1600643695
35.0229 1600643695
29.0723 1600643695
29.0728 1600643695
24.1004 1600643695
31.5037 1600643695
35.5468 1600643695
25.7754 1600643695
27.7883 1600643695
25.7283 1600643695
27.3017 1600643695
19.3854 1600643695
30.2704 1600643695
32.3232 1600643695
34.4446 1600643695
29.3324 1600643695
24.2244 1600643695
35.5567 1600643695
18.6475 1600643695
20.8061 1600643695
25.5276 1600643695
26.4489 1600643695
26.9355 1600643695
38.9031 1600643695
28.0971 1600643695
32.3221 1600643695
33.2386 1600643695
24.5566 1600643695
37.2229 1600643695
25.948900000000002 1600643695
27.3773 1600643695
25.5337 1600643695
25.988 1600643695
25.5281 1600643695
35.5171 1600643695
25.5131 1600643695
33.1069 1600643695
33.7236 1600643695
28.515 1600643695
36.4145 1600643695
23.4796 1600643695
26.2843 1600643695
26.6197 1600643695
26.7311 1600643695
27.2212 1600643695
