0.1985 1600217010
1.0628000000000002 1600217010
0.8593000000000001 1600217010
1.4249 1600217010
1.4143 1600217010
1.0206 1600217010
1.0754000000000001 1600217010
0.7960999999999999 1600217010
1.2517 1600217010
0.7982999999999999 1600217010
1.0621999999999998 1600217010
1.0636 1600217010
1.0651000000000002 1600217010
0.6675 1600217010
1.3091 1600217010
0.5756 1600217010
0.8589999999999999 1600217010
0.7998 1600217010
0.5478999999999999 1600217010
1.4125 1600217010
0.7953 1600217010
1.2083 1600217010
0.8654000000000001 1600217010
1.0581 1600217010
0.993 1600217010
0.9792 1600217010
0.6512 1600217010
1.2409 1600217010
1.1604999999999999 1600217010
1.1608 1600217010
0.8064999999999999 1600217010
0.8805999999999999 1600217010
1.2707000000000002 1600217010
1.4121000000000001 1600217010
0.5746 1600217010
1.0750000000000002 1600217010
1.4119000000000002 1600217010
0.5091 1600217010
1.2675999999999998 1600217010
0.6555 1600217010
1.1328 1600217010
1.2809 1600217010
1.1395 1600217010
0.6497999999999999 1600217010
1.4211 1600217010
1.2048999999999999 1600217010
0.9139 1600217010
0.9339000000000001 1600217010
0.5705 1600217010
1.1418 1600217010
0.6496 1600217010
1.0754000000000001 1600217010
0.9782000000000001 1600217010
0.7857 1600217010
1.2812000000000001 1600217010
1.2431 1600217010
1.1301 1600217010
0.6464 1600217010
1.2044000000000001 1600217010
1.2776 1600217010
1.2647 1600217010
0.7287 1600217010
1.0434 1600217010
0.9045 1600217010
0.6352 1600217010
1.1202999999999999 1600217010
0.9042 1600217010
1.0756000000000001 1600217010
0.6758 1600217010
0.8069000000000001 1600217010
0.8117 1600217010
0.8031 1600217010
1.3852000000000002 1600217010
0.7449 1600217010
0.7836 1600217010
0.6098 1600217010
1.3847999999999998 1600217010
0.7957 1600217010
1.1033 1600217010
1.3542 1600217010
1.2106 1600217010
0.9766 1600217010
1.4213 1600217010
0.6472 1600217010
0.9041 1600217010
0.658 1600217010
0.9332999999999999 1600217010
0.9704 1600217010
1.0716999999999999 1600217010
1.4241000000000001 1600217010
0.9356000000000001 1600217010
1.3527999999999998 1600217010
1.1444 1600217010
0.7957000000000001 1600217010
0.5767 1600217010
1.1730999999999998 1600217010
1.2792 1600217010
0.6756 1600217010
0.709 1600217010
1.1295000000000002 1600217010
1.2706 1600217010
0.7291 1600217010
0.7813 1600217010
1.1657000000000002 1600217010
1.1606999999999998 1600217010
1.1301999999999999 1600217010
0.7709 1600217010
0.6017 1600217010
0.6512 1600217010
0.9665 1600217010
1.3847 1600217010
1.4125999999999999 1600217010
0.8120999999999999 1600217010
0.6052 1600217010
1.2896999999999998 1600217010
0.9210999999999999 1600217010
1.0394999999999999 1600217010
1.0711 1600217010
1.2052 1600217010
1.1294 1600217010
1.4219 1600217010
1.3107000000000002 1600217010
0.7972 1600217010
0.6465 1600217010
0.6758 1600217010
0.8595 1600217010
0.6685 1600217010
1.2708 1600217010
0.822 1600217010
0.8007000000000001 1600217010
0.7957 1600217010
1.0749 1600217010
1.2035999999999998 1600217010
0.805 1600217010
1.0813000000000001 1600217010
1.4087999999999998 1600217010
1.2662 1600217010
0.6255999999999999 1600217010
1.12 1600217010
1.1305999999999998 1600217010
1.1366 1600217010
1.4133 1600217010
0.6759 1600217010
1.0286000000000002 1600217010
1.4005999999999998 1600217010
0.6741 1600217010
0.7838999999999999 1600217010
1.0952000000000002 1600217010
0.25959999999999994 1600217010
0.9390999999999999 1600217010
1.2660999999999998 1600217010
1.3578000000000001 1600217010
1.1198000000000001 1600217010
1.0619 1600217010
1.1455000000000002 1600217010
0.8585999999999999 1600217010
1.0625999999999998 1600217010
1.1739000000000002 1600217010
1.2482000000000002 1600217010
1.1998000000000002 1600217010
1.2423000000000002 1600217010
1.0432000000000001 1600217010
1.2643 1600217010
0.9672 1600217010
1.2048999999999999 1600217010
0.9146 1600217010
0.6141 1600217010
0.6495 1600217010
0.9050999999999999 1600217010
0.9338000000000001 1600217010
0.7918999999999999 1600217010
0.6474 1600217010
1.1699000000000002 1600217010
1.4148999999999998 1600217010
0.5724 1600217010
0.7956 1600217010
1.4222000000000001 1600217010
0.7837999999999999 1600217010
1.1315 1600217010
1.2046000000000001 1600217010
0.8137 1600217010
1.2461000000000002 1600217010
0.7283 1600217010
0.8063999999999999 1600217010
1.2285 1600217010
0.7912 1600217010
1.2522000000000002 1600217010
1.2408000000000001 1600217010
1.0030000000000001 1600217010
0.7962999999999999 1600217010
0.6068 1600217010
1.2809 1600217010
1.0442 1600217010
1.2422000000000002 1600217010
1.3849 1600217010
1.08 1600217010
0.7271 1600217010
0.9945 1600217010
0.6758 1600217010
1.2046999999999999 1600217010
1.0066000000000002 1600217010
0.6746 1600217010
1.3847 1600217010
0.8772000000000001 1600217010
0.8164999999999999 1600217010
0.9715999999999999 1600217010
1.2658999999999998 1600217010
1.2001 1600217010
1.2412999999999998 1600217010
0.7700999999999999 1600217010
0.9682000000000001 1600217010
0.8052 1600217010
0.6497999999999999 1600217010
0.6496999999999999 1600217010
0.6273 1600217010
1.1918000000000002 1600217010
0.9222 1600217010
0.7208 1600217010
0.8233 1600217010
0.6182 1600217010
1.2048999999999999 1600217010
1.1202999999999999 1600217010
0.7952 1600217010
1.3556 1600217010
1.0625 1600217010
1.2414999999999998 1600217010
0.7757 1600217010
1.0676999999999999 1600217010
0.8165999999999999 1600217010
0.7953 1600217010
0.86 1600217010
0.9331999999999999 1600217010
0.7914 1600217010
1.4018000000000002 1600217010
1.1294 1600217010
1.1646 1600217010
1.1604 1600217010
1.1431 1600217010
0.9659000000000001 1600217010
0.7959999999999999 1600217010
1.4020000000000001 1600217010
1.2532 1600217010
0.807 1600217010
0.7289 1600217010
0.5711999999999999 1600217010
0.8068000000000002 1600217010
0.6475 1600217010
1.1293000000000002 1600217010
1.1453000000000002 1600217010
1.0621999999999998 1600217010
1.2475 1600217010
1.0670000000000002 1600217010
1.0064000000000002 1600217010
0.7598999999999999 1600217010
0.8072000000000001 1600217010
1.4259 1600217010
0.6394 1600217010
0.6555 1600217010
0.6495 1600217010
0.7987000000000001 1600217010
1.1294 1600217010
0.7953 1600217010
0.7283 1600217010
1.0751 1600217010
1.0301999999999998 1600217010
0.6473 1600217010
0.9813 1600217010
0.9747 1600217010
0.9036000000000001 1600217010
0.9761000000000001 1600217010
1.0430000000000001 1600217010
1.1383 1600217010
1.2881999999999998 1600217010
1.4005999999999998 1600217010
0.7284 1600217010
0.8117 1600217010
1.1347999999999998 1600217010
1.0438999999999998 1600217010
0.6583 1600217010
1.2891 1600217010
1.0335999999999999 1600217010
1.125 1600217010
0.6335999999999999 1600217010
1.0537 1600217010
0.7952 1600217010
1.4211999999999998 1600217010
0.9777999999999999 1600217010
1.4129999999999998 1600217010
0.9417000000000001 1600217010
1.2719999999999998 1600217010
0.9802000000000001 1600217010
0.6555 1600217010
1.3868999999999998 1600217010
0.8133 1600217010
1.2704 1600217010
1.2889 1600217010
1.4122 1600217010
1.3843 1600217010
1.0747 1600217010
0.8032 1600217010
1.1073 1600217010
1.2881999999999998 1600217010
1.0752000000000002 1600217010
0.8775000000000001 1600217010
0.7087 1600217010
0.8057 1600217010
1.4148 1600217010
1.2527 1600217010
0.6762 1600217010
0.9050999999999999 1600217010
1.1248 1600217010
0.6515 1600217010
1.4129999999999998 1600217010
1.0312999999999999 1600217010
1.1282999999999999 1600217010
0.8934000000000001 1600217010
1.1612999999999998 1600217010
0.6443 1600217010
0.9709 1600217010
1.2383000000000002 1600217010
1.2065000000000001 1600217010
1.2033 1600217010
1.4352999999999998 1600217010
0.7392 1600217010
0.8139 1600217010
1.0772 1600217010
0.7838999999999999 1600217010
0.9594999999999999 1600217010
1.4251999999999998 1600217010
0.7926000000000001 1600217010
0.9447 1600217010
0.7600999999999999 1600217010
0.7949 1600217010
0.9640000000000001 1600217010
1.3578999999999999 1600217010
0.9338000000000001 1600217010
1.173 1600217010
0.7953 1600217010
1.1606999999999998 1600217010
1.3847 1600217010
1.1027999999999998 1600217010
1.2528000000000001 1600217010
1.1421000000000001 1600217010
0.7157 1600217010
1.1086999999999998 1600217010
0.6761 1600217010
0.7617999999999999 1600217010
0.9329999999999999 1600217010
0.9620000000000001 1600217010
0.7073 1600217010
1.3537 1600217010
0.6015 1600217010
0.8150000000000001 1600217010
1.1417000000000002 1600217010
0.7998999999999999 1600217010
1.1297000000000001 1600217010
0.9748 1600217010
1.4021 1600217010
0.8162999999999999 1600217010
0.6265 1600217010
0.9594999999999999 1600217010
1.0147 1600217010
0.9216000000000001 1600217010
1.0974 1600217010
1.0408 1600217010
1.2214 1600217010
1.205 1600217010
1.1881 1600217010
0.7939999999999999 1600217010
1.0751 1600217010
0.9002 1600217010
0.8069000000000001 1600217010
0.924 1600217010
0.7837 1600217010
0.814 1600217010
0.7956000000000001 1600217010
1.0943999999999998 1600217010
0.6657 1600217010
1.2906 1600217010
0.8819 1600217010
0.8589999999999999 1600217010
1.1387999999999998 1600217010
1.1238000000000001 1600217010
1.1389999999999998 1600217010
1.4213 1600217010
0.7952 1600217010
1.2428 1600217010
0.1895 1600217010
0.9337000000000001 1600217010
1.1413000000000002 1600217010
0.6764 1600217010
0.7969 1600217010
0.8012 1600217010
1.2702 1600217010
1.0383999999999998 1600217010
0.7967000000000001 1600217010
1.1459000000000001 1600217010
1.0055 1600217010
0.6689999999999999 1600217010
1.012 1600217010
0.6775 1600217010
1.4241000000000001 1600217010
1.2069 1600217010
0.8321999999999999 1600217010
1.4134000000000002 1600217010
1.0431 1600217010
0.9454999999999999 1600217010
1.2456999999999998 1600217010
0.8037 1600217010
1.3107000000000002 1600217010
0.6224 1600217010
0.7415 1600217010
1.4135 1600217010
0.8151 1600217010
1.347 1600217010
1.2905000000000002 1600217010
1.2818 1600217010
0.8062999999999999 1600217010
1.2037 1600217010
1.0341 1600217010
0.6581 1600217010
0.7971 1600217010
0.8079 1600217010
1.0615 1600217010
1.0657999999999999 1600217010
1.3102999999999998 1600217010
1.1608 1600217010
1.2426 1600217010
1.4005 1600217010
1.0068000000000001 1600217010
1.4138000000000002 1600217010
1.206 1600217010
1.2703000000000002 1600217010
0.9960999999999999 1600217010
1.1418 1600217010
1.4085 1600217010
1.0181999999999998 1600217010
0.8053 1600217010
0.6143 1600217010
1.4256000000000002 1600217010
1.4220000000000002 1600217010
1.2252999999999998 1600217010
1.0751 1600217010
0.6493 1600217010
0.9959999999999999 1600217010
0.7247 1600217010
0.8143999999999999 1600217010
0.51 1600217010
1.3491 1600217010
1.3919000000000001 1600217010
1.1716000000000002 1600217010
1.4137 1600217010
1.4131 1600217010
1.2541000000000002 1600217010
1.2407 1600217010
1.4209 1600217010
0.9944000000000001 1600217010
1.0287000000000002 1600217010
0.7952 1600217010
1.2458 1600217010
1.1279 1600217010
0.8123999999999999 1600217010
1.1419000000000001 1600217010
0.6398 1600217010
1.0772 1600217010
1.1421000000000001 1600217010
1.205 1600217010
1.3746 1600217010
0.9454999999999999 1600217010
1.2546 1600217010
0.6223 1600217010
1.2810000000000001 1600217010
1.4209 1600217010
1.2422 1600217010
1.0387 1600217010
1.2713999999999999 1600217010
1.4135 1600217010
1.4152 1600217010
0.7969 1600217010
1.0126 1600217010
0.9986 1600217010
1.4205999999999999 1600217010
1.2706 1600217010
1.4122 1600217010
1.2896 1600217010
1.2056 1600217010
1.1316000000000002 1600217010
1.4251999999999998 1600217010
1.4131999999999998 1600217010
1.3750999999999998 1600217010
1.0750000000000002 1600217010
0.5098 1600217010
1.1843 1600217010
1.2424 1600217010
1.263 1600217010
1.2707000000000002 1600217010
0.8233 1600217010
0.9836999999999999 1600217010
1.1869999999999998 1600217010
0.9708 1600217010
0.9938999999999999 1600217010
1.4203999999999999 1600217010
1.1437 1600217010
0.6582 1600217010
1.3483 1600217010
1.1633999999999998 1600217010
1.2463000000000002 1600217010
1.3845999999999998 1600217010
1.2820999999999998 1600217010
1.2801999999999998 1600217010
1.2810000000000001 1600217010
1.1286 1600217010
