1.8147 1600644708
2.0249 1600644708
2.1185 1600644708
1.7876 1600644708
2.1964 1600644708
2.2384000000000004 1600644708
2.2464000000000004 1600644708
2.1179 1600644708
1.9965000000000002 1600644708
1.9873999999999998 1600644708
2.3302 1600644708
1.6154 1600644708
2.68 1600644708
1.5821 1600644708
2.4671000000000003 1600644708
2.087 1600644708
2.0501 1600644708
1.6508 1600644708
2.0248000000000004 1600644708
2.2640000000000002 1600644708
2.2652 1600644708
2.1327000000000003 1600644708
2.3178 1600644708
2.2350000000000003 1600644708
2.1854 1600644708
2.6178000000000003 1600644708
2.2948000000000004 1600644708
1.961 1600644708
2.0826000000000002 1600644708
2.3616 1600644708
1.6703 1600644708
2.4807 1600644708
1.9078000000000002 1600644708
2.2123000000000004 1600644708
2.0382000000000002 1600644708
2.3917 1600644708
2.2284 1600644708
2.6802 1600644708
2.3449 1600644708
2.2402 1600644708
1.8796000000000002 1600644708
2.0525 1600644708
2.4814000000000003 1600644708
2.1109 1600644708
2.2147 1600644708
2.2623 1600644708
1.6862 1600644708
2.1209000000000002 1600644708
2.2350000000000003 1600644708
1.8951999999999998 1600644708
1.8225 1600644708
2.188 1600644708
2.2629 1600644708
2.0775 1600644708
1.9440000000000002 1600644708
2.2471 1600644708
2.1932 1600644708
1.9121 1600644708
2.0864000000000003 1600644708
1.9081 1600644708
1.76 1600644708
1.6676 1600644708
2.2687000000000004 1600644708
2.1252 1600644708
1.9263000000000001 1600644708
2.0804 1600644708
1.9560000000000002 1600644708
2.4973 1600644708
2.2471 1600644708
2.3057000000000003 1600644708
2.1458000000000004 1600644708
2.2652 1600644708
2.4425000000000003 1600644708
1.9566000000000001 1600644708
2.2729000000000004 1600644708
2.5361000000000002 1600644708
1.8959 1600644708
1.9721 1600644708
1.8575000000000002 1600644708
1.9566999999999999 1600644708
2.1620000000000004 1600644708
2.2105 1600644708
2.4674 1600644708
2.5989 1600644708
1.957 1600644708
1.8658 1600644708
2.1710000000000003 1600644708
2.0258000000000003 1600644708
2.0109000000000004 1600644708
2.2982 1600644708
2.1932 1600644708
2.6742000000000004 1600644708
2.1497 1600644708
2.1808 1600644708
2.2385 1600644708
1.9675 1600644708
2.1852 1600644708
1.9946000000000002 1600644708
1.858 1600644708
1.9102 1600644708
1.9243000000000001 1600644708
1.6674 1600644708
2.2494 1600644708
2.0380000000000003 1600644708
2.1504 1600644708
1.6568 1600644708
1.9255999999999998 1600644708
2.2536 1600644708
2.4403 1600644708
2.2874000000000003 1600644708
1.897 1600644708
2.1728 1600644708
1.9161000000000001 1600644708
1.9365999999999999 1600644708
2.0787999999999998 1600644708
1.9747000000000001 1600644708
1.9588999999999999 1600644708
2.0773 1600644708
2.0571 1600644708
2.2623 1600644708
2.4612 1600644708
2.2733000000000003 1600644708
2.6803000000000003 1600644708
2.144 1600644708
1.6153 1600644708
1.9593999999999998 1600644708
1.5819999999999999 1600644708
2.4612000000000003 1600644708
2.1195000000000004 1600644708
2.2264000000000004 1600644708
2.2246 1600644708
2.1307 1600644708
2.0788 1600644708
2.3034000000000003 1600644708
2.3366000000000002 1600644708
2.6096000000000004 1600644708
2.2598000000000003 1600644708
1.9856 1600644708
2.0102 1600644708
2.5700000000000003 1600644708
2.3234000000000004 1600644708
2.2749 1600644708
1.9349 1600644708
2.1284 1600644708
2.1634 1600644708
2.2124 1600644708
2.2956000000000003 1600644708
1.9501000000000002 1600644708
1.8648999999999998 1600644708
2.2525000000000004 1600644708
2.232 1600644708
2.0493 1600644708
2.1615 1600644708
1.9711999999999998 1600644708
2.4141000000000004 1600644708
2.1438 1600644708
1.6047 1600644708
1.7601 1600644708
1.7590999999999999 1600644708
2.234 1600644708
2.1292 1600644708
2.2818 1600644708
2.1856 1600644708
1.6675 1600644708
2.2381 1600644708
1.5822 1600644708
2.226 1600644708
2.9357 1600644708
1.9568 1600644708
2.1182000000000003 1600644708
2.2892 1600644708
2.1325000000000003 1600644708
1.8578 1600644708
2.3092 1600644708
1.9711 1600644708
1.9084 1600644708
2.188 1600644708
2.1218000000000004 1600644708
2.0332000000000003 1600644708
1.9572999999999998 1600644708
2.1710000000000003 1600644708
2.2652 1600644708
2.5376000000000003 1600644708
2.1699 1600644708
2.1546000000000003 1600644708
1.8335000000000001 1600644708
2.1413 1600644708
1.8558999999999999 1600644708
2.5218000000000003 1600644708
2.1184000000000003 1600644708
2.1258000000000004 1600644708
1.9566999999999999 1600644708
2.2332 1600644708
2.1896 1600644708
1.9790999999999999 1600644708
1.9032 1600644708
1.9501 1600644708
2.1845 1600644708
1.6218 1600644708
2.8725 1600644708
2.5711 1600644708
2.1914 1600644708
1.9291999999999998 1600644708
2.1118 1600644708
1.8772000000000002 1600644708
1.9317000000000002 1600644708
2.2628 1600644708
1.9022999999999999 1600644708
2.0024 1600644708
2.823 1600644708
2.5239 1600644708
2.1636 1600644708
2.4794 1600644708
2.698 1600644708
2.0245 1600644708
2.1414 1600644708
1.7599 1600644708
2.4756 1600644708
2.2637 1600644708
2.1437 1600644708
2.8716 1600644708
2.1719 1600644708
2.407 1600644708
2.3889 1600644708
2.5708 1600644708
2.4061 1600644708
1.9781 1600644708
1.8274 1600644708
1.9834 1600644708
2.1308 1600644708
2.1370999999999998 1600644708
1.9319000000000002 1600644708
1.6885 1600644708
2.5399 1600644708
1.9308999999999998 1600644708
2.1516 1600644708
2.027 1600644708
2.2512 1600644708
1.9384000000000001 1600644708
1.9373999999999998 1600644708
2.3574 1600644708
2.2769 1600644708
1.9592999999999998 1600644708
1.9979999999999998 1600644708
1.9411999999999998 1600644708
2.0095 1600644708
2.2524 1600644708
2.1192 1600644708
2.2317 1600644708
2.0869 1600644708
2.4338 1600644708
2.2123 1600644708
2.0071 1600644708
2.5774 1600644708
1.8476 1600644708
1.7915 1600644708
1.8363999999999998 1600644708
2.1309 1600644708
1.9638 1600644708
1.8147 1600644708
2.348 1600644708
2.2246 1600644708
1.665 1600644708
2.1506000000000003 1600644708
2.4566 1600644708
2.2336 1600644708
1.9749 1600644708
2.6319000000000004 1600644708
2.2224000000000004 1600644708
2.1818000000000004 1600644708
1.9806000000000001 1600644708
2.1252 1600644708
2.2698 1600644708
2.4162000000000003 1600644708
2.2497000000000003 1600644708
2.3555 1600644708
2.1252 1600644708
2.7835 1600644708
2.373 1600644708
2.4674 1600644708
2.1099 1600644708
2.1326 1600644708
2.5711000000000004 1600644708
2.3101000000000003 1600644708
1.9320000000000002 1600644708
2.25 1600644708
1.9248 1600644708
2.1421 1600644708
1.7281 1600644708
1.8335000000000001 1600644708
2.3775000000000004 1600644708
2.5723000000000003 1600644708
2.2204 1600644708
2.2315 1600644708
2.5351000000000004 1600644708
1.9294999999999998 1600644708
2.2874000000000003 1600644708
2.1717000000000004 1600644708
1.6761 1600644708
2.4432 1600644708
2.3723 1600644708
2.2117 1600644708
2.4971 1600644708
2.128 1600644708
2.2523 1600644708
2.1727000000000003 1600644708
2.1702000000000004 1600644708
1.9692999999999998 1600644708
1.6475 1600644708
2.2988000000000004 1600644708
2.3367 1600644708
2.5076 1600644708
2.4141000000000004 1600644708
2.181 1600644708
1.8762 1600644708
1.8477 1600644708
2.3456 1600644708
2.2318000000000002 1600644708
1.9240000000000002 1600644708
2.0479000000000003 1600644708
2.2094 1600644708
2.7834000000000003 1600644708
2.6743 1600644708
1.8137999999999999 1600644708
1.6703999999999999 1600644708
2.2685000000000004 1600644708
1.9084999999999999 1600644708
1.9970999999999999 1600644708
2.0312 1600644708
2.5624000000000002 1600644708
1.9911 1600644708
1.9599 1600644708
2.2371000000000003 1600644708
2.2514000000000003 1600644708
1.5917 1600644708
2.3476000000000004 1600644708
2.4335 1600644708
2.2095000000000002 1600644708
2.3131000000000004 1600644708
1.897 1600644708
2.1866000000000003 1600644708
2.0544000000000002 1600644708
2.1417 1600644708
2.0095 1600644708
2.1507 1600644708
1.8785 1600644708
2.8824 1600644708
1.9098 1600644708
2.1414000000000004 1600644708
1.797 1600644708
2.2743 1600644708
1.9877999999999998 1600644708
2.3196000000000003 1600644708
1.9362000000000001 1600644708
2.2127000000000003 1600644708
2.2342000000000004 1600644708
2.0371 1600644708
2.3362000000000003 1600644708
2.1137 1600644708
1.8478 1600644708
1.9965 1600644708
2.1813000000000002 1600644708
1.9810999999999999 1600644708
2.1867 1600644708
2.2472000000000003 1600644708
2.4561 1600644708
2.1645000000000003 1600644708
1.9717999999999998 1600644708
2.0649 1600644708
2.3558000000000003 1600644708
2.4806000000000004 1600644708
2.2817000000000003 1600644708
2.2229 1600644708
2.1856 1600644708
2.4777 1600644708
2.2648 1600644708
2.0641000000000003 1600644708
2.5727 1600644708
2.1315000000000004 1600644708
2.5192 1600644708
2.1408 1600644708
2.2247000000000003 1600644708
2.1651000000000002 1600644708
2.2994000000000003 1600644708
1.8662999999999998 1600644708
2.1258000000000004 1600644708
2.4136 1600644708
1.8477 1600644708
2.1325000000000003 1600644708
2.2457000000000003 1600644708
1.8846 1600644708
2.2717 1600644708
2.0093 1600644708
2.5352 1600644708
2.2321000000000004 1600644708
2.4547000000000003 1600644708
2.1500000000000004 1600644708
2.3233 1600644708
1.5816999999999999 1600644708
2.2315 1600644708
2.2936 1600644708
2.1789 1600644708
2.2419000000000002 1600644708
2.5339 1600644708
2.2733000000000003 1600644708
2.5767 1600644708
2.9229000000000003 1600644708
2.6117000000000004 1600644708
2.2384000000000004 1600644708
1.9566999999999999 1600644708
2.197 1600644708
1.8621999999999999 1600644708
2.2126 1600644708
2.0983 1600644708
2.2032000000000003 1600644708
2.3037 1600644708
2.0607 1600644708
2.1974 1600644708
2.1934 1600644708
2.3281 1600644708
2.4814000000000003 1600644708
1.9372 1600644708
1.9722000000000002 1600644708
2.5777 1600644708
1.8310000000000002 1600644708
2.0497 1600644708
2.5689 1600644708
2.2841 1600644708
2.2588000000000004 1600644708
2.4065000000000003 1600644708
2.1500000000000004 1600644708
2.0299 1600644708
2.1647000000000003 1600644708
2.8233 1600644708
2.3278000000000003 1600644708
2.6095 1600644708
2.2630000000000003 1600644708
2.1723000000000003 1600644708
2.4055000000000004 1600644708
2.1471 1600644708
2.4974 1600644708
2.1869 1600644708
2.2705 1600644708
1.8141 1600644708
2.0068 1600644708
1.9848000000000001 1600644708
2.2030000000000003 1600644708
1.9654999999999998 1600644708
2.209 1600644708
2.2471 1600644708
2.1724 1600644708
2.2303 1600644708
2.0691 1600644708
1.8966999999999998 1600644708
1.9541000000000002 1600644708
2.4611 1600644708
2.1505 1600644708
2.1543 1600644708
1.9755999999999998 1600644708
2.0300000000000002 1600644708
2.0457 1600644708
2.4141000000000004 1600644708
2.0053 1600644708
2.1327000000000003 1600644708
2.2074000000000003 1600644708
1.6153 1600644708
1.9589 1600644708
2.2475 1600644708
2.2712000000000003 1600644708
2.1696000000000004 1600644708
2.2074000000000003 1600644708
2.2706000000000004 1600644708
2.1644 1600644708
2.414 1600644708
2.0287 1600644708
2.3461000000000003 1600644708
2.2750000000000004 1600644708
2.1703 1600644708
1.9361 1600644708
2.3556000000000004 1600644708
2.3775000000000004 1600644708
2.0949 1600644708
2.2207000000000003 1600644708
1.8623 1600644708
1.7845 1600644708
1.582 1600644708
2.1109 1600644708
2.2166 1600644708
2.1633 1600644708
1.6092 1600644708
2.1419 1600644708
2.8423000000000003 1600644708
2.1455 1600644708
2.5241000000000002 1600644708
2.2729000000000004 1600644708
1.7177 1600644708
2.3573000000000004 1600644708
2.4063000000000003 1600644708
2.0410000000000004 1600644708
2.0046000000000004 1600644708
2.8722000000000003 1600644708
1.9741000000000002 1600644708
2.0176000000000003 1600644708
2.0092000000000003 1600644708
2.309 1600644708
2.1647000000000003 1600644708
2.2913 1600644708
2.2209000000000003 1600644708
2.0608000000000004 1600644708
2.1308000000000002 1600644708
1.9566999999999999 1600644708
1.9856999999999998 1600644708
