0.7136 1600641941
0.8263999999999999 1600641941
0.8299 1600641941
0.8642 1600641941
0.8633000000000001 1600641941
0.9054000000000001 1600641941
0.8935000000000001 1600641941
0.8292 1600641941
0.8334 1600641941
0.8414 1600641941
0.9857999999999999 1600641941
0.8572000000000001 1600641941
0.9917999999999999 1600641941
0.8506999999999999 1600641941
0.9719000000000001 1600641941
0.8978 1600641941
0.9075000000000001 1600641941
0.8564999999999999 1600641941
0.8269000000000001 1600641941
0.9151999999999999 1600641941
0.8816 1600641941
0.9364 1600641941
0.8275 1600641941
0.9254000000000001 1600641941
0.9661000000000001 1600641941
0.9480000000000001 1600641941
0.8873000000000001 1600641941
0.9376000000000001 1600641941
0.8128 1600641941
0.8629000000000001 1600641941
0.8033 1600641941
0.9177000000000001 1600641941
0.9991 1600641941
0.9561000000000001 1600641941
0.8268000000000001 1600641941
0.92 1600641941
0.9380000000000001 1600641941
1.0372 1600641941
0.9453999999999999 1600641941
0.8539 1600641941
0.8790000000000001 1600641941
0.8142 1600641941
0.8943 1600641941
0.8979 1600641941
0.9212999999999999 1600641941
0.9591 1600641941
0.8264999999999999 1600641941
0.8966 1600641941
0.8856 1600641941
0.8853000000000001 1600641941
0.9903000000000001 1600641941
0.9267 1600641941
0.8785999999999999 1600641941
0.9282 1600641941
0.9023 1600641941
0.8747999999999999 1600641941
0.8748999999999999 1600641941
0.8403999999999999 1600641941
0.7826 1600641941
0.9997999999999999 1600641941
0.8142 1600641941
0.8298 1600641941
0.8921 1600641941
0.914 1600641941
0.9769 1600641941
0.9618000000000001 1600641941
0.9769 1600641941
0.9065 1600641941
0.8952000000000001 1600641941
0.9492999999999999 1600641941
0.9218000000000001 1600641941
0.9125 1600641941
0.9529 1600641941
0.9773 1600641941
0.9070999999999999 1600641941
0.9358000000000001 1600641941
0.8829999999999999 1600641941
0.8741 1600641941
0.8041 1600641941
0.9089999999999999 1600641941
0.8629000000000001 1600641941
0.796 1600641941
0.9728 1600641941
0.9623 1600641941
0.9767 1600641941
0.9109999999999999 1600641941
0.9238000000000001 1600641941
0.8229000000000001 1600641941
0.8878 1600641941
0.8645999999999999 1600641941
0.8988999999999999 1600641941
0.8455 1600641941
0.8085 1600641941
0.86 1600641941
0.9532999999999999 1600641941
0.8298 1600641941
0.9575999999999999 1600641941
0.7525 1600641941
0.9760000000000001 1600641941
0.8785 1600641941
0.9708 1600641941
0.8301999999999999 1600641941
0.8491000000000001 1600641941
0.813 1600641941
0.8083 1600641941
0.8220999999999999 1600641941
0.9556000000000001 1600641941
0.9159 1600641941
0.8977 1600641941
0.8893000000000001 1600641941
0.9077000000000001 1600641941
0.8530000000000001 1600641941
0.9332999999999999 1600641941
0.9767 1600641941
0.8186 1600641941
0.8281999999999999 1600641941
0.9127 1600641941
0.9268 1600641941
0.8537 1600641941
0.9067999999999999 1600641941
0.9034000000000001 1600641941
0.9021 1600641941
1.0455999999999999 1600641941
0.928 1600641941
0.8569000000000001 1600641941
0.9344 1600641941
0.8398 1600641941
0.9042 1600641941
0.8489000000000001 1600641941
0.874 1600641941
0.8623 1600641941
0.9198000000000001 1600641941
0.8365999999999999 1600641941
0.8189 1600641941
0.898 1600641941
0.9847 1600641941
0.9046 1600641941
0.8947999999999999 1600641941
0.8574 1600641941
0.9492999999999999 1600641941
0.8252 1600641941
0.9024 1600641941
0.8881 1600641941
0.9417000000000001 1600641941
0.9037000000000001 1600641941
0.8998 1600641941
0.8929999999999999 1600641941
0.9760000000000001 1600641941
0.8927999999999999 1600641941
0.8261 1600641941
0.9192999999999999 1600641941
0.9891 1600641941
0.8485999999999999 1600641941
1.0167000000000002 1600641941
0.9199 1600641941
0.8807999999999999 1600641941
0.8148 1600641941
0.8304999999999999 1600641941
0.814 1600641941
0.9122 1600641941
0.9116000000000001 1600641941
0.8926 1600641941
0.8667999999999999 1600641941
0.8041 1600641941
0.9047 1600641941
0.8773000000000001 1600641941
0.8451000000000001 1600641941
0.9125 1600641941
0.9774999999999999 1600641941
0.8296 1600641941
0.8903 1600641941
0.9349999999999999 1600641941
0.975 1600641941
0.8426999999999999 1600641941
0.8570000000000001 1600641941
0.8618 1600641941
0.904 1600641941
0.9225 1600641941
0.9799000000000001 1600641941
0.8731000000000001 1600641941
0.9094000000000001 1600641941
0.9151999999999999 1600641941
0.8505999999999999 1600641941
0.8592000000000001 1600641941
0.9268 1600641941
0.9904000000000001 1600641941
0.9472999999999999 1600641941
0.7938 1600641941
0.8403999999999999 1600641941
0.8297 1600641941
0.8487999999999999 1600641941
0.8925 1600641941
0.9155 1600641941
0.8989 1600641941
0.9359999999999999 1600641941
0.8843999999999999 1600641941
1.017 1600641941
0.9645999999999999 1600641941
0.8389 1600641941
0.8999999999999999 1600641941
0.9626999999999999 1600641941
0.877 1600641941
0.9185999999999999 1600641941
0.8627 1600641941
0.8398999999999999 1600641941
0.9178999999999999 1600641941
0.9064999999999999 1600641941
0.9259999999999999 1600641941
0.935 1600641941
0.8549 1600641941
0.7876000000000001 1600641941
0.8479999999999999 1600641941
0.9198999999999999 1600641941
0.8997999999999999 1600641941
0.8089999999999999 1600641941
0.9249 1600641941
0.8129 1600641941
0.8572 1600641941
0.9064999999999999 1600641941
0.9105999999999999 1600641941
0.9005999999999998 1600641941
0.8479999999999999 1600641941
0.9532 1600641941
0.8569 1600641941
0.9742 1600641941
0.8953 1600641941
1.0026 1600641941
0.8783999999999998 1600641941
0.994 1600641941
0.8803999999999998 1600641941
0.9217 1600641941
0.9182999999999999 1600641941
0.9117999999999999 1600641941
0.9985999999999999 1600641941
0.9257 1600641941
0.8929 1600641941
0.8303 1600641941
0.8699999999999999 1600641941
0.9274 1600641941
0.8331 1600641941
0.9595 1600641941
0.8897999999999999 1600641941
0.9072 1600641941
0.833 1600641941
0.8244 1600641941
0.9005999999999998 1600641941
0.9340999999999999 1600641941
0.8377999999999999 1600641941
0.8332999999999999 1600641941
0.9284999999999999 1600641941
0.8295999999999999 1600641941
0.9541 1600641941
0.8227 1600641941
0.9489999999999998 1600641941
0.8420999999999998 1600641941
0.8476999999999999 1600641941
0.8926 1600641941
0.8155 1600641941
0.9037000000000001 1600641941
0.7177 1600641941
0.9421 1600641941
0.8637 1600641941
0.8888999999999999 1600641941
0.9581000000000001 1600641941
0.9507 1600641941
0.9261 1600641941
0.8277 1600641941
0.9163 1600641941
0.9682000000000001 1600641941
0.9431999999999999 1600641941
0.8979 1600641941
0.8999 1600641941
0.9205 1600641941
0.9055000000000001 1600641941
0.8497 1600641941
0.9254000000000001 1600641941
0.9119 1600641941
0.8967999999999999 1600641941
0.9429 1600641941
0.9731 1600641941
0.9568 1600641941
1.0457 1600641941
0.9751 1600641941
0.9541000000000001 1600641941
0.9179 1600641941
0.9328 1600641941
0.9499000000000001 1600641941
0.819 1600641941
0.8956000000000001 1600641941
0.9680000000000001 1600641941
0.8915000000000001 1600641941
0.8933000000000001 1600641941
0.9470999999999999 1600641941
0.8944 1600641941
0.9312999999999999 1600641941
0.9277000000000001 1600641941
0.9094000000000001 1600641941
0.9827 1600641941
0.8442 1600641941
0.8786999999999999 1600641941
0.8509000000000001 1600641941
0.9539000000000001 1600641941
0.9085 1600641941
0.8618 1600641941
0.9268 1600641941
0.8965 1600641941
0.8107 1600641941
0.9373999999999999 1600641941
0.7856 1600641941
0.8884 1600641941
0.8945 1600641941
0.9527 1600641941
0.9085 1600641941
0.9315000000000001 1600641941
0.8642 1600641941
0.8429000000000001 1600641941
0.8955000000000001 1600641941
0.8953000000000001 1600641941
0.9504 1600641941
0.8809999999999999 1600641941
0.9536000000000001 1600641941
0.8895000000000001 1600641941
0.8313 1600641941
0.9247 1600641941
0.8692000000000001 1600641941
0.9269 1600641941
0.9283 1600641941
0.8056 1600641941
0.9088999999999999 1600641941
0.9329999999999999 1600641941
0.9775999999999999 1600641941
0.9748 1600641941
0.8758 1600641941
0.8794000000000001 1600641941
0.7833 1600641941
0.9529 1600641941
0.8301999999999999 1600641941
0.9628 1600641941
0.8130000000000001 1600641941
0.9111999999999999 1600641941
0.7963 1600641941
0.7942 1600641941
0.9046 1600641941
0.8567999999999999 1600641941
0.9573999999999999 1600641941
0.8685999999999999 1600641941
0.888 1600641941
0.8702 1600641941
0.8204999999999999 1600641941
0.858 1600641941
0.9010999999999999 1600641941
0.8423999999999999 1600641941
0.8281 1600641941
0.8993000000000001 1600641941
0.9516000000000001 1600641941
0.9215000000000001 1600641941
0.9114000000000001 1600641941
0.8986999999999999 1600641941
0.7547 1600641941
0.9053000000000001 1600641941
0.8398 1600641941
0.9221 1600641941
0.9111999999999999 1600641941
0.7748 1600641941
0.874 1600641941
0.9479000000000001 1600641941
0.9057000000000001 1600641941
0.9143 1600641941
0.8149 1600641941
0.932 1600641941
0.8938 1600641941
0.8808999999999999 1600641941
0.8626999999999999 1600641941
0.9245 1600641941
0.8841 1600641941
0.8809999999999999 1600641941
0.8234 1600641941
0.8931000000000001 1600641941
0.8528000000000001 1600641941
0.9473999999999999 1600641941
0.9269999999999999 1600641941
0.8634000000000001 1600641941
0.9265 1600641941
0.8881 1600641941
0.9264 1600641941
0.9334999999999999 1600641941
0.9349999999999999 1600641941
0.8837 1600641941
0.9336000000000001 1600641941
0.8933000000000001 1600641941
0.8825999999999999 1600641941
0.8318 1600641941
0.8568000000000001 1600641941
0.9318000000000001 1600641941
0.8349000000000001 1600641941
0.9492999999999999 1600641941
0.8256 1600641941
0.9649 1600641941
0.8493 1600641941
0.8523 1600641941
0.8672000000000001 1600641941
0.9150999999999999 1600641941
0.9337000000000001 1600641941
0.9309 1600641941
0.9133000000000001 1600641941
0.9418000000000001 1600641941
0.8874000000000001 1600641941
0.8332 1600641941
0.9095000000000001 1600641941
0.8919 1600641941
0.9375000000000001 1600641941
0.8988999999999999 1600641941
0.842 1600641941
0.8895000000000001 1600641941
0.7662 1600641941
0.8398 1600641941
0.8241999999999999 1600641941
0.9004 1600641941
0.8728999999999999 1600641941
0.8967999999999999 1600641941
0.8959 1600641941
0.8358 1600641941
0.8805999999999999 1600641941
0.9495999999999999 1600641941
0.9108999999999999 1600641941
0.993 1600641941
0.8065 1600641941
0.8743 1600641941
0.9044 1600641941
0.9115000000000001 1600641941
0.9028999999999999 1600641941
0.8759 1600641941
0.9446 1600641941
0.8969999999999999 1600641941
0.8883 1600641941
1.001 1600641941
0.8227000000000001 1600641941
0.9057000000000001 1600641941
0.9578000000000001 1600641941
0.7988 1600641941
0.8946999999999999 1600641941
0.7967 1600641941
0.9492999999999999 1600641941
0.9101 1600641941
0.8232 1600641941
0.8999 1600641941
0.8785999999999999 1600641941
0.9427 1600641941
0.92 1600641941
0.8944 1600641941
0.9057000000000001 1600641941
0.9236000000000001 1600641941
0.9087 1600641941
0.939 1600641941
0.9158000000000001 1600641941
0.9038 1600641941
0.8071 1600641941
0.9055000000000001 1600641941
0.9228999999999999 1600641941
0.9148999999999999 1600641941
0.8251000000000001 1600641941
0.9111999999999999 1600641941
0.9602 1600641941
0.9244 1600641941
0.9457000000000001 1600641941
0.8390000000000001 1600641941
0.9062 1600641941
0.9106 1600641941
0.9447 1600641941
0.822 1600641941
0.8259 1600641941
0.9489 1600641941
0.9445 1600641941
0.9099 1600641941
0.8982 1600641941
0.9065 1600641941
0.8975000000000001 1600641941
0.8189 1600641941
0.9026 1600641941
0.9239 1600641941
0.884 1600641941
0.9037000000000001 1600641941
0.9065 1600641941
0.9266 1600641941
0.949 1600641941
0.8766999999999999 1600641941
0.898 1600641941
0.8182 1600641941
0.9263 1600641941
0.7179 1600641941
0.9242 1600641941
0.9548 1600641941
0.9047 1600641941
0.8104 1600641941
0.8976000000000001 1600641941
0.9184 1600641941
0.9196000000000001 1600641941
0.896 1600641941
0.8364999999999999 1600641941
0.9449 1600641941
0.9009999999999999 1600641941
0.9183 1600641941
0.8220999999999999 1600641941
0.8469000000000001 1600641941
0.8431000000000001 1600641941
0.9058 1600641941
0.9119 1600641941
0.9179 1600641941
0.8372 1600641941
0.9202 1600641941
0.9006 1600641941
0.9005 1600641941
