1.1031000000000002 1600348528
1.0800000000000003 1600348528
1.1393000000000002 1600348528
1.2009 1600348528
1.3429 1600348528
1.0687 1600348528
1.204 1600348528
1.2489000000000001 1600348528
1.2347 1600348528
1.0781000000000003 1600348528
1.2331 1600348528
1.3417000000000001 1600348528
1.1887999999999999 1600348528
1.2347 1600348528
1.5411 1600348528
1.1967999999999999 1600348528
1.1072 1600348528
1.2346000000000001 1600348528
1.0801 1600348528
1.2457 1600348528
1.1116 1600348528
1.1528000000000003 1600348528
1.1331 1600348528
1.0773 1600348528
1.3533000000000002 1600348528
1.3430000000000002 1600348528
1.2331 1600348528
1.2385 1600348528
1.1964 1600348528
1.2304000000000002 1600348528
1.2334000000000003 1600348528
1.1824999999999999 1600348528
1.2917000000000003 1600348528
1.2660000000000002 1600348528
1.0800000000000003 1600348528
1.2486 1600348528
1.1403999999999999 1600348528
1.2477000000000003 1600348528
1.2129 1600348528
1.1419 1600348528
1.3134 1600348528
1.4046 1600348528
1.2071000000000003 1600348528
1.3055 1600348528
1.5416 1600348528
1.2390999999999999 1600348528
1.0566000000000002 1600348528
1.3905 1600348528
1.0776999999999999 1600348528
1.1738000000000002 1600348528
1.1824999999999999 1600348528
1.2028 1600348528
1.183 1600348528
1.2028 1600348528
1.2808 1600348528
1.305 1600348528
1.1489 1600348528
1.0891 1600348528
1.1965999999999999 1600348528
1.47 1600348528
1.0810000000000002 1600348528
1.0986 1600348528
1.0988 1600348528
1.2335 1600348528
1.1308 1600348528
1.2561000000000002 1600348528
1.3528 1600348528
1.3245000000000002 1600348528
1.2348000000000001 1600348528
1.207 1600348528
1.3212 1600348528
1.1342999999999999 1600348528
1.2902000000000002 1600348528
1.2967000000000002 1600348528
1.2357000000000002 1600348528
1.0776999999999999 1600348528
1.3193 1600348528
1.2316 1600348528
1.3068000000000002 1600348528
1.1962 1600348528
1.2310999999999999 1600348528
1.09 1600348528
1.0659000000000003 1600348528
1.1403999999999999 1600348528
1.207 1600348528
1.2335 1600348528
1.2555000000000003 1600348528
1.1410000000000002 1600348528
1.3132 1600348528
1.3692 1600348528
1.2331 1600348528
1.4056 1600348528
1.1972000000000003 1600348528
1.1772000000000002 1600348528
1.1321999999999999 1600348528
1.0613 1600348528
1.2946000000000002 1600348528
1.2348000000000001 1600348528
1.1557000000000002 1600348528
1.2055 1600348528
1.2660000000000002 1600348528
1.2005000000000001 1600348528
1.0611 1600348528
1.0799 1600348528
1.2644 1600348528
1.0609 1600348528
1.18 1600348528
1.0895 1600348528
1.2079000000000002 1600348528
1.3137 1600348528
1.2666000000000002 1600348528
1.247 1600348528
1.1476 1600348528
1.1314 1600348528
1.2316 1600348528
1.0776999999999999 1600348528
1.207 1600348528
1.2028999999999999 1600348528
1.2060000000000002 1600348528
1.2034 1600348528
1.3244 1600348528
1.2388000000000001 1600348528
1.1889 1600348528
1.0776999999999999 1600348528
1.2336000000000003 1600348528
1.2315000000000003 1600348528
1.2339 1600348528
1.377 1600348528
1.183 1600348528
1.2334000000000003 1600348528
1.2712 1600348528
1.328 1600348528
1.1973 1600348528
1.1832 1600348528
1.236 1600348528
1.2665 1600348528
1.3771000000000002 1600348528
1.1801000000000001 1600348528
1.3604 1600348528
1.2403000000000002 1600348528
1.1419 1600348528
1.2394 1600348528
1.3132 1600348528
1.1403 1600348528
1.2362 1600348528
1.2973000000000001 1600348528
1.203 1600348528
1.1483 1600348528
1.078 1600348528
1.4177000000000002 1600348528
1.3772 1600348528
1.3047000000000002 1600348528
1.1822000000000001 1600348528
1.3528 1600348528
1.3194000000000001 1600348528
1.1899 1600348528
1.0633000000000001 1600348528
1.3635 1600348528
1.0565 1600348528
1.3631 1600348528
1.3220000000000003 1600348528
1.4002000000000001 1600348528
1.2645000000000002 1600348528
1.171 1600348528
1.2658000000000003 1600348528
1.2335 1600348528
1.1408000000000003 1600348528
1.1741 1600348528
1.1967999999999999 1600348528
1.1397000000000002 1600348528
1.1411 1600348528
1.3126 1600348528
1.1782000000000001 1600348528
1.1961000000000002 1600348528
1.0729 1600348528
1.2322 1600348528
1.2041000000000002 1600348528
1.2031000000000003 1600348528
1.2068999999999999 1600348528
1.2472 1600348528
1.2324 1600348528
1.1954 1600348528
1.0605 1600348528
1.2006 1600348528
1.1954 1600348528
1.1826 1600348528
1.1955000000000002 1600348528
1.2550999999999999 1600348528
1.1481999999999999 1600348528
1.2484 1600348528
1.2643000000000002 1600348528
1.4042000000000001 1600348528
1.2717000000000003 1600348528
1.2334000000000003 1600348528
1.4189 1600348528
1.4029 1600348528
1.2479000000000002 1600348528
1.2971000000000001 1600348528
1.2334000000000003 1600348528
1.1894000000000002 1600348528
1.132 1600348528
1.1491 1600348528
1.5411 1600348528
1.1964 1600348528
1.2344000000000002 1600348528
1.1655 1600348528
1.2665 1600348528
1.2939 1600348528
1.2469 1600348528
1.1415 1600348528
1.2531999999999999 1600348528
1.1781 1600348528
1.1742000000000001 1600348528
1.1487 1600348528
1.0786 1600348528
1.2026000000000001 1600348528
1.3076 1600348528
1.2336000000000003 1600348528
1.0997000000000001 1600348528
1.0895 1600348528
1.3597 1600348528
1.3582999999999998 1600348528
1.2104000000000001 1600348528
1.2329999999999999 1600348528
1.1315000000000002 1600348528
1.2079000000000002 1600348528
1.2685000000000002 1600348528
1.0788 1600348528
1.3534 1600348528
1.1481000000000001 1600348528
1.296 1600348528
1.1901 1600348528
1.2058000000000002 1600348528
1.2666000000000002 1600348528
1.3354000000000001 1600348528
1.2359000000000002 1600348528
1.1967999999999999 1600348528
1.3301 1600348528
1.1024 1600348528
1.1813 1600348528
1.2661 1600348528
1.1090000000000002 1600348528
1.2469 1600348528
1.3800000000000001 1600348528
1.2002 1600348528
1.2356 1600348528
1.1481999999999999 1600348528
1.1342999999999999 1600348528
1.1481000000000001 1600348528
1.18 1600348528
1.0987000000000002 1600348528
1.2065 1600348528
1.4002000000000001 1600348528
1.1328000000000003 1600348528
1.1883000000000001 1600348528
1.1962 1600348528
1.2443 1600348528
1.1409 1600348528
1.1869000000000003 1600348528
1.0993000000000002 1600348528
1.2192 1600348528
1.2312 1600348528
1.2346000000000001 1600348528
1.2395000000000003 1600348528
1.3366 1600348528
1.1409 1600348528
1.3616 1600348528
1.2489999999999999 1600348528
1.3047000000000002 1600348528
1.2475000000000003 1600348528
1.1730000000000003 1600348528
1.1490000000000002 1600348528
1.3693000000000002 1600348528
1.2666000000000002 1600348528
1.0612000000000001 1600348528
1.2482 1600348528
1.2331999999999999 1600348528
1.0612000000000001 1600348528
1.1489 1600348528
1.0745000000000002 1600348528
1.2900000000000003 1600348528
1.203 1600348528
1.1323 1600348528
1.2071000000000003 1600348528
1.2568 1600348528
1.2959000000000003 1600348528
1.1565 1600348528
1.3074999999999999 1600348528
1.1483999999999999 1600348528
1.5411 1600348528
1.3377000000000001 1600348528
1.1421 1600348528
1.5654000000000001 1600348528
1.3402 1600348528
1.2659 1600348528
1.094 1600348528
1.5405 1600348528
1.2659 1600348528
1.3332 1600348528
1.1328000000000003 1600348528
1.4627999999999999 1600348528
1.0917000000000001 1600348528
1.2382000000000002 1600348528
1.1967 1600348528
1.1411 1600348528
1.3227 1600348528
1.3693000000000002 1600348528
1.3642 1600348528
1.2341 1600348528
1.208 1600348528
1.3762 1600348528
1.1824999999999999 1600348528
1.3375000000000001 1600348528
1.3409000000000002 1600348528
1.2347 1600348528
1.0773 1600348528
1.3774 1600348528
1.1262 1600348528
1.3265 1600348528
1.3220000000000003 1600348528
1.2477000000000003 1600348528
1.4032000000000002 1600348528
1.2443000000000002 1600348528
1.207 1600348528
1.2061 1600348528
1.3238999999999999 1600348528
1.2028 1600348528
1.2451999999999999 1600348528
1.1964 1600348528
1.2756 1600348528
1.1418000000000001 1600348528
1.24 1600348528
1.1116 1600348528
1.3259 1600348528
1.3686 1600348528
1.1755000000000002 1600348528
1.1022 1600348528
1.1497 1600348528
1.2443000000000002 1600348528
1.0937 1600348528
1.2446 1600348528
1.2834999999999999 1600348528
1.1246000000000003 1600348528
1.305 1600348528
1.285 1600348528
1.2337 1600348528
1.0772000000000002 1600348528
1.2491999999999999 1600348528
1.4002000000000001 1600348528
1.0610000000000002 1600348528
1.2806 1600348528
1.0836 1600348528
1.1076 1600348528
1.1556 1600348528
1.1315000000000002 1600348528
1.0985000000000003 1600348528
1.2748000000000002 1600348528
1.2300000000000002 1600348528
1.3534 1600348528
1.0813 1600348528
1.2842 1600348528
1.1344 1600348528
1.0785000000000002 1600348528
1.2535 1600348528
1.3358999999999999 1600348528
1.1900000000000002 1600348528
1.1405 1600348528
1.2641000000000002 1600348528
1.1969 1600348528
1.2026999999999999 1600348528
1.1491 1600348528
1.1169 1600348528
1.1326000000000003 1600348528
1.2186000000000001 1600348528
1.3524 1600348528
1.3231 1600348528
1.3633 1600348528
1.1418000000000001 1600348528
1.2641000000000002 1600348528
1.248 1600348528
1.4361 1600348528
1.2491 1600348528
1.2322 1600348528
1.208 1600348528
1.4077000000000002 1600348528
1.1481000000000001 1600348528
1.3278 1600348528
1.1169 1600348528
1.1481000000000001 1600348528
1.2033000000000003 1600348528
1.1483999999999999 1600348528
1.1527 1600348528
1.2335 1600348528
1.2659 1600348528
1.175 1600348528
1.3328 1600348528
1.2058000000000002 1600348528
1.1420000000000001 1600348528
1.2341 1600348528
1.1342 1600348528
1.2337 1600348528
1.2458000000000002 1600348528
1.2362 1600348528
1.3435 1600348528
1.1954 1600348528
1.3785 1600348528
1.0776999999999999 1600348528
1.264 1600348528
1.1784000000000001 1600348528
1.4051000000000002 1600348528
1.1408000000000003 1600348528
1.1737 1600348528
1.3692 1600348528
1.1084000000000003 1600348528
1.3687000000000002 1600348528
1.1345000000000003 1600348528
1.4047000000000003 1600348528
1.1836 1600348528
1.1498000000000002 1600348528
1.2387 1600348528
1.1739 1600348528
1.2054000000000002 1600348528
1.1410000000000002 1600348528
1.2054000000000002 1600348528
1.2336000000000003 1600348528
1.2390999999999999 1600348528
1.2674 1600348528
1.3140000000000003 1600348528
1.3762 1600348528
1.3287000000000002 1600348528
1.3337 1600348528
1.2552999999999999 1600348528
1.1405 1600348528
1.3788000000000002 1600348528
1.3688 1600348528
1.3111 1600348528
1.2548000000000001 1600348528
1.2953 1600348528
1.3417000000000001 1600348528
1.4042999999999999 1600348528
1.2292000000000003 1600348528
1.1965999999999999 1600348528
1.2329999999999999 1600348528
1.2068999999999999 1600348528
1.1462 1600348528
1.2474 1600348528
1.1342 1600348528
1.1313000000000002 1600348528
1.1998 1600348528
1.2337 1600348528
1.1116 1600348528
1.1077000000000001 1600348528
1.1951000000000003 1600348528
1.281 1600348528
1.2464000000000002 1600348528
1.3773000000000002 1600348528
1.1965000000000001 1600348528
1.2659 1600348528
1.1087 1600348528
1.1955000000000002 1600348528
1.2714 1600348528
1.3405000000000002 1600348528
1.1898000000000002 1600348528
1.1334000000000002 1600348528
1.2315 1600348528
1.2336000000000003 1600348528
1.3652 1600348528
1.4199 1600348528
1.0622 1600348528
1.2322 1600348528
1.1419 1600348528
1.3538 1600348528
1.2660000000000002 1600348528
1.3382000000000003 1600348528
1.1420000000000001 1600348528
1.2868000000000002 1600348528
1.239 1600348528
1.4049000000000003 1600348528
1.1817 1600348528
1.1896000000000002 1600348528
1.337 1600348528
1.4188000000000003 1600348528
1.2660000000000002 1600348528
1.2658000000000003 1600348528
1.4044999999999999 1600348528
1.2342000000000002 1600348528
1.1490000000000002 1600348528
1.2465 1600348528
1.1955000000000002 1600348528
1.2305 1600348528
1.3224000000000002 1600348528
1.1971 1600348528
1.3419 1600348528
1.3017 1600348528
1.2288 1600348528
1.2658000000000003 1600348528
1.2644 1600348528
1.3373000000000002 1600348528
1.1025000000000003 1600348528
1.1649 1600348528
1.1897 1600348528
1.5409 1600348528
1.1963000000000001 1600348528
1.2719000000000003 1600348528
1.3688 1600348528
1.0665000000000002 1600348528
1.2357000000000002 1600348528
1.1406000000000003 1600348528
1.4058 1600348528
1.1901 1600348528
1.4046 1600348528
1.1809 1600348528
