0.9257 1600632295
0.32889999999999997 1600632295
0.9742 1600632295
0.9236 1600632295
0.9730000000000001 1600632295
0.9377 1600632295
0.9864999999999999 1600632295
0.9735 1600632295
0.9171 1600632295
0.9701 1600632295
0.9379 1600632295
0.9366000000000001 1600632295
0.9185000000000001 1600632295
0.9782 1600632295
0.9999 1600632295
0.9205000000000001 1600632295
0.9609000000000001 1600632295
0.9357 1600632295
0.3295 1600632295
0.9378 1600632295
0.8615999999999999 1600632295
1.0083 1600632295
0.9193 1600632295
0.9378 1600632295
0.9829000000000001 1600632295
0.8698999999999999 1600632295
0.9229 1600632295
0.9357 1600632295
0.942 1600632295
0.9229 1600632295
0.98 1600632295
0.9789000000000001 1600632295
0.9999 1600632295
0.9685999999999999 1600632295
0.32930000000000004 1600632295
0.9140999999999999 1600632295
0.9670000000000001 1600632295
0.9233 1600632295
0.9585999999999999 1600632295
0.9997 1600632295
0.9164000000000001 1600632295
0.9379 1600632295
0.9598 1600632295
0.9421999999999999 1600632295
0.9878 1600632295
0.8105 1600632295
0.9424999999999999 1600632295
0.9472 1600632295
0.9691000000000001 1600632295
0.9570000000000001 1600632295
0.9439 1600632295
0.9367000000000001 1600632295
0.9118999999999999 1600632295
0.9789000000000001 1600632295
0.931 1600632295
0.9823999999999999 1600632295
0.9081999999999999 1600632295
0.806 1600632295
0.9016 1600632295
0.9997 1600632295
0.9539 1600632295
0.9955 1600632295
0.9591000000000001 1600632295
0.9722999999999999 1600632295
0.9423999999999999 1600632295
0.8088 1600632295
0.9066000000000001 1600632295
0.9787999999999999 1600632295
0.9248000000000001 1600632295
0.9829000000000001 1600632295
0.8053999999999999 1600632295
0.8687 1600632295
0.937 1600632295
0.909 1600632295
0.9093 1600632295
0.9345000000000001 1600632295
0.9236 1600632295
0.9421999999999999 1600632295
0.8773 1600632295
0.9494 1600632295
0.9217 1600632295
0.9064000000000001 1600632295
0.9997 1600632295
0.9997 1600632295
0.9081999999999999 1600632295
0.9346000000000001 1600632295
0.9245000000000001 1600632295
0.9044000000000001 1600632295
0.9515 1600632295
0.984 1600632295
0.9393 1600632295
0.9219999999999999 1600632295
0.9379 1600632295
0.9566999999999999 1600632295
0.9925999999999999 1600632295
0.9831000000000001 1600632295
0.9821 1600632295
0.9313 1600632295
0.8147 1600632295
0.8143 1600632295
0.9696 1600632295
0.9712000000000001 1600632295
0.9871000000000001 1600632295
0.3287 1600632295
0.9289000000000001 1600632295
0.9710000000000001 1600632295
0.9927999999999999 1600632295
0.9214 1600632295
0.9144000000000001 1600632295
0.9445999999999999 1600632295
0.9207000000000001 1600632295
0.9037 1600632295
0.9884999999999999 1600632295
0.9398 1600632295
0.9017999999999999 1600632295
0.8143 1600632295
0.9388000000000001 1600632295
0.9709000000000001 1600632295
0.8706 1600632295
0.919 1600632295
0.98 1600632295
0.9696 1600632295
0.9091 1600632295
0.9628000000000001 1600632295
0.9356 1600632295
0.9922 1600632295
0.9694 1600632295
0.9551000000000001 1600632295
0.9119999999999999 1600632295
0.9823999999999999 1600632295
0.9173 1600632295
0.9159999999999999 1600632295
0.7687999999999999 1600632295
0.9192 1600632295
0.9955 1600632295
0.9140999999999999 1600632295
0.9089 1600632295
0.9017 1600632295
0.8452999999999999 1600632295
0.9865999999999999 1600632295
0.9178999999999999 1600632295
0.9525999999999999 1600632295
0.9195 1600632295
0.9864999999999999 1600632295
0.9095 1600632295
0.9389000000000001 1600632295
0.9810000000000001 1600632295
0.9699 1600632295
0.9209 1600632295
0.9188000000000001 1600632295
0.9522999999999999 1600632295
0.9637 1600632295
0.9204000000000001 1600632295
0.9923 1600632295
0.9694 1600632295
0.9803999999999999 1600632295
0.9946999999999999 1600632295
0.9831000000000001 1600632295
0.9535 1600632295
0.9369000000000001 1600632295
0.9565999999999999 1600632295
0.9792000000000001 1600632295
0.9185000000000001 1600632295
0.9824999999999999 1600632295
0.9380999999999999 1600632295
0.9484999999999999 1600632295
0.9699 1600632295
0.9511000000000001 1600632295
0.9360999999999999 1600632295
0.9737 1600632295
0.9051 1600632295
0.9835 1600632295
0.8138000000000001 1600632295
0.9817 1600632295
0.9211 1600632295
0.8124 1600632295
0.9088 1600632295
0.9362999999999999 1600632295
0.9092 1600632295
0.9303999999999999 1600632295
0.9345000000000001 1600632295
0.9392 1600632295
0.9943 1600632295
0.9088 1600632295
0.9376 1600632295
0.9382999999999999 1600632295
0.9923 1600632295
0.9773000000000001 1600632295
0.9189 1600632295
0.9737 1600632295
0.9196 1600632295
0.9583999999999999 1600632295
0.9218 1600632295
0.9399 1600632295
0.9377 1600632295
0.9842 1600632295
0.9933000000000001 1600632295
0.9810000000000001 1600632295
0.9246000000000001 1600632295
0.9112 1600632295
0.9048 1600632295
0.9822 1600632295
0.9686999999999999 1600632295
0.9300999999999999 1600632295
0.9221999999999999 1600632295
1.0108 1600632295
0.9945999999999999 1600632295
0.9714 1600632295
0.9372 1600632295
0.986 1600632295
0.9235 1600632295
0.9178999999999999 1600632295
0.9559 1600632295
0.8170999999999999 1600632295
0.32899999999999996 1600632295
0.9128000000000001 1600632295
0.9537 1600632295
0.9709000000000001 1600632295
0.9843 1600632295
0.9629000000000001 1600632295
0.9121999999999999 1600632295
0.9339 1600632295
0.9292 1600632295
0.9081999999999999 1600632295
0.9059999999999999 1600632295
0.9787999999999999 1600632295
0.9839 1600632295
0.9054 1600632295
0.9069 1600632295
0.9552 1600632295
0.8039000000000001 1600632295
0.9941 1600632295
0.9232 1600632295
0.9123999999999999 1600632295
0.9686999999999999 1600632295
0.9349000000000001 1600632295
0.7759 1600632295
0.8694 1600632295
0.9687999999999999 1600632295
0.9215 1600632295
0.9946999999999999 1600632295
0.9198 1600632295
0.9378 1600632295
0.9374 1600632295
0.9063000000000001 1600632295
0.9356 1600632295
0.9753000000000001 1600632295
0.9125000000000001 1600632295
0.9841 1600632295
0.913 1600632295
0.9173 1600632295
0.9919 1600632295
0.9091 1600632295
0.9958 1600632295
0.9819 1600632295
0.9228000000000001 1600632295
0.9204000000000001 1600632295
0.9191 1600632295
0.9374 1600632295
0.9174 1600632295
0.9650000000000001 1600632295
0.9337 1600632295
0.9166000000000001 1600632295
1.0119 1600632295
0.954 1600632295
0.8233999999999999 1600632295
0.8059000000000001 1600632295
0.9552 1600632295
0.9380999999999999 1600632295
0.9282999999999999 1600632295
0.9209 1600632295
0.9816 1600632295
0.9393 1600632295
0.9523999999999999 1600632295
0.9864999999999999 1600632295
0.9934000000000001 1600632295
0.9714 1600632295
0.9824999999999999 1600632295
0.9067000000000001 1600632295
0.9999 1600632295
0.9824999999999999 1600632295
0.9232 1600632295
0.9061999999999999 1600632295
0.9983 1600632295
0.9944999999999999 1600632295
0.923 1600632295
0.9522999999999999 1600632295
0.9187000000000001 1600632295
0.9068 1600632295
0.9197 1600632295
0.9570000000000001 1600632295
0.9378 1600632295
0.9198 1600632295
0.8613 1600632295
0.9368000000000001 1600632295
0.9684999999999999 1600632295
0.9971000000000001 1600632295
0.9229 1600632295
0.9354 1600632295
0.9818 1600632295
0.9584999999999999 1600632295
0.8214999999999999 1600632295
0.9528000000000001 1600632295
0.7746 1600632295
0.8147 1600632295
0.927 1600632295
0.9619 1600632295
0.9372 1600632295
0.9266000000000001 1600632295
0.9710000000000001 1600632295
0.9954000000000001 1600632295
0.9829000000000001 1600632295
0.9227000000000001 1600632295
0.9159999999999999 1600632295
0.9231 1600632295
0.9819 1600632295
0.9193 1600632295
0.9612 1600632295
0.9515 1600632295
0.9162999999999999 1600632295
0.9722 1600632295
0.988 1600632295
0.9213 1600632295
0.99 1600632295
0.9683999999999999 1600632295
0.9366000000000001 1600632295
0.9721 1600632295
0.9536 1600632295
0.9713 1600632295
0.9017999999999999 1600632295
0.9684999999999999 1600632295
0.9282999999999999 1600632295
0.9733 1600632295
0.8696999999999999 1600632295
0.9081999999999999 1600632295
0.9180999999999999 1600632295
0.9085000000000001 1600632295
0.9803999999999999 1600632295
0.9429000000000001 1600632295
0.9192 1600632295
0.9756 1600632295
0.9538 1600632295
0.9771000000000001 1600632295
0.9732000000000001 1600632295
0.9953000000000001 1600632295
0.9180999999999999 1600632295
0.9347000000000001 1600632295
0.8130999999999999 1600632295
0.9211 1600632295
0.9063000000000001 1600632295
0.9036 1600632295
0.9692000000000001 1600632295
0.9844999999999999 1600632295
0.9068 1600632295
0.9927999999999999 1600632295
0.9371 1600632295
0.8692 1600632295
1.0118 1600632295
0.9777 1600632295
0.9831000000000001 1600632295
0.96 1600632295
0.9185000000000001 1600632295
0.9217 1600632295
0.9017 1600632295
0.9818 1600632295
0.9802 1600632295
0.8464 1600632295
0.9024000000000001 1600632295
0.9097 1600632295
0.9125000000000001 1600632295
0.9582999999999999 1600632295
0.9833000000000001 1600632295
0.9180999999999999 1600632295
0.9197 1600632295
0.9409000000000001 1600632295
0.8533999999999999 1600632295
0.9757 1600632295
0.9379 1600632295
0.9547000000000001 1600632295
0.9013 1600632295
0.869 1600632295
0.9294 1600632295
0.9543999999999999 1600632295
0.9713 1600632295
0.9752000000000001 1600632295
0.8081 1600632295
0.9224000000000001 1600632295
0.9773000000000001 1600632295
0.9839 1600632295
0.9864999999999999 1600632295
0.9067000000000001 1600632295
0.9193 1600632295
0.9803 1600632295
0.9392 1600632295
0.9835 1600632295
0.9184000000000001 1600632295
0.9068 1600632295
0.9186000000000001 1600632295
0.9708000000000001 1600632295
0.8695999999999999 1600632295
0.9227000000000001 1600632295
0.9036 1600632295
0.8104 1600632295
0.9019999999999999 1600632295
0.9397 1600632295
0.9357 1600632295
0.9369000000000001 1600632295
0.9621 1600632295
0.9260999999999999 1600632295
0.9486000000000001 1600632295
0.8229 1600632295
0.9236 1600632295
0.992 1600632295
0.9275 1600632295
0.9534 1600632295
0.9180999999999999 1600632295
0.9092 1600632295
0.9732000000000001 1600632295
0.9081999999999999 1600632295
0.9195 1600632295
0.9584999999999999 1600632295
0.9149 1600632295
0.9339999999999999 1600632295
0.9924999999999999 1600632295
0.9368000000000001 1600632295
0.9634 1600632295
0.9005000000000001 1600632295
0.9823 1600632295
0.9093 1600632295
0.9715 1600632295
0.9902 1600632295
0.9196 1600632295
0.9233 1600632295
0.9824999999999999 1600632295
0.9207000000000001 1600632295
0.9117 1600632295
0.9226000000000001 1600632295
0.9371 1600632295
0.8702000000000001 1600632295
0.7774000000000001 1600632295
0.9838 1600632295
0.976 1600632295
0.9819 1600632295
0.9905999999999999 1600632295
0.9087000000000001 1600632295
0.9065000000000001 1600632295
0.9734 1600632295
0.9240999999999999 1600632295
0.9379 1600632295
0.9244000000000001 1600632295
0.9356 1600632295
0.9984 1600632295
0.9924999999999999 1600632295
0.9826999999999999 1600632295
0.7995000000000001 1600632295
0.9865999999999999 1600632295
0.9372 1600632295
0.8217000000000001 1600632295
0.9587000000000001 1600632295
0.9114 1600632295
0.9754 1600632295
0.9218999999999999 1600632295
0.9788999999999999 1600632295
0.9355 1600632295
0.9519 1600632295
0.937 1600632295
0.9367000000000001 1600632295
0.9827999999999999 1600632295
0.9718 1600632295
0.9621999999999999 1600632295
0.9159999999999999 1600632295
0.9812000000000001 1600632295
0.9228000000000001 1600632295
0.9215 1600632295
0.9268000000000001 1600632295
0.9044000000000001 1600632295
0.9535 1600632295
0.9614 1600632295
0.9712000000000001 1600632295
0.9945999999999999 1600632295
0.9568000000000001 1600632295
0.9373 1600632295
0.8217000000000001 1600632295
0.9751000000000001 1600632295
0.9494 1600632295
0.915 1600632295
0.9426000000000001 1600632295
0.9095 1600632295
0.9442999999999999 1600632295
0.917 1600632295
0.9121999999999999 1600632295
0.9024000000000001 1600632295
0.8052999999999999 1600632295
0.9246000000000001 1600632295
0.9088 1600632295
0.9986999999999999 1600632295
0.9380999999999999 1600632295
0.9706999999999999 1600632295
0.9177 1600632295
0.9621 1600632295
0.9205000000000001 1600632295
0.9695 1600632295
0.7774000000000001 1600632295
0.9722 1600632295
0.9811000000000001 1600632295
0.8460000000000001 1600632295
0.9923 1600632295
0.9983 1600632295
0.9015 1600632295
0.9245000000000001 1600632295
0.9571000000000001 1600632295
0.9098999999999999 1600632295
