0.5908000000000002 1600643525
0.6255 1600643525
0.7103999999999999 1600643525
0.6727000000000001 1600643525
0.5623 1600643525
0.7474999999999998 1600643525
0.6033999999999997 1600643525
0.6773999999999998 1600643525
0.5986 1600643525
0.6026 1600643525
0.5682 1600643525
0.6683000000000001 1600643525
0.5171000000000001 1600643525
0.5736999999999999 1600643525
0.669 1600643525
0.6292 1600643525
0.6462000000000001 1600643525
0.6144999999999998 1600643525
0.6045 1600643525
0.5859999999999999 1600643525
0.4656 1600643525
0.7088999999999999 1600643525
0.6113 1600643525
0.7411999999999999 1600643525
0.6292 1600643525
0.7114 1600643525
0.7044999999999999 1600643525
0.8135000000000001 1600643525
0.6068999999999998 1600643525
0.4414 1600643525
0.6336999999999999 1600643525
0.7769999999999999 1600643525
0.5662 1600643525
0.46950000000000003 1600643525
0.5992 1600643525
0.5672000000000001 1600643525
0.387 1600643525
0.5292999999999999 1600643525
0.6413000000000002 1600643525
0.6278999999999999 1600643525
0.4981 1600643525
0.6352000000000002 1600643525
0.5258 1600643525
0.5586 1600643525
0.6606999999999998 1600643525
0.6152 1600643525
0.6840999999999999 1600643525
0.5861000000000001 1600643525
0.5784999999999998 1600643525
0.6509999999999998 1600643525
0.7174999999999998 1600643525
0.6477999999999999 1600643525
0.5961000000000001 1600643525
0.5967 1600643525
0.6818999999999997 1600643525
0.6861000000000002 1600643525
0.5364 1600643525
0.6214000000000002 1600643525
0.48530000000000006 1600643525
0.5266 1600643525
0.6172 1600643525
0.6046 1600643525
0.5633999999999999 1600643525
0.6936000000000002 1600643525
0.4581000000000002 1600643525
0.6487 1600643525
0.48640000000000017 1600643525
0.5307 1600643525
0.8888 1600643525
0.5437000000000001 1600643525
0.4728999999999999 1600643525
0.6011 1600643525
0.5989 1600643525
0.47140000000000004 1600643525
0.6176000000000001 1600643525
0.7649000000000001 1600643525
0.8167 1600643525
0.6247 1600643525
0.5498000000000001 1600643525
0.6774999999999998 1600643525
0.6298999999999999 1600643525
0.5366 1600643525
0.6761000000000001 1600643525
0.6853999999999998 1600643525
0.5072999999999999 1600643525
0.6969000000000001 1600643525
0.5975999999999999 1600643525
0.7042999999999999 1600643525
0.6695 1600643525
0.6239999999999999 1600643525
0.4970000000000001 1600643525
0.7066000000000001 1600643525
0.5576000000000001 1600643525
0.5661 1600643525
0.6737 1600643525
0.7173999999999998 1600643525
0.5474999999999999 1600643525
0.6630999999999998 1600643525
0.5929 1600643525
0.6138000000000001 1600643525
0.4947999999999999 1600643525
0.6452 1600643525
0.5496000000000001 1600643525
0.6134999999999999 1600643525
0.5585 1600643525
0.6430999999999998 1600643525
0.5569 1600643525
0.6894 1600643525
0.7037 1600643525
0.5859000000000001 1600643525
0.48639999999999994 1600643525
0.4887999999999999 1600643525
0.6178999999999999 1600643525
0.5541 1600643525
0.8543000000000003 1600643525
0.7946999999999997 1600643525
0.6979 1600643525
0.6393 1600643525
0.48939999999999984 1600643525
0.5903 1600643525
0.6031 1600643525
0.7515000000000001 1600643525
0.4858 1600643525
0.7079 1600643525
0.5699999999999998 1600643525
0.5838000000000001 1600643525
0.7591999999999999 1600643525
0.44279999999999986 1600643525
0.4655 1600643525
0.7475 1600643525
0.6107 1600643525
0.6587000000000001 1600643525
0.6411 1600643525
0.5936000000000001 1600643525
0.5947 1600643525
0.5836000000000001 1600643525
0.6476 1600643525
0.6091 1600643525
0.5542 1600643525
0.5586 1600643525
0.6172 1600643525
0.7108000000000001 1600643525
0.6475999999999997 1600643525
0.5676000000000001 1600643525
0.5744 1600643525
0.5445 1600643525
0.7543 1600643525
0.7494999999999998 1600643525
0.4950000000000001 1600643525
0.6910999999999998 1600643525
0.6651 1600643525
0.8764000000000001 1600643525
0.5633999999999999 1600643525
0.7626 1600643525
0.7150000000000003 1600643525
0.6733 1600643525
0.7356 1600643525
0.6527999999999998 1600643525
0.6168 1600643525
0.7837000000000001 1600643525
0.7823 1600643525
0.6058000000000001 1600643525
0.7387999999999997 1600643525
0.6198000000000001 1600643525
0.7955000000000001 1600643525
0.5750000000000002 1600643525
0.6742999999999999 1600643525
0.5832999999999999 1600643525
0.36149999999999993 1600643525
0.7081999999999999 1600643525
0.653 1600643525
0.6334 1600643525
0.6084 1600643525
0.5823 1600643525
0.6303000000000001 1600643525
0.6602999999999999 1600643525
0.5477000000000001 1600643525
0.4839 1600643525
0.5452000000000001 1600643525
0.5739000000000001 1600643525
0.5094000000000001 1600643525
0.6463999999999999 1600643525
0.5880999999999998 1600643525
0.6446000000000001 1600643525
0.6511 1600643525
0.6590999999999998 1600643525
0.6159999999999999 1600643525
0.5538000000000001 1600643525
0.7807 1600643525
0.6815999999999998 1600643525
0.6646000000000001 1600643525
0.6781999999999999 1600643525
0.5164000000000002 1600643525
0.4868999999999999 1600643525
0.8261999999999998 1600643525
0.6735 1600643525
0.6841000000000002 1600643525
0.5117 1600643525
0.6519000000000001 1600643525
0.8 1600643525
0.6195000000000002 1600643525
0.5844 1600643525
0.7524000000000002 1600643525
0.6351 1600643525
0.5632000000000001 1600643525
0.6912 1600643525
0.5565999999999998 1600643525
0.7923999999999998 1600643525
0.8041 1600643525
0.5281 1600643525
0.43020000000000014 1600643525
0.7092999999999998 1600643525
0.6814999999999998 1600643525
0.7454999999999998 1600643525
0.5475000000000001 1600643525
0.6112 1600643525
0.5211999999999999 1600643525
0.7838999999999998 1600643525
0.6662999999999999 1600643525
0.4726999999999999 1600643525
0.7436999999999998 1600643525
0.8068 1600643525
0.6607000000000001 1600643525
0.5389999999999999 1600643525
0.5230999999999999 1600643525
0.6038999999999999 1600643525
0.8594000000000002 1600643525
0.5299 1600643525
0.5218 1600643525
0.6941000000000002 1600643525
0.4547000000000001 1600643525
0.5690999999999999 1600643525
0.6094999999999999 1600643525
0.6797 1600643525
0.7717999999999998 1600643525
0.6188 1600643525
0.6007 1600643525
0.6632 1600643525
0.7358999999999998 1600643525
0.7366999999999999 1600643525
0.7116999999999998 1600643525
0.5704 1600643525
0.6528 1600643525
0.6452000000000002 1600643525
0.6721000000000001 1600643525
0.6084000000000003 1600643525
0.6465999999999998 1600643525
0.5243 1600643525
0.7547999999999997 1600643525
0.6724999999999999 1600643525
0.5529999999999999 1600643525
0.6137999999999999 1600643525
0.7044000000000001 1600643525
0.5204000000000002 1600643525
0.5265 1600643525
0.7194 1600643525
0.5901000000000001 1600643525
0.5292999999999999 1600643525
0.6497999999999999 1600643525
0.5907 1600643525
0.5092000000000001 1600643525
0.6487999999999998 1600643525
0.5314000000000001 1600643525
0.5515000000000001 1600643525
0.4968999999999999 1600643525
0.7830000000000001 1600643525
0.6842000000000001 1600643525
0.7384000000000002 1600643525
0.6254 1600643525
0.54 1600643525
0.5499 1600643525
0.6225 1600643525
0.5386 1600643525
0.6131 1600643525
0.37759999999999994 1600643525
0.5367 1600643525
0.7356 1600643525
0.5508 1600643525
0.6287 1600643525
0.6725999999999999 1600643525
0.7521000000000002 1600643525
0.6013 1600643525
0.4852000000000001 1600643525
0.5812999999999999 1600643525
0.5876000000000001 1600643525
0.5307000000000002 1600643525
0.7655000000000001 1600643525
0.5660000000000001 1600643525
0.679 1600643525
0.5770999999999997 1600643525
0.7325000000000002 1600643525
0.5363 1600643525
0.6414 1600643525
0.5165000000000002 1600643525
0.5921999999999998 1600643525
0.7463000000000002 1600643525
0.7036 1600643525
0.6774999999999998 1600643525
0.5259 1600643525
0.5296000000000001 1600643525
0.5018 1600643525
0.6263000000000001 1600643525
0.5644 1600643525
0.6319999999999999 1600643525
0.6681999999999999 1600643525
0.6628999999999998 1600643525
0.671 1600643525
0.7591999999999999 1600643525
0.6723000000000001 1600643525
0.6551 1600643525
0.5371999999999999 1600643525
0.5472000000000001 1600643525
0.7706999999999999 1600643525
0.6362000000000001 1600643525
0.6187 1600643525
0.5241 1600643525
0.6334000000000002 1600643525
0.508 1600643525
0.8179000000000003 1600643525
0.6184000000000003 1600643525
0.6237000000000001 1600643525
0.5349999999999999 1600643525
0.8062 1600643525
0.5144 1600643525
0.5839000000000001 1600643525
0.8092000000000001 1600643525
0.9020999999999999 1600643525
0.6617999999999999 1600643525
0.9196 1600643525
0.6673000000000002 1600643525
0.6936 1600643525
0.5153000000000001 1600643525
0.41059999999999985 1600643525
0.6286999999999998 1600643525
0.7210000000000001 1600643525
0.5190999999999999 1600643525
0.6194000000000002 1600643525
0.7215999999999998 1600643525
0.5779000000000001 1600643525
0.5609 1600643525
0.5972 1600643525
0.7697 1600643525
0.7179 1600643525
0.7184000000000001 1600643525
0.5489000000000002 1600643525
0.5948 1600643525
0.6708999999999998 1600643525
0.5441 1600643525
0.6244000000000001 1600643525
0.5837000000000001 1600643525
0.6465000000000001 1600643525
0.48 1600643525
0.7080999999999997 1600643525
0.6475000000000002 1600643525
0.6573 1600643525
0.738 1600643525
0.5736000000000001 1600643525
0.5969 1600643525
0.5045999999999999 1600643525
0.5293000000000001 1600643525
0.6011 1600643525
0.5801000000000001 1600643525
0.512 1600643525
0.6991 1600643525
0.6462999999999999 1600643525
0.5367 1600643525
0.6630999999999998 1600643525
0.45599999999999996 1600643525
0.5307 1600643525
0.4872000000000001 1600643525
0.5285 1600643525
0.5471000000000001 1600643525
0.6404000000000001 1600643525
0.7029999999999998 1600643525
0.6606000000000001 1600643525
0.556 1600643525
0.8042 1600643525
0.6047999999999998 1600643525
0.7408000000000001 1600643525
0.5685 1600643525
0.7043999999999999 1600643525
0.7134 1600643525
0.7036000000000002 1600643525
0.6977000000000002 1600643525
0.7025000000000001 1600643525
0.6443999999999999 1600643525
0.5951 1600643525
0.5838000000000001 1600643525
0.5369999999999999 1600643525
0.7784 1600643525
0.48239999999999994 1600643525
0.6391 1600643525
0.6465000000000001 1600643525
0.6315999999999999 1600643525
0.6962999999999999 1600643525
0.5589 1600643525
0.6829999999999998 1600643525
0.6274 1600643525
0.6917000000000002 1600643525
0.5726 1600643525
0.6642999999999999 1600643525
0.6159999999999999 1600643525
0.5211999999999999 1600643525
0.8313000000000001 1600643525
0.49039999999999995 1600643525
0.7791000000000001 1600643525
0.7297 1600643525
0.6012 1600643525
0.6184000000000001 1600643525
0.6277000000000001 1600643525
0.5485 1600643525
0.5718000000000001 1600643525
0.4828999999999999 1600643525
0.7552999999999999 1600643525
0.7886000000000002 1600643525
0.6519999999999999 1600643525
0.8094000000000001 1600643525
0.6352 1600643525
0.5900999999999998 1600643525
0.5707 1600643525
0.41780000000000017 1600643525
0.7155999999999998 1600643525
0.6663000000000001 1600643525
0.6171 1600643525
0.6058999999999999 1600643525
0.8128000000000002 1600643525
0.7442000000000002 1600643525
0.5501999999999998 1600643525
0.5898000000000001 1600643525
0.6057999999999999 1600643525
0.5998999999999999 1600643525
0.6920999999999999 1600643525
0.7574999999999998 1600643525
0.5535999999999999 1600643525
0.5993999999999999 1600643525
0.6392000000000002 1600643525
0.6630000000000003 1600643525
0.7482000000000002 1600643525
0.6442999999999999 1600643525
0.6950000000000001 1600643525
0.5390000000000001 1600643525
0.5489999999999999 1600643525
0.4892000000000001 1600643525
0.5807 1600643525
0.5656000000000001 1600643525
0.6062000000000001 1600643525
0.48919999999999986 1600643525
0.7225000000000001 1600643525
0.5374999999999999 1600643525
0.8805999999999998 1600643525
0.7203999999999999 1600643525
0.5652999999999999 1600643525
0.6075999999999997 1600643525
0.7418 1600643525
0.7851000000000001 1600643525
0.5944 1600643525
0.5055000000000001 1600643525
0.6052000000000002 1600643525
0.6038999999999999 1600643525
0.6034999999999999 1600643525
0.7137000000000002 1600643525
0.6434 1600643525
0.7214 1600643525
0.6993000000000003 1600643525
0.8149999999999997 1600643525
0.6257999999999997 1600643525
0.7404 1600643525
0.6274 1600643525
0.5587 1600643525
0.5671000000000002 1600643525
0.5071000000000001 1600643525
0.5739000000000001 1600643525
0.7159 1600643525
0.5682 1600643525
0.6214 1600643525
0.6936000000000002 1600643525
0.6041999999999998 1600643525
0.6715 1600643525
0.7014 1600643525
0.5338999999999998 1600643525
0.8294000000000001 1600643525
0.6095000000000002 1600643525
0.7812000000000001 1600643525
0.6978 1600643525
0.8055999999999999 1600643525
0.6125 1600643525
0.5231999999999999 1600643525
0.5968 1600643525
0.5567000000000002 1600643525
0.5477000000000001 1600643525
0.5777999999999999 1600643525
0.5786 1600643525
0.41690000000000005 1600643525
0.5338999999999998 1600643525
0.5511000000000001 1600643525
0.6721000000000001 1600643525
0.7324000000000002 1600643525
0.5485 1600643525
0.5884999999999998 1600643525
0.7492000000000001 1600643525
0.7988999999999999 1600643525
0.7807 1600643525
0.43090000000000006 1600643525
0.6491000000000002 1600643525
0.5824 1600643525
0.6020000000000001 1600643525
0.7295000000000003 1600643525
0.6256999999999999 1600643525
0.6315 1600643525
0.6432 1600643525
0.6821999999999999 1600643525
0.5569 1600643525
