0.19419999999999993 1600631746
0.10970000000000002 1600631746
0.16349999999999998 1600631746
0.3711 1600631746
0.18209999999999998 1600631746
0.30119999999999997 1600631746
0.11949999999999994 1600631746
0.12520000000000003 1600631746
0.14939999999999998 1600631746
0.26439999999999997 1600631746
0.31200000000000006 1600631746
0.14100000000000001 1600631746
0.23939999999999995 1600631746
0.23120000000000007 1600631746
0.36619999999999997 1600631746
0.1723 1600631746
0.09520000000000006 1600631746
0.16819999999999996 1600631746
0.19730000000000003 1600631746
0.36029999999999995 1600631746
0.24209999999999998 1600631746
0.1815 1600631746
0.22599999999999998 1600631746
0.25680000000000003 1600631746
0.24319999999999997 1600631746
0.1916 1600631746
0.259 1600631746
0.16800000000000004 1600631746
0.1593 1600631746
0.17060000000000003 1600631746
0.2358 1600631746
0.2661 1600631746
0.3518 1600631746
0.2604 1600631746
0.20550000000000002 1600631746
0.23749999999999993 1600631746
0.20750000000000002 1600631746
0.23749999999999993 1600631746
0.0756 1600631746
0.20810000000000006 1600631746
0.1341 1600631746
0.14350000000000007 1600631746
0.11529999999999996 1600631746
0.1795 1600631746
0.2508 1600631746
0.22220000000000006 1600631746
0.17669999999999997 1600631746
0.15569999999999995 1600631746
0.24930000000000002 1600631746
0.27770000000000006 1600631746
0.26049999999999995 1600631746
0.17079999999999995 1600631746
0.21760000000000002 1600631746
0.3687 1600631746
0.40480000000000005 1600631746
0.08940000000000003 1600631746
0.2811 1600631746
0.2509 1600631746
0.27699999999999997 1600631746
0.26459999999999995 1600631746
0.1402 1600631746
0.13119999999999998 1600631746
0.22200000000000003 1600631746
0.1301 1600631746
0.11439999999999995 1600631746
0.2728 1600631746
0.21830000000000005 1600631746
0.2749 1600631746
0.2589 1600631746
0.21139999999999998 1600631746
0.2183 1600631746
0.28080000000000005 1600631746
0.39309999999999995 1600631746
0.1855 1600631746
0.23819999999999997 1600631746
0.23800000000000004 1600631746
0.3546 1600631746
0.17899999999999994 1600631746
0.12450000000000006 1600631746
0.20030000000000003 1600631746
0.16909999999999997 1600631746
0.11559999999999998 1600631746
0.38050000000000006 1600631746
0.1341 1600631746
0.20229999999999998 1600631746
0.18309999999999998 1600631746
0.1296 1600631746
0.35850000000000004 1600631746
0.16519999999999996 1600631746
0.24079999999999996 1600631746
0.17390000000000005 1600631746
0.1796000000000001 1600631746
0.22899999999999998 1600631746
0.19610000000000005 1600631746
0.13029999999999997 1600631746
0.26399999999999996 1600631746
0.19780000000000003 1600631746
0.25909999999999994 1600631746
0.3320000000000001 1600631746
0.256 1600631746
0.2229 1600631746
0.14440000000000008 1600631746
0.43409999999999993 1600631746
0.19640000000000002 1600631746
0.20090000000000008 1600631746
0.13530000000000003 1600631746
0.20089999999999997 1600631746
0.27810000000000007 1600631746
0.29359999999999997 1600631746
0.13649999999999995 1600631746
0.22249999999999998 1600631746
0.2982 1600631746
0.20239999999999997 1600631746
0.15999999999999998 1600631746
0.11599999999999999 1600631746
0.24780000000000002 1600631746
0.2537999999999999 1600631746
0.24470000000000003 1600631746
0.15480000000000005 1600631746
0.21689999999999998 1600631746
0.17459999999999998 1600631746
0.24579999999999996 1600631746
0.29719999999999996 1600631746
0.2061 1600631746
0.1774 1600631746
0.22709999999999997 1600631746
0.1553 1600631746
0.20880000000000004 1600631746
0.33460000000000006 1600631746
0.13540000000000002 1600631746
0.20119999999999993 1600631746
0.21299999999999997 1600631746
0.20109999999999995 1600631746
0.25689999999999996 1600631746
0.31789999999999996 1600631746
0.23859999999999998 1600631746
0.21499999999999997 1600631746
0.20779999999999998 1600631746
0.12619999999999998 1600631746
0.16610000000000003 1600631746
0.135 1600631746
0.3522 1600631746
0.15269999999999995 1600631746
0.28280000000000005 1600631746
0.21639999999999998 1600631746
0.20170000000000005 1600631746
0.19140000000000001 1600631746
0.2225999999999999 1600631746
0.3708 1600631746
0.19829999999999998 1600631746
0.1945 1600631746
0.18879999999999997 1600631746
0.33100000000000007 1600631746
0.1129 1600631746
0.3445 1600631746
0.2551 1600631746
0.23120000000000007 1600631746
0.13779999999999998 1600631746
0.22010000000000002 1600631746
0.3317 1600631746
0.2517 1600631746
0.2098 1600631746
0.21090000000000003 1600631746
0.19479999999999997 1600631746
0.22010000000000007 1600631746
0.17520000000000002 1600631746
0.15379999999999994 1600631746
0.2048000000000001 1600631746
0.06459999999999999 1600631746
0.21919999999999995 1600631746
0.3218 1600631746
0.1473 1600631746
0.3602000000000001 1600631746
0.2597 1600631746
0.3698000000000001 1600631746
0.25429999999999997 1600631746
0.1442 1600631746
0.18690000000000007 1600631746
0.16460000000000008 1600631746
0.5194000000000001 1600631746
0.15519999999999995 1600631746
0.4128 1600631746
0.3839 1600631746
0.18770000000000003 1600631746
0.43029999999999996 1600631746
0.25 1600631746
0.36310000000000003 1600631746
0.2253 1600631746
0.17720000000000002 1600631746
0.1432 1600631746
0.24400000000000005 1600631746
0.2602 1600631746
0.24310000000000004 1600631746
0.21500000000000002 1600631746
0.2455 1600631746
0.20240000000000002 1600631746
0.05049999999999999 1600631746
0.12560000000000004 1600631746
0.2543 1600631746
0.18969999999999998 1600631746
0.2526 1600631746
0.25220000000000004 1600631746
0.2569 1600631746
0.15500000000000003 1600631746
0.13349999999999995 1600631746
0.13949999999999996 1600631746
0.1499999999999999 1600631746
0.2763 1600631746
0.15960000000000008 1600631746
0.40269999999999995 1600631746
0.19990000000000002 1600631746
0.18609999999999993 1600631746
0.19669999999999999 1600631746
0.15300000000000002 1600631746
0.1311 1600631746
0.21200000000000008 1600631746
0.1703 1600631746
0.22830000000000006 1600631746
0.22870000000000001 1600631746
0.18120000000000003 1600631746
0.18469999999999998 1600631746
0.17190000000000005 1600631746
0.2749 1600631746
0.25040000000000007 1600631746
0.2202 1600631746
0.2579 1600631746
0.3024 1600631746
0.1764 1600631746
0.19030000000000002 1600631746
0.29090000000000005 1600631746
0.16010000000000002 1600631746
0.26589999999999997 1600631746
0.3674 1600631746
0.1562 1600631746
0.20209999999999995 1600631746
0.20990000000000003 1600631746
0.24320000000000008 1600631746
0.29810000000000003 1600631746
0.12190000000000001 1600631746
0.12569999999999998 1600631746
0.18930000000000002 1600631746
0.23799999999999993 1600631746
0.2781 1600631746
0.23240000000000005 1600631746
0.122 1600631746
0.16679999999999995 1600631746
0.23019999999999996 1600631746
0.3399 1600631746
0.17500000000000004 1600631746
0.13029999999999997 1600631746
0.2763 1600631746
0.1533 1600631746
0.33599999999999997 1600631746
0.13290000000000002 1600631746
0.24939999999999996 1600631746
0.43960000000000005 1600631746
0.3967 1600631746
0.20730000000000004 1600631746
0.24880000000000002 1600631746
0.18779999999999997 1600631746
0.21199999999999997 1600631746
0.2543 1600631746
0.1311 1600631746
0.2107 1600631746
0.17699999999999994 1600631746
0.1764 1600631746
0.2617999999999999 1600631746
0.14209999999999995 1600631746
0.2260000000000001 1600631746
0.12360000000000004 1600631746
0.2632 1600631746
0.139 1600631746
0.30269999999999997 1600631746
0.22930000000000006 1600631746
0.4522 1600631746
0.2888 1600631746
0.14380000000000004 1600631746
0.28869999999999996 1600631746
0.1524000000000001 1600631746
0.42869999999999997 1600631746
0.2222 1600631746
0.3344 1600631746
0.22640000000000005 1600631746
0.29050000000000004 1600631746
0.2665 1600631746
0.2984 1600631746
0.16710000000000003 1600631746
0.14089999999999991 1600631746
0.2982 1600631746
0.2262 1600631746
0.22810000000000002 1600631746
0.3602000000000001 1600631746
0.1471 1600631746
0.22600000000000003 1600631746
0.4163 1600631746
0.2810999999999999 1600631746
0.2584 1600631746
0.3797 1600631746
0.2319 1600631746
0.14549999999999996 1600631746
0.19430000000000003 1600631746
0.35529999999999995 1600631746
0.2097 1600631746
0.23019999999999996 1600631746
0.15849999999999997 1600631746
0.1734 1600631746
0.2118 1600631746
0.1542 1600631746
0.1442 1600631746
0.29429999999999995 1600631746
0.20679999999999998 1600631746
0.19010000000000005 1600631746
0.16259999999999997 1600631746
0.2002 1600631746
0.122 1600631746
0.2973 1600631746
0.18100000000000005 1600631746
0.3002 1600631746
0.17910000000000004 1600631746
0.17780000000000007 1600631746
0.17390000000000005 1600631746
0.43509999999999993 1600631746
0.17379999999999995 1600631746
0.16160000000000008 1600631746
0.19140000000000001 1600631746
0.2112 1600631746
0.2988 1600631746
0.1623 1600631746
0.2037 1600631746
0.1688 1600631746
0.3276 1600631746
0.10060000000000002 1600631746
0.13329999999999997 1600631746
0.24860000000000004 1600631746
0.14129999999999998 1600631746
0.3667 1600631746
0.1291 1600631746
0.09239999999999993 1600631746
0.24619999999999997 1600631746
0.1422 1600631746
0.20720000000000005 1600631746
0.07009999999999994 1600631746
0.20940000000000003 1600631746
0.22839999999999994 1600631746
0.15769999999999995 1600631746
0.17209999999999992 1600631746
0.32019999999999993 1600631746
0.21729999999999994 1600631746
0.1926 1600631746
0.16779999999999995 1600631746
0.27279999999999993 1600631746
0.26469999999999994 1600631746
0.16300000000000003 1600631746
0.265 1600631746
0.23729999999999996 1600631746
0.264 1600631746
0.25039999999999996 1600631746
0.2257 1600631746
0.12059999999999993 1600631746
0.2579 1600631746
0.12990000000000002 1600631746
0.17270000000000008 1600631746
0.2791 1600631746
0.12580000000000002 1600631746
0.13019999999999998 1600631746
0.16169999999999995 1600631746
0.16969999999999996 1600631746
0.18319999999999997 1600631746
0.29129999999999995 1600631746
0.20690000000000008 1600631746
0.11929999999999996 1600631746
0.2659 1600631746
0.2627 1600631746
0.2519 1600631746
0.20650000000000002 1600631746
0.1905 1600631746
0.23279999999999995 1600631746
0.44539999999999996 1600631746
0.34320000000000006 1600631746
0.28190000000000004 1600631746
0.1623 1600631746
0.2006 1600631746
0.13459999999999994 1600631746
0.29100000000000004 1600631746
0.22739999999999994 1600631746
0.24950000000000006 1600631746
0.21089999999999998 1600631746
0.22100000000000009 1600631746
0.16780000000000006 1600631746
0.2101 1600631746
0.2804 1600631746
0.23609999999999998 1600631746
0.2237 1600631746
0.30289999999999995 1600631746
0.18879999999999997 1600631746
0.37660000000000005 1600631746
0.13679999999999992 1600631746
0.4384 1600631746
0.241 1600631746
0.2774 1600631746
0.2748999999999999 1600631746
0.3226 1600631746
0.2837 1600631746
0.24950000000000006 1600631746
0.3488 1600631746
0.2501 1600631746
0.2871 1600631746
0.18530000000000008 1600631746
0.16069999999999995 1600631746
0.23399999999999999 1600631746
0.19440000000000002 1600631746
0.32980000000000004 1600631746
0.1996 1600631746
0.24530000000000002 1600631746
0.15149999999999997 1600631746
0.23820000000000002 1600631746
0.17989999999999995 1600631746
0.13280000000000003 1600631746
0.24570000000000003 1600631746
0.11859999999999998 1600631746
0.11420000000000002 1600631746
0.12649999999999995 1600631746
0.18430000000000002 1600631746
0.18360000000000004 1600631746
0.19470000000000004 1600631746
0.14429999999999998 1600631746
0.2613000000000001 1600631746
0.15039999999999998 1600631746
0.1664 1600631746
0.29080000000000006 1600631746
0.31189999999999996 1600631746
0.15569999999999995 1600631746
0.26450000000000007 1600631746
0.3732 1600631746
0.17379999999999995 1600631746
0.15990000000000004 1600631746
0.22609999999999997 1600631746
0.15219999999999995 1600631746
0.2267 1600631746
0.22970000000000007 1600631746
0.34420000000000006 1600631746
0.19399999999999995 1600631746
0.17609999999999992 1600631746
0.21360000000000007 1600631746
0.3716 1600631746
0.22219999999999995 1600631746
0.09409999999999996 1600631746
0.25670000000000004 1600631746
0.2939 1600631746
0.20350000000000001 1600631746
0.10719999999999996 1600631746
0.3031 1600631746
0.3518 1600631746
0.1865 1600631746
0.21699999999999997 1600631746
0.1553 1600631746
0.31109999999999993 1600631746
0.19530000000000003 1600631746
0.31240000000000007 1600631746
0.352 1600631746
0.13259999999999994 1600631746
0.1805 1600631746
0.11139999999999994 1600631746
0.28620000000000007 1600631746
0.20640000000000003 1600631746
0.13630000000000003 1600631746
0.26270000000000004 1600631746
0.17000000000000004 1600631746
0.3742 1600631746
0.23209999999999997 1600631746
0.2223 1600631746
0.22999999999999998 1600631746
0.25370000000000004 1600631746
0.2015 1600631746
0.4451 1600631746
0.26370000000000005 1600631746
0.23320000000000007 1600631746
0.16389999999999993 1600631746
0.1994999999999999 1600631746
0.22439999999999993 1600631746
0.126 1600631746
0.21020000000000005 1600631746
0.09589999999999999 1600631746
0.3179 1600631746
0.2138000000000001 1600631746
0.1341 1600631746
0.21210000000000007 1600631746
0.21250000000000002 1600631746
0.33599999999999997 1600631746
0.1572 1600631746
0.2107 1600631746
0.24819999999999998 1600631746
0.17309999999999992 1600631746
0.23630000000000007 1600631746
0.1714 1600631746
0.44619999999999993 1600631746
0.20419999999999994 1600631746
0.28290000000000004 1600631746
0.11209999999999998 1600631746
0.12609999999999993 1600631746
0.2645 1600631746
0.2431000000000001 1600631746
0.1903999999999999 1600631746
0.12969999999999993 1600631746
0.2696 1600631746
0.2812 1600631746
0.15689999999999993 1600631746
0.28840000000000005 1600631746
0.0776 1600631746
0.17189999999999994 1600631746
0.17499999999999993 1600631746
0.19089999999999996 1600631746
