1.3811999999999998 1600227519
1.4034 1600227519
1.2671999999999999 1600227519
1.3952999999999998 1600227519
1.4222000000000001 1600227519
1.4563000000000001 1600227519
1.4384000000000001 1600227519
1.2671000000000001 1600227519
1.4649 1600227519
1.0966999999999998 1600227519
1.459 1600227519
1.391 1600227519
1.4897999999999998 1600227519
1.1016 1600227519
1.4579 1600227519
1.4316 1600227519
1.4665 1600227519
1.3987000000000003 1600227519
1.0478999999999998 1600227519
1.4110999999999998 1600227519
1.4653999999999998 1600227519
1.4205999999999999 1600227519
1.4888 1600227519
1.3605999999999998 1600227519
1.4315000000000002 1600227519
1.3323999999999998 1600227519
1.3657999999999997 1600227519
1.3567 1600227519
1.4198999999999997 1600227519
1.4114999999999998 1600227519
1.3590999999999998 1600227519
1.4135 1600227519
1.4819 1600227519
1.3748 1600227519
0.6014 1600227519
1.3683 1600227519
1.3759000000000001 1600227519
1.4900000000000002 1600227519
1.4664000000000001 1600227519
1.4203999999999999 1600227519
1.3598 1600227519
1.4374000000000002 1600227519
1.4380000000000002 1600227519
1.4381 1600227519
1.4569 1600227519
1.3811 1600227519
1.4082 1600227519
1.3594 1600227519
1.3546 1600227519
1.4646 1600227519
1.3687 1600227519
1.4716 1600227519
1.5069 1600227519
1.4728999999999997 1600227519
1.3956 1600227519
1.4899999999999998 1600227519
1.4744000000000002 1600227519
1.0968 1600227519
1.2835 1600227519
1.4825 1600227519
1.4552 1600227519
1.4013999999999998 1600227519
1.3464 1600227519
1.4362999999999997 1600227519
1.4322000000000001 1600227519
1.3398999999999999 1600227519
1.3774 1600227519
1.4727 1600227519
1.3739000000000001 1600227519
1.4317000000000002 1600227519
1.5223000000000002 1600227519
1.4658000000000002 1600227519
1.3749 1600227519
1.3775000000000002 1600227519
1.4379000000000002 1600227519
1.3416 1600227519
1.4653999999999998 1600227519
1.2677 1600227519
1.1022 1600227519
1.2515 1600227519
1.4199 1600227519
1.4000000000000001 1600227519
1.4568999999999999 1600227519
1.4205999999999999 1600227519
1.3769000000000002 1600227519
1.3592 1600227519
1.3651 1600227519
1.3477000000000001 1600227519
1.3593 1600227519
1.4047 1600227519
1.4316 1600227519
1.4199000000000002 1600227519
1.4377000000000002 1600227519
1.4215 1600227519
1.3333 1600227519
1.4592999999999998 1600227519
1.4316000000000002 1600227519
1.3722999999999999 1600227519
1.4659000000000002 1600227519
1.2674 1600227519
1.4244 1600227519
1.4002 1600227519
1.3599999999999999 1600227519
1.4043999999999999 1600227519
1.4133000000000002 1600227519
1.3751000000000002 1600227519
1.4319 1600227519
1.3601 1600227519
1.3659000000000001 1600227519
1.4371999999999998 1600227519
1.4245999999999999 1600227519
1.4653999999999998 1600227519
1.3322 1600227519
1.4656000000000002 1600227519
1.3088 1600227519
1.0966 1600227519
1.3684 1600227519
1.4727999999999999 1600227519
1.2673 1600227519
1.4380000000000002 1600227519
1.3774000000000002 1600227519
1.4653 1600227519
1.5149 1600227519
1.33 1600227519
1.39 1600227519
1.3321 1600227519
1.1021 1600227519
1.3683 1600227519
1.4901000000000002 1600227519
1.4713999999999998 1600227519
1.4654 1600227519
1.3336 1600227519
1.2832000000000001 1600227519
1.4884000000000002 1600227519
1.4724000000000002 1600227519
1.3687000000000002 1600227519
1.4382 1600227519
1.5151000000000001 1600227519
1.2671000000000001 1600227519
1.3331000000000002 1600227519
1.4290999999999998 1600227519
1.4651999999999998 1600227519
1.0854000000000001 1600227519
1.3832000000000002 1600227519
1.4375 1600227519
1.4314999999999998 1600227519
1.4375 1600227519
1.4263 1600227519
1.0960999999999999 1600227519
1.3831000000000002 1600227519
1.383 1600227519
1.3455 1600227519
1.4891 1600227519
1.4316 1600227519
1.3081 1600227519
1.4657 1600227519
1.4488999999999996 1600227519
1.4489999999999998 1600227519
1.4581999999999997 1600227519
1.3591000000000002 1600227519
1.5233999999999999 1600227519
1.0966 1600227519
1.3838000000000001 1600227519
1.4576000000000002 1600227519
1.4577000000000002 1600227519
1.3588000000000002 1600227519
1.3167000000000002 1600227519
1.4315 1600227519
1.4074000000000002 1600227519
1.2602 1600227519
1.3165 1600227519
1.4375000000000002 1600227519
1.4647000000000001 1600227519
1.382 1600227519
1.0958 1600227519
1.2684 1600227519
1.4378 1600227519
1.4717 1600227519
1.3867 1600227519
1.3952 1600227519
1.4209 1600227519
1.4647 1600227519
1.36 1600227519
1.36 1600227519
1.4646000000000001 1600227519
1.3687000000000002 1600227519
1.3699999999999999 1600227519
1.3849000000000002 1600227519
1.4206 1600227519
1.2591 1600227519
1.3840000000000001 1600227519
1.2512 1600227519
1.3750000000000002 1600227519
1.4309999999999998 1600227519
1.457 1600227519
1.4033 1600227519
1.465 1600227519
1.4319000000000002 1600227519
1.3986999999999998 1600227519
1.4657 1600227519
1.4499000000000002 1600227519
1.4716 1600227519
1.4570999999999998 1600227519
1.4112 1600227519
1.3642 1600227519
1.4666000000000001 1600227519
1.3815 1600227519
1.4585 1600227519
1.3566 1600227519
1.3598000000000001 1600227519
1.373 1600227519
1.4073000000000002 1600227519
1.4138000000000002 1600227519
1.4148999999999998 1600227519
0.7879 1600227519
1.3689 1600227519
1.4486 1600227519
1.3658000000000001 1600227519
1.4031000000000002 1600227519
1.3306000000000002 1600227519
1.4646000000000001 1600227519
1.4062999999999999 1600227519
1.5151 1600227519
1.4872999999999998 1600227519
1.4667000000000001 1600227519
1.443 1600227519
1.4586 1600227519
1.4163999999999999 1600227519
1.3687000000000002 1600227519
1.4666000000000001 1600227519
1.5151 1600227519
1.4660000000000002 1600227519
1.4645 1600227519
1.3688000000000002 1600227519
1.3463 1600227519
1.4609999999999999 1600227519
1.4321 1600227519
1.4811 1600227519
1.3298 1600227519
1.3908 1600227519
1.3852 1600227519
1.3841999999999999 1600227519
1.3687 1600227519
1.4489999999999998 1600227519
1.4082999999999999 1600227519
1.3594 1600227519
1.2831000000000001 1600227519
1.491 1600227519
1.4204999999999999 1600227519
1.4650999999999998 1600227519
1.4039000000000001 1600227519
1.3248000000000002 1600227519
1.3467000000000002 1600227519
1.3334000000000001 1600227519
1.1087 1600227519
1.3956 1600227519
1.096 1600227519
1.4206 1600227519
1.3602999999999998 1600227519
1.4041 1600227519
1.4378 1600227519
1.4145999999999999 1600227519
1.3589 1600227519
1.3805999999999998 1600227519
1.4686000000000001 1600227519
1.3169000000000002 1600227519
1.0966 1600227519
1.4501 1600227519
1.474 1600227519
1.4075 1600227519
1.0766 1600227519
1.4740000000000002 1600227519
1.4648 1600227519
1.4058 1600227519
1.36 1600227519
1.4651999999999998 1600227519
1.4381000000000002 1600227519
1.3601999999999999 1600227519
1.4378000000000002 1600227519
1.4584000000000001 1600227519
1.4657000000000002 1600227519
1.4719 1600227519
1.45 1600227519
1.4043999999999999 1600227519
1.4501000000000002 1600227519
1.4036 1600227519
1.4658000000000002 1600227519
1.3521999999999998 1600227519
1.4650999999999998 1600227519
1.4252 1600227519
1.5221000000000002 1600227519
1.4202000000000001 1600227519
1.3913 1600227519
1.4868 1600227519
1.3833 1600227519
1.4570999999999998 1600227519
1.4038000000000002 1600227519
1.4031 1600227519
1.4572 1600227519
1.4147 1600227519
1.3720999999999999 1600227519
1.4039 1600227519
1.4058 1600227519
1.3184 1600227519
1.3166 1600227519
1.4145999999999999 1600227519
1.4326999999999999 1600227519
1.3566 1600227519
1.1021 1600227519
1.366 1600227519
1.4738 1600227519
1.4342 1600227519
1.5142 1600227519
1.4656 1600227519
1.3724999999999998 1600227519
1.1091 1600227519
1.438 1600227519
1.3294 1600227519
1.4676000000000002 1600227519
1.4654 1600227519
1.4383000000000001 1600227519
1.36 1600227519
1.4194000000000002 1600227519
1.3854 1600227519
1.2588 1600227519
1.4718000000000002 1600227519
1.4587 1600227519
1.2673 1600227519
1.2515 1600227519
1.5148 1600227519
1.4183000000000001 1600227519
1.4321 1600227519
1.4143000000000001 1600227519
1.4785 1600227519
1.4655 1600227519
1.4187 1600227519
1.4029 1600227519
1.3320999999999998 1600227519
1.4198000000000002 1600227519
1.425 1600227519
1.3966 1600227519
1.2587 1600227519
1.3473 1600227519
1.3816 1600227519
1.3838000000000001 1600227519
1.359 1600227519
1.3604 1600227519
1.2694 1600227519
1.352 1600227519
1.4251999999999998 1600227519
1.3535000000000001 1600227519
1.0956000000000001 1600227519
1.4039 1600227519
1.4664000000000001 1600227519
1.3331000000000002 1600227519
1.3602999999999998 1600227519
1.5146 1600227519
1.4731999999999998 1600227519
1.1103 1600227519
1.1087 1600227519
1.2673 1600227519
1.4656 1600227519
1.0962 1600227519
1.3013000000000001 1600227519
1.4746 1600227519
1.4667000000000001 1600227519
1.4027999999999998 1600227519
1.5149 1600227519
1.4048999999999998 1600227519
1.3684999999999998 1600227519
1.4383000000000001 1600227519
1.0888 1600227519
1.4661000000000002 1600227519
1.4722000000000002 1600227519
1.2676 1600227519
1.4653999999999998 1600227519
1.3964999999999999 1600227519
1.4187 1600227519
1.4114 1600227519
1.5150000000000001 1600227519
1.5148 1600227519
1.4143999999999999 1600227519
1.4179 1600227519
1.3993000000000002 1600227519
1.4328 1600227519
1.3397 1600227519
1.5153 1600227519
1.1085 1600227519
1.4373000000000002 1600227519
1.438 1600227519
1.4662 1600227519
1.4205999999999999 1600227519
1.3592000000000002 1600227519
1.3831 1600227519
1.4375000000000002 1600227519
1.4189 1600227519
1.3165000000000002 1600227519
1.4187999999999998 1600227519
1.1028 1600227519
1.4727 1600227519
1.3654 1600227519
1.3951 1600227519
1.4061000000000001 1600227519
1.3325000000000002 1600227519
1.465 1600227519
1.3745 1600227519
1.3595 1600227519
1.4196000000000002 1600227519
1.4217000000000002 1600227519
1.2515 1600227519
1.3238999999999999 1600227519
1.4650999999999998 1600227519
1.3698 1600227519
1.3837 1600227519
1.4196000000000002 1600227519
1.4666000000000001 1600227519
1.3966 1600227519
1.4142 1600227519
1.4739000000000002 1600227519
1.4320000000000002 1600227519
1.4384 1600227519
1.3763 1600227519
1.3472000000000002 1600227519
1.3331 1600227519
1.3592000000000002 1600227519
1.3516000000000001 1600227519
1.4326999999999999 1600227519
1.4713 1600227519
1.4381000000000002 1600227519
1.4431 1600227519
1.3949 1600227519
1.1021 1600227519
1.4040000000000001 1600227519
1.36 1600227519
1.4324000000000001 1600227519
1.3684999999999998 1600227519
1.3724 1600227519
1.4143000000000001 1600227519
1.3325 1600227519
1.2835 1600227519
1.4727999999999999 1600227519
1.3962 1600227519
1.4313 1600227519
1.3838000000000001 1600227519
1.3470000000000002 1600227519
1.4901000000000002 1600227519
1.4200000000000002 1600227519
1.4491 1600227519
1.4648999999999999 1600227519
1.3739000000000001 1600227519
1.4058 1600227519
1.4044 1600227519
1.3701999999999999 1600227519
1.3545 1600227519
1.2514 1600227519
1.3767999999999998 1600227519
1.4126999999999998 1600227519
1.4044999999999999 1600227519
1.4725 1600227519
1.4652999999999998 1600227519
1.4250999999999998 1600227519
1.4975 1600227519
1.4738000000000002 1600227519
1.3597000000000001 1600227519
1.4657000000000002 1600227519
1.3987 1600227519
1.3687000000000002 1600227519
1.4197 1600227519
1.3592000000000002 1600227519
1.4326999999999999 1600227519
1.4376 1600227519
1.4317000000000002 1600227519
1.4038000000000002 1600227519
1.5150000000000001 1600227519
1.4185 1600227519
1.4380000000000002 1600227519
1.4651999999999998 1600227519
1.4662000000000002 1600227519
1.4014000000000002 1600227519
1.4657 1600227519
1.5223000000000002 1600227519
1.457 1600227519
1.4029 1600227519
1.4175 1600227519
1.3549 1600227519
1.3585 1600227519
1.4377000000000002 1600227519
1.4133 1600227519
1.4646000000000001 1600227519
1.4658 1600227519
1.3688000000000002 1600227519
1.3332000000000002 1600227519
1.5151999999999999 1600227519
1.3721999999999999 1600227519
1.438 1600227519
1.4571999999999998 1600227519
1.3837 1600227519
1.4425999999999999 1600227519
1.4042000000000001 1600227519
1.4661000000000002 1600227519
1.4663000000000002 1600227519
1.4177 1600227519
1.4654 1600227519
1.3592 1600227519
1.3836000000000002 1600227519
1.4037000000000002 1600227519
1.4382 1600227519
1.4041000000000001 1600227519
1.2754 1600227519
1.3338 1600227519
1.2516 1600227519
1.4625 1600227519
