223.2696 1600680783
223.5675 1600680783
196.56539999999998 1600680783
212.56109999999998 1600680783
223.8466 1600680783
224.43650000000002 1600680783
195.69819999999999 1600680783
221.7444 1600680783
211.5176 1600680783
216.02210000000002 1600680783
205.59500000000003 1600680783
216.8433 1600680783
209.8735 1600680783
213.7956 1600680783
216.3772 1600680783
207.9671 1600680783
214.92540000000002 1600680783
213.17350000000002 1600680783
215.2413 1600680783
216.39669999999998 1600680783
179.34949999999998 1600680783
213.877 1600680783
223.93789999999998 1600680783
219.07350000000002 1600680783
210.92329999999998 1600680783
117.8854 1600680783
216.38830000000002 1600680783
200.65300000000002 1600680783
213.9572 1600680783
208.0959 1600680783
213.8087 1600680783
160.3983 1600680783
224.9255 1600680783
222.46130000000002 1600680783
215.1145 1600680783
218.7541 1600680783
217.1663 1600680783
219.94910000000002 1600680783
224.8612 1600680783
224.52419999999998 1600680783
214.89000000000001 1600680783
223.3463 1600680783
211.0742 1600680783
216.1322 1600680783
221.94369999999998 1600680783
224.87640000000002 1600680783
221.8853 1600680783
212.63739999999999 1600680783
224.834 1600680783
224.0103 1600680783
224.8321 1600680783
210.43820000000002 1600680783
218.52130000000002 1600680783
224.8653 1600680783
213.21429999999998 1600680783
223.9332 1600680783
216.60320000000002 1600680783
216.62109999999998 1600680783
216.3793 1600680783
205.46030000000002 1600680783
224.8303 1600680783
216.8341 1600680783
224.823 1600680783
208.76360000000003 1600680783
210.91930000000002 1600680783
201.4906 1600680783
215.5625 1600680783
223.8736 1600680783
216.68230000000003 1600680783
213.24190000000002 1600680783
213.1224 1600680783
224.2854 1600680783
211.0986 1600680783
215.5261 1600680783
210.8034 1600680783
214.8913 1600680783
213.22650000000002 1600680783
219.88400000000001 1600680783
223.8132 1600680783
216.4069 1600680783
216.4144 1600680783
224.9198 1600680783
216.06099999999998 1600680783
162.0803 1600680783
209.08530000000002 1600680783
211.6704 1600680783
182.8985 1600680783
224.135 1600680783
210.84040000000002 1600680783
170.7697 1600680783
224.84500000000003 1600680783
167.27210000000002 1600680783
214.93810000000002 1600680783
211.49849999999998 1600680783
208.7272 1600680783
224.45710000000003 1600680783
223.8177 1600680783
209.90370000000001 1600680783
212.0358 1600680783
224.4418 1600680783
224.76520000000002 1600680783
217.46910000000003 1600680783
217.1687 1600680783
224.8811 1600680783
215.22140000000002 1600680783
215.5954 1600680783
215.61829999999998 1600680783
223.4639 1600680783
207.20950000000002 1600680783
224.8269 1600680783
215.2324 1600680783
216.8441 1600680783
215.57000000000002 1600680783
217.17 1600680783
223.4712 1600680783
218.6718 1600680783
215.1634 1600680783
169.42180000000002 1600680783
212.08229999999998 1600680783
214.28750000000002 1600680783
225.0024 1600680783
224.3924 1600680783
214.3098 1600680783
224.4404 1600680783
216.0658 1600680783
216.04639999999998 1600680783
194.8437 1600680783
206.0417 1600680783
217.4666 1600680783
215.6197 1600680783
224.4487 1600680783
216.8989 1600680783
208.73999999999998 1600680783
193.58249999999998 1600680783
215.60129999999998 1600680783
215.20729999999998 1600680783
81.5848 1600680783
224.54780000000002 1600680783
224.76000000000002 1600680783
213.17489999999998 1600680783
224.66969999999998 1600680783
223.9107 1600680783
184.6213 1600680783
224.8564 1600680783
213.0788 1600680783
224.2974 1600680783
222.84550000000002 1600680783
216.8407 1600680783
188.0794 1600680783
219.146 1600680783
167.0494 1600680783
214.0807 1600680783
214.3221 1600680783
223.1844 1600680783
222.84029999999998 1600680783
215.6043 1600680783
188.7037 1600680783
223.96880000000002 1600680783
215.59789999999998 1600680783
222.3639 1600680783
219.57070000000002 1600680783
216.3215 1600680783
192.5529 1600680783
198.07489999999999 1600680783
151.6846 1600680783
212.12679999999997 1600680783
224.42329999999998 1600680783
184.4444 1600680783
214.36610000000002 1600680783
223.47500000000002 1600680783
216.61409999999998 1600680783
213.9652 1600680783
214.87539999999998 1600680783
214.9302 1600680783
222.72150000000002 1600680783
208.178 1600680783
224.28920000000002 1600680783
215.1681 1600680783
215.16170000000002 1600680783
224.2054 1600680783
216.90079999999998 1600680783
192.42950000000002 1600680783
214.8345 1600680783
222.508 1600680783
217.95559999999998 1600680783
191.04889999999997 1600680783
218.1929 1600680783
207.78209999999999 1600680783
224.6875 1600680783
224.8841 1600680783
224.8279 1600680783
222.5088 1600680783
207.1408 1600680783
203.06410000000002 1600680783
218.8608 1600680783
213.78369999999998 1600680783
187.24269999999999 1600680783
215.5711 1600680783
214.3428 1600680783
224.86040000000003 1600680783
213.23039999999997 1600680783
207.3282 1600680783
224.3419 1600680783
213.80120000000002 1600680783
224.0137 1600680783
215.2061 1600680783
216.0493 1600680783
215.21259999999998 1600680783
224.9271 1600680783
224.7642 1600680783
214.87099999999998 1600680783
216.60590000000002 1600680783
182.91310000000001 1600680783
154.254 1600680783
224.99880000000002 1600680783
224.0047 1600680783
224.3021 1600680783
216.83780000000002 1600680783
224.92110000000002 1600680783
212.7147 1600680783
155.3433 1600680783
224.92430000000002 1600680783
183.54219999999998 1600680783
224.8897 1600680783
218.8155 1600680783
224.3897 1600680783
204.41549999999998 1600680783
223.19459999999998 1600680783
213.22830000000002 1600680783
178.8161 1600680783
215.1335 1600680783
224.1133 1600680783
212.0471 1600680783
224.75820000000002 1600680783
196.6036 1600680783
216.3923 1600680783
224.43259999999998 1600680783
214.0327 1600680783
224.6472 1600680783
220.9197 1600680783
218.4139 1600680783
224.871 1600680783
176.8975 1600680783
185.1115 1600680783
224.4413 1600680783
216.5924 1600680783
224.8685 1600680783
215.6024 1600680783
214.3247 1600680783
224.8251 1600680783
216.04749999999999 1600680783
216.38539999999998 1600680783
216.38420000000002 1600680783
216.05239999999998 1600680783
222.3348 1600680783
218.7713 1600680783
224.99800000000002 1600680783
223.8761 1600680783
224.87310000000002 1600680783
193.1805 1600680783
214.33870000000002 1600680783
224.92239999999998 1600680783
224.95999999999998 1600680783
224.4582 1600680783
224.2041 1600680783
212.68609999999998 1600680783
215.59279999999998 1600680783
210.9568 1600680783
196.7021 1600680783
218.3024 1600680783
142.24720000000002 1600680783
176.5959 1600680783
213.18030000000002 1600680783
216.0643 1600680783
213.87609999999998 1600680783
215.5614 1600680783
214.2883 1600680783
224.8463 1600680783
212.6777 1600680783
213.79309999999998 1600680783
224.8548 1600680783
203.7358 1600680783
222.1402 1600680783
223.82569999999998 1600680783
197.9097 1600680783
223.6701 1600680783
216.10490000000001 1600680783
215.5217 1600680783
173.5546 1600680783
203.62300000000002 1600680783
224.76160000000002 1600680783
216.3866 1600680783
215.147 1600680783
224.92620000000002 1600680783
210.8963 1600680783
222.52159999999998 1600680783
224.38539999999998 1600680783
216.6118 1600680783
224.9969 1600680783
222.6755 1600680783
224.4498 1600680783
189.39440000000002 1600680783
197.1545 1600680783
222.3562 1600680783
219.6774 1600680783
215.2273 1600680783
225.00070000000002 1600680783
223.53230000000002 1600680783
210.95829999999998 1600680783
200.13340000000002 1600680783
212.60590000000002 1600680783
222.2802 1600680783
215.1481 1600680783
172.7387 1600680783
172.3931 1600680783
177.47189999999998 1600680783
215.1404 1600680783
216.3879 1600680783
175.72220000000002 1600680783
209.82219999999998 1600680783
225.0026 1600680783
214.7826 1600680783
214.9488 1600680783
211.09429999999998 1600680783
215.6043 1600680783
209.23129999999998 1600680783
212.0172 1600680783
213.21740000000003 1600680783
212.5336 1600680783
224.6784 1600680783
0.4635 1600680783
224.9929 1600680783
214.95260000000002 1600680783
210.973 1600680783
224.86759999999998 1600680783
216.0505 1600680783
186.61970000000002 1600680783
212.5221 1600680783
214.0842 1600680783
218.76610000000002 1600680783
206.03459999999998 1600680783
205.5873 1600680783
210.21079999999998 1600680783
224.7571 1600680783
215.5989 1600680783
212.5249 1600680783
224.0625 1600680783
213.7944 1600680783
205.51 1600680783
185.696 1600680783
214.29389999999998 1600680783
212.1588 1600680783
193.1297 1600680783
224.83610000000002 1600680783
224.8373 1600680783
224.8699 1600680783
223.09369999999998 1600680783
213.0722 1600680783
216.0239 1600680783
223.8222 1600680783
224.8747 1600680783
224.8884 1600680783
211.5719 1600680783
214.86319999999998 1600680783
212.63340000000002 1600680783
213.9583 1600680783
219.8074 1600680783
187.2066 1600680783
224.0689 1600680783
214.0346 1600680783
224.39380000000003 1600680783
200.002 1600680783
212.6875 1600680783
224.4357 1600680783
215.2905 1600680783
220.6292 1600680783
224.8639 1600680783
213.22410000000002 1600680783
212.0149 1600680783
224.85979999999998 1600680783
216.10000000000002 1600680783
210.65810000000002 1600680783
224.82209999999998 1600680783
224.1073 1600680783
215.53119999999998 1600680783
218.9979 1600680783
211.6526 1600680783
222.57340000000002 1600680783
216.59019999999998 1600680783
224.52530000000002 1600680783
216.3958 1600680783
187.16490000000002 1600680783
222.1478 1600680783
214.40300000000002 1600680783
199.59279999999998 1600680783
207.645 1600680783
224.46050000000002 1600680783
215.2235 1600680783
221.7429 1600680783
211.6192 1600680783
199.61950000000002 1600680783
187.1622 1600680783
212.6048 1600680783
224.9961 1600680783
214.2959 1600680783
214.2837 1600680783
166.0939 1600680783
216.8451 1600680783
216.5871 1600680783
205.3861 1600680783
212.5306 1600680783
224.4295 1600680783
211.9955 1600680783
224.6799 1600680783
204.86120000000003 1600680783
224.87969999999999 1600680783
194.1185 1600680783
224.8511 1600680783
220.5732 1600680783
215.22930000000002 1600680783
199.40980000000002 1600680783
212.07080000000002 1600680783
216.8361 1600680783
216.41150000000002 1600680783
214.7882 1600680783
215.2974 1600680783
218.5079 1600680783
216.1105 1600680783
220.6568 1600680783
223.08610000000002 1600680783
225.0012 1600680783
223.7551 1600680783
212.6785 1600680783
214.32029999999997 1600680783
217.5097 1600680783
214.78179999999998 1600680783
212.5243 1600680783
224.68470000000002 1600680783
216.5943 1600680783
216.7737 1600680783
178.5457 1600680783
216.0553 1600680783
224.8295 1600680783
215.14530000000002 1600680783
221.75240000000002 1600680783
221.0415 1600680783
179.2298 1600680783
210.93540000000002 1600680783
202.77270000000001 1600680783
204.43740000000003 1600680783
216.589 1600680783
224.84570000000002 1600680783
220.88660000000002 1600680783
205.3378 1600680783
219.38119999999998 1600680783
195.2452 1600680783
216.5988 1600680783
224.925 1600680783
214.9319 1600680783
216.41850000000002 1600680783
212.56019999999998 1600680783
220.74630000000002 1600680783
215.52970000000002 1600680783
208.68560000000002 1600680783
208.3493 1600680783
214.3107 1600680783
208.94029999999998 1600680783
224.9912 1600680783
211.4573 1600680783
214.31719999999999 1600680783
224.4383 1600680783
215.57659999999998 1600680783
216.10160000000002 1600680783
220.74970000000002 1600680783
224.4087 1600680783
223.2713 1600680783
223.5363 1600680783
216.05169999999998 1600680783
221.951 1600680783
221.6697 1600680783
208.3953 1600680783
204.8633 1600680783
212.019 1600680783
223.3685 1600680783
218.7735 1600680783
223.80110000000002 1600680783
212.7039 1600680783
206.2642 1600680783
224.7923 1600680783
224.52349999999998 1600680783
222.24720000000002 1600680783
183.382 1600680783
215.5719 1600680783
216.10920000000002 1600680783
219.2282 1600680783
209.73620000000003 1600680783
193.125 1600680783
147.39159999999998 1600680783
224.45520000000002 1600680783
215.16920000000002 1600680783
212.1262 1600680783
216.3744 1600680783
215.23080000000002 1600680783
215.5282 1600680783
216.3719 1600680783
218.8235 1600680783
215.5646 1600680783
178.7442 1600680783
193.17659999999998 1600680783
215.6524 1600680783
213.1317 1600680783
224.99360000000001 1600680783
