0.22170000000000004 1600631968
0.2975 1600631968
0.1872 1600631968
0.21009999999999998 1600631968
0.2179 1600631968
0.1903 1600631968
0.22730000000000003 1600631968
0.1873 1600631968
0.1606 1600631968
0.1927 1600631968
0.2342 1600631968
0.3085 1600631968
0.42079999999999995 1600631968
0.3569 1600631968
0.26639999999999997 1600631968
0.2741 1600631968
0.19770000000000001 1600631968
0.3063 1600631968
0.28969999999999996 1600631968
0.31909999999999994 1600631968
0.24100000000000002 1600631968
0.20070000000000002 1600631968
0.4635 1600631968
0.1984 1600631968
0.20670000000000002 1600631968
0.233 1600631968
0.221 1600631968
0.31809999999999994 1600631968
0.1989 1600631968
0.2661 1600631968
0.22779999999999997 1600631968
0.22319999999999998 1600631968
0.27749999999999997 1600631968
0.2186 1600631968
0.2975 1600631968
0.2336 1600631968
0.21359999999999998 1600631968
0.38259999999999994 1600631968
0.19920000000000002 1600631968
0.31989999999999996 1600631968
0.19820000000000002 1600631968
0.26049999999999995 1600631968
0.18739999999999998 1600631968
0.2221 1600631968
0.1954 1600631968
0.2428 1600631968
0.1832 1600631968
0.24789999999999998 1600631968
0.2114 1600631968
0.3115 1600631968
0.22569999999999998 1600631968
0.2408 1600631968
0.19010000000000002 1600631968
0.2593 1600631968
0.211 1600631968
0.18389999999999998 1600631968
0.22690000000000002 1600631968
0.2332 1600631968
0.2406 1600631968
0.2673 1600631968
0.22779999999999997 1600631968
0.21319999999999997 1600631968
0.2285 1600631968
0.28859999999999997 1600631968
0.2712 1600631968
0.2593 1600631968
0.26349999999999996 1600631968
0.2561 1600631968
0.24150000000000002 1600631968
0.20570000000000002 1600631968
0.1813 1600631968
0.46419999999999995 1600631968
0.20860000000000004 1600631968
0.2649 1600631968
0.22719999999999999 1600631968
0.24939999999999998 1600631968
0.3032 1600631968
0.1752 1600631968
0.24339999999999998 1600631968
0.2231 1600631968
0.18810000000000002 1600631968
0.2231 1600631968
0.2773 1600631968
0.1999 1600631968
0.2803 1600631968
0.3066 1600631968
0.2623 1600631968
0.2079 1600631968
0.3062 1600631968
0.2945 1600631968
0.23900000000000002 1600631968
0.2049 1600631968
0.26359999999999995 1600631968
0.26359999999999995 1600631968
0.16390000000000002 1600631968
0.1852 1600631968
0.20710000000000003 1600631968
0.3406 1600631968
0.26870000000000005 1600631968
0.2482 1600631968
0.24989999999999998 1600631968
0.223 1600631968
0.29899999999999993 1600631968
0.2894 1600631968
0.26070000000000004 1600631968
0.18250000000000002 1600631968
0.21880000000000002 1600631968
0.2563 1600631968
0.2246 1600631968
0.19560000000000002 1600631968
0.22519999999999998 1600631968
0.2105 1600631968
0.2511 1600631968
0.272 1600631968
0.25139999999999996 1600631968
0.233 1600631968
0.2216 1600631968
0.25660000000000005 1600631968
0.23290000000000002 1600631968
0.3437 1600631968
0.2256 1600631968
0.21519999999999997 1600631968
0.42099999999999993 1600631968
0.2054 1600631968
0.28959999999999997 1600631968
0.25249999999999995 1600631968
0.3318 1600631968
0.233 1600631968
0.19250000000000003 1600631968
0.18739999999999998 1600631968
0.3832 1600631968
0.25060000000000004 1600631968
0.2443 1600631968
0.41559999999999997 1600631968
0.25870000000000004 1600631968
0.33909999999999996 1600631968
0.1927 1600631968
0.3831 1600631968
0.23290000000000002 1600631968
0.17489999999999997 1600631968
0.2332 1600631968
0.1816 1600631968
0.232 1600631968
0.2088 1600631968
0.1928 1600631968
0.2392 1600631968
0.22669999999999998 1600631968
0.2045 1600631968
0.1312 1600631968
0.26480000000000004 1600631968
0.2306 1600631968
0.2291 1600631968
0.19010000000000002 1600631968
0.17250000000000001 1600631968
0.2085 1600631968
0.2661 1600631968
0.13660000000000003 1600631968
0.13710000000000003 1600631968
0.2361 1600631968
0.19849999999999998 1600631968
0.18560000000000001 1600631968
0.1312 1600631968
0.26449999999999996 1600631968
0.1848 1600631968
0.1903 1600631968
0.1934 1600631968
0.2302 1600631968
0.2591 1600631968
0.271 1600631968
0.1863 1600631968
0.2088 1600631968
0.2023 1600631968
0.2692 1600631968
0.2075 1600631968
0.2325 1600631968
0.23279999999999998 1600631968
0.22619999999999998 1600631968
0.3439 1600631968
0.264 1600631968
0.25639999999999996 1600631968
0.1756 1600631968
0.3087 1600631968
0.217 1600631968
0.18960000000000002 1600631968
0.2662 1600631968
0.21819999999999998 1600631968
0.20770000000000002 1600631968
0.3316 1600631968
0.3195 1600631968
0.18610000000000002 1600631968
0.23529999999999998 1600631968
0.23240000000000002 1600631968
0.18989999999999999 1600631968
0.23889999999999997 1600631968
0.2572 1600631968
0.2049 1600631968
0.21869999999999998 1600631968
0.2045 1600631968
0.3064 1600631968
0.2039 1600631968
0.1816 1600631968
0.18450000000000003 1600631968
0.1806 1600631968
0.2048 1600631968
0.33099999999999996 1600631968
0.20209999999999997 1600631968
0.3569 1600631968
0.18999999999999997 1600631968
0.32199999999999995 1600631968
0.26549999999999996 1600631968
0.2256 1600631968
0.2629 1600631968
0.2211 1600631968
0.2966 1600631968
0.28990000000000005 1600631968
0.3397 1600631968
0.2361 1600631968
0.2271 1600631968
0.2054 1600631968
0.20009999999999997 1600631968
0.2039 1600631968
0.27190000000000003 1600631968
0.1812 1600631968
0.2362 1600631968
0.1585 1600631968
0.18949999999999997 1600631968
0.18949999999999997 1600631968
0.2895 1600631968
0.26480000000000004 1600631968
0.26670000000000005 1600631968
0.1813 1600631968
0.2023 1600631968
0.2671 1600631968
0.3395 1600631968
0.18849999999999997 1600631968
0.31379999999999997 1600631968
0.1811 1600631968
0.41569999999999996 1600631968
0.1892 1600631968
0.2482 1600631968
0.35529999999999995 1600631968
0.23490000000000003 1600631968
0.23390000000000002 1600631968
0.23550000000000001 1600631968
0.18899999999999997 1600631968
0.2894 1600631968
0.215 1600631968
0.18989999999999999 1600631968
0.1651 1600631968
0.26370000000000005 1600631968
0.23929999999999998 1600631968
0.17429999999999998 1600631968
0.20770000000000002 1600631968
0.1752 1600631968
0.251 1600631968
0.21009999999999998 1600631968
0.1549 1600631968
0.3194 1600631968
0.23440000000000003 1600631968
0.2216 1600631968
0.4384 1600631968
0.2721 1600631968
0.22669999999999998 1600631968
0.23040000000000002 1600631968
0.2662 1600631968
0.1495 1600631968
0.208 1600631968
0.1621 1600631968
0.2347 1600631968
0.27090000000000003 1600631968
0.16220000000000004 1600631968
0.1838 1600631968
0.30279999999999996 1600631968
0.2307 1600631968
0.2992 1600631968
0.2934 1600631968
0.28880000000000006 1600631968
0.2990999999999999 1600631968
0.22779999999999997 1600631968
0.2669 1600631968
0.2711 1600631968
0.18539999999999998 1600631968
0.14659999999999998 1600631968
0.16090000000000002 1600631968
0.20199999999999999 1600631968
0.2084 1600631968
0.1942 1600631968
0.22879999999999998 1600631968
0.2074 1600631968
0.22490000000000002 1600631968
0.18510000000000001 1600631968
0.2119 1600631968
0.22940000000000002 1600631968
0.4165 1600631968
0.17490000000000003 1600631968
0.1958 1600631968
0.251 1600631968
0.15980000000000003 1600631968
0.23490000000000003 1600631968
0.1762 1600631968
0.33999999999999997 1600631968
0.16040000000000001 1600631968
0.2582 1600631968
0.2613 1600631968
0.147 1600631968
0.27480000000000004 1600631968
0.18090000000000003 1600631968
0.3183 1600631968
0.2428 1600631968
0.18939999999999999 1600631968
0.2561 1600631968
0.22729999999999997 1600631968
0.1807 1600631968
0.3831 1600631968
0.33129999999999993 1600631968
0.25170000000000003 1600631968
0.3436 1600631968
0.18889999999999998 1600631968
0.19399999999999998 1600631968
0.3831 1600631968
0.22190000000000001 1600631968
0.26570000000000005 1600631968
0.2049 1600631968
0.2633 1600631968
0.2246 1600631968
0.1853 1600631968
0.18850000000000003 1600631968
0.16879999999999998 1600631968
0.27180000000000004 1600631968
0.38259999999999994 1600631968
0.20909999999999998 1600631968
0.27080000000000004 1600631968
0.17190000000000003 1600631968
0.41579999999999995 1600631968
0.17240000000000003 1600631968
0.2093 1600631968
0.22180000000000002 1600631968
0.233 1600631968
0.2044 1600631968
0.20970000000000003 1600631968
0.2945 1600631968
0.20049999999999998 1600631968
0.251 1600631968
0.3639 1600631968
0.2302 1600631968
0.1978 1600631968
0.21680000000000002 1600631968
0.17450000000000002 1600631968
0.2287 1600631968
0.28969999999999996 1600631968
0.21430000000000002 1600631968
0.1484 1600631968
0.20520000000000002 1600631968
0.21530000000000002 1600631968
0.17440000000000003 1600631968
0.1944 1600631968
0.41579999999999995 1600631968
0.25639999999999996 1600631968
0.3315 1600631968
0.2754 1600631968
0.1802 1600631968
0.206 1600631968
0.1631 1600631968
0.2512 1600631968
0.1877 1600631968
0.2662 1600631968
0.2169 1600631968
0.3827999999999999 1600631968
0.1943 1600631968
0.2569 1600631968
0.1818 1600631968
0.1309 1600631968
0.3833 1600631968
0.2417 1600631968
0.17850000000000002 1600631968
0.24029999999999999 1600631968
0.1942 1600631968
0.20909999999999998 1600631968
0.30879999999999996 1600631968
0.3827999999999999 1600631968
0.4629 1600631968
0.24189999999999998 1600631968
0.1821 1600631968
0.1927 1600631968
0.2095 1600631968
0.25870000000000004 1600631968
0.17900000000000002 1600631968
0.25039999999999996 1600631968
0.20220000000000002 1600631968
0.19310000000000002 1600631968
0.21580000000000002 1600631968
0.3197 1600631968
0.3638 1600631968
0.209 1600631968
0.2004 1600631968
0.2105 1600631968
0.19750000000000004 1600631968
0.21080000000000002 1600631968
0.35729999999999995 1600631968
0.24000000000000002 1600631968
0.1947 1600631968
0.228 1600631968
0.24250000000000002 1600631968
0.22480000000000003 1600631968
0.3086 1600631968
0.205 1600631968
0.2175 1600631968
0.1615 1600631968
0.1752 1600631968
0.23190000000000002 1600631968
0.2331 1600631968
0.31099999999999994 1600631968
0.2079 1600631968
0.2311 1600631968
0.1988 1600631968
0.3832 1600631968
0.1942 1600631968
0.1721 1600631968
0.2362 1600631968
0.16640000000000002 1600631968
0.18140000000000003 1600631968
0.24739999999999998 1600631968
0.25149999999999995 1600631968
0.17489999999999997 1600631968
0.3064 1600631968
0.2302 1600631968
0.18089999999999998 1600631968
0.1841 1600631968
0.226 1600631968
0.18960000000000002 1600631968
0.19860000000000003 1600631968
0.2317 1600631968
0.1348 1600631968
0.29969999999999997 1600631968
0.16590000000000002 1600631968
0.3398 1600631968
0.21380000000000002 1600631968
0.26439999999999997 1600631968
0.23329999999999998 1600631968
0.24029999999999999 1600631968
0.24000000000000002 1600631968
0.2944 1600631968
0.1841 1600631968
0.26480000000000004 1600631968
0.2089 1600631968
0.20559999999999998 1600631968
0.17200000000000001 1600631968
0.2712 1600631968
0.3032 1600631968
0.21230000000000002 1600631968
0.25680000000000003 1600631968
0.2134 1600631968
0.2361 1600631968
0.1989 1600631968
0.24910000000000002 1600631968
0.2246 1600631968
0.2881 1600631968
0.2341 1600631968
0.18089999999999998 1600631968
0.1816 1600631968
0.22280000000000003 1600631968
0.1823 1600631968
0.2571 1600631968
0.19460000000000002 1600631968
0.1938 1600631968
0.3066 1600631968
0.2196 1600631968
0.19860000000000003 1600631968
0.2079 1600631968
0.1821 1600631968
0.23240000000000002 1600631968
0.18350000000000002 1600631968
0.1334 1600631968
0.1818 1600631968
0.221 1600631968
0.31389999999999996 1600631968
0.18250000000000002 1600631968
0.1807 1600631968
0.1797 1600631968
0.2932 1600631968
0.1767 1600631968
0.2569 1600631968
0.1892 1600631968
0.21030000000000001 1600631968
0.2488 1600631968
0.2266 1600631968
0.17340000000000003 1600631968
0.19460000000000002 1600631968
0.2994 1600631968
0.1857 1600631968
0.3436 1600631968
0.22430000000000003 1600631968
0.1817 1600631968
0.23390000000000002 1600631968
0.2271 1600631968
0.19599999999999998 1600631968
0.26470000000000005 1600631968
0.18999999999999997 1600631968
0.222 1600631968
0.18200000000000002 1600631968
0.2069 1600631968
0.21020000000000003 1600631968
0.1817 1600631968
0.3638 1600631968
0.20770000000000002 1600631968
0.217 1600631968
0.47209999999999996 1600631968
0.16319999999999998 1600631968
0.2518 1600631968
0.2532 1600631968
0.223 1600631968
0.3829 1600631968
