0.3284 1600229271
0.4414 1600229271
0.21589999999999998 1600229271
0.19310000000000005 1600229271
0.15700000000000003 1600229271
0.139 1600229271
0.23350000000000004 1600229271
0.21599999999999997 1600229271
0.18220000000000003 1600229271
0.1996 1600229271
0.28380000000000005 1600229271
0.3044 1600229271
0.31789999999999996 1600229271
0.17259999999999998 1600229271
0.19620000000000004 1600229271
0.19710000000000005 1600229271
0.2702 1600229271
0.31179999999999997 1600229271
0.44199999999999995 1600229271
0.22330000000000005 1600229271
0.247 1600229271
0.19920000000000004 1600229271
0.25470000000000004 1600229271
0.20630000000000004 1600229271
0.2714 1600229271
0.17510000000000003 1600229271
0.25870000000000004 1600229271
0.17269999999999996 1600229271
0.2703 1600229271
0.2257 1600229271
0.23340000000000005 1600229271
0.3277 1600229271
0.19620000000000004 1600229271
0.14759999999999995 1600229271
0.4395 1600229271
0.15669999999999995 1600229271
0.14700000000000002 1600229271
0.31799999999999995 1600229271
0.2518 1600229271
0.17420000000000002 1600229271
0.23329999999999995 1600229271
0.22619999999999996 1600229271
0.2864 1600229271
0.3136 1600229271
0.19069999999999998 1600229271
0.19299999999999995 1600229271
0.2864 1600229271
0.266 1600229271
0.17620000000000002 1600229271
0.2227 1600229271
0.269 1600229271
0.2571 1600229271
0.2925 1600229271
0.33230000000000004 1600229271
0.19310000000000005 1600229271
0.3929 1600229271
0.2593 1600229271
0.248 1600229271
0.1412 1600229271
0.19640000000000002 1600229271
0.27349999999999997 1600229271
0.3147 1600229271
0.14500000000000002 1600229271
0.4395 1600229271
0.16510000000000002 1600229271
0.14 1600229271
0.24209999999999998 1600229271
0.33209999999999995 1600229271
0.25849999999999995 1600229271
0.27090000000000003 1600229271
0.24080000000000001 1600229271
0.22260000000000002 1600229271
0.14459999999999995 1600229271
0.2338 1600229271
0.2318 1600229271
0.24009999999999998 1600229271
0.21989999999999998 1600229271
0.2106 1600229271
0.1763 1600229271
0.18899999999999995 1600229271
0.21909999999999996 1600229271
0.33920000000000006 1600229271
0.19640000000000002 1600229271
0.1794 1600229271
0.21220000000000006 1600229271
0.21889999999999998 1600229271
0.17500000000000004 1600229271
0.16500000000000004 1600229271
0.24470000000000003 1600229271
0.19669999999999999 1600229271
0.3284 1600229271
0.21919999999999995 1600229271
0.1935 1600229271
0.1652 1600229271
0.20320000000000005 1600229271
0.38270000000000004 1600229271
0.26959999999999995 1600229271
0.15569999999999995 1600229271
0.22040000000000004 1600229271
0.1926 1600229271
0.22809999999999997 1600229271
0.3396 1600229271
0.19679999999999997 1600229271
0.4416 1600229271
0.19310000000000005 1600229271
0.28569999999999995 1600229271
0.15510000000000002 1600229271
0.16669999999999996 1600229271
0.33209999999999995 1600229271
0.28490000000000004 1600229271
0.24919999999999998 1600229271
0.21189999999999998 1600229271
0.16149999999999998 1600229271
0.16700000000000004 1600229271
0.1694 1600229271
0.19689999999999996 1600229271
0.2733 1600229271
0.3319 1600229271
0.22019999999999995 1600229271
0.27280000000000004 1600229271
0.2237 1600229271
0.19740000000000002 1600229271
0.31720000000000004 1600229271
0.2802 1600229271
0.27880000000000005 1600229271
0.16890000000000005 1600229271
0.1725 1600229271
0.2268 1600229271
0.31379999999999997 1600229271
0.34850000000000003 1600229271
0.26349999999999996 1600229271
0.16749999999999998 1600229271
0.17579999999999996 1600229271
0.26360000000000006 1600229271
0.33409999999999995 1600229271
0.17190000000000005 1600229271
0.23209999999999997 1600229271
0.2792 1600229271
0.22019999999999995 1600229271
0.20330000000000004 1600229271
0.1965 1600229271
0.20099999999999996 1600229271
0.18479999999999996 1600229271
0.16169999999999995 1600229271
0.23260000000000003 1600229271
0.32689999999999997 1600229271
0.23250000000000004 1600229271
0.21320000000000006 1600229271
0.19230000000000003 1600229271
0.23470000000000002 1600229271
0.18179999999999996 1600229271
0.22140000000000004 1600229271
0.30989999999999995 1600229271
0.15659999999999996 1600229271
0.18979999999999997 1600229271
0.22550000000000003 1600229271
0.3818999999999999 1600229271
0.3824000000000001 1600229271
0.25980000000000003 1600229271
0.20640000000000003 1600229271
0.16469999999999996 1600229271
0.19279999999999997 1600229271
0.23470000000000002 1600229271
0.3824000000000001 1600229271
0.16669999999999996 1600229271
0.23270000000000002 1600229271
0.22219999999999995 1600229271
0.3267 1600229271
0.16510000000000002 1600229271
0.21550000000000002 1600229271
0.1894 1600229271
0.17149999999999999 1600229271
0.22060000000000002 1600229271
0.21199999999999997 1600229271
0.24729999999999996 1600229271
0.19999999999999996 1600229271
0.23229999999999995 1600229271
0.26039999999999996 1600229271
0.24240000000000006 1600229271
0.22319999999999995 1600229271
0.15749999999999997 1600229271
0.2188 1600229271
0.18179999999999996 1600229271
0.16620000000000001 1600229271
0.1955 1600229271
0.2691 1600229271
0.2126 1600229271
0.17210000000000003 1600229271
0.17369999999999997 1600229271
0.20999999999999996 1600229271
0.2702 1600229271
0.19540000000000002 1600229271
0.16620000000000001 1600229271
0.3284 1600229271
0.13970000000000005 1600229271
0.2701 1600229271
0.15470000000000006 1600229271
0.2702 1600229271
0.2613 1600229271
0.21930000000000005 1600229271
0.21009999999999995 1600229271
0.3819999999999999 1600229271
0.1824 1600229271
0.2168 1600229271
0.22419999999999995 1600229271
0.19679999999999997 1600229271
0.22409999999999997 1600229271
0.2915 1600229271
0.18010000000000004 1600229271
0.19899999999999995 1600229271
0.2239 1600229271
0.16490000000000005 1600229271
0.33130000000000004 1600229271
0.44300000000000006 1600229271
0.40080000000000005 1600229271
0.1553 1600229271
0.25980000000000003 1600229271
0.3325 1600229271
0.2701 1600229271
0.28059999999999996 1600229271
0.2158 1600229271
0.16490000000000005 1600229271
0.25849999999999995 1600229271
0.2591 1600229271
0.20999999999999996 1600229271
0.1825 1600229271
0.2912 1600229271
0.4216 1600229271
0.2257 1600229271
0.2359 1600229271
0.24240000000000006 1600229271
0.19779999999999998 1600229271
0.19640000000000002 1600229271
0.17169999999999996 1600229271
0.17579999999999996 1600229271
0.2609 1600229271
0.19489999999999996 1600229271
0.24670000000000003 1600229271
0.17790000000000006 1600229271
0.17500000000000004 1600229271
0.2238 1600229271
0.27059999999999995 1600229271
0.2732 1600229271
0.28480000000000005 1600229271
0.31400000000000006 1600229271
0.26239999999999997 1600229271
0.1896 1600229271
0.2922 1600229271
0.17149999999999999 1600229271
0.1976 1600229271
0.33089999999999997 1600229271
0.20389999999999997 1600229271
0.16110000000000002 1600229271
0.2046 1600229271
0.16900000000000004 1600229271
0.19330000000000003 1600229271
0.16169999999999995 1600229271
0.1735 1600229271
0.26959999999999995 1600229271
0.3284 1600229271
0.21409999999999996 1600229271
0.16800000000000004 1600229271
0.23309999999999997 1600229271
0.18200000000000005 1600229271
0.23609999999999998 1600229271
0.24119999999999997 1600229271
0.24780000000000002 1600229271
0.17500000000000004 1600229271
0.2842 1600229271
0.16480000000000006 1600229271
0.19740000000000002 1600229271
0.40090000000000003 1600229271
0.21909999999999996 1600229271
0.18220000000000003 1600229271
0.1975 1600229271
0.1985 1600229271
0.44120000000000004 1600229271
0.1956 1600229271
0.2903 1600229271
0.19620000000000004 1600229271
0.16500000000000004 1600229271
0.25880000000000003 1600229271
0.2267 1600229271
0.19240000000000002 1600229271
0.20609999999999995 1600229271
0.19810000000000005 1600229271
0.19710000000000005 1600229271
0.14449999999999996 1600229271
0.1543 1600229271
0.2579 1600229271
0.12560000000000004 1600229271
0.19340000000000002 1600229271
0.2398 1600229271
0.22360000000000002 1600229271
0.24229999999999996 1600229271
0.1925 1600229271
0.19530000000000003 1600229271
0.1976 1600229271
0.2843 1600229271
0.17120000000000002 1600229271
0.15290000000000004 1600229271
0.1977 1600229271
0.18420000000000003 1600229271
0.126 1600229271
0.24129999999999996 1600229271
0.1975 1600229271
0.2591 1600229271
0.17259999999999998 1600229271
0.1714 1600229271
0.29159999999999997 1600229271
0.33240000000000003 1600229271
0.2704 1600229271
0.25839999999999996 1600229271
0.3137 1600229271
0.22419999999999995 1600229271
0.1815 1600229271
0.2612 1600229271
0.1763 1600229271
0.20540000000000003 1600229271
0.2792 1600229271
0.34030000000000005 1600229271
0.19640000000000002 1600229271
0.2167 1600229271
0.23350000000000004 1600229271
0.19000000000000006 1600229271
0.25870000000000004 1600229271
0.2943 1600229271
0.1622 1600229271
0.20540000000000003 1600229271
0.28859999999999997 1600229271
0.12480000000000002 1600229271
0.15239999999999998 1600229271
0.15890000000000004 1600229271
0.23070000000000002 1600229271
0.127 1600229271
0.16820000000000002 1600229271
0.3277 1600229271
0.13370000000000004 1600229271
0.21620000000000006 1600229271
0.26680000000000004 1600229271
0.1623 1600229271
0.13829999999999998 1600229271
0.1815 1600229271
0.2047 1600229271
0.2248 1600229271
0.23329999999999995 1600229271
0.20609999999999995 1600229271
0.19289999999999996 1600229271
0.14470000000000005 1600229271
0.42169999999999996 1600229271
0.18500000000000005 1600229271
0.19130000000000003 1600229271
0.2702 1600229271
0.1985 1600229271
0.20299999999999996 1600229271
0.20640000000000003 1600229271
0.31379999999999997 1600229271
0.3326 1600229271
0.1724 1600229271
0.16759999999999997 1600229271
0.13829999999999998 1600229271
0.2894 1600229271
0.19699999999999995 1600229271
0.1663 1600229271
0.3922000000000001 1600229271
0.23550000000000004 1600229271
0.1985 1600229271
0.27949999999999997 1600229271
0.1986 1600229271
0.1774 1600229271
0.28490000000000004 1600229271
0.19499999999999995 1600229271
0.28980000000000006 1600229271
0.25880000000000003 1600229271
0.2107 1600229271
0.2308 1600229271
0.19789999999999996 1600229271
0.16820000000000002 1600229271
0.2197 1600229271
0.27959999999999996 1600229271
0.3137 1600229271
0.16400000000000003 1600229271
0.21109999999999995 1600229271
0.2923 1600229271
0.16249999999999998 1600229271
0.1754 1600229271
0.22209999999999996 1600229271
0.1683 1600229271
0.17120000000000002 1600229271
0.23360000000000003 1600229271
0.19879999999999998 1600229271
0.17400000000000004 1600229271
0.1251 1600229271
0.23940000000000006 1600229271
0.17149999999999999 1600229271
0.2247 1600229271
0.2582 1600229271
0.19410000000000005 1600229271
0.17259999999999998 1600229271
0.2227 1600229271
0.2613 1600229271
0.18469999999999998 1600229271
0.19240000000000002 1600229271
0.19069999999999998 1600229271
0.22050000000000003 1600229271
0.24040000000000006 1600229271
0.20609999999999995 1600229271
0.2703 1600229271
0.15739999999999998 1600229271
0.18900000000000006 1600229271
0.24140000000000006 1600229271
0.2197 1600229271
0.21230000000000004 1600229271
0.21489999999999998 1600229271
0.2703 1600229271
0.31300000000000006 1600229271
0.19830000000000003 1600229271
0.15739999999999998 1600229271
0.27349999999999997 1600229271
0.19720000000000004 1600229271
0.28669999999999995 1600229271
0.26439999999999997 1600229271
0.1502 1600229271
0.18110000000000004 1600229271
0.24539999999999995 1600229271
0.21309999999999996 1600229271
0.2592 1600229271
0.34840000000000004 1600229271
0.23350000000000004 1600229271
0.2925 1600229271
0.21540000000000004 1600229271
0.1865 1600229271
0.16149999999999998 1600229271
0.19630000000000003 1600229271
0.1977 1600229271
0.17169999999999996 1600229271
0.22399999999999998 1600229271
0.19820000000000004 1600229271
0.22019999999999995 1600229271
0.14090000000000003 1600229271
0.3325 1600229271
0.1623 1600229271
0.2713 1600229271
0.23360000000000003 1600229271
0.13090000000000002 1600229271
0.26639999999999997 1600229271
0.15569999999999995 1600229271
0.15300000000000002 1600229271
0.22050000000000003 1600229271
0.2623 1600229271
0.1986 1600229271
0.1926 1600229271
0.1854 1600229271
0.21230000000000004 1600229271
0.21889999999999998 1600229271
0.22650000000000003 1600229271
0.22640000000000005 1600229271
0.249 1600229271
0.2593 1600229271
0.19879999999999998 1600229271
0.3396 1600229271
0.22209999999999996 1600229271
0.2358 1600229271
0.1815 1600229271
0.19889999999999997 1600229271
0.24619999999999997 1600229271
0.2691 1600229271
0.21240000000000003 1600229271
0.13949999999999996 1600229271
0.2308 1600229271
0.2016 1600229271
0.27090000000000003 1600229271
0.16159999999999997 1600229271
0.22250000000000003 1600229271
0.18589999999999995 1600229271
0.2731 1600229271
0.19740000000000002 1600229271
0.26280000000000003 1600229271
0.20999999999999996 1600229271
0.19569999999999999 1600229271
0.12739999999999996 1600229271
0.13929999999999998 1600229271
0.1431 1600229271
0.1622 1600229271
0.24040000000000006 1600229271
0.23350000000000004 1600229271
0.3388 1600229271
0.19830000000000003 1600229271
0.1987 1600229271
0.12729999999999997 1600229271
0.15549999999999997 1600229271
0.1915 1600229271
0.2409 1600229271
0.22419999999999995 1600229271
0.2318 1600229271
0.18269999999999997 1600229271
0.16710000000000003 1600229271
0.19520000000000004 1600229271
0.32830000000000004 1600229271
0.2359 1600229271
0.21620000000000006 1600229271
0.19430000000000003 1600229271
0.19479999999999997 1600229271
0.20520000000000005 1600229271
0.2158 1600229271
0.21099999999999997 1600229271
0.2138 1600229271
0.1613 1600229271
0.16969999999999996 1600229271
0.16890000000000005 1600229271
0.1896 1600229271
0.2643 1600229271
