0.8239 1600640381
0.7436 1600640381
0.7469 1600640381
0.9241999999999999 1600640381
1.0692 1600640381
1.041 1600640381
0.5791 1600640381
0.7664 1600640381
1.584 1600640381
0.8468 1600640381
0.8489 1600640381
1.1080999999999999 1600640381
1.0049 1600640381
0.9149 1600640381
0.8867 1600640381
1.1572 1600640381
1.3095 1600640381
1.1080999999999999 1600640381
0.7545 1600640381
0.9408999999999998 1600640381
0.667 1600640381
0.7244999999999999 1600640381
0.6742999999999999 1600640381
0.5321 1600640381
0.7743 1600640381
0.667 1600640381
0.907 1600640381
1.1841 1600640381
0.9206999999999999 1600640381
0.8543000000000001 1600640381
0.7696000000000001 1600640381
1.2216 1600640381
0.8355 1600640381
1.2386 1600640381
0.7442 1600640381
0.9262999999999999 1600640381
1.2385 1600640381
0.9892999999999998 1600640381
1.1542999999999999 1600640381
0.9411 1600640381
0.8061 1600640381
0.9635 1600640381
0.8751 1600640381
0.6322000000000001 1600640381
1.0138 1600640381
0.9268000000000001 1600640381
0.9590999999999998 1600640381
1.1515 1600640381
1.055 1600640381
0.9985999999999999 1600640381
0.9324999999999999 1600640381
0.8251 1600640381
0.6524000000000001 1600640381
0.6984999999999999 1600640381
1.0565 1600640381
0.7079 1600640381
0.5461 1600640381
1.0664 1600640381
1.1056 1600640381
0.8418000000000001 1600640381
0.9183999999999999 1600640381
0.7706 1600640381
0.9683999999999999 1600640381
1.2639 1600640381
0.7174 1600640381
0.9770999999999999 1600640381
0.617 1600640381
0.7281 1600640381
1.2815999999999999 1600640381
0.7306999999999999 1600640381
0.8991 1600640381
0.6769000000000001 1600640381
1.1231 1600640381
0.6696 1600640381
0.6759 1600640381
0.6484000000000001 1600640381
1.0257 1600640381
0.539 1600640381
0.8677999999999999 1600640381
0.6467 1600640381
0.6376 1600640381
0.7554000000000001 1600640381
0.8833 1600640381
0.7689999999999999 1600640381
0.6693 1600640381
0.9655 1600640381
0.9590999999999998 1600640381
0.7886 1600640381
0.7159 1600640381
0.9744999999999999 1600640381
1.1423999999999999 1600640381
0.9976 1600640381
0.7829 1600640381
1.0617 1600640381
0.7515 1600640381
1.2413999999999998 1600640381
0.774 1600640381
0.7449000000000001 1600640381
1.2623 1600640381
0.9563999999999999 1600640381
0.8132999999999999 1600640381
0.804 1600640381
0.8405 1600640381
0.7441 1600640381
0.7850999999999999 1600640381
0.7119 1600640381
1.1021 1600640381
0.8660999999999999 1600640381
1.5424 1600640381
0.5029999999999999 1600640381
0.8002 1600640381
0.8762999999999999 1600640381
0.9695 1600640381
0.718 1600640381
1.0493999999999999 1600640381
0.6959 1600640381
0.6420999999999999 1600640381
0.7250000000000001 1600640381
1.1578 1600640381
0.9755 1600640381
0.8012999999999999 1600640381
0.9738 1600640381
1.0049 1600640381
1.2734999999999999 1600640381
1.1078999999999999 1600640381
0.9696 1600640381
0.9154 1600640381
0.8180000000000001 1600640381
0.6732 1600640381
0.7081 1600640381
0.7091000000000001 1600640381
0.6621999999999999 1600640381
0.802 1600640381
0.6747000000000001 1600640381
0.8619999999999999 1600640381
0.7329000000000001 1600640381
0.5747 1600640381
1.1571 1600640381
1.1576 1600640381
0.7531000000000001 1600640381
0.8409 1600640381
0.9731000000000001 1600640381
0.7573000000000001 1600640381
1.3509 1600640381
0.5622 1600640381
1.1803 1600640381
0.5623 1600640381
0.9475 1600640381
0.613 1600640381
1.1745 1600640381
0.9061999999999999 1600640381
0.8485 1600640381
0.6744 1600640381
1.2539 1600640381
0.6594 1600640381
0.6547 1600640381
1.3651 1600640381
1.2305 1600640381
0.9178999999999999 1600640381
0.5325 1600640381
0.7841 1600640381
0.9828999999999999 1600640381
1.0908 1600640381
1.1968999999999999 1600640381
1.0412 1600640381
0.9124999999999999 1600640381
1.2402 1600640381
1.3283 1600640381
0.7171 1600640381
0.7473000000000001 1600640381
0.8361 1600640381
0.7087000000000001 1600640381
1.2622 1600640381
0.6846 1600640381
0.7219 1600640381
0.9561 1600640381
0.5623 1600640381
0.9158 1600640381
0.6953 1600640381
1.2445 1600640381
0.8084 1600640381
0.9405999999999999 1600640381
0.5745 1600640381
0.6671 1600640381
0.9303999999999999 1600640381
0.9326999999999999 1600640381
0.6743 1600640381
0.665 1600640381
0.6276999999999999 1600640381
0.747 1600640381
0.7645 1600640381
0.6468 1600640381
0.6486 1600640381
1.1342 1600640381
0.7257 1600640381
0.7061999999999999 1600640381
1.254 1600640381
0.7749999999999999 1600640381
0.9884 1600640381
1.2061 1600640381
1.0692 1600640381
0.7384 1600640381
0.6749 1600640381
0.6991 1600640381
0.667 1600640381
0.7366 1600640381
1.1401 1600640381
0.8613999999999999 1600640381
1.1833 1600640381
0.691 1600640381
0.7245999999999999 1600640381
0.6649 1600640381
1.222 1600640381
1.0715 1600640381
0.7442 1600640381
0.7030000000000001 1600640381
0.9181999999999999 1600640381
1.0592 1600640381
0.7884 1600640381
1.2739 1600640381
1.206 1600640381
0.6646000000000001 1600640381
0.7399 1600640381
0.7196 1600640381
1.0695999999999999 1600640381
0.6908 1600640381
0.8234999999999999 1600640381
0.8476999999999999 1600640381
0.6979 1600640381
0.6758 1600640381
0.899 1600640381
0.7088000000000001 1600640381
0.9926999999999999 1600640381
0.6695 1600640381
1.1386 1600640381
0.8011 1600640381
0.8735999999999999 1600640381
0.6363 1600640381
1.1392 1600640381
1.0872 1600640381
1.3971 1600640381
0.6318 1600640381
0.6417999999999999 1600640381
1.3222 1600640381
0.8149 1600640381
0.7141 1600640381
0.7027000000000001 1600640381
0.6774 1600640381
0.6639999999999999 1600640381
1.1524999999999999 1600640381
0.6335999999999999 1600640381
0.7426999999999999 1600640381
0.8333999999999999 1600640381
0.7489999999999999 1600640381
0.6946000000000001 1600640381
0.9199999999999999 1600640381
0.6408 1600640381
0.7527999999999999 1600640381
0.9025999999999998 1600640381
0.8215000000000001 1600640381
0.9906999999999999 1600640381
0.7170000000000001 1600640381
0.7031000000000001 1600640381
1.0199 1600640381
0.6539999999999999 1600640381
1.0141 1600640381
0.6953 1600640381
0.7951 1600640381
0.8240000000000001 1600640381
0.6324 1600640381
0.7417 1600640381
0.8473 1600640381
0.6723000000000001 1600640381
1.5455999999999999 1600640381
0.8423 1600640381
0.7557 1600640381
1.2635999999999998 1600640381
0.8220000000000001 1600640381
0.7593 1600640381
0.8858 1600640381
0.6548 1600640381
0.9787 1600640381
1.0701 1600640381
1.2334999999999998 1600640381
0.7357 1600640381
0.5577 1600640381
0.6108 1600640381
0.8938 1600640381
1.1568 1600640381
0.7257 1600640381
0.7414000000000001 1600640381
0.8043 1600640381
0.9933 1600640381
0.6767 1600640381
1.1922000000000001 1600640381
0.6706 1600640381
1.3493 1600640381
0.6812 1600640381
0.7882 1600640381
0.8676 1600640381
0.9292999999999999 1600640381
0.7202000000000001 1600640381
1.3807 1600640381
0.8029000000000001 1600640381
1.0137 1600640381
0.8858 1600640381
0.7171 1600640381
1.1834000000000002 1600640381
0.8418 1600640381
0.7803 1600640381
0.8623 1600640381
0.7745 1600640381
0.7614 1600640381
0.6791 1600640381
0.6614 1600640381
0.6863 1600640381
0.8124 1600640381
1.0560999999999998 1600640381
0.5957 1600640381
1.0705 1600640381
0.8612 1600640381
0.6731 1600640381
0.9968999999999999 1600640381
0.7728 1600640381
1.5455 1600640381
0.8291000000000001 1600640381
0.8609 1600640381
0.9944000000000001 1600640381
0.8898 1600640381
1.005 1600640381
0.669 1600640381
0.7172000000000001 1600640381
0.8671 1600640381
0.6365000000000001 1600640381
1.0843 1600640381
0.595 1600640381
0.6354 1600640381
1.1286999999999998 1600640381
0.9143999999999999 1600640381
0.7681 1600640381
0.773 1600640381
1.1568999999999998 1600640381
0.7906 1600640381
0.7458 1600640381
1.0289000000000001 1600640381
0.7901 1600640381
0.7194 1600640381
1.126 1600640381
0.894 1600640381
0.8144 1600640381
0.8109999999999999 1600640381
0.8474 1600640381
0.7993 1600640381
1.6963 1600640381
0.746 1600640381
0.5354000000000001 1600640381
1.0559999999999998 1600640381
0.8617999999999999 1600640381
0.6348 1600640381
0.6942999999999999 1600640381
0.9952 1600640381
0.6785000000000001 1600640381
0.7459 1600640381
1.3457 1600640381
0.7085 1600640381
0.6548 1600640381
0.6689 1600640381
1.1011000000000002 1600640381
0.7171000000000001 1600640381
1.0044 1600640381
0.8754000000000001 1600640381
0.9827999999999999 1600640381
0.7096 1600640381
0.8211999999999999 1600640381
0.6900000000000001 1600640381
0.6761999999999999 1600640381
0.8371 1600640381
0.7703 1600640381
0.6743 1600640381
0.9630999999999998 1600640381
0.9968 1600640381
0.7173 1600640381
1.3803999999999998 1600640381
0.7804 1600640381
0.8642999999999998 1600640381
0.8186 1600640381
0.7617 1600640381
0.6947 1600640381
0.6667000000000001 1600640381
0.5624 1600640381
0.9 1600640381
0.9405 1600640381
0.7469 1600640381
1.2016 1600640381
0.5985 1600640381
0.6479 1600640381
0.9107 1600640381
0.8375 1600640381
0.9154000000000001 1600640381
0.7561 1600640381
0.9071000000000001 1600640381
0.7387 1600640381
0.9272999999999999 1600640381
0.7639 1600640381
0.9409 1600640381
0.8963 1600640381
0.7113 1600640381
0.7148 1600640381
0.8082 1600640381
0.7071000000000001 1600640381
0.8347 1600640381
0.9215000000000001 1600640381
0.8230000000000001 1600640381
1.5169000000000001 1600640381
0.841 1600640381
0.7075 1600640381
0.7451 1600640381
0.8574 1600640381
0.5463 1600640381
0.7056 1600640381
0.8761 1600640381
1.1198000000000001 1600640381
0.8838 1600640381
0.7529 1600640381
0.9551999999999999 1600640381
0.8211 1600640381
0.7690999999999999 1600640381
0.6878 1600640381
0.5747 1600640381
0.6909 1600640381
0.6749 1600640381
1.0070999999999999 1600640381
0.6884 1600640381
0.6732 1600640381
0.7729 1600640381
0.7363000000000001 1600640381
0.7004 1600640381
0.8856 1600640381
0.7764 1600640381
1.9151000000000002 1600640381
0.6958 1600640381
0.7576 1600640381
0.7507 1600640381
0.773 1600640381
0.8334 1600640381
1.1742 1600640381
0.8567 1600640381
0.7282 1600640381
0.6589 1600640381
1.2816 1600640381
0.8862 1600640381
0.7668 1600640381
0.7879 1600640381
0.6597000000000001 1600640381
0.7111000000000001 1600640381
0.8182 1600640381
0.7849 1600640381
0.6693 1600640381
0.9694999999999999 1600640381
1.1126 1600640381
0.7395 1600640381
0.7977000000000001 1600640381
1.3912 1600640381
0.6133 1600640381
0.7209 1600640381
1.1080999999999999 1600640381
0.6416000000000001 1600640381
1.7318000000000002 1600640381
0.6741 1600640381
0.7182000000000001 1600640381
0.8411 1600640381
0.7758 1600640381
0.6902 1600640381
0.7617 1600640381
0.7919 1600640381
0.8131 1600640381
0.9738000000000001 1600640381
0.7458 1600640381
1.0048 1600640381
0.7645 1600640381
0.7413000000000001 1600640381
0.6579 1600640381
0.6885 1600640381
0.8647999999999999 1600640381
0.7479 1600640381
0.912 1600640381
0.6684 1600640381
0.8404 1600640381
0.932 1600640381
1.2644000000000002 1600640381
0.7028000000000001 1600640381
0.8557999999999999 1600640381
0.8993000000000001 1600640381
0.7487 1600640381
0.6763 1600640381
0.6458 1600640381
1.4891999999999999 1600640381
0.6913 1600640381
1.0272000000000001 1600640381
1.3911000000000002 1600640381
1.2064 1600640381
0.7785 1600640381
0.8779 1600640381
0.7457 1600640381
0.6849000000000001 1600640381
0.6688000000000001 1600640381
0.8486 1600640381
0.7648 1600640381
1.3117999999999999 1600640381
0.6988 1600640381
0.6467 1600640381
1.1573000000000002 1600640381
