2.2865 1600637261
2.2789 1600637261
2.2788 1600637261
2.2788999999999997 1600637261
2.2869 1600637261
2.2788 1600637261
2.2869 1600637261
2.2789 1600637261
2.6153 1600637261
2.6148 1600637261
2.6153999999999997 1600637261
2.6151 1600637261
2.6155 1600637261
2.6154 1600637261
2.6147 1600637261
2.6153999999999997 1600637261
2.6319 1600637261
2.6315999999999997 1600637261
2.6319 1600637261
2.6318 1600637261
2.6319 1600637261
2.6318 1600637261
2.6318 1600637261
2.6314 1600637261
2.6906 1600637261
2.6906 1600637261
2.69 1600637261
2.6902999999999997 1600637261
2.69 1600637261
2.6903 1600637261
2.6902999999999997 1600637261
2.6902 1600637261
2.3071 1600637261
2.3071 1600637261
2.3072 1600637261
2.307 1600637261
2.3121 1600637261
2.307 1600637261
2.3121 1600637261
2.3072 1600637261
1.9537 1600637261
1.9537 1600637261
1.9577 1600637261
1.9537000000000002 1600637261
1.9561000000000002 1600637261
1.9536000000000002 1600637261
1.9577000000000002 1600637261
1.9561 1600637261
2.2873 1600637261
2.2818 1600637261
2.2811999999999997 1600637261
2.2823 1600637261
2.2819 1600637261
2.2821999999999996 1600637261
2.2873 1600637261
2.2821 1600637261
2.6296999999999997 1600637261
2.6307 1600637261
2.6309 1600637261
2.6297 1600637261
2.6257 1600637261
2.6289 1600637261
2.6319 1600637261
2.6309 1600637261
1.7677 1600637261
1.8921999999999999 1600637261
1.8921999999999999 1600637261
1.8921000000000001 1600637261
1.7563 1600637261
1.8921 1600637261
1.8921 1600637261
1.8102000000000003 1600637261
2.2872999999999997 1600637261
2.2952000000000004 1600637261
2.2874 1600637261
2.2943 1600637261
2.2876 1600637261
2.2874999999999996 1600637261
2.2876 1600637261
2.2873 1600637261
2.6136 1600637261
2.6104999999999996 1600637261
2.6106 1600637261
2.6104999999999996 1600637261
2.6104999999999996 1600637261
2.6136 1600637261
2.6104999999999996 1600637261
2.6104 1600637261
2.3289999999999997 1600637261
2.3293 1600637261
2.3289 1600637261
2.3285 1600637261
2.3273 1600637261
2.3291 1600637261
2.3291999999999997 1600637261
2.3282 1600637261
2.0564 1600637261
2.2599 1600637261
2.2592 1600637261
2.2603 1600637261
2.2599 1600637261
2.2602 1600637261
2.2602 1600637261
2.26 1600637261
2.2919 1600637261
2.2914999999999996 1600637261
2.2919 1600637261
2.2918 1600637261
2.2918 1600637261
2.292 1600637261
2.2919 1600637261
2.292 1600637261
2.6119 1600637261
2.6176000000000004 1600637261
2.6118 1600637261
2.6168 1600637261
2.6168 1600637261
2.6176 1600637261
2.6119999999999997 1600637261
2.6177 1600637261
1.9524000000000001 1600637261
1.9525000000000001 1600637261
1.9696 1600637261
1.9524000000000001 1600637261
1.9526 1600637261
1.9525000000000001 1600637261
1.9523 1600637261
1.9525 1600637261
2.1831 1600637261
2.1860999999999997 1600637261
2.1805 1600637261
2.1860999999999997 1600637261
2.1803 1600637261
2.183 1600637261
2.1805 1600637261
2.183 1600637261
2.6188 1600637261
2.6233 1600637261
2.6189999999999998 1600637261
2.6188 1600637261
2.619 1600637261
2.6189 1600637261
2.6189999999999998 1600637261
2.6191999999999998 1600637261
2.181 1600637261
2.1811 1600637261
2.1811 1600637261
2.1812 1600637261
2.1841999999999997 1600637261
2.1799 1600637261
2.1803999999999997 1600637261
2.1797999999999997 1600637261
2.3068 1600637261
2.3032 1600637261
2.3032 1600637261
2.3033 1600637261
2.3069 1600637261
2.3033 1600637261
2.3032 1600637261
2.3032 1600637261
2.0927 1600637261
2.0884 1600637261
2.0882 1600637261
2.0886 1600637261
2.0885 1600637261
2.0885 1600637261
2.0883999999999996 1600637261
2.0927 1600637261
2.2337 1600637261
2.2337 1600637261
2.1984999999999997 1600637261
2.1986 1600637261
2.2211 1600637261
2.2026 1600637261
2.2026 1600637261
2.2026000000000003 1600637261
2.2826 1600637261
2.2824999999999998 1600637261
2.2827 1600637261
2.2828 1600637261
2.2826999999999997 1600637261
2.2828 1600637261
2.2821 1600637261
2.2824 1600637261
2.1875 1600637261
2.1877 1600637261
2.1875 1600637261
2.1917999999999997 1600637261
2.1918 1600637261
2.1918 1600637261
2.1875999999999998 1600637261
2.1877 1600637261
2.302 1600637261
2.3142 1600637261
2.3047 1600637261
2.3017 1600637261
2.302 1600637261
2.3019999999999996 1600637261
2.3019 1600637261
2.3047 1600637261
2.6199 1600637261
2.6201 1600637261
2.6239 1600637261
2.6199 1600637261
2.6199999999999997 1600637261
2.6239 1600637261
2.6239999999999997 1600637261
2.6201 1600637261
2.199 1600637261
2.2034 1600637261
2.199 1600637261
2.199 1600637261
2.199 1600637261
2.1989 1600637261
2.1988000000000003 1600637261
2.1987 1600637261
2.2427 1600637261
2.2424999999999997 1600637261
2.2429 1600637261
2.2485999999999997 1600637261
2.2472 1600637261
2.2476 1600637261
2.2426 1600637261
2.2427 1600637261
2.6670000000000003 1600637261
2.6671 1600637261
2.6678 1600637261
2.6687999999999996 1600637261
2.6679 1600637261
2.6689 1600637261
2.6694999999999998 1600637261
2.6692 1600637261
2.2821 1600637261
2.277 1600637261
2.2829 1600637261
2.2769000000000004 1600637261
2.2828 1600637261
2.2774 1600637261
2.2773 1600637261
2.2775999999999996 1600637261
2.3270000000000004 1600637261
2.3326 1600637261
2.3317 1600637261
2.3029 1600637261
2.3029 1600637261
2.3197 1600637261
2.3151 1600637261
2.3272 1600637261
2.0031 1600637261
2.0032 1600637261
2.0032 1600637261
2.0089 1600637261
2.0042 1600637261
1.9982000000000002 1600637261
2.0042 1600637261
1.9983000000000002 1600637261
2.0206 1600637261
2.0151000000000003 1600637261
2.015 1600637261
2.0206 1600637261
2.015 1600637261
2.0341 1600637261
2.0341 1600637261
2.015 1600637261
2.1778999999999997 1600637261
2.1748 1600637261
2.1778 1600637261
2.1746 1600637261
2.1778 1600637261
2.1747 1600637261
2.185 1600637261
2.1746 1600637261
2.5953 1600637261
2.5955 1600637261
2.5955000000000004 1600637261
2.5953 1600637261
2.5999 1600637261
2.6 1600637261
2.5954 1600637261
2.5954 1600637261
2.2226999999999997 1600637261
2.2178 1600637261
2.2178 1600637261
2.2226 1600637261
2.2226999999999997 1600637261
2.2226 1600637261
2.2176 1600637261
2.2177 1600637261
2.6489000000000003 1600637261
2.6487999999999996 1600637261
2.6474 1600637261
2.6483 1600637261
2.6508 1600637261
2.6487 1600637261
2.6466000000000003 1600637261
2.6487 1600637261
2.6186000000000003 1600637261
2.6215 1600637261
2.6185 1600637261
2.6216 1600637261
2.6216 1600637261
2.6186 1600637261
2.6185 1600637261
2.6182999999999996 1600637261
2.6241 1600637261
2.6239 1600637261
2.6378999999999997 1600637261
2.6239 1600637261
2.6267 1600637261
2.624 1600637261
2.6239 1600637261
2.6239 1600637261
2.4116999999999997 1600637261
2.4208999999999996 1600637261
2.4162999999999997 1600637261
2.4158999999999997 1600637261
2.4149 1600637261
2.4137 1600637261
2.4078999999999997 1600637261
2.4151 1600637261
2.6761999999999997 1600637261
2.6765 1600637261
2.6773 1600637261
2.6774999999999998 1600637261
2.6767 1600637261
2.6775 1600637261
2.6775 1600637261
2.6773 1600637261
2.2848 1600637261
2.2878 1600637261
2.2847999999999997 1600637261
2.2849 1600637261
2.2848 1600637261
2.2916999999999996 1600637261
2.2876999999999996 1600637261
2.2847999999999997 1600637261
2.2851 1600637261
2.2815999999999996 1600637261
2.2819 1600637261
2.2851 1600637261
2.2819 1600637261
2.2819 1600637261
2.2822 1600637261
2.2819 1600637261
2.1774 1600637261
2.1774 1600637261
2.1776 1600637261
2.1826 1600637261
2.1774 1600637261
2.1826 1600637261
2.1774999999999998 1600637261
2.1824 1600637261
2.2612 1600637261
2.2615 1600637261
2.2614 1600637261
2.2614 1600637261
2.2615 1600637261
2.2613 1600637261
2.2615000000000003 1600637261
2.2611999999999997 1600637261
1.8684 1600637261
1.9249999999999998 1600637261
1.8592 1600637261
1.9248999999999998 1600637261
1.8807 1600637261
1.8592 1600637261
1.8593 1600637261
1.8602999999999998 1600637261
2.0672 1600637261
2.2751 1600637261
2.2749 1600637261
2.275 1600637261
2.0717 1600637261
2.275 1600637261
2.2751 1600637261
2.2748 1600637261
2.3597 1600637261
2.3431 1600637261
2.351 1600637261
2.352 1600637261
2.3599 1600637261
2.3433 1600637261
2.3601 1600637261
2.36 1600637261
1.9803 1600637261
1.9757 1600637261
1.9757000000000002 1600637261
1.9774 1600637261
1.9806000000000001 1600637261
2.0091 1600637261
1.9806 1600637261
1.9803000000000002 1600637261
2.4842 1600637261
2.481 1600637261
2.4852999999999996 1600637261
2.4856 1600637261
2.4854 1600637261
2.4855 1600637261
2.4855 1600637261
2.4810999999999996 1600637261
2.4706 1600637261
2.4712 1600637261
2.4708 1600637261
2.4707 1600637261
2.4711999999999996 1600637261
2.4699 1600637261
2.4707 1600637261
2.4699999999999998 1600637261
2.3123 1600637261
2.3154 1600637261
2.3123 1600637261
2.3120000000000003 1600637261
2.3155 1600637261
2.3123 1600637261
2.3122 1600637261
2.3122999999999996 1600637261
2.2291999999999996 1600637261
2.2245999999999997 1600637261
2.2291999999999996 1600637261
2.2245 1600637261
2.2298 1600637261
2.2299 1600637261
2.2245 1600637261
2.2235 1600637261
2.2847 1600637261
2.2847 1600637261
2.2913 1600637261
2.2912999999999997 1600637261
2.2878 1600637261
2.2855 1600637261
2.2847 1600637261
2.2879 1600637261
2.6918 1600637261
2.6896 1600637261
2.6853 1600637261
2.6918 1600637261
2.6874000000000002 1600637261
2.6873 1600637261
2.6963999999999997 1600637261
2.6818999999999997 1600637261
2.5006 1600637261
2.4999000000000002 1600637261
2.5006999999999997 1600637261
2.5008999999999997 1600637261
2.5005 1600637261
2.5004 1600637261
2.5005 1600637261
2.5004 1600637261
2.0426 1600637261
2.0389 1600637261
2.0549 1600637261
2.0389999999999997 1600637261
2.0387 1600637261
2.0549 1600637261
2.0387999999999997 1600637261
2.0384 1600637261
2.2942 1600637261
2.2943000000000002 1600637261
2.2937999999999996 1600637261
2.2943000000000002 1600637261
2.2943000000000002 1600637261
2.2986 1600637261
2.2941 1600637261
2.294 1600637261
2.6251 1600637261
2.626 1600637261
2.6256999999999997 1600637261
2.6258 1600637261
2.6266000000000003 1600637261
2.6262 1600637261
2.6254999999999997 1600637261
2.6261 1600637261
2.5466 1600637261
2.5573 1600637261
2.5572999999999997 1600637261
2.5572999999999997 1600637261
2.5572999999999997 1600637261
2.5414 1600637261
2.5412 1600637261
2.5475 1600637261
2.6328 1600637261
2.6331 1600637261
2.6328 1600637261
2.6327999999999996 1600637261
2.6327 1600637261
2.6324 1600637261
2.6329000000000002 1600637261
2.6326 1600637261
2.0428 1600637261
2.0551 1600637261
2.0300000000000002 1600637261
2.0299 1600637261
2.0353 1600637261
2.0417 1600637261
2.0353 1600637261
2.0301 1600637261
2.4069000000000003 1600637261
2.3895 1600637261
2.3895 1600637261
2.3893 1600637261
2.3893 1600637261
2.3893999999999997 1600637261
2.454 1600637261
2.3895 1600637261
2.3853 1600637261
2.3902 1600637261
2.3678999999999997 1600637261
2.3682 1600637261
2.3672 1600637261
2.3678 1600637261
2.3675 1600637261
2.3679 1600637261
2.2845999999999997 1600637261
2.2845999999999997 1600637261
2.2846 1600637261
2.2847 1600637261
2.2846 1600637261
2.2847 1600637261
2.2847 1600637261
2.2847 1600637261
2.6761 1600637261
2.6761 1600637261
2.6763999999999997 1600637261
2.6765 1600637261
2.6761 1600637261
2.6761 1600637261
2.6761 1600637261
2.6757999999999997 1600637261
2.6195999999999997 1600637261
2.6196 1600637261
2.6195 1600637261
2.6241 1600637261
2.6241999999999996 1600637261
2.6194 1600637261
2.6195999999999997 1600637261
2.6196 1600637261
2.2653 1600637261
2.2655 1600637261
2.2654 1600637261
2.2647999999999997 1600637261
2.2653999999999996 1600637261
2.2653999999999996 1600637261
2.2653 1600637261
2.2653 1600637261
2.6258999999999997 1600637261
2.6258 1600637261
2.6258 1600637261
2.6257 1600637261
2.626 1600637261
2.6258 1600637261
2.6258999999999997 1600637261
2.6254999999999997 1600637261
2.2554 1600637261
2.2554999999999996 1600637261
2.2554 1600637261
2.2556000000000003 1600637261
2.2554999999999996 1600637261
2.2554999999999996 1600637261
2.2603999999999997 1600637261
2.2554999999999996 1600637261
2.2845 1600637261
2.2843999999999998 1600637261
2.2844 1600637261
2.2845 1600637261
2.2845 1600637261
2.2853 1600637261
2.2895999999999996 1600637261
2.2845 1600637261
2.2712 1600637261
2.2742 1600637261
2.2741 1600637261
2.2712 1600637261
2.2708999999999997 1600637261
2.2712 1600637261
2.2713 1600637261
2.2711 1600637261
2.2104 1600637261
2.214 1600637261
2.2148 1600637261
2.2261 1600637261
2.2133 1600637261
2.2145 1600637261
2.2133000000000003 1600637261
2.2146 1600637261
2.5421 1600637261
2.5421 1600637261
2.5424 1600637261
2.5421 1600637261
2.5423999999999998 1600637261
2.5422000000000002 1600637261
2.5418999999999996 1600637261
2.5423 1600637261
2.0549 1600637261
2.0549999999999997 1600637261
2.0311999999999997 1600637261
2.0313 1600637261
2.0549 1600637261
2.0309 1600637261
2.0549999999999997 1600637261
2.0311 1600637261
2.2569 1600637261
2.2569 1600637261
2.2569 1600637261
2.2569 1600637261
2.2605 1600637261
2.2605 1600637261
2.2569 1600637261
2.2567999999999997 1600637261
2.2066 1600637261
2.2054 1600637261
2.2026999999999997 1600637261
2.2053000000000003 1600637261
2.2055 1600637261
2.2068 1600637261
2.2054 1600637261
2.2026 1600637261
2.4684 1600637261
2.4684999999999997 1600637261
2.4682 1600637261
2.4682 1600637261
2.4678 1600637261
2.4684 1600637261
2.4687 1600637261
2.4687 1600637261
2.1883 1600637261
2.1885 1600637261
2.1906 1600637261
2.1906 1600637261
2.1883 1600637261
2.1906 1600637261
2.1883999999999997 1600637261
2.1883 1600637261
1.9078 1600637261
2.6273 1600637261
2.6272 1600637261
1.9115000000000002 1600637261
2.6274 1600637261
1.908 1600637261
1.9075000000000002 1600637261
2.6275 1600637261
2.2044 1600637261
2.2042 1600637261
2.2044 1600637261
2.2044 1600637261
2.2043 1600637261
1.9967 1600637261
1.9971 1600637261
1.9966000000000002 1600637261
2.4399 1600637261
2.4333 1600637261
2.4385 1600637261
2.4396 1600637261
2.4391 1600637261
2.4396 1600637261
2.4396 1600637261
2.4391999999999996 1600637261
2.4428 1600637261
2.445 1600637261
2.4402 1600637261
2.4446999999999997 1600637261
2.4451 1600637261
2.4423 1600637261
2.4449 1600637261
2.4450000000000003 1600637261
1.9874 1600637261
2.02 1600637261
2.009 1600637261
2.0063999999999997 1600637261
1.9902000000000002 1600637261
1.9872999999999998 1600637261
1.9902000000000002 1600637261
1.9874 1600637261
2.6207 1600637261
2.6208 1600637261
2.6207000000000003 1600637261
2.6208 1600637261
2.6207000000000003 1600637261
2.6207 1600637261
2.6208 1600637261
2.6206 1600637261
1.9927000000000001 1600637261
2.0063999999999997 1600637261
1.9927 1600637261
2.0084 1600637261
1.9881000000000002 1600637261
1.9883000000000002 1600637261
2.0064 1600637261
1.9927000000000001 1600637261
2.2335 1600637261
2.1969 1600637261
2.2024 1600637261
2.1969999999999996 1600637261
2.1969 1600637261
2.1969 1600637261
2.2334 1600637261
2.2024 1600637261
2.01 1600637261
2.0343 1600637261
2.0201 1600637261
2.0099 1600637261
2.0282 1600637261
2.0096999999999996 1600637261
2.0100000000000002 1600637261
2.0101 1600637261
2.6704 1600637261
2.6706999999999996 1600637261
2.67 1600637261
2.6702 1600637261
2.6704999999999997 1600637261
2.6704 1600637261
2.6708 1600637261
2.6704 1600637261
2.2794 1600637261
2.2792 1600637261
2.2794 1600637261
2.2792999999999997 1600637261
2.2792 1600637261
2.2793 1600637261
2.2792999999999997 1600637261
2.2792 1600637261
1.8913 1600637261
1.8637000000000001 1600637261
1.8637 1600637261
1.8839 1600637261
1.8638 1600637261
1.8839 1600637261
1.8816 1600637261
1.8773 1600637261
2.6337 1600637261
2.6338 1600637261
2.6338 1600637261
2.6334 1600637261
2.6338 1600637261
2.6337 1600637261
2.6337 1600637261
2.6338 1600637261
2.1723 1600637261
2.1744999999999997 1600637261
2.1724 1600637261
2.1721999999999997 1600637261
2.1722 1600637261
2.1723999999999997 1600637261
2.1721 1600637261
2.1721 1600637261
2.0156 1600637261
1.9678 1600637261
1.9678 1600637261
2.0156 1600637261
1.9677000000000002 1600637261
1.9678 1600637261
1.9676000000000002 1600637261
1.9825000000000002 1600637261
1.968 1600637261
1.9768 1600637261
1.9678000000000002 1600637261
1.9679000000000002 1600637261
1.9681 1600637261
1.9767 1600637261
1.9677 1600637261
1.9768000000000001 1600637261
2.3758 1600637261
2.3758 1600637261
2.3795 1600637261
2.3846 1600637261
2.3628 1600637261
2.3801 1600637261
2.3886000000000003 1600637261
2.3655 1600637261
2.7071 1600637261
2.7054 1600637261
2.7066 1600637261
2.7056 1600637261
2.7044 1600637261
2.7049 1600637261
2.7071 1600637261
2.7082 1600637261
2.2432 1600637261
2.2433 1600637261
2.2458 1600637261
2.2434 1600637261
2.2432 1600637261
2.2435 1600637261
2.2458 1600637261
2.243 1600637261
2.6853000000000002 1600637261
2.6853 1600637261
2.696 1600637261
2.696 1600637261
2.6851 1600637261
2.6857 1600637261
2.6854999999999998 1600637261
2.6893000000000002 1600637261
2.6064 1600637261
2.6065 1600637261
2.6065 1600637261
2.6062 1600637261
2.6069 1600637261
2.6060999999999996 1600637261
2.6065 1600637261
2.6064999999999996 1600637261
2.2183 1600637261
2.2321 1600637261
2.2180999999999997 1600637261
2.2182999999999997 1600637261
2.2228 1600637261
2.2182999999999997 1600637261
2.2229 1600637261
2.2183 1600637261
2.6483 1600637261
2.5802 1600637261
2.58 1600637261
2.6482 1600637261
2.5799999999999996 1600637261
2.5799 1600637261
2.5803 1600637261
2.5803 1600637261
2.2525000000000004 1600637261
2.2527 1600637261
2.2453 1600637261
2.2451 1600637261
2.2524 1600637261
2.2453 1600637261
2.2527 1600637261
2.2523999999999997 1600637261
2.1907 1600637261
2.1905 1600637261
2.1905 1600637261
2.1906 1600637261
2.1902 1600637261
1.9983000000000002 1600637261
2.1898 1600637261
2.1906 1600637261
2.6700999999999997 1600637261
2.6696 1600637261
2.6703 1600637261
2.6693000000000002 1600637261
2.6694 1600637261
2.6698 1600637261
2.6693000000000002 1600637261
2.6700999999999997 1600637261
1.9057 1600637261
1.9432000000000003 1600637261
1.9275000000000002 1600637261
1.9067999999999998 1600637261
1.9151 1600637261
1.9059 1600637261
1.9121 1600637261
1.9065999999999999 1600637261
2.6851000000000003 1600637261
2.6851000000000003 1600637261
2.7041 1600637261
2.6851000000000003 1600637261
2.7041 1600637261
2.6849 1600637261
2.6852 1600637261
2.6852 1600637261
2.6815 1600637261
2.681 1600637261
2.6811000000000003 1600637261
2.681 1600637261
2.6813 1600637261
2.6815 1600637261
2.6812 1600637261
2.6813 1600637261
2.6677999999999997 1600637261
2.6673 1600637261
2.6673 1600637261
2.6676 1600637261
2.6675999999999997 1600637261
2.6676 1600637261
2.6671 1600637261
2.6677 1600637261
2.2885999999999997 1600637261
2.2889000000000004 1600637261
2.2887 1600637261
2.2889 1600637261
2.2889 1600637261
2.2836 1600637261
2.2839 1600637261
2.2888 1600637261
2.0162999999999998 1600637261
1.9868000000000001 1600637261
1.9783 1600637261
2.0163 1600637261
1.9867000000000001 1600637261
1.9785000000000001 1600637261
1.9868 1600637261
1.984 1600637261
2.5237 1600637261
2.5317999999999996 1600637261
2.5239 1600637261
2.5239 1600637261
2.5239 1600637261
2.5317999999999996 1600637261
2.5239 1600637261
2.5237 1600637261
2.6085 1600637261
2.6082 1600637261
2.6083 1600637261
2.6087 1600637261
2.6086 1600637261
2.6079 1600637261
2.6086 1600637261
2.6088 1600637261
1.9521 1600637261
1.9482000000000002 1600637261
1.9484 1600637261
1.9484 1600637261
1.952 1600637261
1.9637 1600637261
2.0136999999999996 1600637261
1.9484000000000001 1600637261
2.2833 1600637261
2.2801 1600637261
2.2824 1600637261
2.28 1600637261
2.2800000000000002 1600637261
2.28 1600637261
2.2832999999999997 1600637261
2.2801 1600637261
1.9408 1600637261
1.9411999999999998 1600637261
1.9412000000000003 1600637261
1.9411 1600637261
1.9411 1600637261
1.941 1600637261
1.9412 1600637261
1.9405 1600637261
2.302 1600637261
2.2990000000000004 1600637261
2.2992999999999997 1600637261
2.2992 1600637261
2.2993 1600637261
2.3019999999999996 1600637261
2.3019999999999996 1600637261
2.2991 1600637261
2.7039 1600637261
2.7014 1600637261
2.7023 1600637261
2.7039 1600637261
2.7028 1600637261
2.7045999999999997 1600637261
2.7028 1600637261
2.7034000000000002 1600637261
2.5033 1600637261
2.5515 1600637261
2.4855 1600637261
2.5028 1600637261
2.5048 1600637261
2.4833 1600637261
2.5514 1600637261
2.5065 1600637261
2.6558 1600637261
2.6553 1600637261
2.6552000000000002 1600637261
2.6562 1600637261
2.6543 1600637261
2.6553 1600637261
2.6567000000000003 1600637261
2.6553999999999998 1600637261
2.0644 1600637261
2.0647 1600637261
2.068 1600637261
2.0646 1600637261
2.0646999999999998 1600637261
2.0648 1600637261
2.068 1600637261
2.0653 1600637261
2.2744 1600637261
2.2745 1600637261
2.2746 1600637261
2.2745 1600637261
2.2744 1600637261
2.2744 1600637261
2.2773 1600637261
2.2746 1600637261
2.315 1600637261
2.3151 1600637261
2.3150999999999997 1600637261
2.315 1600637261
2.3153 1600637261
2.3149 1600637261
2.3150999999999997 1600637261
2.315 1600637261
2.6506999999999996 1600637261
2.6508000000000003 1600637261
2.6502999999999997 1600637261
2.641 1600637261
2.6501 1600637261
2.6505 1600637261
2.6478 1600637261
2.6466 1600637261
2.6372 1600637261
2.6372 1600637261
2.637 1600637261
2.6371 1600637261
2.6372 1600637261
2.6371 1600637261
2.6369999999999996 1600637261
2.6371 1600637261
2.2565 1600637261
2.259 1600637261
2.2563999999999997 1600637261
2.2594 1600637261
2.2594 1600637261
2.2595 1600637261
2.2594 1600637261
2.2565 1600637261
2.3152 1600637261
2.3152 1600637261
2.3215 1600637261
2.315 1600637261
2.3151 1600637261
2.3215000000000003 1600637261
2.3152 1600637261
2.3152999999999997 1600637261
2.3723 1600637261
2.3961 1600637261
2.3959 1600637261
2.3938 1600637261
2.3856 1600637261
2.3963 1600637261
2.3770000000000002 1600637261
2.3964 1600637261
2.3024999999999998 1600637261
2.3066 1600637261
2.3024999999999998 1600637261
2.3064999999999998 1600637261
2.3025 1600637261
2.3025 1600637261
2.3025 1600637261
2.3026 1600637261
2.6621 1600637261
2.6502 1600637261
2.6556 1600637261
2.6578 1600637261
2.6568 1600637261
2.6563 1600637261
2.6620999999999997 1600637261
2.6581 1600637261
2.2946999999999997 1600637261
2.2948999999999997 1600637261
2.2946999999999997 1600637261
2.2946 1600637261
2.299 1600637261
2.2943000000000002 1600637261
2.2944999999999998 1600637261
2.2946999999999997 1600637261
1.8784 1600637261
1.882 1600637261
1.8820000000000001 1600637261
1.8395000000000001 1600637261
1.8297 1600637261
1.8296999999999999 1600637261
1.8294 1600637261
1.9156000000000002 1600637261
2.5751999999999997 1600637261
2.5753 1600637261
2.5753 1600637261
2.5756 1600637261
2.5747999999999998 1600637261
2.5755 1600637261
2.5752 1600637261
2.5751 1600637261
1.7853999999999999 1600637261
1.8471 1600637261
1.7856999999999998 1600637261
1.8054 1600637261
1.7991 1600637261
1.7910000000000001 1600637261
1.7916 1600637261
1.8471 1600637261
2.5056 1600637261
2.5102 1600637261
2.5055 1600637261
2.5044 1600637261
2.5058 1600637261
2.5054999999999996 1600637261
2.5058 1600637261
2.5058 1600637261
2.6353 1600637261
2.6534 1600637261
2.6534999999999997 1600637261
2.6563 1600637261
2.648 1600637261
2.6532 1600637261
2.6460999999999997 1600637261
2.6347 1600637261
2.2404 1600637261
2.2445 1600637261
2.2403000000000004 1600637261
2.2403 1600637261
2.2403 1600637261
2.2398 1600637261
2.2403000000000004 1600637261
2.2403 1600637261
2.2345 1600637261
2.2294 1600637261
2.2294 1600637261
2.2292 1600637261
2.2359999999999998 1600637261
2.2293 1600637261
2.2293 1600637261
2.2345 1600637261
2.6411 1600637261
2.6061 1600637261
2.6059 1600637261
2.606 1600637261
2.6060000000000003 1600637261
2.6059 1600637261
2.6411 1600637261
2.606 1600637261
2.5262 1600637261
2.5262000000000002 1600637261
2.5319000000000003 1600637261
2.5263 1600637261
2.5261 1600637261
2.5263 1600637261
2.5258 1600637261
2.5515 1600637261
2.6279 1600637261
2.624 1600637261
2.6239 1600637261
2.6241 1600637261
2.624 1600637261
2.6241 1600637261
2.6279 1600637261
2.6239999999999997 1600637261
2.6310000000000002 1600637261
2.6306000000000003 1600637261
2.6310000000000002 1600637261
2.6311999999999998 1600637261
2.6309 1600637261
2.631 1600637261
2.6311 1600637261
2.6304000000000003 1600637261
2.2547 1600637261
2.2626 1600637261
2.2632999999999996 1600637261
2.2632999999999996 1600637261
2.2622999999999998 1600637261
2.2615 1600637261
2.2634999999999996 1600637261
2.2611 1600637261
2.6907 1600637261
2.6895000000000002 1600637261
2.6904 1600637261
2.6904999999999997 1600637261
2.6905 1600637261
2.6896 1600637261
2.6901 1600637261
2.6902 1600637261
2.3313 1600637261
2.3383 1600637261
2.3160000000000003 1600637261
2.3181000000000003 1600637261
2.3195 1600637261
2.3191 1600637261
2.3152 1600637261
2.3192999999999997 1600637261
2.1924 1600637261
2.1924 1600637261
2.1924 1600637261
2.1926 1600637261
2.1925999999999997 1600637261
2.1924 1600637261
2.198 1600637261
2.1921999999999997 1600637261
1.9790999999999999 1600637261
1.9793 1600637261
2.009 1600637261
1.9819000000000002 1600637261
1.9819 1600637261
1.9792 1600637261
1.9793000000000003 1600637261
1.9853 1600637261
2.2260999999999997 1600637261
2.2300999999999997 1600637261
2.2259 1600637261
2.2302 1600637261
2.2261 1600637261
2.2262 1600637261
2.2262 1600637261
2.2262 1600637261
2.2281 1600637261
2.2282 1600637261
2.2285 1600637261
2.2284 1600637261
2.2321 1600637261
2.2283 1600637261
2.2283999999999997 1600637261
2.2286 1600637261
2.5253 1600637261
2.5251 1600637261
2.5252999999999997 1600637261
2.5252 1600637261
2.5247 1600637261
2.5245 1600637261
2.5246999999999997 1600637261
2.5233 1600637261
1.9701000000000002 1600637261
1.9714999999999998 1600637261
1.9715000000000003 1600637261
1.9715 1600637261
1.9670999999999998 1600637261
1.9702000000000002 1600637261
1.9702 1600637261
1.9659 1600637261
2.4523 1600637261
2.452 1600637261
2.4521 1600637261
2.4516 1600637261
2.4524 1600637261
2.4600999999999997 1600637261
2.4524 1600637261
2.4524999999999997 1600637261
2.6463 1600637261
2.6464 1600637261
2.6496 1600637261
2.6521999999999997 1600637261
2.6464 1600637261
2.6464 1600637261
2.6462 1600637261
2.6522 1600637261
2.5515 1600637261
2.5519 1600637261
2.5517999999999996 1600637261
2.5517999999999996 1600637261
2.5515999999999996 1600637261
2.5545 1600637261
2.5518 1600637261
2.5515 1600637261
2.2554 1600637261
2.2554 1600637261
2.1895000000000002 1600637261
2.2554 1600637261
2.1896 1600637261
2.2554 1600637261
2.1894 1600637261
2.2554 1600637261
2.0298000000000003 1600637261
2.0260999999999996 1600637261
2.0548 1600637261
2.026 1600637261
2.0547999999999997 1600637261
2.0261 1600637261
2.0262000000000002 1600637261
2.0261 1600637261
2.2625 1600637261
2.2624999999999997 1600637261
2.2624999999999997 1600637261
2.2626999999999997 1600637261
2.2626999999999997 1600637261
2.2627 1600637261
2.2625 1600637261
2.2626 1600637261
2.4919 1600637261
2.4949 1600637261
2.4947 1600637261
2.4945 1600637261
2.4932 1600637261
2.4945 1600637261
2.4945999999999997 1600637261
2.4947 1600637261
2.181 1600637261
1.9694999999999998 1600637261
1.9697 1600637261
2.1807 1600637261
1.9716 1600637261
2.181 1600637261
2.1805999999999996 1600637261
1.9696000000000002 1600637261
2.5357 1600637261
2.5359000000000003 1600637261
2.5353 1600637261
2.5358 1600637261
2.5694 1600637261
2.5357999999999996 1600637261
2.5357 1600637261
2.5353 1600637261
2.0395 1600637261
2.0547999999999997 1600637261
2.0403 1600637261
2.0448 1600637261
2.0395 1600637261
2.0395999999999996 1600637261
2.0396 1600637261
2.0396 1600637261
2.6075 1600637261
2.6102 1600637261
2.6075 1600637261
2.6102 1600637261
2.6075 1600637261
2.6071999999999997 1600637261
2.6034 1600637261
2.6033 1600637261
2.2607 1600637261
2.2608 1600637261
2.2607 1600637261
2.2603 1600637261
2.2607 1600637261
2.2609 1600637261
2.2664 1600637261
2.2607 1600637261
2.2098 1600637261
2.2095 1600637261
2.2083999999999997 1600637261
2.2098 1600637261
2.2098 1600637261
2.2099 1600637261
2.2084 1600637261
2.2084 1600637261
2.6387 1600637261
2.6459 1600637261
2.646 1600637261
2.6386999999999996 1600637261
2.6388 1600637261
2.6388999999999996 1600637261
2.646 1600637261
2.6387 1600637261
2.1922 1600637261
2.1858000000000004 1600637261
2.1823 1600637261
2.1858 1600637261
2.1857 1600637261
2.1934 1600637261
2.1856 1600637261
2.1935000000000002 1600637261
2.3146999999999998 1600637261
2.3148 1600637261
2.3146 1600637261
2.3145 1600637261
2.3148 1600637261
2.3146 1600637261
2.3149 1600637261
2.3146 1600637261
2.1436 1600637261
2.1435999999999997 1600637261
2.1435999999999997 1600637261
2.0448000000000004 1600637261
2.0448 1600637261
2.0446 1600637261
2.0448999999999997 1600637261
2.0448 1600637261
2.0189999999999997 1600637261
2.2311 1600637261
2.2312 1600637261
2.2315 1600637261
2.2314000000000003 1600637261
2.0191999999999997 1600637261
2.0589 1600637261
2.2313 1600637261
2.2247999999999997 1600637261
2.2321 1600637261
2.2246 1600637261
2.23 1600637261
2.2248 1600637261
2.2247 1600637261
2.2247 1600637261
2.2247 1600637261
2.533 1600637261
2.5324999999999998 1600637261
2.5330999999999997 1600637261
2.5332 1600637261
2.5513999999999997 1600637261
2.5326 1600637261
2.5328 1600637261
2.533 1600637261
2.6803 1600637261
2.6803999999999997 1600637261
2.6801 1600637261
2.6803999999999997 1600637261
2.6798 1600637261
2.6804 1600637261
2.6807 1600637261
2.6807999999999996 1600637261
2.6014999999999997 1600637261
2.6026000000000002 1600637261
2.6026 1600637261
2.6027 1600637261
2.6016 1600637261
2.6024999999999996 1600637261
2.6026000000000002 1600637261
2.6023 1600637261
2.1866 1600637261
2.1915 1600637261
2.1917 1600637261
2.1864999999999997 1600637261
2.1866 1600637261
2.1867 1600637261
2.1864999999999997 1600637261
2.1914999999999996 1600637261
2.2622 1600637261
2.2623 1600637261
2.2622 1600637261
2.2624 1600637261
2.2622999999999998 1600637261
2.2624 1600637261
2.2623 1600637261
2.2623 1600637261
2.2843 1600637261
2.2844 1600637261
2.2843999999999998 1600637261
2.2843 1600637261
2.0839999999999996 1600637261
2.0838 1600637261
2.2843999999999998 1600637261
2.2845 1600637261
2.6893000000000002 1600637261
2.6932 1600637261
2.6894 1600637261
2.6938 1600637261
2.6885999999999997 1600637261
2.6931 1600637261
2.6889 1600637261
2.6931000000000003 1600637261
2.5867999999999998 1600637261
2.5851 1600637261
2.5855 1600637261
2.5868 1600637261
2.5856 1600637261
2.5858 1600637261
2.5855 1600637261
2.5856 1600637261
2.6397999999999997 1600637261
2.6341 1600637261
2.6344 1600637261
2.6393999999999997 1600637261
2.6340999999999997 1600637261
2.6393 1600637261
2.6397 1600637261
2.6398 1600637261
2.6032 1600637261
2.6035000000000004 1600637261
2.6033 1600637261
2.6053 1600637261
2.6032 1600637261
2.6032 1600637261
2.6035 1600637261
2.6034 1600637261
1.9285999999999999 1600637261
1.846 1600637261
1.8459999999999999 1600637261
1.8414 1600637261
1.8254000000000001 1600637261
1.8255 1600637261
1.8414 1600637261
1.9011 1600637261
1.9334000000000002 1600637261
1.9330999999999998 1600637261
1.9377000000000002 1600637261
1.9331000000000003 1600637261
1.9333000000000002 1600637261
1.9331999999999998 1600637261
1.9522 1600637261
1.9334 1600637261
2.5033 1600637261
2.5036 1600637261
2.5038 1600637261
2.5037 1600637261
2.504 1600637261
2.5031999999999996 1600637261
2.5034 1600637261
2.5028 1600637261
2.0654 1600637261
2.0658 1600637261
2.0654999999999997 1600637261
2.0654999999999997 1600637261
2.0654 1600637261
2.0654 1600637261
2.0655 1600637261
2.0671 1600637261
2.6593999999999998 1600637261
2.6672 1600637261
2.6622999999999997 1600637261
2.6588 1600637261
2.6695 1600637261
2.6588 1600637261
2.6666999999999996 1600637261
2.6603000000000003 1600637261
2.5463999999999998 1600637261
2.5456 1600637261
2.5459 1600637261
2.5463 1600637261
2.5467 1600637261
2.5461 1600637261
2.5456 1600637261
2.5461 1600637261
2.0692 1600637261
2.0695 1600637261
2.0692000000000004 1600637261
2.0721 1600637261
2.0722 1600637261
2.0692000000000004 1600637261
2.0758 1600637261
2.0691 1600637261
2.4761 1600637261
2.4759 1600637261
2.4764 1600637261
2.4761 1600637261
2.4760999999999997 1600637261
2.4762 1600637261
2.4765 1600637261
2.4763 1600637261
1.8302 1600637261
1.8316000000000001 1600637261
1.8350000000000002 1600637261
1.9333000000000002 1600637261
1.9334 1600637261
1.9334 1600637261
1.8344 1600637261
1.8341999999999998 1600637261
2.6214 1600637261
2.6214999999999997 1600637261
2.6214 1600637261
1.8960000000000001 1600637261
2.6212 1600637261
2.6210999999999998 1600637261
2.6215 1600637261
2.6215 1600637261
2.0085 1600637261
1.9797000000000002 1600637261
1.9799000000000002 1600637261
1.9800000000000002 1600637261
1.9797999999999998 1600637261
1.98 1600637261
1.9769999999999999 1600637261
1.9798 1600637261
2.2017 1600637261
2.2007 1600637261
2.2005999999999997 1600637261
2.2016 1600637261
2.201 1600637261
2.2008 1600637261
2.2007 1600637261
2.199 1600637261
2.5983 1600637261
2.5983 1600637261
2.5983 1600637261
2.5980999999999996 1600637261
2.5983 1600637261
2.5982999999999996 1600637261
2.5984000000000003 1600637261
2.5982 1600637261
1.997 1600637261
1.9946000000000002 1600637261
2.0204 1600637261
2.0087 1600637261
2.009 1600637261
1.9946 1600637261
1.9946 1600637261
2.009 1600637261
2.6388000000000003 1600637261
2.6384999999999996 1600637261
2.6385 1600637261
2.6388000000000003 1600637261
2.6388 1600637261
2.6386999999999996 1600637261
2.6387 1600637261
2.6386 1600637261
2.5066 1600637261
2.5068 1600637261
2.5064 1600637261
2.504 1600637261
2.5048 1600637261
2.5061999999999998 1600637261
2.5073 1600637261
2.5063 1600637261
1.9533999999999998 1600637261
1.9121000000000001 1600637261
1.8856 1600637261
1.8856000000000002 1600637261
1.8853000000000002 1600637261
1.912 1600637261
1.8856 1600637261
1.8895 1600637261
1.9615000000000002 1600637261
1.9688999999999999 1600637261
2.0157000000000003 1600637261
1.9679000000000002 1600637261
1.9725000000000001 1600637261
2.0158 1600637261
1.9615 1600637261
1.9617000000000002 1600637261
2.1828 1600637261
2.1829 1600637261
2.1827 1600637261
2.1828999999999996 1600637261
2.1829 1600637261
2.1827 1600637261
2.1875999999999998 1600637261
2.1828 1600637261
2.1995 1600637261
2.1992000000000003 1600637261
2.1995 1600637261
2.1993 1600637261
2.1992 1600637261
2.1992999999999996 1600637261
2.1991 1600637261
2.0067 1600637261
2.6209 1600637261
2.6186 1600637261
2.6403 1600637261
2.6185 1600637261
2.6213 1600637261
2.6183 1600637261
2.6186000000000003 1600637261
2.6184 1600637261
2.6942999999999997 1600637261
2.6946 1600637261
2.6940999999999997 1600637261
2.6954 1600637261
2.6944 1600637261
2.6943 1600637261
2.6944999999999997 1600637261
2.6945 1600637261
2.606 1600637261
2.6087 1600637261
2.6087 1600637261
2.606 1600637261
2.6059 1600637261
2.6062 1600637261
2.6059 1600637261
2.606 1600637261
2.6832 1600637261
2.6892 1600637261
2.6829 1600637261
2.6833 1600637261
2.6832 1600637261
2.6831 1600637261
2.6828 1600637261
2.6825 1600637261
2.02 1600637261
2.0038 1600637261
2.0016000000000003 1600637261
2.0091 1600637261
2.0038 1600637261
2.0037000000000003 1600637261
2.0086 1600637261
2.0702 1600637261
2.1062999999999996 1600637261
2.106 1600637261
2.1065 1600637261
2.1063 1600637261
2.1061 1600637261
2.1064 1600637261
2.1063 1600637261
2.106 1600637261
2.2535999999999996 1600637261
2.2535999999999996 1600637261
2.2538 1600637261
2.2537 1600637261
2.254 1600637261
2.2539 1600637261
2.2539000000000002 1600637261
2.2537999999999996 1600637261
2.6323999999999996 1600637261
2.6324 1600637261
2.6326 1600637261
2.632 1600637261
2.6323 1600637261
2.6325 1600637261
2.6325 1600637261
2.6324 1600637261
2.3243 1600637261
2.3242 1600637261
2.3242 1600637261
2.3236 1600637261
2.3241 1600637261
2.3242000000000003 1600637261
2.3238 1600637261
2.3241 1600637261
2.5795 1600637261
2.5797999999999996 1600637261
2.5797 1600637261
2.5791 1600637261
2.5797 1600637261
2.5797 1600637261
2.5793 1600637261
2.5794 1600637261
2.0094999999999996 1600637261
2.0109999999999997 1600637261
1.9947000000000001 1600637261
1.9921 1600637261
1.9922000000000002 1600637261
1.9947000000000001 1600637261
2.02 1600637261
1.9921 1600637261
2.2158 1600637261
2.2325 1600637261
2.2157999999999998 1600637261
2.2159000000000004 1600637261
2.2157999999999998 1600637261
2.2159 1600637261
2.2328 1600637261
2.2328 1600637261
2.6847 1600637261
2.6847999999999996 1600637261
2.6846 1600637261
2.6843 1600637261
2.6845 1600637261
2.6845999999999997 1600637261
2.6847 1600637261
2.6848 1600637261
2.6098999999999997 1600637261
2.6098999999999997 1600637261
2.6098 1600637261
2.6099 1600637261
2.6168 1600637261
2.6168 1600637261
2.6096999999999997 1600637261
2.6168 1600637261
2.2739 1600637261
2.2738 1600637261
2.2737 1600637261
2.2741 1600637261
2.2739 1600637261
2.274 1600637261
2.2784 1600637261
2.2788999999999997 1600637261
2.6761 1600637261
2.6763 1600637261
2.6746999999999996 1600637261
2.6742999999999997 1600637261
2.6765999999999996 1600637261
2.6759 1600637261
2.6759999999999997 1600637261
2.6761999999999997 1600637261
2.6253 1600637261
2.6337 1600637261
2.6334 1600637261
2.6333 1600637261
2.6382999999999996 1600637261
2.6261 1600637261
2.6335 1600637261
2.6382999999999996 1600637261
1.9686000000000001 1600637261
2.009 1600637261
2.0111 1600637261
2.0111 1600637261
1.9723000000000002 1600637261
1.9738 1600637261
1.9686 1600637261
1.9686000000000001 1600637261
2.1648 1600637261
2.1644 1600637261
2.1645 1600637261
2.1647 1600637261
2.1646 1600637261
2.1697 1600637261
2.1647 1600637261
2.1647 1600637261
2.0032 1600637261
2.003 1600637261
2.0031 1600637261
2.003 1600637261
2.0065 1600637261
2.0032 1600637261
2.0067999999999997 1600637261
2.0032 1600637261
2.1672 1600637261
2.167 1600637261
2.1693000000000002 1600637261
2.1672000000000002 1600637261
2.1695 1600637261
2.1669 1600637261
2.1672000000000002 1600637261
2.1672000000000002 1600637261
1.9321 1600637261
1.9367999999999999 1600637261
1.955 1600637261
1.9320000000000002 1600637261
1.932 1600637261
1.9356 1600637261
1.9357000000000002 1600637261
1.9368 1600637261
2.6358 1600637261
2.6359000000000004 1600637261
2.6471 1600637261
2.6359 1600637261
2.6358 1600637261
2.6529000000000003 1600637261
2.6529 1600637261
2.6356 1600637261
1.9847 1600637261
2.0176999999999996 1600637261
1.9816 1600637261
2.0093 1600637261
1.9816000000000003 1600637261
2.009 1600637261
2.0176000000000003 1600637261
2.0088 1600637261
2.1719999999999997 1600637261
2.1721 1600637261
2.1748 1600637261
2.1748 1600637261
2.1748 1600637261
2.1719 1600637261
2.172 1600637261
2.1721 1600637261
1.9975 1600637261
2.0172 1600637261
1.9977000000000003 1600637261
2.0172 1600637261
1.9996000000000003 1600637261
1.9994999999999998 1600637261
1.9996 1600637261
1.9993999999999998 1600637261
2.0025 1600637261
2.0009 1600637261
2.0094999999999996 1600637261
2.0007 1600637261
2.0049 1600637261
2.0201000000000002 1600637261
2.0017 1600637261
2.0007 1600637261
2.2161 1600637261
2.2161 1600637261
2.2137000000000002 1600637261
2.2138 1600637261
2.2100999999999997 1600637261
2.21 1600637261
2.2137000000000002 1600637261
2.2136 1600637261
1.9695000000000003 1600637261
1.9763000000000002 1600637261
1.9670999999999998 1600637261
1.9723000000000002 1600637261
1.9723000000000002 1600637261
1.9763000000000002 1600637261
1.9691999999999998 1600637261
1.9805 1600637261
2.1763 1600637261
2.1763999999999997 1600637261
2.1765 1600637261
2.1763999999999997 1600637261
2.1763 1600637261
2.1776999999999997 1600637261
2.1763999999999997 1600637261
2.1761 1600637261
1.8784 1600637261
1.9021 1600637261
1.8784 1600637261
1.9039000000000001 1600637261
1.8812 1600637261
1.9121 1600637261
1.8787 1600637261
1.9122999999999999 1600637261
2.0093 1600637261
2.0091 1600637261
2.0094 1600637261
2.0189999999999997 1600637261
2.0139 1600637261
2.019 1600637261
2.0093 1600637261
2.0092 1600637261
2.4603 1600637261
2.4602 1600637261
2.4598 1600637261
2.4848 1600637261
2.4599 1600637261
2.4664 1600637261
2.5558 1600637261
2.4598 1600637261
2.6043 1600637261
2.6076 1600637261
2.6107 1600637261
2.6044 1600637261
2.6094999999999997 1600637261
2.6046 1600637261
2.6073999999999997 1600637261
2.6094999999999997 1600637261
1.8986999999999998 1600637261
1.9065 1600637261
1.8989 1600637261
1.9311999999999998 1600637261
1.8986 1600637261
1.8987999999999998 1600637261
1.9386 1600637261
1.899 1600637261
1.9574 1600637261
1.9819000000000002 1600637261
1.9572 1600637261
1.9573 1600637261
1.9573000000000003 1600637261
1.961 1600637261
1.9706000000000001 1600637261
1.9573 1600637261
2.6105 1600637261
2.6106000000000003 1600637261
2.6105 1600637261
2.6109 1600637261
2.6102999999999996 1600637261
2.6117 1600637261
2.6109999999999998 1600637261
2.6104 1600637261
2.6929000000000003 1600637261
2.6922 1600637261
2.693 1600637261
2.6929999999999996 1600637261
2.6929 1600637261
2.6928 1600637261
2.6929 1600637261
2.6929999999999996 1600637261
2.2413 1600637261
2.2413999999999996 1600637261
2.2521 1600637261
2.241 1600637261
2.2411 1600637261
2.252 1600637261
2.2414 1600637261
2.2414 1600637261
2.2199 1600637261
2.2199999999999998 1600637261
2.2199 1600637261
2.2199999999999998 1600637261
2.22 1600637261
2.2253 1600637261
2.2263 1600637261
2.2199 1600637261
2.6047000000000002 1600637261
2.6045 1600637261
2.6047000000000002 1600637261
2.6048 1600637261
2.6048 1600637261
2.6051 1600637261
2.6478 1600637261
2.6477999999999997 1600637261
1.9849999999999999 1600637261
1.9849999999999999 1600637261
2.0087 1600637261
1.9870999999999999 1600637261
1.9875 1600637261
1.9849 1600637261
1.9872999999999998 1600637261
1.9879 1600637261
2.2712000000000003 1600637261
2.2781000000000002 1600637261
2.2764 1600637261
2.2712 1600637261
2.2782 1600637261
2.2781000000000002 1600637261
2.2712 1600637261
2.2714 1600637261
2.3121 1600637261
2.3156 1600637261
2.3124 1600637261
2.3124 1600637261
2.3122999999999996 1600637261
2.3124000000000002 1600637261
2.3156 1600637261
2.3123 1600637261
2.2297 1600637261
2.2272 1600637261
2.2296 1600637261
2.227 1600637261
2.227 1600637261
2.2297 1600637261
2.2270999999999996 1600637261
2.2270999999999996 1600637261
2.6044 1600637261
2.604 1600637261
2.611 1600637261
2.611 1600637261
2.6044 1600637261
2.6046 1600637261
2.6103 1600637261
2.6046 1600637261
2.6826 1600637261
2.6896999999999998 1600637261
2.6829 1600637261
2.6826999999999996 1600637261
2.6823 1600637261
2.6824999999999997 1600637261
2.6877999999999997 1600637261
2.6827 1600637261
2.007 1600637261
2.0067999999999997 1600637261
2.0069 1600637261
2.007 1600637261
2.0066 1600637261
2.007 1600637261
2.007 1600637261
2.0071 1600637261
2.0426 1600637261
2.0345999999999997 1600637261
2.0284999999999997 1600637261
2.0357 1600637261
2.0282999999999998 1600637261
2.0285 1600637261
2.0287 1600637261
2.0374 1600637261
2.2135000000000002 1600637261
2.2588 1600637261
2.2135 1600637261
2.2134 1600637261
2.2131 1600637261
2.2188 1600637261
2.2135000000000002 1600637261
2.2588 1600637261
2.2721 1600637261
2.2721999999999998 1600637261
2.2721 1600637261
2.2721 1600637261
2.2719 1600637261
2.2777000000000003 1600637261
2.2777 1600637261
2.2721 1600637261
2.5034 1600637261
2.5026 1600637261
2.5025 1600637261
2.5040999999999998 1600637261
2.5034 1600637261
2.5021 1600637261
2.5044 1600637261
2.5031999999999996 1600637261
2.2529 1600637261
2.2531 1600637261
2.253 1600637261
2.2533 1600637261
2.256 1600637261
2.2594 1600637261
2.2594000000000003 1600637261
2.2594999999999996 1600637261
2.1618 1600637261
2.1620999999999997 1600637261
2.1616 1600637261
2.162 1600637261
2.1620999999999997 1600637261
2.1678 1600637261
2.1618999999999997 1600637261
2.1678 1600637261
2.268 1600637261
2.2681 1600637261
2.2681 1600637261
2.268 1600637261
2.2719 1600637261
2.2659000000000002 1600637261
2.2657 1600637261
2.2657 1600637261
2.275 1600637261
2.275 1600637261
2.275 1600637261
2.2776 1600637261
2.2775 1600637261
2.2748 1600637261
2.2748 1600637261
2.2749 1600637261
2.2661000000000002 1600637261
2.266 1600637261
2.2612 1600637261
2.2661 1600637261
2.2646 1600637261
2.2609999999999997 1600637261
2.2612 1600637261
2.266 1600637261
1.9921000000000002 1600637261
1.9792 1600637261
2.0084999999999997 1600637261
1.9792999999999998 1600637261
1.9920000000000002 1600637261
1.9794 1600637261
1.9819000000000002 1600637261
1.9794 1600637261
2.0654 1600637261
2.0656999999999996 1600637261
2.0659 1600637261
2.0656 1600637261
2.0627999999999997 1600637261
2.0657 1600637261
2.0656999999999996 1600637261
2.0656999999999996 1600637261
2.1394 1600637261
2.3067 1600637261
2.1395 1600637261
2.3124000000000002 1600637261
2.1431 1600637261
2.307 1600637261
2.3070999999999997 1600637261
2.1397999999999997 1600637261
2.6262 1600637261
2.6262999999999996 1600637261
2.6263 1600637261
2.6264 1600637261
2.6265 1600637261
2.6258 1600637261
2.6327 1600637261
2.6264 1600637261
2.0300000000000002 1600637261
2.0302 1600637261
2.0300000000000002 1600637261
2.2407 1600637261
2.03 1600637261
2.0549 1600637261
2.0301 1600637261
2.2407 1600637261
2.5835 1600637261
2.5835999999999997 1600637261
2.5833 1600637261
2.5829999999999997 1600637261
2.5829999999999997 1600637261
2.5833999999999997 1600637261
2.6048 1600637261
2.5835 1600637261
2.2760000000000002 1600637261
2.2760000000000002 1600637261
2.2812 1600637261
2.2760000000000002 1600637261
2.2760000000000002 1600637261
2.2760000000000002 1600637261
2.2759 1600637261
2.2760000000000002 1600637261
2.4915 1600637261
2.4912 1600637261
2.4914 1600637261
2.4912 1600637261
2.4911 1600637261
2.4896 1600637261
2.4893 1600637261
2.4913 1600637261
2.6927 1600637261
2.6925 1600637261
2.6921 1600637261
2.6919999999999997 1600637261
2.6923999999999997 1600637261
2.6927999999999996 1600637261
2.6933000000000002 1600637261
2.6923000000000004 1600637261
2.0161000000000002 1600637261
2.0161000000000002 1600637261
2.0164 1600637261
2.0203 1600637261
2.0203 1600637261
2.0164 1600637261
2.0162 1600637261
2.0206 1600637261
2.2795 1600637261
2.2794999999999996 1600637261
2.2795 1600637261
2.284 1600637261
2.284 1600637261
2.2794 1600637261
2.2792 1600637261
2.2795 1600637261
2.5349 1600637261
2.5345 1600637261
2.5347999999999997 1600637261
2.5348 1600637261
2.5345 1600637261
2.5349 1600637261
2.5351 1600637261
2.5349 1600637261
2.2742999999999998 1600637261
2.2686 1600637261
2.2742999999999998 1600637261
2.2687 1600637261
2.2686 1600637261
2.2686 1600637261
2.2685 1600637261
2.2743 1600637261
2.0313 1600637261
2.2353 1600637261
2.2354 1600637261
2.2354999999999996 1600637261
2.2353 1600637261
2.2353 1600637261
2.2352999999999996 1600637261
2.2349 1600637261
2.5006 1600637261
2.5006999999999997 1600637261
2.5004 1600637261
2.4997000000000003 1600637261
2.5016 1600637261
2.5002999999999997 1600637261
2.5008 1600637261
2.5005 1600637261
2.3238 1600637261
2.3241 1600637261
2.324 1600637261
2.3240999999999996 1600637261
2.3241 1600637261
2.324 1600637261
2.3238999999999996 1600637261
2.3242 1600637261
2.1676 1600637261
2.1678 1600637261
2.1676 1600637261
2.1677000000000004 1600637261
1.9576 1600637261
2.1676 1600637261
2.1678 1600637261
2.168 1600637261
2.2742 1600637261
2.2748 1600637261
2.274 1600637261
2.2744999999999997 1600637261
2.2809999999999997 1600637261
2.2746 1600637261
2.2748 1600637261
2.2746999999999997 1600637261
2.6495 1600637261
2.6492 1600637261
2.6442 1600637261
2.6469 1600637261
2.6479 1600637261
2.6504999999999996 1600637261
2.6357 1600637261
2.6405 1600637261
2.1654 1600637261
2.3272 1600637261
2.3272 1600637261
2.3268 1600637261
2.3268 1600637261
2.3271 1600637261
2.1656999999999997 1600637261
2.3270999999999997 1600637261
2.1842 1600637261
2.1843999999999997 1600637261
2.1843 1600637261
2.1844 1600637261
2.1898 1600637261
2.1843 1600637261
2.1843 1600637261
2.1897 1600637261
2.0196 1600637261
2.0195 1600637261
2.02 1600637261
2.0195 1600637261
2.0229 1600637261
2.0229 1600637261
2.0229 1600637261
2.0195999999999996 1600637261
2.2226 1600637261
2.2224999999999997 1600637261
2.2222999999999997 1600637261
2.2278 1600637261
2.2226 1600637261
2.2224 1600637261
2.2224999999999997 1600637261
2.2223 1600637261
2.2588 1600637261
2.2552999999999996 1600637261
2.2587 1600637261
2.2588 1600637261
2.2588 1600637261
2.2638999999999996 1600637261
2.255 1600637261
2.2586999999999997 1600637261
2.0149 1600637261
2.0149999999999997 1600637261
2.0589 1600637261
2.0149 1600637261
2.0589 1600637261
2.0149 1600637261
2.0208999999999997 1600637261
2.0209 1600637261
2.622 1600637261
2.6221 1600637261
2.6219 1600637261
2.6218 1600637261
2.6221 1600637261
2.6239 1600637261
2.6219 1600637261
2.6239 1600637261
2.02 1600637261
2.0205 1600637261
2.0189 1600637261
2.0199000000000003 1600637261
2.0198 1600637261
2.0199000000000003 1600637261
2.0426 1600637261
2.0197 1600637261
2.0146 1600637261
2.0145 1600637261
1.9398 1600637261
1.947 1600637261
1.9413000000000002 1600637261
2.0145999999999997 1600637261
1.9399 1600637261
2.0146 1600637261
2.0225 1600637261
2.0157 1600637261
2.0155 1600637261
2.0157 1600637261
2.0156 1600637261
2.0225999999999997 1600637261
2.0225 1600637261
2.0225 1600637261
2.6356 1600637261
2.6358 1600637261
2.6357 1600637261
2.6359 1600637261
2.6414 1600637261
2.6414 1600637261
2.6358 1600637261
2.6359 1600637261
2.4982 1600637261
2.493 1600637261
2.4959000000000002 1600637261
2.4972 1600637261
2.4969 1600637261
2.4939 1600637261
2.497 1600637261
2.4979999999999998 1600637261
2.5761999999999996 1600637261
2.5687 1600637261
2.5682 1600637261
2.5684 1600637261
2.5675 1600637261
2.5762 1600637261
2.5671 1600637261
2.5667999999999997 1600637261
2.6872000000000003 1600637261
2.6874 1600637261
2.6872000000000003 1600637261
2.6895 1600637261
2.6872 1600637261
2.687 1600637261
2.6872 1600637261
2.6873 1600637261
2.2412 1600637261
2.238 1600637261
2.2411 1600637261
2.238 1600637261
2.238 1600637261
2.2382 1600637261
2.2381 1600637261
2.2380999999999998 1600637261
2.2581 1600637261
2.2391 1600637261
2.2392 1600637261
2.2393 1600637261
2.2394 1600637261
2.2394 1600637261
2.2580999999999998 1600637261
2.2406 1600637261
2.6293 1600637261
2.6293 1600637261
2.6298 1600637261
2.6294000000000004 1600637261
2.6296 1600637261
2.6291 1600637261
2.6408 1600637261
2.6295 1600637261
2.5713999999999997 1600637261
2.5715999999999997 1600637261
2.5768999999999997 1600637261
2.5715 1600637261
2.5712 1600637261
2.5715 1600637261
2.5715999999999997 1600637261
2.5715999999999997 1600637261
2.1172999999999997 1600637261
2.1172 1600637261
2.117 1600637261
2.1212 1600637261
2.1172999999999997 1600637261
2.1170999999999998 1600637261
2.122 1600637261
2.1212 1600637261
2.2132 1600637261
2.2123 1600637261
2.2132 1600637261
2.2131 1600637261
2.2131999999999996 1600637261
2.2131 1600637261
2.213 1600637261
2.2126 1600637261
2.2073 1600637261
2.2071 1600637261
2.2262 1600637261
2.2071 1600637261
2.2073 1600637261
2.2070000000000003 1600637261
2.2071 1600637261
2.2074000000000003 1600637261
2.5932 1600637261
2.5932 1600637261
2.5932 1600637261
2.5932 1600637261
2.5978 1600637261
2.5886 1600637261
2.5932 1600637261
2.5923 1600637261
2.691 1600637261
2.6914 1600637261
2.6913 1600637261
2.6912 1600637261
2.6913 1600637261
2.691 1600637261
2.691 1600637261
2.6916 1600637261
2.1915999999999998 1600637261
2.1942 1600637261
2.1942 1600637261
2.191 1600637261
2.1889 1600637261
2.192 1600637261
2.1918 1600637261
2.191 1600637261
2.6789 1600637261
2.6785 1600637261
2.6789 1600637261
2.6794000000000002 1600637261
2.6788 1600637261
2.6790000000000003 1600637261
2.6788999999999996 1600637261
2.6792 1600637261
2.2188 1600637261
2.2188000000000003 1600637261
2.219 1600637261
2.0203 1600637261
2.2184999999999997 1600637261
2.2184 1600637261
2.2188000000000003 1600637261
2.0177 1600637261
2.2705 1600637261
2.271 1600637261
2.2708 1600637261
2.271 1600637261
2.0587 1600637261
2.2706999999999997 1600637261
2.2706 1600637261
2.2711 1600637261
2.5597 1600637261
2.5603000000000002 1600637261
2.5602 1600637261
2.5604 1600637261
2.5601 1600637261
2.5599999999999996 1600637261
2.5603 1600637261
2.5602 1600637261
2.0269999999999997 1600637261
2.032 1600637261
2.032 1600637261
2.0272 1600637261
2.0271 1600637261
2.0271 1600637261
2.0271999999999997 1600637261
2.0267999999999997 1600637261
2.5853 1600637261
2.5849 1600637261
2.5848999999999998 1600637261
2.5852 1600637261
2.585 1600637261
2.5849 1600637261
2.5850999999999997 1600637261
2.5853 1600637261
2.1795 1600637261
2.1763 1600637261
2.1764 1600637261
2.1796 1600637261
2.1801 1600637261
2.1792 1600637261
2.1763 1600637261
2.1788 1600637261
2.6748000000000003 1600637261
2.6744 1600637261
2.6798 1600637261
2.6756 1600637261
2.6762 1600637261
2.6761 1600637261
2.6758 1600637261
2.6759 1600637261
2.6736 1600637261
2.6736 1600637261
2.6737 1600637261
2.6745 1600637261
2.6732 1600637261
2.6755 1600637261
2.6738 1600637261
2.6736999999999997 1600637261
2.195 1600637261
2.1949 1600637261
2.1949 1600637261
2.1963 1600637261
2.1987 1600637261
2.1951 1600637261
2.1986999999999997 1600637261
2.1948999999999996 1600637261
2.2591 1600637261
2.2402 1600637261
2.2403999999999997 1600637261
2.2590999999999997 1600637261
2.2399 1600637261
2.2392999999999996 1600637261
2.2402 1600637261
2.2403999999999997 1600637261
2.2485999999999997 1600637261
2.2486 1600637261
2.2521 1600637261
2.2484 1600637261
2.2521 1600637261
2.2485 1600637261
2.2521 1600637261
2.2485 1600637261
2.2194000000000003 1600637261
2.222 1600637261
2.2196000000000002 1600637261
2.2221 1600637261
2.2195 1600637261
2.2194 1600637261
2.2195 1600637261
2.2195 1600637261
2.0235000000000003 1600637261
2.0189000000000004 1600637261
2.0247 1600637261
2.0185999999999997 1600637261
2.0247 1600637261
2.0189 1600637261
2.0235000000000003 1600637261
2.0202999999999998 1600637261
2.5252 1600637261
2.575 1600637261
2.5254 1600637261
2.5749999999999997 1600637261
2.5254 1600637261
2.5289 1600637261
2.5252 1600637261
2.5289 1600637261
2.608 1600637261
2.6081 1600637261
2.6128 1600637261
2.6079 1600637261
2.6123999999999996 1600637261
2.6128 1600637261
2.6124 1600637261
2.6081 1600637261
2.0339 1600637261
2.0184 1600637261
2.0128 1600637261
2.0338000000000003 1600637261
2.0338000000000003 1600637261
2.0183999999999997 1600637261
2.0158 1600637261
2.0129 1600637261
2.4651 1600637261
2.465 1600637261
2.4594 1600637261
2.4595000000000002 1600637261
2.4638999999999998 1600637261
2.4595 1600637261
2.4591 1600637261
2.4593999999999996 1600637261
2.6365999999999996 1600637261
2.6374 1600637261
2.6374000000000004 1600637261
2.6369 1600637261
2.6332 1600637261
2.6369000000000002 1600637261
2.6334 1600637261
2.6332999999999998 1600637261
2.6626 1600637261
2.6629 1600637261
2.6635 1600637261
2.6632 1600637261
2.6635 1600637261
2.6628 1600637261
2.6629 1600637261
2.6635 1600637261
2.6163999999999996 1600637261
2.6159 1600637261
2.6176999999999997 1600637261
2.6176 1600637261
2.6176999999999997 1600637261
2.6132 1600637261
2.6153999999999997 1600637261
2.6176 1600637261
2.1780999999999997 1600637261
2.1745 1600637261
2.178 1600637261
2.1747 1600637261
2.175 1600637261
2.1782 1600637261
2.1743 1600637261
2.1781 1600637261
2.2056999999999998 1600637261
2.2053 1600637261
2.2055 1600637261
2.2055 1600637261
2.2091 1600637261
2.2055000000000002 1600637261
2.2081999999999997 1600637261
2.2056 1600637261
1.9709999999999999 1600637261
1.9709999999999999 1600637261
1.9759000000000002 1600637261
1.9758 1600637261
1.9707999999999999 1600637261
1.9708 1600637261
1.9709 1600637261
1.9707999999999999 1600637261
2.2688 1600637261
2.2685 1600637261
2.2689 1600637261
2.2688 1600637261
2.2688 1600637261
2.0625 1600637261
2.2689 1600637261
2.0623 1600637261
2.2456 1600637261
2.2456 1600637261
2.2456 1600637261
2.2453 1600637261
2.2454 1600637261
2.2456 1600637261
2.2458 1600637261
2.2456 1600637261
2.3941000000000003 1600637261
2.3942 1600637261
2.3943 1600637261
2.3918999999999997 1600637261
2.3933999999999997 1600637261
2.3932 1600637261
2.3922999999999996 1600637261
2.3922 1600637261
2.3702 1600637261
2.3708 1600637261
2.3706 1600637261
2.3703999999999996 1600637261
2.3652 1600637261
2.3655999999999997 1600637261
2.3703 1600637261
2.3707000000000003 1600637261
2.6910999999999996 1600637261
2.6908999999999996 1600637261
2.6912000000000003 1600637261
2.6912 1600637261
2.6908 1600637261
2.6908 1600637261
2.6906 1600637261
2.6912 1600637261
2.6407 1600637261
2.6349 1600637261
2.6349 1600637261
2.6349 1600637261
2.635 1600637261
2.635 1600637261
2.6351 1600637261
2.641 1600637261
2.5885 1600637261
2.5887000000000002 1600637261
2.5869 1600637261
2.5886 1600637261
2.5888999999999998 1600637261
2.5881000000000003 1600637261
2.5888 1600637261
2.5873 1600637261
2.677 1600637261
2.6773 1600637261
2.6767 1600637261
2.6771 1600637261
2.6772 1600637261
2.6769 1600637261
2.6767999999999996 1600637261
2.6769 1600637261
2.3177999999999996 1600637261
2.3177 1600637261
2.3177 1600637261
2.3213999999999997 1600637261
2.3179 1600637261
2.3178 1600637261
2.3177 1600637261
2.3214 1600637261
2.5792 1600637261
2.5787999999999998 1600637261
2.5774 1600637261
2.5782999999999996 1600637261
2.5738999999999996 1600637261
2.5795000000000003 1600637261
2.5786 1600637261
2.5795 1600637261
1.9456 1600637261
1.9456 1600637261
1.9411000000000003 1600637261
1.941 1600637261
1.9408999999999998 1600637261
1.9529999999999998 1600637261
1.9521 1600637261
1.9408999999999998 1600637261
2.3104999999999998 1600637261
2.3107 1600637261
2.315 1600637261
2.316 1600637261
2.3101999999999996 1600637261
2.3104 1600637261
2.3142 1600637261
2.3142 1600637261
2.6089 1600637261
2.6093 1600637261
2.6094 1600637261
2.6092999999999997 1600637261
2.6094 1600637261
2.6094 1600637261
2.6407999999999996 1600637261
2.6093 1600637261
2.0425999999999997 1600637261
2.0246 1600637261
2.0248999999999997 1600637261
2.0244 1600637261
2.0246 1600637261
2.0246000000000004 1600637261
2.0248 1600637261
2.0248 1600637261
2.1725 1600637261
2.1849 1600637261
2.1752000000000002 1600637261
2.1724 1600637261
2.1725999999999996 1600637261
2.1725 1600637261
2.1752000000000002 1600637261
2.1723999999999997 1600637261
2.1968 1600637261
2.2005 1600637261
2.2014 1600637261
2.1968 1600637261
2.2011 1600637261
2.2009999999999996 1600637261
2.2014 1600637261
2.2014 1600637261
2.3084000000000002 1600637261
2.3085999999999998 1600637261
2.3095 1600637261
2.3085 1600637261
2.3085 1600637261
2.3095 1600637261
2.3093 1600637261
2.3070999999999997 1600637261
2.3377 1600637261
2.3434 1600637261
2.3425000000000002 1600637261
2.3433 1600637261
2.3435 1600637261
2.3421 1600637261
2.343 1600637261
2.3432 1600637261
2.5855 1600637261
2.5854999999999997 1600637261
2.5854 1600637261
2.5858 1600637261
2.5856999999999997 1600637261
2.5857 1600637261
2.5852999999999997 1600637261
2.5854999999999997 1600637261
1.9939000000000002 1600637261
1.9917999999999998 1600637261
2.0202999999999998 1600637261
1.9918000000000002 1600637261
1.9918000000000002 1600637261
2.0202 1600637261
1.9921000000000002 1600637261
1.9917 1600637261
2.2256 1600637261
2.2217000000000002 1600637261
2.2216 1600637261
2.2216 1600637261
2.2216 1600637261
2.2216 1600637261
2.2257 1600637261
2.2257000000000002 1600637261
2.611 1600637261
2.6106999999999996 1600637261
2.6153999999999997 1600637261
2.6136 1600637261
2.6163000000000003 1600637261
2.6133 1600637261
2.6159 1600637261
2.6134999999999997 1600637261
2.6333 1600637261
2.6374 1600637261
2.6374 1600637261
2.6332999999999998 1600637261
2.6334 1600637261
2.6334 1600637261
2.6333 1600637261
2.6333 1600637261
2.169 1600637261
1.9706000000000001 1600637261
2.1691000000000003 1600637261
2.169 1600637261
2.169 1600637261
2.1689 1600637261
1.9584000000000001 1600637261
2.1756 1600637261
2.1967 1600637261
2.1965 1600637261
2.1967999999999996 1600637261
2.1965 1600637261
2.2085999999999997 1600637261
2.2007 1600637261
2.1969 1600637261
2.1967 1600637261
2.6679999999999997 1600637261
2.6681 1600637261
2.6675 1600637261
2.6675 1600637261
2.6683 1600637261
2.6678 1600637261
2.6681 1600637261
2.6675000000000004 1600637261
2.2838 1600637261
2.2838 1600637261
2.2882000000000002 1600637261
2.2838000000000003 1600637261
2.2836 1600637261
2.2838 1600637261
2.2839 1600637261
2.2883 1600637261
2.4474 1600637261
2.4497 1600637261
2.4565 1600637261
2.4564999999999997 1600637261
2.4494000000000002 1600637261
2.4493 1600637261
2.4493 1600637261
2.4478999999999997 1600637261
2.6889000000000003 1600637261
2.6886 1600637261
2.6885 1600637261
2.6915 1600637261
2.6885999999999997 1600637261
2.6914 1600637261
2.6887 1600637261
2.6915 1600637261
2.6839 1600637261
2.6833 1600637261
2.6837999999999997 1600637261
2.6835 1600637261
2.6835 1600637261
2.6828999999999996 1600637261
2.6832000000000003 1600637261
2.6834000000000002 1600637261
2.4637000000000002 1600637261
2.4639 1600637261
2.4703 1600637261
2.4638 1600637261
2.4702 1600637261
2.4638999999999998 1600637261
2.4637000000000002 1600637261
2.4636 1600637261
1.9513000000000003 1600637261
1.9438000000000002 1600637261
1.9513000000000003 1600637261
1.9479000000000002 1600637261
1.9437 1600637261
1.9549999999999998 1600637261
1.9437 1600637261
1.9475999999999998 1600637261
1.9805 1600637261
2.0084999999999997 1600637261
2.1874000000000002 1600637261
2.1879 1600637261
1.9836 1600637261
2.009 1600637261
1.9807 1600637261
2.1878 1600637261
1.8876000000000002 1600637261
1.8416000000000001 1600637261
1.8382 1600637261
1.8877 1600637261
1.8381999999999998 1600637261
1.8384000000000003 1600637261
1.8382000000000003 1600637261
1.8381999999999998 1600637261
2.6751 1600637261
2.6751 1600637261
2.675 1600637261
2.6753 1600637261
2.6746 1600637261
2.6755 1600637261
2.6752000000000002 1600637261
2.6754000000000002 1600637261
2.0100000000000002 1600637261
2.0099 1600637261
2.0134 1600637261
2.0095 1600637261
2.0101 1600637261
2.0098999999999996 1600637261
2.0095 1600637261
2.01 1600637261
2.6893000000000002 1600637261
2.688 1600637261
2.6873 1600637261
2.687 1600637261
2.6874 1600637261
2.6877 1600637261
2.6873 1600637261
2.6872999999999996 1600637261
2.0637 1600637261
2.0637 1600637261
2.0536999999999996 1600637261
2.0637 1600637261
2.0534 1600637261
2.0602 1600637261
2.0533 1600637261
2.0534999999999997 1600637261
2.6050999999999997 1600637261
2.6051 1600637261
2.6051 1600637261
2.6043999999999996 1600637261
2.605 1600637261
2.6051 1600637261
2.6052 1600637261
2.6052 1600637261
2.6286 1600637261
2.6285 1600637261
2.6287 1600637261
2.6299 1600637261
2.6285 1600637261
2.6286 1600637261
2.6289000000000002 1600637261
2.6289 1600637261
2.0332999999999997 1600637261
2.012 1600637261
2.02 1600637261
2.012 1600637261
2.0153 1600637261
2.0121 1600637261
2.012 1600637261
2.0119 1600637261
2.4516 1600637261
2.4516 1600637261
2.4511999999999996 1600637261
2.4516 1600637261
2.4513 1600637261
2.4513 1600637261
2.4511 1600637261
2.4493 1600637261
2.6257 1600637261
2.618 1600637261
2.621 1600637261
2.6184 1600637261
2.641 1600637261
2.641 1600637261
2.641 1600637261
2.6256 1600637261
2.5705999999999998 1600637261
2.5709999999999997 1600637261
2.5707 1600637261
2.571 1600637261
2.5707 1600637261
2.5708 1600637261
2.5709 1600637261
2.5709 1600637261
2.2529 1600637261
2.2505 1600637261
2.2527999999999997 1600637261
2.25 1600637261
2.2501 1600637261
2.2498 1600637261
2.2528 1600637261
2.2499000000000002 1600637261
2.5395 1600637261
2.5368 1600637261
2.5353999999999997 1600637261
2.5355 1600637261
2.5355 1600637261
2.5396 1600637261
2.5354 1600637261
2.5357 1600637261
2.6289 1600637261
2.6289 1600637261
2.629 1600637261
2.641 1600637261
2.629 1600637261
2.6292 1600637261
2.6403 1600637261
2.6291 1600637261
2.0322 1600637261
2.009 1600637261
2.0322 1600637261
1.9706 1600637261
1.9707 1600637261
1.9705 1600637261
1.9728999999999999 1600637261
1.9706 1600637261
2.6349 1600637261
2.6347 1600637261
2.6345 1600637261
2.6345 1600637261
2.6346999999999996 1600637261
2.6373 1600637261
2.6347 1600637261
2.6372999999999998 1600637261
1.8401 1600637261
2.0025 1600637261
2.0023999999999997 1600637261
2.0023999999999997 1600637261
2.0096999999999996 1600637261
2.0023999999999997 1600637261
2.0023 1600637261
2.0025 1600637261
2.691 1600637261
2.7068000000000003 1600637261
2.6896 1600637261
2.691 1600637261
2.6908 1600637261
2.6936 1600637261
2.7068 1600637261
2.6988999999999996 1600637261
2.0298 1600637261
2.0307 1600637261
2.0297 1600637261
2.0723000000000003 1600637261
2.0297 1600637261
2.0724 1600637261
2.0243 1600637261
2.0304 1600637261
1.9207 1600637261
1.917 1600637261
2.6304 1600637261
2.6304 1600637261
1.9206 1600637261
2.6302000000000003 1600637261
1.9165 1600637261
1.9164 1600637261
2.1432 1600637261
2.1430999999999996 1600637261
2.1426 1600637261
2.1432 1600637261
2.1431 1600637261
2.143 1600637261
2.143 1600637261
2.1428 1600637261
2.6875 1600637261
2.6902 1600637261
2.6837 1600637261
2.6834 1600637261
2.6902 1600637261
2.6839 1600637261
2.6875 1600637261
2.6914 1600637261
2.0069999999999997 1600637261
2.0069 1600637261
2.0071 1600637261
2.0138 1600637261
2.0117999999999996 1600637261
2.0113999999999996 1600637261
2.0071 1600637261
2.0116 1600637261
2.5915999999999997 1600637261
2.5585999999999998 1600637261
2.5514 1600637261
2.5391000000000004 1600637261
2.5463 1600637261
2.5392 1600637261
2.539 1600637261
2.5585999999999998 1600637261
2.6616 1600637261
2.6569 1600637261
2.6622999999999997 1600637261
2.6624 1600637261
2.6618 1600637261
2.6617 1600637261
2.6622 1600637261
2.662 1600637261
2.6801 1600637261
2.6796 1600637261
2.6799 1600637261
2.6799999999999997 1600637261
2.6797999999999997 1600637261
2.6799999999999997 1600637261
2.6799999999999997 1600637261
2.6799999999999997 1600637261
2.6901 1600637261
2.7020999999999997 1600637261
2.7081 1600637261
2.6891999999999996 1600637261
2.6975000000000002 1600637261
2.6895 1600637261
2.7076000000000002 1600637261
2.6976999999999998 1600637261
1.9009 1600637261
1.8999000000000001 1600637261
1.8962999999999999 1600637261
1.8962 1600637261
1.9314 1600637261
1.9316000000000002 1600637261
1.8962999999999999 1600637261
1.9313999999999998 1600637261
2.1083 1600637261
2.1079999999999997 1600637261
2.1081000000000003 1600637261
2.1078 1600637261
2.1077999999999997 1600637261
2.1083999999999996 1600637261
2.1083 1600637261
2.1082 1600637261
2.1805 1600637261
2.1805000000000003 1600637261
2.1801999999999997 1600637261
2.1805 1600637261
2.1807 1600637261
2.1803 1600637261
2.1805 1600637261
2.1805 1600637261
2.6382 1600637261
2.638 1600637261
2.638 1600637261
2.6380999999999997 1600637261
2.6378999999999997 1600637261
2.6527000000000003 1600637261
2.6378999999999997 1600637261
2.6377 1600637261
2.0416 1600637261
2.0416 1600637261
2.0414999999999996 1600637261
2.0425 1600637261
2.0414 1600637261
2.0415 1600637261
2.0416 1600637261
2.0415 1600637261
2.6262 1600637261
2.6265 1600637261
2.6264 1600637261
2.6262 1600637261
2.6264 1600637261
2.6264999999999996 1600637261
2.6263 1600637261
2.6262 1600637261
2.3882999999999996 1600637261
2.3807 1600637261
2.3807 1600637261
2.3815 1600637261
2.38 1600637261
2.3844 1600637261
2.3924 1600637261
2.3796999999999997 1600637261
2.2167999999999997 1600637261
2.2141 1600637261
2.2168 1600637261
2.2140999999999997 1600637261
2.2139 1600637261
2.214 1600637261
2.2138999999999998 1600637261
2.2321 1600637261
2.2321 1600637261
2.2152 1600637261
2.2153 1600637261
2.2155 1600637261
2.2129999999999996 1600637261
2.2128 1600637261
2.2155 1600637261
2.2154 1600637261
2.5956 1600637261
2.5957 1600637261
2.5955 1600637261
2.5954 1600637261
2.5953999999999997 1600637261
2.5953 1600637261
2.5958 1600637261
2.5955999999999997 1600637261
2.6763999999999997 1600637261
2.6767999999999996 1600637261
2.6766 1600637261
2.6765999999999996 1600637261
2.6764 1600637261
2.6767 1600637261
2.6769000000000003 1600637261
2.6765999999999996 1600637261
2.4386 1600637261
2.4389999999999996 1600637261
2.4389000000000003 1600637261
2.4389999999999996 1600637261
2.439 1600637261
2.4383 1600637261
2.4377 1600637261
2.4385 1600637261
2.6864999999999997 1600637261
2.6862999999999997 1600637261
2.6856 1600637261
2.686 1600637261
2.6862 1600637261
2.6862999999999997 1600637261
2.686 1600637261
2.6861 1600637261
2.5739 1600637261
2.5735 1600637261
2.5736 1600637261
2.5736999999999997 1600637261
2.5736 1600637261
2.5736999999999997 1600637261
2.5721 1600637261
2.5734 1600637261
2.5606999999999998 1600637261
2.5612000000000004 1600637261
2.5608999999999997 1600637261
2.5608999999999997 1600637261
2.5607 1600637261
2.5608 1600637261
2.5611 1600637261
2.5609 1600637261
2.6742 1600637261
2.6755 1600637261
2.6754 1600637261
2.6754 1600637261
2.6752000000000002 1600637261
2.6748000000000003 1600637261
2.6748999999999996 1600637261
2.675 1600637261
2.6350000000000002 1600637261
2.6348 1600637261
2.635 1600637261
2.6319 1600637261
2.6346 1600637261
2.6319 1600637261
2.6319 1600637261
2.6349 1600637261
2.2695 1600637261
2.2693999999999996 1600637261
2.2726 1600637261
2.2725 1600637261
2.2691999999999997 1600637261
2.2721999999999998 1600637261
2.2693 1600637261
2.2722 1600637261
2.3565 1600637261
2.3568 1600637261
2.3563 1600637261
2.3567 1600637261
2.3568000000000002 1600637261
2.3569 1600637261
2.3563 1600637261
2.3565 1600637261
2.3187 1600637261
2.319 1600637261
2.3189 1600637261
2.3255999999999997 1600637261
2.319 1600637261
2.3237 1600637261
2.3238 1600637261
2.3189 1600637261
2.4856 1600637261
2.4837 1600637261
2.4841 1600637261
2.4857 1600637261
2.4881 1600637261
2.4851 1600637261
2.4852 1600637261
2.4854999999999996 1600637261
2.5907999999999998 1600637261
2.5903 1600637261
2.5912 1600637261
2.5959 1600637261
2.5911 1600637261
2.5965000000000003 1600637261
2.5909 1600637261
2.5911 1600637261
2.0408 1600637261
2.0404999999999998 1600637261
2.0407 1600637261
2.0549 1600637261
2.0404999999999998 1600637261
2.0406 1600637261
2.0403000000000002 1600637261
2.0404 1600637261
2.6531000000000002 1600637261
2.6527 1600637261
2.6539 1600637261
2.6536999999999997 1600637261
2.6521999999999997 1600637261
2.6534 1600637261
2.6526 1600637261
2.6536 1600637261
2.6251 1600637261
2.6253 1600637261
2.625 1600637261
2.6313999999999997 1600637261
2.6252 1600637261
2.6252999999999997 1600637261
2.6253 1600637261
2.6252 1600637261
2.2262 1600637261
2.2131999999999996 1600637261
2.2133 1600637261
2.2321 1600637261
2.2133 1600637261
2.2135000000000002 1600637261
2.2132 1600637261
2.2564 1600637261
2.6843 1600637261
2.6843999999999997 1600637261
1.8391000000000002 1600637261
2.6799999999999997 1600637261
2.6801 1600637261
2.6786999999999996 1600637261
2.6799 1600637261
2.6792 1600637261
2.6835 1600637261
2.6833 1600637261
2.6837 1600637261
2.6834000000000002 1600637261
2.6893 1600637261
2.6866999999999996 1600637261
2.6835 1600637261
2.6867 1600637261
2.5746 1600637261
2.5741 1600637261
2.5742000000000003 1600637261
2.5748 1600637261
2.5745999999999998 1600637261
2.5745999999999998 1600637261
2.5745 1600637261
2.5747 1600637261
2.2398000000000002 1600637261
2.2361 1600637261
2.2359 1600637261
2.236 1600637261
2.2411 1600637261
2.2412 1600637261
2.236 1600637261
2.2399 1600637261
2.2003000000000004 1600637261
2.2007 1600637261
2.2007 1600637261
2.2066 1600637261
2.2005999999999997 1600637261
2.2005 1600637261
2.2004 1600637261
2.2066 1600637261
2.6693 1600637261
2.6613 1600637261
2.6693 1600637261
2.6734 1600637261
2.6616999999999997 1600637261
2.6614 1600637261
2.6614999999999998 1600637261
2.6613 1600637261
2.6024999999999996 1600637261
2.6028000000000002 1600637261
2.6025 1600637261
2.6026 1600637261
2.6028 1600637261
2.6028000000000002 1600637261
2.6035 1600637261
2.6033999999999997 1600637261
2.0635 1600637261
2.0635000000000003 1600637261
2.067 1600637261
2.0634 1600637261
2.0636 1600637261
2.0634 1600637261
2.067 1600637261
2.0634 1600637261
2.1755999999999998 1600637261
2.1755 1600637261
2.1756 1600637261
2.1754000000000002 1600637261
2.1752 1600637261
2.1752000000000002 1600637261
2.1755 1600637261
2.1756 1600637261
2.6963999999999997 1600637261
2.6917999999999997 1600637261
2.6915 1600637261
2.6963 1600637261
2.6918 1600637261
2.6919000000000004 1600637261
2.6915999999999998 1600637261
2.6917999999999997 1600637261
1.9821000000000002 1600637261
1.9765 1600637261
1.9765000000000001 1600637261
1.9805 1600637261
1.9822000000000002 1600637261
1.9821 1600637261
1.9768999999999999 1600637261
1.9806000000000001 1600637261
2.7197 1600637261
2.7128 1600637261
2.7197 1600637261
2.7166 1600637261
2.7201 1600637261
2.7196 1600637261
2.7159 1600637261
2.7197 1600637261
2.691 1600637261
2.6906 1600637261
2.6908999999999996 1600637261
2.6908 1600637261
2.6910000000000003 1600637261
2.6906 1600637261
2.6908999999999996 1600637261
2.6909 1600637261
2.6438 1600637261
2.6438 1600637261
2.6374 1600637261
2.6370999999999998 1600637261
2.6437 1600637261
2.6374 1600637261
2.6372 1600637261
2.6374 1600637261
2.6203999999999996 1600637261
1.8118 1600637261
2.6206 1600637261
1.8116999999999999 1600637261
2.6207000000000003 1600637261
1.8117 1600637261
2.6205 1600637261
2.6205 1600637261
2.0145 1600637261
2.0143 1600637261
2.0143 1600637261
2.0147 1600637261
2.0147 1600637261
2.0204 1600637261
2.0147 1600637261
2.0140000000000002 1600637261
2.6681999999999997 1600637261
2.6687999999999996 1600637261
2.6686 1600637261
2.6688 1600637261
2.6687 1600637261
2.6685 1600637261
2.6689 1600637261
2.6683000000000003 1600637261
2.1725 1600637261
2.1725000000000003 1600637261
2.1712 1600637261
2.1708 1600637261
2.1706 1600637261
2.1711 1600637261
2.171 1600637261
2.1712 1600637261
2.6117999999999997 1600637261
2.6117999999999997 1600637261
2.6117 1600637261
2.6119999999999997 1600637261
2.6118 1600637261
2.6119 1600637261
2.6118 1600637261
2.6119000000000003 1600637261
2.2549 1600637261
2.2533000000000003 1600637261
2.2534 1600637261
2.2535 1600637261
2.2535 1600637261
2.2535 1600637261
2.2531 1600637261
2.2533 1600637261
1.9399 1600637261
1.9399 1600637261
1.94 1600637261
2.6314 1600637261
1.9662 1600637261
2.6317 1600637261
2.6315 1600637261
1.9399000000000002 1600637261
2.6403 1600637261
2.6313999999999997 1600637261
2.6401999999999997 1600637261
2.6403 1600637261
2.6311 1600637261
2.6403 1600637261
2.6313 1600637261
2.6311999999999998 1600637261
2.6130999999999998 1600637261
2.6128 1600637261
2.613 1600637261
2.6129000000000002 1600637261
2.6129000000000002 1600637261
2.6125000000000003 1600637261
2.613 1600637261
2.613 1600637261
2.6024000000000003 1600637261
2.6022999999999996 1600637261
2.6022 1600637261
2.6022 1600637261
2.6025 1600637261
2.6401 1600637261
2.6055 1600637261
2.6026 1600637261
1.8931 1600637261
1.8881 1600637261
1.9372 1600637261
1.9121000000000001 1600637261
1.8906999999999998 1600637261
1.8874 1600637261
1.9131999999999998 1600637261
1.9027999999999998 1600637261
2.6808 1600637261
2.681 1600637261
2.6811 1600637261
2.6808 1600637261
2.6809 1600637261
2.6809 1600637261
2.6897 1600637261
2.6811 1600637261
2.2481 1600637261
2.2536 1600637261
2.2481 1600637261
2.2479 1600637261
2.2482 1600637261
2.248 1600637261
2.2481999999999998 1600637261
2.2478 1600637261
2.0052 1600637261
2.0049 1600637261
2.0048 1600637261
2.0043 1600637261
2.0048 1600637261
2.0046 1600637261
2.005 1600637261
2.0048 1600637261
2.6271 1600637261
2.6273000000000004 1600637261
2.6269 1600637261
2.627 1600637261
2.6271 1600637261
2.6401 1600637261
2.6477 1600637261
2.6271999999999998 1600637261
2.2892 1600637261
2.2893 1600637261
2.2891999999999997 1600637261
2.2937999999999996 1600637261
2.2889 1600637261
2.2891999999999997 1600637261
2.2938 1600637261
2.2891999999999997 1600637261
1.9471 1600637261
1.9474000000000002 1600637261
1.9541000000000002 1600637261
1.9477 1600637261
1.9478000000000002 1600637261
1.9542 1600637261
1.9542000000000002 1600637261
1.9542 1600637261
2.6972 1600637261
2.6946999999999997 1600637261
2.6969 1600637261
2.6938 1600637261
2.6938 1600637261
2.6938 1600637261
2.6972 1600637261
2.6973000000000003 1600637261
2.2075 1600637261
2.2128 1600637261
2.2118 1600637261
2.2128 1600637261
2.2117 1600637261
2.2138 1600637261
2.2138 1600637261
2.2116999999999996 1600637261
2.2784 1600637261
2.2852 1600637261
2.2784 1600637261
2.2782999999999998 1600637261
2.2852 1600637261
2.2855 1600637261
2.2784999999999997 1600637261
2.2783 1600637261
2.2605 1600637261
2.2605 1600637261
2.2605999999999997 1600637261
2.2607999999999997 1600637261
2.2607 1600637261
2.2605999999999997 1600637261
2.2607 1600637261
2.2606 1600637261
2.4747999999999997 1600637261
2.4751 1600637261
2.4751 1600637261
2.4746 1600637261
2.4751 1600637261
2.4749 1600637261
2.4751 1600637261
2.4747 1600637261
2.6742 1600637261
2.6745 1600637261
2.6767 1600637261
2.6742999999999997 1600637261
2.6744999999999997 1600637261
2.6744 1600637261
2.6743 1600637261
2.6767 1600637261
2.339 1600637261
2.339 1600637261
2.3436999999999997 1600637261
2.3388999999999998 1600637261
2.3436 1600637261
2.339 1600637261
2.3389 1600637261
2.3388 1600637261
2.4561 1600637261
2.4569 1600637261
2.4592 1600637261
2.4637000000000002 1600637261
2.4638 1600637261
2.4534000000000002 1600637261
2.4591 1600637261
2.4552 1600637261
2.4909 1600637261
2.4881 1600637261
2.4905999999999997 1600637261
2.4865999999999997 1600637261
2.4894999999999996 1600637261
2.4911 1600637261
2.4904 1600637261
2.4905 1600637261
2.6086 1600637261
2.6107 1600637261
2.6088 1600637261
2.6088 1600637261
2.649 1600637261
2.6491 1600637261
2.6083999999999996 1600637261
2.6107 1600637261
2.3469 1600637261
2.3472 1600637261
2.3475 1600637261
2.348 1600637261
2.3447 1600637261
2.348 1600637261
2.3467000000000002 1600637261
2.3478 1600637261
2.4783999999999997 1600637261
2.4784 1600637261
2.4783999999999997 1600637261
2.4784 1600637261
2.4791 1600637261
2.4779 1600637261
2.4794 1600637261
2.4789 1600637261
2.562 1600637261
2.5622999999999996 1600637261
2.5624000000000002 1600637261
2.56 1600637261
2.5623 1600637261
2.5624 1600637261
2.5599 1600637261
2.5599999999999996 1600637261
2.6804 1600637261
2.6773000000000002 1600637261
2.6790000000000003 1600637261
2.6766 1600637261
2.6769999999999996 1600637261
2.6775 1600637261
2.679 1600637261
2.6786 1600637261
2.2260999999999997 1600637261
2.2137000000000002 1600637261
2.2136 1600637261
2.2136 1600637261
2.2133 1600637261
2.2135000000000002 1600637261
2.2137 1600637261
2.2135 1600637261
2.6616 1600637261
2.662 1600637261
2.6714 1600637261
2.6620999999999997 1600637261
2.6622 1600637261
2.6616 1600637261
2.6616 1600637261
2.6620999999999997 1600637261
2.0712 1600637261
2.0769 1600637261
2.0711999999999997 1600637261
2.0768 1600637261
2.0768 1600637261
2.071 1600637261
2.0781 1600637261
2.0780999999999996 1600637261
2.2666999999999997 1600637261
2.2666 1600637261
2.2668 1600637261
2.2666999999999997 1600637261
2.2666999999999997 1600637261
2.2666 1600637261
2.2666999999999997 1600637261
2.2662999999999998 1600637261
2.0799999999999996 1600637261
2.0795000000000003 1600637261
2.08 1600637261
2.08 1600637261
2.0799 1600637261
2.0797999999999996 1600637261
2.08 1600637261
2.08 1600637261
2.2573 1600637261
2.2573 1600637261
2.2574 1600637261
2.2574 1600637261
2.2573 1600637261
2.2575999999999996 1600637261
2.2574 1600637261
2.2573999999999996 1600637261
2.5018000000000002 1600637261
2.5016999999999996 1600637261
2.5513 1600637261
2.5019 1600637261
2.5019 1600637261
2.5014999999999996 1600637261
2.5019 1600637261
2.5055 1600637261
2.6734999999999998 1600637261
2.6740999999999997 1600637261
2.6732 1600637261
2.6692 1600637261
2.6729 1600637261
2.6744 1600637261
2.6733000000000002 1600637261
2.6731 1600637261
2.6912 1600637261
2.6908999999999996 1600637261
2.6911 1600637261
2.6966 1600637261
2.6912000000000003 1600637261
2.6909 1600637261
2.6909 1600637261
2.6912 1600637261
2.4105 1600637261
2.4096 1600637261
2.4267 1600637261
2.4267 1600637261
2.4106 1600637261
2.4109 1600637261
2.4088 1600637261
2.4109 1600637261
2.2626999999999997 1600637261
2.2668 1600637261
2.2626999999999997 1600637261
2.2626999999999997 1600637261
2.2626 1600637261
2.2668 1600637261
2.2627 1600637261
2.2626999999999997 1600637261
2.5989 1600637261
2.5899 1600637261
2.5898 1600637261
2.5895 1600637261
2.5897 1600637261
2.6559 1600637261
2.5989 1600637261
2.59 1600637261
2.049 1600637261
2.049 1600637261
2.049 1600637261
2.0490999999999997 1600637261
2.0487 1600637261
2.0486999999999997 1600637261
2.0488999999999997 1600637261
1.9126999999999998 1600637261
2.203 1600637261
2.02 1600637261
2.0004 1600637261
2.2030999999999996 1600637261
2.2032 1600637261
2.0004999999999997 1600637261
2.0004999999999997 1600637261
2.2032 1600637261
2.6014 1600637261
2.6018 1600637261
2.6012999999999997 1600637261
2.6018 1600637261
2.6014999999999997 1600637261
2.6016 1600637261
2.6015 1600637261
2.6017 1600637261
2.2567 1600637261
2.2489 1600637261
2.2573 1600637261
2.2493 1600637261
2.2493 1600637261
2.2494 1600637261
2.2487999999999997 1600637261
2.2489 1600637261
2.0592 1600637261
2.0592 1600637261
2.0608 1600637261
2.0594 1600637261
2.0591 1600637261
2.0592 1600637261
2.0592 1600637261
2.0592 1600637261
2.6336999999999997 1600637261
2.6338 1600637261
2.6338 1600637261
2.64 1600637261
2.6382999999999996 1600637261
2.6336 1600637261
2.6339 1600637261
2.6338 1600637261
2.2156 1600637261
2.2347 1600637261
2.2348 1600637261
2.2156 1600637261
2.2156 1600637261
2.2156000000000002 1600637261
2.2157 1600637261
2.2156000000000002 1600637261
2.2416 1600637261
2.2451999999999996 1600637261
2.2417 1600637261
2.2434 1600637261
2.2454 1600637261
2.2434 1600637261
2.2432 1600637261
2.2432999999999996 1600637261
2.6774 1600637261
2.6625 1600637261
2.6624 1600637261
2.6772 1600637261
2.6623 1600637261
2.6774 1600637261
2.6682 1600637261
2.6774 1600637261
2.5761000000000003 1600637261
2.5761000000000003 1600637261
2.5759999999999996 1600637261
2.5932999999999997 1600637261
2.5933 1600637261
2.5756 1600637261
2.576 1600637261
2.576 1600637261
2.2645 1600637261
2.2677 1600637261
2.2636999999999996 1600637261
2.2640000000000002 1600637261
2.2676 1600637261
2.2645 1600637261
2.2646 1600637261
2.2637 1600637261
2.4731 1600637261
2.4814000000000003 1600637261
2.4815 1600637261
2.4816000000000003 1600637261
2.4753 1600637261
2.4815 1600637261
2.4816 1600637261
2.4699 1600637261
2.6464999999999996 1600637261
2.6270000000000002 1600637261
2.627 1600637261
2.6466 1600637261
2.6273 1600637261
2.6271 1600637261
2.6273 1600637261
2.6272 1600637261
2.6485 1600637261
2.6296 1600637261
2.6302 1600637261
2.6403 1600637261
2.6297 1600637261
2.6298 1600637261
2.6403 1600637261
2.6298 1600637261
2.5915 1600637261
2.5913 1600637261
2.5925 1600637261
2.5915 1600637261
2.5914 1600637261
2.5915000000000004 1600637261
2.5911999999999997 1600637261
2.5915 1600637261
2.1707 1600637261
2.1937 1600637261
2.1936999999999998 1600637261
2.1706999999999996 1600637261
2.1707 1600637261
2.1708 1600637261
2.1709 1600637261
2.1706 1600637261
2.2015000000000002 1600637261
2.2068 1600637261
2.2058 1600637261
2.205 1600637261
2.2015000000000002 1600637261
2.2014 1600637261
2.2016 1600637261
2.2058 1600637261
2.0632 1600637261
2.0629999999999997 1600637261
2.0631 1600637261
2.0629999999999997 1600637261
2.0631 1600637261
2.063 1600637261
2.0632 1600637261
2.0629 1600637261
2.5767 1600637261
2.5774 1600637261
2.5795 1600637261
2.5772999999999997 1600637261
2.5787999999999998 1600637261
2.5772 1600637261
2.5759999999999996 1600637261
2.572 1600637261
2.1957 1600637261
2.2019 1600637261
2.2073 1600637261
2.1997999999999998 1600637261
2.2131 1600637261
2.1956 1600637261
2.2567 1600637261
2.1982 1600637261
2.2601999999999998 1600637261
2.2603999999999997 1600637261
2.2605 1600637261
2.2606 1600637261
2.0542 1600637261
2.2603 1600637261
2.2605 1600637261
2.2605 1600637261
2.5896999999999997 1600637261
2.5893 1600637261
2.5894 1600637261
2.5896999999999997 1600637261
2.5917 1600637261
2.59 1600637261
2.5917 1600637261
2.5894 1600637261
2.5892999999999997 1600637261
2.5896 1600637261
2.5884 1600637261
2.5887 1600637261
2.5894 1600637261
2.5894999999999997 1600637261
2.5894999999999997 1600637261
2.5896 1600637261
1.9635 1600637261
1.9606 1600637261
1.9605000000000001 1600637261
1.9604000000000001 1600637261
1.9688999999999999 1600637261
1.9604 1600637261
2.0134 1600637261
1.9605 1600637261
2.4861999999999997 1600637261
2.4859999999999998 1600637261
2.4882 1600637261
2.4901 1600637261
2.49 1600637261
2.49 1600637261
2.4823 1600637261
2.4901 1600637261
2.6976 1600637261
2.697 1600637261
2.6976999999999998 1600637261
2.6975 1600637261
2.6978 1600637261
2.6976 1600637261
2.6967 1600637261
2.6975000000000002 1600637261
2.3781999999999996 1600637261
2.3682 1600637261
2.3785000000000003 1600637261
2.3842 1600637261
2.3683 1600637261
2.3678999999999997 1600637261
2.3785000000000003 1600637261
2.3840999999999997 1600637261
2.2114 1600637261
2.2113 1600637261
2.2115 1600637261
2.2113 1600637261
2.2114999999999996 1600637261
2.2112999999999996 1600637261
2.2112 1600637261
2.2113 1600637261
2.2277 1600637261
2.2277 1600637261
2.2278000000000002 1600637261
2.2276000000000002 1600637261
2.2278 1600637261
2.2309 1600637261
2.2278 1600637261
2.2274999999999996 1600637261
2.1761 1600637261
2.1797 1600637261
2.1797 1600637261
2.1757999999999997 1600637261
2.1761999999999997 1600637261
2.1759999999999997 1600637261
2.1744999999999997 1600637261
2.1761 1600637261
2.1952 1600637261
2.1982 1600637261
2.1953 1600637261
2.1983 1600637261
2.1951 1600637261
2.1952 1600637261
2.195 1600637261
2.1976999999999998 1600637261
2.2647 1600637261
2.2648 1600637261
2.2651999999999997 1600637261
2.2652 1600637261
2.2651 1600637261
2.2653 1600637261
2.2651999999999997 1600637261
2.2651 1600637261
2.6268 1600637261
2.6260000000000003 1600637261
2.6268 1600637261
2.6268 1600637261
2.6266999999999996 1600637261
2.6283999999999996 1600637261
2.6264 1600637261
2.6267 1600637261
2.2552000000000003 1600637261
2.2549 1600637261
2.2551 1600637261
2.2548999999999997 1600637261
2.2552 1600637261
2.2551 1600637261
2.2552 1600637261
2.255 1600637261
2.2580999999999998 1600637261
2.2580999999999998 1600637261
2.2580999999999998 1600637261
2.2580999999999998 1600637261
2.2632999999999996 1600637261
2.2633 1600637261
2.2583 1600637261
2.2580999999999998 1600637261
2.2303 1600637261
2.2272 1600637261
2.227 1600637261
2.2273 1600637261
2.2272000000000003 1600637261
2.2299 1600637261
2.227 1600637261
2.2304000000000004 1600637261
2.0574 1600637261
2.054 1600637261
2.2514000000000003 1600637261
2.2512 1600637261
2.0575 1600637261
2.2513 1600637261
2.0538000000000003 1600637261
2.2514 1600637261
2.0088 1600637261
2.0083 1600637261
2.0039000000000002 1600637261
2.0063999999999997 1600637261
2.0041 1600637261
2.0033999999999996 1600637261
2.0040999999999998 1600637261
2.004 1600637261
2.2374 1600637261
2.2309 1600637261
2.2306999999999997 1600637261
2.2308 1600637261
2.2377000000000002 1600637261
2.2377000000000002 1600637261
2.2309 1600637261
2.2373 1600637261
1.8422 1600637261
1.8186 1600637261
1.8186000000000002 1600637261
2.6195000000000004 1600637261
1.818 1600637261
1.8392 1600637261
2.6195000000000004 1600637261
1.8187 1600637261
2.1917 1600637261
2.1904 1600637261
2.1902 1600637261
2.1904 1600637261
2.1917999999999997 1600637261
2.1944 1600637261
2.1944999999999997 1600637261
2.1905 1600637261
2.1282 1600637261
2.1260999999999997 1600637261
2.1231999999999998 1600637261
2.1283 1600637261
2.1236 1600637261
2.126 1600637261
2.1282 1600637261
2.1231999999999998 1600637261
2.6725 1600637261
2.6729 1600637261
2.6729000000000003 1600637261
2.6728 1600637261
2.6731 1600637261
2.6734999999999998 1600637261
2.6731000000000003 1600637261
2.6729 1600637261
2.5513 1600637261
2.5258000000000003 1600637261
2.5258 1600637261
2.526 1600637261
2.5258 1600637261
2.5267999999999997 1600637261
2.5342000000000002 1600637261
2.5259 1600637261
2.1694 1600637261
2.1696 1600637261
2.169 1600637261
2.1695 1600637261
2.1696 1600637261
2.1693 1600637261
2.1689 1600637261
2.1694 1600637261
