2.6675 1600774395
2.6696999999999997 1600774395
2.6537 1600774395
2.6675999999999997 1600774395
2.6545 1600774395
2.6517 1600774395
2.6699 1600774395
2.6519 1600774395
2.6351 1600774395
2.6346000000000003 1600774395
2.6352 1600774395
2.6345 1600774395
2.6348 1600774395
2.6351 1600774395
2.6348 1600774395
2.6348 1600774395
2.9639 1600774395
2.9649 1600774395
2.964 1600774395
2.9638999999999998 1600774395
2.9638 1600774395
2.9638 1600774395
2.9638 1600774395
2.9638 1600774395
2.6489 1600774395
2.6523000000000003 1600774395
2.641 1600774395
2.6501 1600774395
2.6486 1600774395
2.6462 1600774395
2.6464000000000003 1600774395
2.6477999999999997 1600774395
2.2068 1600774395
2.2178 1600774395
2.2177 1600774395
2.2073 1600774395
2.2178 1600774395
2.2074000000000003 1600774395
2.2085 1600774395
2.2071 1600774395
2.7681999999999998 1600774395
2.7613 1600774395
2.7694 1600774395
2.7617000000000003 1600774395
2.7709 1600774395
2.7694 1600774395
2.7613000000000003 1600774395
2.7709 1600774395
2.6765 1600774395
2.6653000000000002 1600774395
2.6658 1600774395
2.6766 1600774395
2.6681 1600774395
2.6791 1600774395
2.6762 1600774395
2.6662 1600774395
2.6233 1600774395
2.6327000000000003 1600774395
2.6269 1600774395
2.6326 1600774395
2.6271 1600774395
2.6282 1600774395
2.6324 1600774395
2.6329 1600774395
2.6702000000000004 1600774395
2.67 1600774395
2.6622000000000003 1600774395
2.6618999999999997 1600774395
2.6790000000000003 1600774395
2.6641 1600774395
2.6773 1600774395
2.6802 1600774395
2.6536999999999997 1600774395
2.6544000000000003 1600774395
2.6543 1600774395
2.6542 1600774395
2.6538 1600774395
2.6543 1600774395
2.654 1600774395
2.6541 1600774395
2.6458 1600774395
2.6452999999999998 1600774395
2.6441000000000003 1600774395
2.6445000000000003 1600774395
2.6453 1600774395
2.6496 1600774395
2.6454 1600774395
2.6436 1600774395
2.6954 1600774395
2.6921 1600774395
2.6885000000000003 1600774395
2.6871 1600774395
2.6873 1600774395
2.6879999999999997 1600774395
2.6871 1600774395
2.6878 1600774395
2.5805 1600774395
2.5772 1600774395
2.5633999999999997 1600774395
2.5789 1600774395
2.5805 1600774395
2.56 1600774395
2.5802 1600774395
2.5805000000000002 1600774395
2.5413 1600774395
2.541 1600774395
2.5405 1600774395
2.5406 1600774395
2.5326 1600774395
2.5416 1600774395
2.5412 1600774395
2.5414 1600774395
1.5341 1600774395
1.54 1600774395
1.5339 1600774395
1.5398999999999998 1600774395
1.5398999999999998 1600774395
1.54 1600774395
1.5339999999999998 1600774395
1.5400999999999998 1600774395
2.8672 1600774395
2.8672999999999997 1600774395
2.8670999999999998 1600774395
2.8676 1600774395
2.8667 1600774395
2.8668 1600774395
2.8676 1600774395
2.8675 1600774395
2.6307 1600774395
2.6305 1600774395
2.6287 1600774395
2.6303 1600774395
2.6297 1600774395
2.6304000000000003 1600774395
2.6271 1600774395
2.6304 1600774395
1.4006 1600774395
1.4047999999999998 1600774395
1.4059000000000001 1600774395
1.4059 1600774395
1.4047 1600774395
1.4037000000000002 1600774395
1.4004999999999999 1600774395
1.4037000000000002 1600774395
2.0086 1600774395
2.0089 1600774395
2.0088 1600774395
2.0082 1600774395
2.0084 1600774395
2.0088999999999997 1600774395
2.0084 1600774395
2.0078 1600774395
2.5505 1600774395
2.5500000000000003 1600774395
2.5503 1600774395
2.5495 1600774395
2.5503 1600774395
2.5498000000000003 1600774395
2.5500000000000003 1600774395
2.5499 1600774395
2.6437999999999997 1600774395
2.6437 1600774395
2.6430000000000002 1600774395
2.6433999999999997 1600774395
2.6435999999999997 1600774395
2.6427 1600774395
2.6432 1600774395
2.6437 1600774395
1.7407 1600774395
1.7470999999999999 1600774395
1.7408 1600774395
1.7404 1600774395
1.7471999999999999 1600774395
1.7470999999999999 1600774395
1.7473999999999998 1600774395
1.7473999999999998 1600774395
2.9954 1600774395
2.9872 1600774395
2.9917000000000002 1600774395
2.9872 1600774395
2.9873 1600774395
2.9872 1600774395
2.9917 1600774395
2.9953 1600774395
1.8252000000000002 1600774395
1.831 1600774395
1.8255000000000001 1600774395
1.8270999999999997 1600774395
1.8253 1600774395
1.8272 1600774395
1.8254000000000001 1600774395
1.8254000000000001 1600774395
2.0521 1600774395
2.0393 1600774395
2.0511 1600774395
2.0373 1600774395
2.0521 1600774395
2.0372999999999997 1600774395
2.0478 1600774395
2.0511 1600774395
2.8907 1600774395
2.8916 1600774395
2.8931999999999998 1600774395
2.8898 1600774395
2.8918999999999997 1600774395
2.8930000000000002 1600774395
2.8932 1600774395
2.8922 1600774395
2.7304 1600774395
2.7304999999999997 1600774395
2.7298 1600774395
2.7203 1600774395
2.7305 1600774395
2.7306 1600774395
2.7279 1600774395
2.7161999999999997 1600774395
2.9689 1600774395
2.9684 1600774395
2.9728999999999997 1600774395
2.9688 1600774395
2.9688 1600774395
2.9688 1600774395
2.9728999999999997 1600774395
2.973 1600774395
2.9943 1600774395
2.9942 1600774395
2.9943999999999997 1600774395
2.9992 1600774395
2.9943 1600774395
2.9992 1600774395
2.9957 1600774395
2.9955 1600774395
2.7561 1600774395
2.7559 1600774395
2.756 1600774395
2.7556000000000003 1600774395
2.756 1600774395
2.7559 1600774395
2.756 1600774395
2.7563 1600774395
2.7055 1600774395
2.7053999999999996 1600774395
2.7048 1600774395
2.6816 1600774395
2.7049 1600774395
2.7054 1600774395
2.7045999999999997 1600774395
2.7056 1600774395
2.7638000000000003 1600774395
2.7638000000000003 1600774395
2.7576 1600774395
2.7462 1600774395
2.7577000000000003 1600774395
2.7579000000000002 1600774395
2.7576 1600774395
2.7462999999999997 1600774395
1.7547 1600774395
1.7630000000000001 1600774395
1.7547000000000001 1600774395
1.7547 1600774395
1.7547000000000001 1600774395
1.7610000000000001 1600774395
1.761 1600774395
1.7629000000000001 1600774395
2.7263 1600774395
2.7254 1600774395
2.726 1600774395
2.7262999999999997 1600774395
2.7264 1600774395
2.7255000000000003 1600774395
2.7258999999999998 1600774395
2.7243999999999997 1600774395
1.598 1600774395
1.5979999999999999 1600774395
1.5981 1600774395
1.5979 1600774395
1.5981999999999998 1600774395
1.5981999999999998 1600774395
1.5979 1600774395
1.5979 1600774395
1.9744000000000002 1600774395
1.9745 1600774395
1.9743999999999997 1600774395
1.9796 1600774395
1.9745 1600774395
1.9795000000000003 1600774395
1.9739999999999998 1600774395
1.9794999999999998 1600774395
1.4798 1600774395
1.4749 1600774395
1.4749 1600774395
1.4747 1600774395
1.4748 1600774395
1.4748 1600774395
1.4749 1600774395
1.4799 1600774395
1.4098 1600774395
1.4098000000000002 1600774395
1.4098000000000002 1600774395
1.4099 1600774395
1.4100000000000001 1600774395
1.4094000000000002 1600774395
1.4098000000000002 1600774395
1.4098000000000002 1600774395
2.7658 1600774395
2.7652 1600774395
2.7652 1600774395
2.7605 1600774395
2.7668 1600774395
2.7661 1600774395
2.767 1600774395
2.7645 1600774395
2.9772 1600774395
2.9773 1600774395
2.9769 1600774395
2.9769 1600774395
2.9772 1600774395
2.9772000000000003 1600774395
2.9772 1600774395
2.9772000000000003 1600774395
2.7268 1600774395
2.7270000000000003 1600774395
2.7301 1600774395
2.7309 1600774395
2.727 1600774395
2.7313 1600774395
2.7313 1600774395
2.7304 1600774395
2.9683 1600774395
2.9682 1600774395
2.9677 1600774395
2.9682 1600774395
2.9678999999999998 1600774395
2.9676 1600774395
2.9681 1600774395
2.9678999999999998 1600774395
1.4517 1600774395
1.4512999999999998 1600774395
1.4515 1600774395
1.4568999999999999 1600774395
1.4516 1600774395
1.4518 1600774395
1.457 1600774395
1.4518 1600774395
2.7434 1600774395
2.7443 1600774395
2.7420999999999998 1600774395
2.7281999999999997 1600774395
2.7442 1600774395
2.744 1600774395
2.7435 1600774395
2.7443 1600774395
2.1508000000000003 1600774395
2.1498999999999997 1600774395
2.1507 1600774395
2.1502000000000003 1600774395
2.1509 1600774395
2.1508 1600774395
2.1502 1600774395
2.1497 1600774395
1.9407 1600774395
1.9354 1600774395
1.9350000000000003 1600774395
1.9407 1600774395
1.9350999999999998 1600774395
1.9351000000000003 1600774395
1.9352 1600774395
1.9347000000000003 1600774395
1.6617000000000002 1600774395
1.6616 1600774395
1.6613 1600774395
1.6613000000000002 1600774395
1.661 1600774395
1.6614 1600774395
1.6588999999999998 1600774395
1.6612999999999998 1600774395
2.1936 1600774395
2.1932 1600774395
2.1928 1600774395
2.1933000000000002 1600774395
2.1923999999999997 1600774395
2.1932 1600774395
2.2014 1600774395
2.2014 1600774395
1.5361 1600774395
1.5359999999999998 1600774395
1.5362 1600774395
1.5361 1600774395
1.5360999999999998 1600774395
1.5358999999999998 1600774395
1.5363000000000002 1600774395
1.5361 1600774395
2.4459 1600774395
2.4459 1600774395
2.4644999999999997 1600774395
2.464 1600774395
2.4569 1600774395
2.4643 1600774395
2.4646000000000003 1600774395
2.4394 1600774395
2.9818 1600774395
2.9858000000000002 1600774395
2.9818 1600774395
2.9817 1600774395
2.982 1600774395
2.982 1600774395
2.9819999999999998 1600774395
2.9817 1600774395
1.6688999999999998 1600774395
1.6688 1600774395
1.6685999999999999 1600774395
1.6686 1600774395
1.6689 1600774395
1.6686999999999999 1600774395
1.6688999999999998 1600774395
1.6687999999999998 1600774395
2.9819 1600774395
2.9819999999999998 1600774395
2.9822 1600774395
2.9822 1600774395
2.9823 1600774395
2.9823 1600774395
2.9819999999999998 1600774395
2.9821 1600774395
2.8091 1600774395
2.8099999999999996 1600774395
2.8089 1600774395
2.8096 1600774395
2.81 1600774395
2.808 1600774395
2.8081 1600774395
2.81 1600774395
2.0042 1600774395
1.9980999999999998 1600774395
2.0040999999999998 1600774395
2.0042 1600774395
2.0027999999999997 1600774395
2.0028 1600774395
2.0031000000000003 1600774395
2.0031999999999996 1600774395
2.5135 1600774395
2.5100000000000002 1600774395
2.5183999999999997 1600774395
2.5135 1600774395
2.5082 1600774395
2.5182 1600774395
2.5185 1600774395
2.5098 1600774395
3.0061 1600774395
3.0035000000000003 1600774395
3.0055 1600774395
3.0038 1600774395
3.0038 1600774395
3.006 1600774395
3.0059 1600774395
3.0057 1600774395
2.0936 1600774395
2.0943 1600774395
2.0962 1600774395
2.0909 1600774395
2.0948 1600774395
2.0965000000000003 1600774395
2.1028000000000002 1600774395
2.1028000000000002 1600774395
2.6883999999999997 1600774395
2.6887 1600774395
2.6872000000000003 1600774395
2.6883 1600774395
2.6881 1600774395
2.6874000000000002 1600774395
2.6855 1600774395
2.688 1600774395
2.3421 1600774395
2.3417999999999997 1600774395
2.3205999999999998 1600774395
2.3428 1600774395
2.3432 1600774395
2.3378 1600774395
2.3256 1600774395
2.3445 1600774395
2.4924 1600774395
2.4931 1600774395
2.4912 1600774395
2.4916 1600774395
2.4934 1600774395
2.4929 1600774395
2.4934000000000003 1600774395
2.4919 1600774395
2.8707 1600774395
2.8712999999999997 1600774395
2.8712999999999997 1600774395
2.8712 1600774395
2.8715 1600774395
2.8714 1600774395
2.8714999999999997 1600774395
2.8710999999999998 1600774395
1.4731 1600774395
1.4674 1600774395
1.4674 1600774395
1.4672999999999998 1600774395
1.4672 1600774395
1.4674999999999998 1600774395
1.4674999999999998 1600774395
1.4672999999999998 1600774395
1.9457 1600774395
1.9396 1600774395
1.9449999999999998 1600774395
1.9434 1600774395
1.9456000000000002 1600774395
1.9445999999999999 1600774395
1.9456 1600774395
1.9450000000000003 1600774395
2.6620000000000004 1600774395
2.6618 1600774395
2.6618 1600774395
2.6616999999999997 1600774395
2.6614 1600774395
2.6603 1600774395
2.6614 1600774395
2.6617 1600774395
2.7784999999999997 1600774395
2.7793 1600774395
2.7794 1600774395
2.7795 1600774395
2.7782 1600774395
2.7789 1600774395
2.7791 1600774395
2.7777000000000003 1600774395
2.4228 1600774395
2.4262 1600774395
2.424 1600774395
2.4261 1600774395
2.4234 1600774395
2.4238 1600774395
2.4343000000000004 1600774395
2.4391 1600774395
1.7357999999999998 1600774395
1.7354 1600774395
1.7356 1600774395
1.7356 1600774395
1.7356 1600774395
1.7355999999999998 1600774395
1.7356 1600774395
1.7355 1600774395
2.7151 1600774395
2.7178 1600774395
2.7179 1600774395
2.7177 1600774395
2.7184 1600774395
2.7184 1600774395
2.7180999999999997 1600774395
2.718 1600774395
2.5269 1600774395
2.5273 1600774395
2.533 1600774395
2.527 1600774395
2.5273 1600774395
2.5271000000000003 1600774395
2.5372999999999997 1600774395
2.5271 1600774395
3.029 1600774395
3.0309 1600774395
3.0251 1600774395
3.0225999999999997 1600774395
3.0261 1600774395
3.029 1600774395
3.0279 1600774395
3.0308 1600774395
2.843 1600774395
2.8427 1600774395
2.8428 1600774395
2.8428 1600774395
2.8428 1600774395
2.8424 1600774395
2.8427000000000002 1600774395
2.8425 1600774395
2.9892000000000003 1600774395
2.9894000000000003 1600774395
2.9893 1600774395
2.9954 1600774395
2.9892000000000003 1600774395
2.9890000000000003 1600774395
2.9934 1600774395
2.9894000000000003 1600774395
2.3529999999999998 1600774395
2.3539 1600774395
2.3535 1600774395
2.3541000000000003 1600774395
2.3539 1600774395
2.3541 1600774395
2.3544 1600774395
2.3542 1600774395
2.9947 1600774395
2.9947 1600774395
2.9924 1600774395
2.9924999999999997 1600774395
2.9948 1600774395
2.9924999999999997 1600774395
2.9947 1600774395
2.9924 1600774395
1.9232 1600774395
1.9228999999999998 1600774395
1.923 1600774395
1.9228 1600774395
1.9221 1600774395
1.9226000000000003 1600774395
1.9228 1600774395
1.9227000000000003 1600774395
2.1203000000000003 1600774395
2.1174 1600774395
2.1178 1600774395
2.1182 1600774395
2.1275 1600774395
2.1193999999999997 1600774395
2.1276 1600774395
2.1188000000000002 1600774395
2.7897 1600774395
2.7874999999999996 1600774395
2.7897000000000003 1600774395
2.79 1600774395
2.7895 1600774395
2.7893999999999997 1600774395
2.7896 1600774395
2.7902 1600774395
2.3099000000000003 1600774395
2.3186 1600774395
2.3165999999999998 1600774395
2.3155 1600774395
2.3108999999999997 1600774395
2.3160000000000003 1600774395
2.316 1600774395
2.3125 1600774395
2.9314 1600774395
2.9312 1600774395
2.9313 1600774395
2.9312 1600774395
2.9309 1600774395
2.9313 1600774395
2.9311 1600774395
2.931 1600774395
2.9509000000000003 1600774395
2.9638 1600774395
2.962 1600774395
2.9547 1600774395
2.9604 1600774395
2.964 1600774395
2.9495 1600774395
2.9473000000000003 1600774395
2.4956 1600774395
2.4837000000000002 1600774395
2.4953000000000003 1600774395
2.4897 1600774395
2.4832 1600774395
2.4838 1600774395
2.4956 1600774395
2.4825 1600774395
2.0557 1600774395
2.0561000000000003 1600774395
2.0425 1600774395
2.0402 1600774395
2.0557000000000003 1600774395
2.0564 1600774395
2.0562 1600774395
2.0425 1600774395
1.7087999999999999 1600774395
1.7088999999999999 1600774395
1.7108999999999999 1600774395
1.7096 1600774395
1.7113 1600774395
1.7115 1600774395
1.7114 1600774395
1.7112999999999998 1600774395
2.3327 1600774395
2.3439 1600774395
2.3326000000000002 1600774395
2.353 1600774395
2.3327999999999998 1600774395
2.3329 1600774395
2.3457 1600774395
2.3326 1600774395
2.214 1600774395
2.2254 1600774395
2.2254 1600774395
2.2141 1600774395
2.2140999999999997 1600774395
2.2142 1600774395
2.2252 1600774395
2.2252 1600774395
2.5934 1600774395
2.5841000000000003 1600774395
2.5846 1600774395
2.5843 1600774395
2.5841000000000003 1600774395
2.5843000000000003 1600774395
2.5961 1600774395
2.5845000000000002 1600774395
2.9906 1600774395
2.9903 1600774395
2.9902 1600774395
2.9872 1600774395
2.9867 1600774395
2.9923 1600774395
2.9905000000000004 1600774395
2.9922 1600774395
2.1981 1600774395
2.1980999999999997 1600774395
2.1982 1600774395
2.1980999999999997 1600774395
2.1985 1600774395
2.1958 1600774395
2.1985 1600774395
2.1976 1600774395
2.4464 1600774395
2.4414000000000002 1600774395
2.4464 1600774395
2.4274999999999998 1600774395
2.4414 1600774395
2.4462 1600774395
2.4445 1600774395
2.4277 1600774395
1.4673 1600774395
1.4674 1600774395
1.4674999999999998 1600774395
1.4671999999999998 1600774395
1.4670999999999998 1600774395
1.4674 1600774395
1.4673 1600774395
1.4671999999999998 1600774395
2.5731 1600774395
2.5732000000000004 1600774395
2.5737 1600774395
2.5729 1600774395
2.5728999999999997 1600774395
2.5721 1600774395
2.5738000000000003 1600774395
2.572 1600774395
2.3504 1600774395
2.3508999999999998 1600774395
2.3468 1600774395
2.3478000000000003 1600774395
2.3485 1600774395
2.3506 1600774395
2.3507000000000002 1600774395
2.3491 1600774395
2.0852999999999997 1600774395
2.0672 1600774395
2.0673 1600774395
2.0717 1600774395
2.0675 1600774395
2.0671 1600774395
2.0671 1600774395
2.0671999999999997 1600774395
2.3737 1600774395
2.3688000000000002 1600774395
2.374 1600774395
2.3717 1600774395
2.3727 1600774395
2.374 1600774395
2.373 1600774395
2.3739000000000003 1600774395
2.8845 1600774395
2.8832999999999998 1600774395
2.89 1600774395
2.8836000000000004 1600774395
2.8821000000000003 1600774395
2.8839 1600774395
2.8832 1600774395
2.8815999999999997 1600774395
2.3923 1600774395
2.3753 1600774395
2.3825000000000003 1600774395
2.3775 1600774395
2.3924000000000003 1600774395
2.3744 1600774395
2.3972 1600774395
2.3758 1600774395
2.4228 1600774395
2.4239 1600774395
2.4365 1600774395
2.424 1600774395
2.4226 1600774395
2.4234 1600774395
2.4313000000000002 1600774395
2.4235 1600774395
2.6275 1600774395
2.6265 1600774395
2.6278 1600774395
2.6279 1600774395
2.6275 1600774395
2.6279000000000003 1600774395
2.6278 1600774395
2.6268 1600774395
1.9053000000000002 1600774395
1.9052 1600774395
1.9059 1600774395
1.9049 1600774395
1.9058000000000002 1600774395
1.9052 1600774395
1.9053000000000002 1600774395
1.9054 1600774395
2.9019 1600774395
2.8915 1600774395
2.9019 1600774395
2.902 1600774395
2.9022 1600774395
2.8919 1600774395
2.9022 1600774395
2.8919 1600774395
2.5667 1600774395
2.5608 1600774395
2.5668 1600774395
2.5669 1600774395
2.5666 1600774395
2.5633 1600774395
2.5657 1600774395
2.5637000000000003 1600774395
2.3055000000000003 1600774395
2.2901 1600774395
2.3056 1600774395
2.2843 1600774395
2.3056 1600774395
2.3054 1600774395
2.3028 1600774395
2.3052 1600774395
2.9181999999999997 1600774395
2.9181000000000004 1600774395
2.9182 1600774395
2.9182 1600774395
2.9179999999999997 1600774395
2.9179999999999997 1600774395
2.9177 1600774395
2.9183 1600774395
1.7433999999999998 1600774395
1.7435 1600774395
1.7435 1600774395
1.7437 1600774395
1.7435999999999998 1600774395
1.7436 1600774395
1.7434999999999998 1600774395
1.7446 1600774395
2.0801 1600774395
2.0709999999999997 1600774395
2.0833 1600774395
2.0833 1600774395
2.083 1600774395
2.0759000000000003 1600774395
2.0821 1600774395
2.0836 1600774395
2.8869000000000002 1600774395
2.8867 1600774395
2.8868 1600774395
2.876 1600774395
2.8867000000000003 1600774395
2.8868 1600774395
2.8767 1600774395
2.8869000000000002 1600774395
2.4055 1600774395
2.4032 1600774395
2.4050000000000002 1600774395
2.4045 1600774395
2.4052000000000002 1600774395
2.4021999999999997 1600774395
2.4015999999999997 1600774395
2.4052000000000002 1600774395
2.2666 1600774395
2.262 1600774395
2.2637 1600774395
2.2624999999999997 1600774395
2.2718000000000003 1600774395
2.2620999999999998 1600774395
2.2601999999999998 1600774395
2.2637 1600774395
2.3937999999999997 1600774395
2.4233 1600774395
2.3938 1600774395
2.3821 1600774395
2.4063 1600774395
2.3821000000000003 1600774395
2.382 1600774395
2.4008 1600774395
2.4486 1600774395
2.4490000000000003 1600774395
2.4242 1600774395
2.4487 1600774395
2.449 1600774395
2.4491 1600774395
2.4481 1600774395
2.4482999999999997 1600774395
2.1548 1600774395
2.1646 1600774395
2.1647000000000003 1600774395
2.1528 1600774395
2.1488 1600774395
2.1645000000000003 1600774395
2.1496999999999997 1600774395
2.1493 1600774395
2.3293 1600774395
2.3400999999999996 1600774395
2.3255 1600774395
2.34 1600774395
2.3251999999999997 1600774395
2.3414 1600774395
2.3401 1600774395
2.3253 1600774395
2.9526 1600774395
2.9518999999999997 1600774395
2.9509000000000003 1600774395
2.9525 1600774395
2.9522 1600774395
2.9520999999999997 1600774395
2.952 1600774395
2.9522 1600774395
2.676 1600774395
2.6805 1600774395
2.6858 1600774395
2.6769 1600774395
2.6677 1600774395
2.6686 1600774395
2.6859 1600774395
2.6678 1600774395
2.9208 1600774395
2.9211 1600774395
2.9211 1600774395
2.9212 1600774395
2.9206000000000003 1600774395
2.9210000000000003 1600774395
2.921 1600774395
2.9204 1600774395
2.6134999999999997 1600774395
2.6130999999999998 1600774395
2.6134 1600774395
2.6135 1600774395
2.6130999999999998 1600774395
2.6134999999999997 1600774395
2.6129000000000002 1600774395
2.6134999999999997 1600774395
2.7576 1600774395
2.7539 1600774395
2.7578 1600774395
2.7579 1600774395
2.7571000000000003 1600774395
2.7579 1600774395
2.7573 1600774395
2.7572 1600774395
2.6696 1600774395
2.6696 1600774395
2.6696 1600774395
2.6694 1600774395
2.6688 1600774395
2.6694999999999998 1600774395
2.6694999999999998 1600774395
2.6694 1600774395
2.8802 1600774395
2.8805 1600774395
2.8764 1600774395
2.8802 1600774395
2.8799 1600774395
2.8847 1600774395
2.8847 1600774395
2.8800999999999997 1600774395
2.1526 1600774395
2.1512 1600774395
2.157 1600774395
2.1536999999999997 1600774395
2.1536 1600774395
2.1538 1600774395
2.157 1600774395
2.1536999999999997 1600774395
3.0057 1600774395
3.0082 1600774395
3.0061999999999998 1600774395
2.9989 1600774395
3.0063 1600774395
3.0080999999999998 1600774395
3.0055 1600774395
3.0054000000000003 1600774395
2.5943 1600774395
2.5903 1600774395
2.5947 1600774395
2.5949999999999998 1600774395
2.5928 1600774395
2.5884 1600774395
2.5928999999999998 1600774395
2.5947 1600774395
1.6944 1600774395
1.6944000000000001 1600774395
1.6910999999999998 1600774395
1.6911999999999998 1600774395
1.6943000000000001 1600774395
1.691 1600774395
1.6908999999999998 1600774395
1.6910999999999998 1600774395
2.6194 1600774395
2.6098 1600774395
2.6146000000000003 1600774395
2.6146000000000003 1600774395
2.6096 1600774395
2.6096 1600774395
2.6257 1600774395
2.6094 1600774395
2.9891 1600774395
2.9888 1600774395
2.9891 1600774395
2.9855 1600774395
2.989 1600774395
2.9890000000000003 1600774395
2.9944 1600774395
2.9857 1600774395
2.0844 1600774395
2.084 1600774395
2.0892 1600774395
2.0820000000000003 1600774395
2.089 1600774395
2.089 1600774395
2.0890999999999997 1600774395
2.0827 1600774395
2.972 1600774395
2.972 1600774395
2.9722 1600774395
2.972 1600774395
2.9717 1600774395
2.972 1600774395
2.9717 1600774395
2.9719 1600774395
2.8461999999999996 1600774395
2.8523 1600774395
2.8512999999999997 1600774395
2.8519 1600774395
2.8523 1600774395
2.852 1600774395
2.8483 1600774395
2.8524 1600774395
2.7518000000000002 1600774395
2.7352000000000003 1600774395
2.7407 1600774395
2.7519 1600774395
2.7517 1600774395
2.7516 1600774395
2.7519 1600774395
2.7515 1600774395
2.8363 1600774395
2.8337 1600774395
2.8331 1600774395
2.8363 1600774395
2.825 1600774395
2.8295999999999997 1600774395
2.834 1600774395
2.8346999999999998 1600774395
2.4335 1600774395
2.4487 1600774395
2.4432 1600774395
2.439 1600774395
2.4252 1600774395
2.4353 1600774395
2.4164 1600774395
2.4428 1600774395
2.7809 1600774395
2.7819000000000003 1600774395
2.7818 1600774395
2.7824 1600774395
2.7814 1600774395
2.7824 1600774395
2.7811 1600774395
2.7818 1600774395
2.7245 1600774395
2.7255000000000003 1600774395
2.7241 1600774395
2.724 1600774395
2.7254 1600774395
2.725 1600774395
2.7254 1600774395
2.725 1600774395
2.3425000000000002 1600774395
2.3681 1600774395
2.3427000000000002 1600774395
2.3424 1600774395
2.3527 1600774395
2.3542 1600774395
2.3463000000000003 1600774395
2.3628 1600774395
2.6798 1600774395
2.6990000000000003 1600774395
2.7009 1600774395
2.6997 1600774395
2.7016999999999998 1600774395
2.7016999999999998 1600774395
2.6866000000000003 1600774395
2.6801 1600774395
2.7725999999999997 1600774395
2.7723999999999998 1600774395
2.7721 1600774395
2.7721 1600774395
2.7706 1600774395
2.7725 1600774395
2.7719 1600774395
2.7706 1600774395
1.4849999999999999 1600774395
1.4846000000000001 1600774395
1.4848 1600774395
1.485 1600774395
1.4849 1600774395
1.4848 1600774395
1.4849999999999999 1600774395
1.4849 1600774395
1.8849 1600774395
1.886 1600774395
1.9159 1600774395
1.8805000000000003 1600774395
1.8809 1600774395
1.8804000000000003 1600774395
1.8805000000000003 1600774395
1.8805999999999998 1600774395
2.9451 1600774395
2.9451 1600774395
2.9449 1600774395
2.9450000000000003 1600774395
2.9448 1600774395
2.9448000000000003 1600774395
2.9448000000000003 1600774395
2.9448 1600774395
2.9919000000000002 1600774395
2.9867000000000004 1600774395
2.9869 1600774395
2.9873 1600774395
2.9868 1600774395
2.9869 1600774395
2.9919000000000002 1600774395
2.9909 1600774395
2.8977999999999997 1600774395
2.8975999999999997 1600774395
2.8977 1600774395
2.8983 1600774395
2.8984 1600774395
2.8984 1600774395
2.8979999999999997 1600774395
2.8977999999999997 1600774395
2.6159000000000003 1600774395
2.6155 1600774395
2.6158 1600774395
2.6156 1600774395
2.6157 1600774395
2.6155 1600774395
2.6147 1600774395
2.6151 1600774395
2.9826 1600774395
2.9825 1600774395
2.99 1600774395
2.9861 1600774395
2.9892 1600774395
2.9899 1600774395
2.9861 1600774395
2.99 1600774395
2.5140000000000002 1600774395
2.514 1600774395
2.5114 1600774395
2.5114 1600774395
2.5115000000000003 1600774395
2.5114 1600774395
2.5113000000000003 1600774395
2.5116 1600774395
1.6795 1600774395
1.6795 1600774395
1.6796000000000002 1600774395
1.6795 1600774395
1.6814 1600774395
1.6794 1600774395
1.6796 1600774395
1.6814 1600774395
2.7754 1600774395
2.7797 1600774395
2.7793 1600774395
2.7752 1600774395
2.7787 1600774395
2.7798 1600774395
2.7794000000000003 1600774395
2.7478 1600774395
2.9761 1600774395
2.9746 1600774395
2.9761 1600774395
2.9746 1600774395
2.9744 1600774395
2.9745 1600774395
2.9743 1600774395
2.9743 1600774395
2.8197 1600774395
2.8073 1600774395
2.8108 1600774395
2.8198 1600774395
2.8133 1600774395
2.8123 1600774395
2.8112 1600774395
2.8069 1600774395
2.8348 1600774395
2.8346 1600774395
2.8346 1600774395
2.8348 1600774395
2.8331 1600774395
2.8282 1600774395
2.834 1600774395
2.8342 1600774395
1.447 1600774395
1.4425 1600774395
1.4503 1600774395
1.4425 1600774395
1.4496 1600774395
1.447 1600774395
1.4425 1600774395
1.4423000000000001 1600774395
1.4340000000000002 1600774395
1.4274 1600774395
1.4343 1600774395
1.4304999999999999 1600774395
1.4318 1600774395
1.4344 1600774395
1.4339 1600774395
1.4344999999999999 1600774395
2.3063 1600774395
2.2869 1600774395
2.3059000000000003 1600774395
2.3064999999999998 1600774395
2.3063000000000002 1600774395
2.3064999999999998 1600774395
2.3005 1600774395
2.3064 1600774395
2.8077 1600774395
2.8182 1600774395
2.8195 1600774395
2.8194000000000004 1600774395
2.82 1600774395
2.8178 1600774395
2.8079 1600774395
2.8196000000000003 1600774395
2.6866 1600774395
2.6801 1600774395
2.6709 1600774395
2.6753 1600774395
2.6745 1600774395
2.6781 1600774395
2.6712 1600774395
2.6801999999999997 1600774395
2.9795 1600774395
2.9793000000000003 1600774395
2.9793000000000003 1600774395
2.9783 1600774395
2.9793 1600774395
2.9794 1600774395
2.979 1600774395
2.9791 1600774395
1.5083000000000002 1600774395
1.5083 1600774395
1.5082 1600774395
1.5083 1600774395
1.5085000000000002 1600774395
1.508 1600774395
1.5082 1600774395
1.5083000000000002 1600774395
2.3185 1600774395
2.3295 1600774395
2.3261 1600774395
2.3129999999999997 1600774395
2.3342 1600774395
2.3239 1600774395
2.3131 1600774395
2.3262 1600774395
2.1994 1600774395
2.2044 1600774395
2.1915 1600774395
2.1912000000000003 1600774395
2.1895000000000002 1600774395
2.1984999999999997 1600774395
2.1991 1600774395
2.2107 1600774395
1.9458000000000002 1600774395
1.9403 1600774395
1.9457 1600774395
1.9403 1600774395
1.9403000000000001 1600774395
1.9404 1600774395
1.9456999999999998 1600774395
1.9403000000000001 1600774395
1.4657 1600774395
1.4621 1600774395
1.4658000000000002 1600774395
1.4628999999999999 1600774395
1.4627 1600774395
1.4657 1600774395
1.4619 1600774395
1.4527 1600774395
1.8886000000000003 1600774395
1.8919000000000001 1600774395
1.8886000000000003 1600774395
1.8887000000000003 1600774395
1.8918 1600774395
1.8884999999999998 1600774395
1.8887 1600774395
1.8885 1600774395
1.8304 1600774395
1.8306 1600774395
1.8306 1600774395
1.8302999999999998 1600774395
1.8303999999999998 1600774395
1.8343999999999998 1600774395
1.8306 1600774395
1.8306999999999998 1600774395
2.8537 1600774395
2.8544 1600774395
2.8535 1600774395
2.8542 1600774395
2.8535 1600774395
2.8536 1600774395
2.8541 1600774395
2.8541000000000003 1600774395
1.8047 1600774395
1.8046000000000002 1600774395
1.8045 1600774395
1.8046 1600774395
1.8047000000000002 1600774395
1.8047 1600774395
1.8047 1600774395
1.8048 1600774395
1.5507 1600774395
1.5544 1600774395
1.5507 1600774395
1.5543999999999998 1600774395
1.5506 1600774395
1.5505 1600774395
1.5505 1600774395
1.5506000000000002 1600774395
2.4925 1600774395
2.4957000000000003 1600774395
2.4878 1600774395
2.4921 1600774395
2.4899999999999998 1600774395
2.4886999999999997 1600774395
2.4924 1600774395
2.4878 1600774395
2.7963 1600774395
2.7963999999999998 1600774395
2.7903 1600774395
2.7962000000000002 1600774395
2.7809 1600774395
2.7882000000000002 1600774395
2.7902 1600774395
2.7809999999999997 1600774395
2.2693 1600774395
2.2821000000000002 1600774395
2.2816 1600774395
2.2794000000000003 1600774395
2.2704 1600774395
2.2818 1600774395
2.2698 1600774395
2.2704 1600774395
2.9069 1600774395
2.9067000000000003 1600774395
2.9065 1600774395
2.9066 1600774395
2.9064 1600774395
2.9066 1600774395
2.9067 1600774395
2.9066 1600774395
2.5541 1600774395
2.551 1600774395
2.555 1600774395
2.5553 1600774395
2.5548 1600774395
2.5517000000000003 1600774395
2.5546 1600774395
2.5532 1600774395
2.8758 1600774395
2.8741999999999996 1600774395
2.8756 1600774395
2.8752999999999997 1600774395
2.8758 1600774395
2.8761 1600774395
2.8761 1600774395
2.8755 1600774395
1.9816000000000003 1600774395
1.9841000000000002 1600774395
1.9842 1600774395
1.9864000000000002 1600774395
1.9815 1600774395
1.9865 1600774395
1.9813 1600774395
1.9865 1600774395
2.9461 1600774395
2.9467000000000003 1600774395
2.9461 1600774395
2.9459999999999997 1600774395
2.9464 1600774395
2.9466 1600774395
2.9456 1600774395
2.9463 1600774395
1.4371 1600774395
1.4371 1600774395
1.4371 1600774395
1.4373 1600774395
1.4378 1600774395
1.4379 1600774395
1.4373 1600774395
1.4370999999999998 1600774395
2.6557 1600774395
2.6558 1600774395
2.6559 1600774395
2.6561999999999997 1600774395
2.6559 1600774395
2.6562 1600774395
2.6559 1600774395
2.6561999999999997 1600774395
2.4122000000000003 1600774395
2.4084 1600774395
2.4301999999999997 1600774395
2.4205 1600774395
2.4096 1600774395
2.4241 1600774395
2.4301999999999997 1600774395
2.4219 1600774395
2.5011 1600774395
2.5027 1600774395
2.501 1600774395
2.4956 1600774395
2.5031999999999996 1600774395
2.4976 1600774395
2.4987 1600774395
2.5031 1600774395
2.734 1600774395
2.7342 1600774395
2.7331000000000003 1600774395
2.7338 1600774395
2.721 1600774395
2.7336 1600774395
2.734 1600774395
2.7344 1600774395
2.7451 1600774395
2.7453000000000003 1600774395
2.7452 1600774395
2.7378 1600774395
2.7438000000000002 1600774395
2.7367999999999997 1600774395
2.7447999999999997 1600774395
2.7433 1600774395
1.6018000000000001 1600774395
1.6042999999999998 1600774395
1.5990000000000002 1600774395
1.6018 1600774395
1.5992000000000002 1600774395
1.6014000000000002 1600774395
1.5993 1600774395
1.5993000000000002 1600774395
2.7367 1600774395
2.7361 1600774395
2.7333000000000003 1600774395
2.73 1600774395
2.7362 1600774395
2.6955 1600774395
2.7353 1600774395
2.7356 1600774395
2.8325 1600774395
2.8325 1600774395
2.8327 1600774395
2.8327 1600774395
2.8327999999999998 1600774395
2.8316999999999997 1600774395
2.8322000000000003 1600774395
2.8321 1600774395
1.8522000000000003 1600774395
1.8521 1600774395
1.8486000000000002 1600774395
1.8518999999999999 1600774395
1.8521000000000003 1600774395
1.8486000000000002 1600774395
1.8521 1600774395
1.8508 1600774395
1.7075 1600774395
1.7076 1600774395
1.7072999999999998 1600774395
1.7073999999999998 1600774395
1.7074 1600774395
1.7072 1600774395
1.7075 1600774395
1.7070999999999998 1600774395
2.6908000000000003 1600774395
2.6856999999999998 1600774395
2.6955 1600774395
2.6955 1600774395
2.6955999999999998 1600774395
2.6951 1600774395
2.6806 1600774395
2.6957 1600774395
1.4907 1600774395
1.4907000000000001 1600774395
1.4905000000000002 1600774395
1.4905 1600774395
1.4907 1600774395
1.4925 1600774395
1.4925000000000002 1600774395
1.4906000000000001 1600774395
2.9506 1600774395
2.9505 1600774395
2.9511000000000003 1600774395
2.9504 1600774395
2.9509 1600774395
2.9505999999999997 1600774395
2.951 1600774395
2.9509 1600774395
2.4678 1600774395
2.4667000000000003 1600774395
2.4677000000000002 1600774395
2.4678 1600774395
2.4650000000000003 1600774395
2.4661 1600774395
2.4426 1600774395
2.4422 1600774395
2.9806 1600774395
2.9805 1600774395
2.9805 1600774395
2.985 1600774395
2.985 1600774395
2.9807 1600774395
2.9805 1600774395
2.9808 1600774395
1.518 1600774395
1.5236999999999998 1600774395
1.5181 1600774395
1.524 1600774395
1.5181 1600774395
1.5179999999999998 1600774395
1.5181 1600774395
1.5238 1600774395
2.6322 1600774395
2.6324 1600774395
2.6322 1600774395
2.6325 1600774395
2.6321999999999997 1600774395
2.6325000000000003 1600774395
2.6323000000000003 1600774395
2.6319999999999997 1600774395
2.8759 1600774395
2.8752 1600774395
2.8734 1600774395
2.8758999999999997 1600774395
2.8758 1600774395
2.8763 1600774395
2.8762 1600774395
2.8756999999999997 1600774395
1.5556999999999999 1600774395
1.5558 1600774395
1.5553 1600774395
1.5554999999999999 1600774395
1.5556999999999999 1600774395
1.5556999999999999 1600774395
1.5558999999999998 1600774395
1.5646 1600774395
2.9506 1600774395
2.9508 1600774395
2.9507000000000003 1600774395
2.9508 1600774395
2.9508 1600774395
2.9503999999999997 1600774395
2.9506 1600774395
2.9505 1600774395
2.9842 1600774395
2.9842 1600774395
2.9841 1600774395
2.984 1600774395
2.9841 1600774395
2.9842 1600774395
2.9842 1600774395
2.9842999999999997 1600774395
2.7212 1600774395
2.721 1600774395
2.7206 1600774395
2.7213 1600774395
2.7185 1600774395
2.7211000000000003 1600774395
2.7161 1600774395
2.7213 1600774395
2.7577000000000003 1600774395
2.7569999999999997 1600774395
2.7579 1600774395
2.7569999999999997 1600774395
2.7575 1600774395
2.7580999999999998 1600774395
2.7576 1600774395
2.7577 1600774395
2.5573 1600774395
2.5573 1600774395
2.5596 1600774395
2.5549 1600774395
2.5563 1600774395
2.5581 1600774395
2.5576 1600774395
2.557 1600774395
1.9527 1600774395
1.9527 1600774395
1.9527 1600774395
1.9526999999999999 1600774395
1.9526 1600774395
1.9543 1600774395
1.9542 1600774395
1.9526 1600774395
2.802 1600774395
2.8 1600774395
2.7851 1600774395
2.8015 1600774395
2.8016 1600774395
2.7853 1600774395
2.8018 1600774395
2.8014 1600774395
2.7686 1600774395
2.7613000000000003 1600774395
2.7689000000000004 1600774395
2.7664 1600774395
2.7661 1600774395
2.7687 1600774395
2.7662 1600774395
2.7666 1600774395
2.6616999999999997 1600774395
2.6687000000000003 1600774395
2.6686 1600774395
2.6618 1600774395
2.6616999999999997 1600774395
2.6728 1600774395
2.6615 1600774395
2.6614 1600774395
2.0808999999999997 1600774395
2.0669 1600774395
2.0669 1600774395
2.0806 1600774395
2.0806 1600774395
2.0805000000000002 1600774395
2.0664000000000002 1600774395
2.0668 1600774395
2.9464 1600774395
2.9461999999999997 1600774395
2.9461 1600774395
2.9455999999999998 1600774395
2.9459999999999997 1600774395
2.9499 1600774395
2.9463 1600774395
2.9461 1600774395
1.881 1600774395
1.8748999999999998 1600774395
1.875 1600774395
1.8749000000000002 1600774395
1.881 1600774395
1.8824 1600774395
1.8825 1600774395
1.8746999999999998 1600774395
2.8175 1600774395
2.8198 1600774395
2.8203 1600774395
2.8204 1600774395
2.8200000000000003 1600774395
2.8194 1600774395
2.8149 1600774395
2.8198 1600774395
2.9608 1600774395
2.963 1600774395
2.9605 1600774395
2.9608000000000003 1600774395
2.9662 1600774395
2.9606000000000003 1600774395
2.963 1600774395
2.963 1600774395
2.9720999999999997 1600774395
2.972 1600774395
2.9721 1600774395
2.9722 1600774395
2.972 1600774395
2.9747 1600774395
2.9747 1600774395
2.972 1600774395
2.7157 1600774395
2.7163 1600774395
2.7153 1600774395
2.7158 1600774395
2.7162 1600774395
2.7157 1600774395
2.7155 1600774395
2.7157 1600774395
2.7874 1600774395
2.7862 1600774395
2.7882 1600774395
2.7885 1600774395
2.7887 1600774395
2.7886 1600774395
2.786 1600774395
2.7867 1600774395
2.9545 1600774395
2.9542 1600774395
2.9539999999999997 1600774395
2.9541999999999997 1600774395
2.9541 1600774395
2.9528999999999996 1600774395
2.954 1600774395
2.9543 1600774395
1.7991 1600774395
1.7988000000000002 1600774395
1.7990000000000002 1600774395
1.7988000000000002 1600774395
1.7988999999999997 1600774395
1.7991000000000001 1600774395
1.7990999999999997 1600774395
1.7990000000000002 1600774395
2.7621 1600774395
2.7630999999999997 1600774395
2.7573 1600774395
2.763 1600774395
2.7713 1600774395
2.7712 1600774395
2.7592000000000003 1600774395
2.7734 1600774395
2.8542 1600774395
2.8538 1600774395
2.8545 1600774395
2.8539 1600774395
2.8543000000000003 1600774395
2.854 1600774395
2.8541000000000003 1600774395
2.8533 1600774395
1.6448999999999998 1600774395
1.6447999999999998 1600774395
1.6447999999999998 1600774395
1.6446 1600774395
1.6447999999999998 1600774395
1.6448 1600774395
1.6446 1600774395
1.6449 1600774395
3.0126999999999997 1600774395
3.0100000000000002 1600774395
3.0103 1600774395
3.0109 1600774395
3.0109999999999997 1600774395
3.0128 1600774395
3.0107999999999997 1600774395
3.0111000000000003 1600774395
2.967 1600774395
2.967 1600774395
2.967 1600774395
2.9739999999999998 1600774395
2.967 1600774395
2.9668 1600774395
2.9668 1600774395
2.9669000000000003 1600774395
1.5258 1600774395
1.5258 1600774395
1.5259 1600774395
1.5258 1600774395
1.5257 1600774395
1.5337 1600774395
1.5256999999999998 1600774395
1.5259 1600774395
1.6372 1600774395
1.6371 1600774395
1.6393 1600774395
1.6372 1600774395
1.6372 1600774395
1.6372 1600774395
1.6372 1600774395
1.6395 1600774395
2.7072 1600774395
2.7073 1600774395
2.7075 1600774395
2.707 1600774395
2.7076 1600774395
2.7068 1600774395
2.6987 1600774395
2.693 1600774395
1.7634 1600774395
1.7655 1600774395
1.7621000000000002 1600774395
1.7621 1600774395
1.7622 1600774395
1.7621 1600774395
1.7655999999999998 1600774395
1.7655999999999998 1600774395
2.8588999999999998 1600774395
2.838 1600774395
2.8592999999999997 1600774395
2.8535 1600774395
2.8590999999999998 1600774395
2.8554 1600774395
2.8458 1600774395
2.8527 1600774395
1.8728999999999998 1600774395
1.8730000000000002 1600774395
1.8731 1600774395
1.8729999999999998 1600774395
1.8728 1600774395
1.8729 1600774395
1.8729 1600774395
1.8728999999999998 1600774395
2.9773 1600774395
2.9776000000000002 1600774395
2.9833000000000003 1600774395
2.9833000000000003 1600774395
2.9833000000000003 1600774395
2.9774000000000003 1600774395
2.9774 1600774395
2.9773 1600774395
1.7452 1600774395
1.7378 1600774395
1.7376 1600774395
1.7379 1600774395
1.738 1600774395
1.738 1600774395
1.7376999999999998 1600774395
1.7378999999999998 1600774395
1.4706000000000001 1600774395
1.4706 1600774395
1.4707000000000001 1600774395
1.4707 1600774395
1.4730999999999999 1600774395
1.4706 1600774395
1.4731 1600774395
1.4705 1600774395
1.7245 1600774395
1.7246 1600774395
1.7222 1600774395
1.722 1600774395
1.7222 1600774395
1.722 1600774395
1.7262 1600774395
1.7262 1600774395
2.7314 1600774395
2.7332 1600774395
2.7311 1600774395
2.7348 1600774395
2.7346999999999997 1600774395
2.7333 1600774395
2.7352000000000003 1600774395
2.7314 1600774395
2.5220000000000002 1600774395
2.5189 1600774395
2.5185 1600774395
2.5177 1600774395
2.5191 1600774395
2.5164 1600774395
2.5292 1600774395
2.5187999999999997 1600774395
1.9256999999999997 1600774395
1.9201000000000001 1600774395
1.9211 1600774395
1.9212000000000002 1600774395
1.9257 1600774395
1.9208 1600774395
1.9207000000000003 1600774395
1.9211 1600774395
1.9459 1600774395
1.9455999999999998 1600774395
1.9455 1600774395
1.9458 1600774395
1.9455000000000002 1600774395
1.9458000000000002 1600774395
1.9458999999999997 1600774395
1.9457 1600774395
2.478 1600774395
2.4777 1600774395
2.4776000000000002 1600774395
2.4778 1600774395
2.4777 1600774395
2.4782 1600774395
2.4758 1600774395
2.4770000000000003 1600774395
1.7166000000000001 1600774395
1.7231 1600774395
1.7232 1600774395
1.7167 1600774395
1.7211 1600774395
1.7167 1600774395
1.7167 1600774395
1.7210999999999999 1600774395
2.7685999999999997 1600774395
2.7742 1600774395
2.7763999999999998 1600774395
2.7765999999999997 1600774395
2.7762000000000002 1600774395
2.7763 1600774395
2.7767 1600774395
2.7761 1600774395
2.4985 1600774395
2.4986 1600774395
2.4977 1600774395
2.4985999999999997 1600774395
2.4983 1600774395
2.4989 1600774395
2.4987 1600774395
2.4987000000000004 1600774395
2.8647 1600774395
2.8655 1600774395
2.8644 1600774395
2.8651999999999997 1600774395
2.8646 1600774395
2.8653 1600774395
2.8651 1600774395
2.8654 1600774395
1.6679 1600774395
1.6681 1600774395
1.6683999999999999 1600774395
1.6683999999999999 1600774395
1.6681 1600774395
1.6679 1600774395
1.6683 1600774395
1.6681 1600774395
1.7060000000000002 1600774395
1.7086999999999999 1600774395
1.706 1600774395
1.7060000000000002 1600774395
1.7059 1600774395
1.7061000000000002 1600774395
1.7088 1600774395
1.7054 1600774395
2.9871 1600774395
2.987 1600774395
2.9871000000000003 1600774395
2.9873000000000003 1600774395
2.9902 1600774395
2.9872 1600774395
2.9871000000000003 1600774395
2.9901999999999997 1600774395
2.6252999999999997 1600774395
2.6254 1600774395
2.6247 1600774395
2.6258 1600774395
2.6256999999999997 1600774395
2.6250999999999998 1600774395
2.6257 1600774395
2.6255 1600774395
2.5083 1600774395
2.5084 1600774395
2.5084 1600774395
2.5084 1600774395
2.5089 1600774395
2.5089 1600774395
2.5090000000000003 1600774395
2.5064 1600774395
1.4036 1600774395
1.3975 1600774395
1.4036 1600774395
1.3981 1600774395
1.4035000000000002 1600774395
1.4029999999999998 1600774395
1.3973 1600774395
1.4030999999999998 1600774395
1.9938 1600774395
1.9938000000000002 1600774395
1.9935999999999998 1600774395
1.9939000000000002 1600774395
1.9941000000000002 1600774395
1.9937 1600774395
1.9938 1600774395
1.9938 1600774395
2.9094 1600774395
2.9092000000000002 1600774395
2.9090000000000003 1600774395
2.9089 1600774395
2.9091 1600774395
2.9091 1600774395
2.9092 1600774395
2.9088 1600774395
1.9781 1600774395
1.9781 1600774395
1.9837 1600774395
1.9836999999999998 1600774395
1.9779 1600774395
1.9798 1600774395
1.9781 1600774395
1.9836999999999998 1600774395
1.9913999999999998 1600774395
1.9910999999999999 1600774395
1.9949000000000003 1600774395
1.9912999999999998 1600774395
1.9914 1600774395
1.9909999999999999 1600774395
1.9913 1600774395
1.9913 1600774395
2.3225 1600774395
2.3234 1600774395
2.3243 1600774395
2.3244000000000002 1600774395
2.3214 1600774395
2.3225 1600774395
2.3251 1600774395
2.3251 1600774395
2.5793999999999997 1600774395
2.5796 1600774395
2.5791 1600774395
2.5779 1600774395
2.5761 1600774395
2.577 1600774395
2.5780000000000003 1600774395
2.5789999999999997 1600774395
2.9280999999999997 1600774395
2.9282 1600774395
2.9282 1600774395
2.9177 1600774395
2.9283 1600774395
2.9277 1600774395
2.9259 1600774395
2.9276999999999997 1600774395
2.8989 1600774395
2.8941000000000003 1600774395
2.8976 1600774395
2.8985 1600774395
2.8983000000000003 1600774395
2.899 1600774395
2.8988 1600774395
2.8988 1600774395
1.8272000000000002 1600774395
1.8271000000000002 1600774395
1.8256999999999999 1600774395
1.827 1600774395
1.8313 1600774395
1.8264 1600774395
1.8313 1600774395
1.8268999999999997 1600774395
2.5875999999999997 1600774395
2.5703 1600774395
2.5878 1600774395
2.5698999999999996 1600774395
2.5700999999999996 1600774395
2.588 1600774395
2.5771 1600774395
2.5765000000000002 1600774395
2.1639999999999997 1600774395
2.1639 1600774395
2.1798 1600774395
2.1647 1600774395
2.1651 1600774395
2.17 1600774395
2.1643 1600774395
2.1643 1600774395
2.1854 1600774395
2.1866 1600774395
2.1763 1600774395
2.1867 1600774395
2.1861 1600774395
2.1789 1600774395
2.1812 1600774395
2.1759 1600774395
2.9863 1600774395
2.9863 1600774395
2.9863 1600774395
2.9881 1600774395
2.9881 1600774395
2.9861999999999997 1600774395
2.9880999999999998 1600774395
2.988 1600774395
2.9213 1600774395
2.9216 1600774395
2.9213 1600774395
2.923 1600774395
2.9206000000000003 1600774395
2.9203 1600774395
2.9218 1600774395
2.9222 1600774395
1.677 1600774395
1.6755 1600774395
1.6754000000000002 1600774395
1.6756 1600774395
1.6771 1600774395
1.6751999999999998 1600774395
1.6757 1600774395
1.6757 1600774395
2.3813999999999997 1600774395
2.3965 1600774395
2.3977 1600774395
2.3926000000000003 1600774395
2.3815 1600774395
2.3815 1600774395
2.3951000000000002 1600774395
2.3816 1600774395
1.6496 1600774395
1.6495000000000002 1600774395
1.6494 1600774395
1.6502 1600774395
1.6495 1600774395
1.6495000000000002 1600774395
1.6502 1600774395
1.6494 1600774395
2.1468 1600774395
2.1466 1600774395
2.1465 1600774395
2.1564 1600774395
2.1428 1600774395
2.1461 1600774395
2.1466 1600774395
2.1508000000000003 1600774395
2.9327 1600774395
2.9328 1600774395
2.9325 1600774395
2.9328 1600774395
2.9325 1600774395
2.9323 1600774395
2.9325 1600774395
2.9324 1600774395
2.9371 1600774395
2.9373 1600774395
2.9372 1600774395
2.9372000000000003 1600774395
2.946 1600774395
2.9372000000000003 1600774395
2.9365 1600774395
2.9372000000000003 1600774395
2.9812 1600774395
2.9812 1600774395
2.9989 1600774395
2.9812 1600774395
2.9812000000000003 1600774395
2.9812000000000003 1600774395
2.9812 1600774395
2.9989000000000003 1600774395
1.8695999999999997 1600774395
1.8745000000000003 1600774395
1.8692999999999997 1600774395
1.8694 1600774395
1.8692999999999997 1600774395
1.8692 1600774395
1.8693 1600774395
1.8695000000000002 1600774395
2.9724 1600774395
2.9722 1600774395
2.9722999999999997 1600774395
2.9722999999999997 1600774395
2.9724 1600774395
2.9722999999999997 1600774395
2.9724 1600774395
2.9717000000000002 1600774395
2.9968 1600774395
2.9969 1600774395
2.9898000000000002 1600774395
2.9898 1600774395
2.9898000000000002 1600774395
2.9928000000000003 1600774395
2.9899 1600774395
2.9928999999999997 1600774395
2.8939000000000004 1600774395
2.894 1600774395
2.8939 1600774395
2.9055999999999997 1600774395
2.9056 1600774395
2.8939000000000004 1600774395
2.8939000000000004 1600774395
2.9149000000000003 1600774395
2.4642 1600774395
2.4681 1600774395
2.467 1600774395
2.4677 1600774395
2.4679 1600774395
2.4682999999999997 1600774395
2.4639 1600774395
2.4706 1600774395
2.9432 1600774395
2.943 1600774395
2.9428 1600774395
2.943 1600774395
2.9427999999999996 1600774395
2.9432 1600774395
2.9501 1600774395
2.9432 1600774395
1.8686000000000003 1600774395
1.8679000000000001 1600774395
1.8675999999999997 1600774395
1.8682 1600774395
1.8663999999999998 1600774395
1.8674999999999997 1600774395
1.8662999999999998 1600774395
1.8685999999999998 1600774395
1.6242 1600774395
1.6242999999999999 1600774395
1.6242999999999999 1600774395
1.6243999999999998 1600774395
1.6244 1600774395
1.6238 1600774395
1.6241999999999999 1600774395
1.6243999999999998 1600774395
1.5399 1600774395
1.5394999999999999 1600774395
1.5396999999999998 1600774395
1.5394999999999999 1600774395
1.5391000000000001 1600774395
1.5395999999999999 1600774395
1.5398 1600774395
1.5395999999999999 1600774395
2.8327999999999998 1600774395
2.8326 1600774395
2.832 1600774395
2.8332 1600774395
2.8327999999999998 1600774395
2.8333 1600774395
2.8331 1600774395
2.8317 1600774395
1.6876000000000002 1600774395
1.6875 1600774395
1.6875 1600774395
1.6876 1600774395
1.6888999999999998 1600774395
1.6875 1600774395
1.6874 1600774395
1.6888999999999998 1600774395
1.6523 1600774395
1.6522999999999999 1600774395
1.6522000000000001 1600774395
1.6522 1600774395
1.6522000000000001 1600774395
1.6522999999999999 1600774395
1.6534 1600774395
1.6523 1600774395
2.8376 1600774395
2.8398999999999996 1600774395
2.8397 1600774395
2.8407 1600774395
2.8405 1600774395
2.8409 1600774395
2.8407 1600774395
2.8404 1600774395
1.4000000000000001 1600774395
1.4001 1600774395
1.3999 1600774395
1.3999000000000001 1600774395
1.4062999999999999 1600774395
1.3998 1600774395
1.3998 1600774395
1.4062999999999999 1600774395
1.7085000000000001 1600774395
1.7139000000000002 1600774395
1.7083000000000002 1600774395
1.7137 1600774395
1.7138 1600774395
1.7083000000000002 1600774395
1.7084000000000001 1600774395
1.7139000000000002 1600774395
2.9719 1600774395
2.9722 1600774395
2.9722 1600774395
2.9724 1600774395
2.9723 1600774395
2.9722999999999997 1600774395
2.9722 1600774395
2.972 1600774395
1.9180000000000001 1600774395
1.9181 1600774395
1.9246 1600774395
1.9179999999999997 1600774395
1.9180000000000001 1600774395
1.9187000000000003 1600774395
1.9179000000000002 1600774395
1.9238999999999997 1600774395
1.6667 1600774395
1.6622 1600774395
1.6664 1600774395
1.6666999999999998 1600774395
1.6664 1600774395
1.6623999999999999 1600774395
1.6622000000000001 1600774395
1.6622 1600774395
1.9728000000000003 1600774395
1.9683 1600774395
1.9730000000000003 1600774395
1.9727999999999999 1600774395
1.9730000000000003 1600774395
1.9731 1600774395
1.9715 1600774395
1.9726000000000001 1600774395
2.0698000000000003 1600774395
2.0699 1600774395
2.0554 1600774395
2.0505 1600774395
2.0589999999999997 1600774395
2.0696000000000003 1600774395
2.0506 1600774395
2.0614 1600774395
2.7963999999999998 1600774395
2.7965 1600774395
2.7861000000000002 1600774395
2.7960000000000003 1600774395
2.7769 1600774395
2.7965 1600774395
2.7768 1600774395
2.7963 1600774395
1.7596 1600774395
1.7635999999999998 1600774395
1.7595 1600774395
1.7689 1600774395
1.7537 1600774395
1.7604000000000002 1600774395
1.7604000000000002 1600774395
1.7604000000000002 1600774395
2.1586 1600774395
2.1579 1600774395
2.1583 1600774395
2.1581 1600774395
2.1742 1600774395
2.1674 1600774395
2.1580999999999997 1600774395
2.1567 1600774395
1.7237 1600774395
1.724 1600774395
1.724 1600774395
1.7237 1600774395
1.7238000000000002 1600774395
1.7241 1600774395
1.7241 1600774395
1.7238 1600774395
2.7864 1600774395
2.7867 1600774395
2.786 1600774395
2.7857000000000003 1600774395
2.7855 1600774395
2.7862 1600774395
2.7856 1600774395
2.7845999999999997 1600774395
2.3104 1600774395
2.3089999999999997 1600774395
2.3109 1600774395
2.3115 1600774395
2.3112 1600774395
2.3115 1600774395
2.3103000000000002 1600774395
2.3111 1600774395
2.1757 1600774395
2.1752 1600774395
2.1755 1600774395
2.175 1600774395
2.1753 1600774395
2.1754000000000002 1600774395
2.1753 1600774395
2.1751 1600774395
2.8245 1600774395
2.824 1600774395
2.8231 1600774395
2.8242000000000003 1600774395
2.8239 1600774395
2.824 1600774395
2.8245 1600774395
2.824 1600774395
2.9497 1600774395
2.9499 1600774395
2.9496 1600774395
2.9494 1600774395
2.9497999999999998 1600774395
2.9497999999999998 1600774395
2.9494 1600774395
2.9491 1600774395
1.5230000000000001 1600774395
1.5228000000000002 1600774395
1.5204 1600774395
1.5228000000000002 1600774395
1.5204 1600774395
1.5227 1600774395
1.5224000000000002 1600774395
1.5306000000000002 1600774395
1.6095000000000002 1600774395
1.6093 1600774395
1.6095000000000002 1600774395
1.6092 1600774395
1.6154 1600774395
1.6093000000000002 1600774395
1.6094 1600774395
1.6093 1600774395
2.2768 1600774395
2.2714000000000003 1600774395
2.2767999999999997 1600774395
2.2785 1600774395
2.2786999999999997 1600774395
2.2782999999999998 1600774395
2.2783 1600774395
2.2785 1600774395
1.5621 1600774395
1.5643 1600774395
1.5619999999999998 1600774395
1.5619999999999998 1600774395
1.5619999999999998 1600774395
1.5619 1600774395
1.5619999999999998 1600774395
1.5617999999999999 1600774395
2.9795 1600774395
2.9753000000000003 1600774395
2.9754 1600774395
2.9795 1600774395
2.9753000000000003 1600774395
2.9752 1600774395
2.9796 1600774395
2.9753 1600774395
1.9698 1600774395
1.9697999999999998 1600774395
1.9696 1600774395
1.9697 1600774395
1.9695 1600774395
1.9698000000000002 1600774395
1.9693 1600774395
1.9697 1600774395
3.0181 1600774395
3.0140000000000002 1600774395
3.0185 1600774395
3.0187 1600774395
3.0174000000000003 1600774395
3.0167 1600774395
3.0183 1600774395
3.0176000000000003 1600774395
2.2912 1600774395
2.2901 1600774395
2.2912 1600774395
2.2918 1600774395
2.2912999999999997 1600774395
2.2906999999999997 1600774395
2.2914 1600774395
2.2906 1600774395
2.9202 1600774395
2.9204 1600774395
2.9200999999999997 1600774395
2.9202 1600774395
2.9204 1600774395
2.9204 1600774395
2.9205 1600774395
2.9205 1600774395
1.8278000000000003 1600774395
1.8277 1600774395
1.8277 1600774395
1.8277999999999999 1600774395
1.8272 1600774395
1.8276000000000001 1600774395
1.8273 1600774395
1.8275 1600774395
2.5366 1600774395
2.5366999999999997 1600774395
2.536 1600774395
2.5371 1600774395
2.5367 1600774395
2.5365 1600774395
2.5371 1600774395
2.536 1600774395
2.2429 1600774395
2.2436000000000003 1600774395
2.2434000000000003 1600774395
2.2398 1600774395
2.2431 1600774395
2.2434 1600774395
2.2433 1600774395
2.2434000000000003 1600774395
2.2527 1600774395
2.2332 1600774395
2.2504 1600774395
2.253 1600774395
2.2527999999999997 1600774395
2.2467 1600774395
2.2527 1600774395
2.2358000000000002 1600774395
2.9105 1600774395
2.9093 1600774395
2.9107 1600774395
2.9107 1600774395
2.9104 1600774395
2.9104 1600774395
2.9103000000000003 1600774395
2.9099 1600774395
2.5655 1600774395
2.5651 1600774395
2.5657 1600774395
2.5656 1600774395
2.5658 1600774395
2.5657 1600774395
2.5659 1600774395
2.5658 1600774395
2.311 1600774395
2.3108 1600774395
2.312 1600774395
2.3112 1600774395
2.3116 1600774395
2.3171999999999997 1600774395
2.31 1600774395
2.32 1600774395
2.013 1600774395
2.0131 1600774395
2.0183 1600774395
2.0131 1600774395
2.0128 1600774395
2.013 1600774395
2.0128999999999997 1600774395
2.0128999999999997 1600774395
2.9088000000000003 1600774395
2.9082 1600774395
2.9076999999999997 1600774395
2.9085 1600774395
2.9086 1600774395
2.9084 1600774395
2.9086 1600774395
2.9086 1600774395
2.9248 1600774395
2.9245 1600774395
2.925 1600774395
2.9244000000000003 1600774395
2.9249 1600774395
2.9249 1600774395
2.9252 1600774395
2.9247 1600774395
2.8975 1600774395
2.8973999999999998 1600774395
2.8956 1600774395
2.8975999999999997 1600774395
2.8974 1600774395
2.8972 1600774395
2.8975 1600774395
2.8971 1600774395
2.6195 1600774395
2.6111 1600774395
2.6167000000000002 1600774395
2.6134 1600774395
2.6149 1600774395
2.6144 1600774395
2.6153 1600774395
2.6134 1600774395
2.3046 1600774395
2.3159 1600774395
2.3046 1600774395
2.3174 1600774395
2.3042000000000002 1600774395
2.2944999999999998 1600774395
2.2934 1600774395
2.3058 1600774395
2.4019 1600774395
2.3897 1600774395
2.4047 1600774395
2.3897 1600774395
2.3938 1600774395
2.407 1600774395
2.4069 1600774395
2.4041 1600774395
1.6589999999999998 1600774395
1.6616 1600774395
1.6585999999999999 1600774395
1.6585999999999999 1600774395
1.6583999999999999 1600774395
1.6616 1600774395
1.6582 1600774395
1.6586 1600774395
2.4114999999999998 1600774395
2.417 1600774395
2.4093999999999998 1600774395
2.4055 1600774395
2.4225 1600774395
2.4112 1600774395
2.4078 1600774395
2.4091 1600774395
2.5252 1600774395
2.5248 1600774395
2.5249 1600774395
2.5291 1600774395
2.5248999999999997 1600774395
2.5342 1600774395
2.5245 1600774395
2.5266 1600774395
2.4127 1600774395
2.4129 1600774395
2.4133999999999998 1600774395
2.4163 1600774395
2.4239 1600774395
2.4121 1600774395
2.4130000000000003 1600774395
2.4287 1600774395
2.4114999999999998 1600774395
2.3935 1600774395
2.399 1600774395
2.4009 1600774395
2.4009 1600774395
2.3872 1600774395
2.4170000000000003 1600774395
2.4105000000000003 1600774395
2.1146000000000003 1600774395
2.1202 1600774395
2.1182 1600774395
2.1130999999999998 1600774395
2.1121 1600774395
2.118 1600774395
2.1129000000000002 1600774395
2.1182 1600774395
2.6076 1600774395
2.6026 1600774395
2.5892999999999997 1600774395
2.5894 1600774395
2.5996 1600774395
2.6119 1600774395
2.595 1600774395
2.5963000000000003 1600774395
2.1241 1600774395
2.1235000000000004 1600774395
2.1313 1600774395
2.1311999999999998 1600774395
2.1245 1600774395
2.1231999999999998 1600774395
2.1245000000000003 1600774395
2.124 1600774395
2.9143 1600774395
2.9145000000000003 1600774395
2.9142 1600774395
2.9146 1600774395
2.9147000000000003 1600774395
2.9146 1600774395
2.9139 1600774395
2.9145000000000003 1600774395
2.4565 1600774395
2.4554 1600774395
2.4566999999999997 1600774395
2.4562 1600774395
2.4565 1600774395
2.4560999999999997 1600774395
2.4567 1600774395
2.4558 1600774395
2.5999000000000003 1600774395
2.6033 1600774395
2.6085 1600774395
2.6004 1600774395
2.5986000000000002 1600774395
2.5977 1600774395
2.5997 1600774395
2.5991 1600774395
2.5347 1600774395
2.5483000000000002 1600774395
2.5394 1600774395
2.5402 1600774395
2.5399 1600774395
2.5398 1600774395
2.5339 1600774395
2.548 1600774395
2.2834 1600774395
2.2754 1600774395
2.2917 1600774395
2.2914 1600774395
2.2753 1600774395
2.2853000000000003 1600774395
2.2752 1600774395
2.2915 1600774395
2.4547 1600774395
2.4385 1600774395
2.4563 1600774395
2.4389000000000003 1600774395
2.4477 1600774395
2.4359 1600774395
2.4480999999999997 1600774395
2.4530000000000003 1600774395
2.2877 1600774395
2.2918 1600774395
2.2868999999999997 1600774395
2.2918 1600774395
2.313 1600774395
2.2845 1600774395
2.3672 1600774395
2.2903000000000002 1600774395
1.7971 1600774395
1.7969 1600774395
1.7970000000000002 1600774395
1.7972 1600774395
1.7970000000000002 1600774395
1.7967 1600774395
1.7971 1600774395
1.7896 1600774395
2.9953 1600774395
2.9897 1600774395
2.9898000000000002 1600774395
2.9954 1600774395
2.9896000000000003 1600774395
2.9898000000000002 1600774395
2.9955000000000003 1600774395
2.9954 1600774395
2.5595 1600774395
2.5591 1600774395
2.5580000000000003 1600774395
2.5557000000000003 1600774395
2.5551 1600774395
2.559 1600774395
2.5569 1600774395
2.5603000000000002 1600774395
2.1495 1600774395
2.1493 1600774395
2.1496 1600774395
2.1496 1600774395
2.1492 1600774395
2.1494999999999997 1600774395
2.1492 1600774395
2.1493 1600774395
2.4097 1600774395
2.4097 1600774395
2.3916 1600774395
2.3973 1600774395
2.3975 1600774395
2.4092000000000002 1600774395
2.3786 1600774395
2.3831 1600774395
2.3447999999999998 1600774395
2.3485 1600774395
2.3461000000000003 1600774395
2.3482000000000003 1600774395
2.3465 1600774395
2.3461 1600774395
2.3464 1600774395
2.3466 1600774395
2.9733 1600774395
2.973 1600774395
2.973 1600774395
2.9731 1600774395
2.9732 1600774395
2.9728 1600774395
2.9731 1600774395
2.9734000000000003 1600774395
2.6538999999999997 1600774395
2.6537 1600774395
2.6529000000000003 1600774395
2.6538000000000004 1600774395
2.6537 1600774395
2.6534 1600774395
2.6537 1600774395
2.6536999999999997 1600774395
2.8883 1600774395
2.888 1600774395
2.8886 1600774395
2.8877 1600774395
2.8886 1600774395
2.8887 1600774395
2.8880999999999997 1600774395
2.8885 1600774395
2.3541999999999996 1600774395
2.3659000000000003 1600774395
2.3702 1600774395
2.3704 1600774395
2.3687 1600774395
2.3702 1600774395
2.3666 1600774395
2.3581000000000003 1600774395
2.4768 1600774395
2.4773 1600774395
2.4909000000000003 1600774395
2.487 1600774395
2.4775 1600774395
2.4773 1600774395
2.4771 1600774395
2.4771 1600774395
2.8264 1600774395
2.8266999999999998 1600774395
2.8268999999999997 1600774395
2.8266 1600774395
2.8264 1600774395
2.8268999999999997 1600774395
2.8266999999999998 1600774395
2.8266 1600774395
1.9122000000000001 1600774395
1.9097999999999997 1600774395
1.9121000000000001 1600774395
1.9124 1600774395
1.9122000000000001 1600774395
1.9122000000000001 1600774395
1.9122999999999999 1600774395
1.9118 1600774395
2.1895000000000002 1600774395
2.1968 1600774395
2.1929000000000003 1600774395
2.183 1600774395
2.1826000000000003 1600774395
2.1899 1600774395
2.1933 1600774395
2.1889000000000003 1600774395
1.9050999999999998 1600774395
1.9034 1600774395
1.8894999999999997 1600774395
1.9047999999999998 1600774395
1.9051999999999998 1600774395
1.9047 1600774395
1.8904999999999998 1600774395
1.904 1600774395
2.4029 1600774395
2.4172000000000002 1600774395
2.4133 1600774395
2.4132000000000002 1600774395
2.4061999999999997 1600774395
2.4027000000000003 1600774395
2.4132000000000002 1600774395
2.4027000000000003 1600774395
1.9064999999999999 1600774395
1.9064 1600774395
1.9068 1600774395
1.9067000000000003 1600774395
1.9066 1600774395
1.9066 1600774395
1.9062999999999999 1600774395
1.9064999999999999 1600774395
2.8445 1600774395
2.8442000000000003 1600774395
2.8446 1600774395
2.8447 1600774395
2.8437 1600774395
2.8441 1600774395
2.8445 1600774395
2.8446000000000002 1600774395
2.9399 1600774395
2.9393000000000002 1600774395
2.9398 1600774395
2.9396 1600774395
2.9374 1600774395
2.9399 1600774395
2.94 1600774395
2.9364 1600774395
2.9835 1600774395
2.9842 1600774395
2.9837 1600774395
2.9836 1600774395
2.9838 1600774395
2.9836 1600774395
2.9837 1600774395
2.9869 1600774395
1.9287999999999998 1600774395
1.9293 1600774395
1.9299999999999997 1600774395
1.9299999999999997 1600774395
1.9292000000000002 1600774395
1.9292 1600774395
1.9293 1600774395
1.9291 1600774395
2.9263 1600774395
2.926 1600774395
2.9265 1600774395
2.9266 1600774395
2.9251 1600774395
2.9265000000000003 1600774395
2.9265000000000003 1600774395
2.9264 1600774395
1.4394 1600774395
1.4437 1600774395
1.44 1600774395
1.4437 1600774395
1.4426 1600774395
1.4434 1600774395
1.4411999999999998 1600774395
1.4423 1600774395
1.7872999999999999 1600774395
1.7872 1600774395
1.7873999999999999 1600774395
1.7873999999999999 1600774395
1.7875000000000003 1600774395
1.7874000000000003 1600774395
1.7872 1600774395
1.7875 1600774395
2.0793 1600774395
2.0789 1600774395
2.0789999999999997 1600774395
2.0754 1600774395
2.0816 1600774395
2.0627999999999997 1600774395
2.0782000000000003 1600774395
2.0564999999999998 1600774395
2.8099 1600774395
2.8099000000000003 1600774395
2.8106 1600774395
2.8103000000000002 1600774395
2.8106 1600774395
2.8095 1600774395
2.8110999999999997 1600774395
2.8108 1600774395
1.5596999999999999 1600774395
1.5526 1600774395
1.5598 1600774395
1.5596999999999999 1600774395
1.5525 1600774395
1.5596999999999999 1600774395
1.5526 1600774395
1.5857999999999999 1600774395
1.5156 1600774395
1.5122 1600774395
1.5175999999999998 1600774395
1.5175999999999998 1600774395
1.5124 1600774395
1.5155999999999998 1600774395
1.5155999999999998 1600774395
1.5154 1600774395
1.4987 1600774395
1.4988000000000001 1600774395
1.4984000000000002 1600774395
1.4988 1600774395
1.4988 1600774395
1.4986 1600774395
1.4987 1600774395
1.4988 1600774395
2.805 1600774395
2.8072 1600774395
2.8069 1600774395
2.8002 1600774395
2.8047 1600774395
2.8138 1600774395
2.8072 1600774395
2.8068999999999997 1600774395
1.6198000000000001 1600774395
1.623 1600774395
1.6235 1600774395
1.6229 1600774395
1.6194 1600774395
1.6235 1600774395
1.6182999999999998 1600774395
1.6197 1600774395
1.4059 1600774395
1.406 1600774395
1.4060000000000001 1600774395
1.406 1600774395
1.406 1600774395
1.4060000000000001 1600774395
1.4066999999999998 1600774395
1.4066999999999998 1600774395
2.9872 1600774395
2.9874 1600774395
2.9873 1600774395
2.9871 1600774395
2.9869 1600774395
2.9918 1600774395
2.9872 1600774395
2.9917 1600774395
1.9716999999999998 1600774395
1.9717 1600774395
1.9716999999999998 1600774395
1.9716 1600774395
1.9748999999999999 1600774395
1.9716999999999998 1600774395
1.9749 1600774395
1.9713999999999998 1600774395
2.6961999999999997 1600774395
2.6963 1600774395
2.6948 1600774395
2.6962 1600774395
2.6951 1600774395
2.6959 1600774395
2.6955 1600774395
2.6952 1600774395
2.8907 1600774395
2.8901 1600774395
2.8904 1600774395
2.8907 1600774395
2.891 1600774395
2.8907 1600774395
2.8908 1600774395
2.8906 1600774395
2.2028 1600774395
2.2074000000000003 1600774395
2.2074 1600774395
2.2084 1600774395
2.2024999999999997 1600774395
2.2027 1600774395
2.2014 1600774395
2.2083999999999997 1600774395
2.9686 1600774395
2.9688000000000003 1600774395
2.972 1600774395
2.9687 1600774395
2.972 1600774395
2.9686999999999997 1600774395
2.972 1600774395
2.9686000000000003 1600774395
1.7515 1600774395
1.7579 1600774395
1.7515 1600774395
1.7515999999999998 1600774395
1.7515 1600774395
1.7516 1600774395
1.7515 1600774395
1.7515999999999998 1600774395
1.5074 1600774395
1.5074 1600774395
1.5073 1600774395
1.5074999999999998 1600774395
1.5074999999999998 1600774395
1.5075999999999998 1600774395
1.5076 1600774395
1.5074999999999998 1600774395
2.9193 1600774395
2.9185000000000003 1600774395
2.9189000000000003 1600774395
2.9185000000000003 1600774395
2.919 1600774395
2.9193 1600774395
2.9193 1600774395
2.9195 1600774395
1.9239 1600774395
1.9234999999999998 1600774395
1.924 1600774395
1.9238 1600774395
1.9239 1600774395
1.924 1600774395
1.9238999999999997 1600774395
1.9239 1600774395
1.7174 1600774395
1.7139000000000002 1600774395
1.7139000000000002 1600774395
1.7173999999999998 1600774395
1.714 1600774395
1.7139 1600774395
1.7139000000000002 1600774395
1.7174 1600774395
1.4886 1600774395
1.4953999999999998 1600774395
1.4886 1600774395
1.4893999999999998 1600774395
1.4953999999999998 1600774395
1.4896 1600774395
1.4953999999999998 1600774395
1.4953999999999998 1600774395
2.8481 1600774395
2.8474 1600774395
2.8482000000000003 1600774395
2.8480000000000003 1600774395
2.8479 1600774395
2.8478000000000003 1600774395
2.8476000000000004 1600774395
2.8477 1600774395
2.867 1600774395
2.8654 1600774395
2.8578 1600774395
2.8619 1600774395
2.8672 1600774395
2.8593 1600774395
2.8665000000000003 1600774395
2.8576 1600774395
1.608 1600774395
1.6019 1600774395
1.6018 1600774395
1.6032 1600774395
1.6078999999999999 1600774395
1.6019 1600774395
1.6021 1600774395
1.6038 1600774395
2.5978999999999997 1600774395
2.6046 1600774395
2.5911 1600774395
2.5912 1600774395
2.6046 1600774395
2.604 1600774395
2.5913 1600774395
2.6046 1600774395
2.8427000000000002 1600774395
2.8424 1600774395
2.8428 1600774395
2.8432 1600774395
2.8432 1600774395
2.8428999999999998 1600774395
2.8432 1600774395
2.8427 1600774395
2.1001999999999996 1600774395
2.1077 1600774395
2.1128 1600774395
2.1004 1600774395
2.1009 1600774395
2.1008 1600774395
2.1004 1600774395
2.1008 1600774395
1.5703 1600774395
1.5705 1600774395
1.5703 1600774395
1.5703 1600774395
1.5701999999999998 1600774395
1.5700999999999998 1600774395
1.5706 1600774395
1.5703999999999998 1600774395
2.9813 1600774395
2.98 1600774395
2.9799 1600774395
2.9801 1600774395
2.9802 1600774395
2.9798 1600774395
2.98 1600774395
2.9813 1600774395
2.9135 1600774395
2.9222 1600774395
2.9137 1600774395
2.9136 1600774395
2.9136 1600774395
2.9132 1600774395
2.917 1600774395
2.9135 1600774395
1.6951 1600774395
1.6953 1600774395
1.6950999999999998 1600774395
1.6951 1600774395
1.6982 1600774395
1.7007999999999999 1600774395
1.6948999999999999 1600774395
1.7007999999999999 1600774395
1.4129999999999998 1600774395
1.4131999999999998 1600774395
1.4131999999999998 1600774395
1.4131 1600774395
1.4134 1600774395
1.4132 1600774395
1.4133 1600774395
1.4133 1600774395
2.9179 1600774395
2.9173 1600774395
2.9172 1600774395
2.9162 1600774395
2.9173 1600774395
2.9177 1600774395
2.9172 1600774395
2.9173 1600774395
2.532 1600774395
2.5472 1600774395
2.5471000000000004 1600774395
2.5471000000000004 1600774395
2.532 1600774395
2.5437000000000003 1600774395
2.5472 1600774395
2.5468 1600774395
2.1648 1600774395
2.17 1600774395
2.1799 1600774395
2.1648 1600774395
2.1648 1600774395
2.1651 1600774395
2.1647 1600774395
2.1748 1600774395
2.0452999999999997 1600774395
2.0585999999999998 1600774395
2.0554 1600774395
2.0522 1600774395
2.0639 1600774395
2.0521000000000003 1600774395
2.0522 1600774395
2.0513 1600774395
2.1181 1600774395
2.1053 1600774395
2.1054 1600774395
2.1168 1600774395
2.1034 1600774395
2.1051 1600774395
2.1180000000000003 1600774395
2.1043000000000003 1600774395
2.3665 1600774395
2.3663000000000003 1600774395
2.3648000000000002 1600774395
2.3609 1600774395
2.3609 1600774395
2.3596999999999997 1600774395
2.3654 1600774395
2.3651 1600774395
2.1839999999999997 1600774395
2.1838 1600774395
2.1931 1600774395
2.1867 1600774395
2.176 1600774395
2.1761 1600774395
2.1792 1600774395
2.1759 1600774395
2.1837999999999997 1600774395
2.1837999999999997 1600774395
2.1816999999999998 1600774395
2.1838 1600774395
2.1829 1600774395
2.1811 1600774395
2.1841999999999997 1600774395
2.1842 1600774395
2.2105 1600774395
2.2288 1600774395
2.2105 1600774395
2.2184000000000004 1600774395
2.2106 1600774395
2.2184999999999997 1600774395
2.2227 1600774395
2.2102 1600774395
2.0805000000000002 1600774395
2.0974999999999997 1600774395
2.0930999999999997 1600774395
2.0933 1600774395
2.0886 1600774395
2.0789999999999997 1600774395
2.0896000000000003 1600774395
2.0803 1600774395
2.8818 1600774395
2.8815999999999997 1600774395
2.881 1600774395
2.8798 1600774395
2.8814 1600774395
2.8810000000000002 1600774395
2.8791 1600774395
2.8808 1600774395
2.5848 1600774395
2.5849 1600774395
2.5852999999999997 1600774395
2.5848 1600774395
2.5848 1600774395
2.5852 1600774395
2.5848 1600774395
2.5849 1600774395
1.8446999999999998 1600774395
1.8501 1600774395
1.8498999999999999 1600774395
1.845 1600774395
1.8449999999999998 1600774395
1.8449 1600774395
1.8449999999999998 1600774395
1.8502 1600774395
2.9043 1600774395
2.9052000000000002 1600774395
2.9036 1600774395
2.9046 1600774395
2.9052 1600774395
2.9046000000000003 1600774395
2.904 1600774395
2.9035 1600774395
2.5115 1600774395
2.512 1600774395
2.5143 1600774395
2.5113 1600774395
2.5098000000000003 1600774395
2.5113000000000003 1600774395
2.5133 1600774395
2.5142 1600774395
1.6462 1600774395
1.6465 1600774395
1.6464 1600774395
1.6463999999999999 1600774395
1.6463 1600774395
1.6606 1600774395
1.6463999999999999 1600774395
1.6459000000000001 1600774395
2.4689 1600774395
2.4689 1600774395
2.4644 1600774395
2.4669 1600774395
2.4678 1600774395
2.4691 1600774395
2.4689 1600774395
2.4678 1600774395
1.9612000000000003 1600774395
1.9594000000000003 1600774395
1.9571 1600774395
1.9568000000000003 1600774395
1.9570000000000003 1600774395
1.9569 1600774395
1.9569 1600774395
1.9594 1600774395
2.9000999999999997 1600774395
2.9002 1600774395
2.9006 1600774395
2.9006000000000003 1600774395
2.9008000000000003 1600774395
2.9004000000000003 1600774395
2.9008000000000003 1600774395
2.9002000000000003 1600774395
2.8754 1600774395
2.8745 1600774395
2.8763 1600774395
2.8766 1600774395
2.8766 1600774395
2.8762 1600774395
2.8735 1600774395
2.8763 1600774395
2.9794 1600774395
2.9751000000000003 1600774395
2.9755 1600774395
2.9753 1600774395
2.9793 1600774395
2.9755000000000003 1600774395
2.9753000000000003 1600774395
2.9754 1600774395
1.6735000000000002 1600774395
1.6707999999999998 1600774395
1.675 1600774395
1.6749 1600774395
1.6708 1600774395
1.6709 1600774395
1.6749 1600774395
1.6735 1600774395
2.9381 1600774395
2.9379999999999997 1600774395
2.9381 1600774395
2.9379999999999997 1600774395
2.9381999999999997 1600774395
2.9372 1600774395
2.9381999999999997 1600774395
2.9379 1600774395
2.9714 1600774395
2.9715 1600774395
2.9714 1600774395
2.9752 1600774395
2.9715000000000003 1600774395
2.9714 1600774395
2.9714 1600774395
2.9751000000000003 1600774395
2.3002000000000002 1600774395
2.3041 1600774395
2.3018 1600774395
2.2869 1600774395
2.2866 1600774395
2.3017000000000003 1600774395
2.2925999999999997 1600774395
2.2869 1600774395
1.8364000000000003 1600774395
1.8362999999999998 1600774395
1.8362 1600774395
1.8360999999999998 1600774395
1.8361999999999998 1600774395
1.8417 1600774395
1.8363 1600774395
1.8416000000000001 1600774395
2.7995 1600774395
2.8007999999999997 1600774395
2.7945 1600774395
2.7995 1600774395
2.8003 1600774395
2.7963 1600774395
2.8005999999999998 1600774395
2.8008 1600774395
1.8654000000000002 1600774395
1.8677 1600774395
1.8676999999999997 1600774395
1.8664 1600774395
1.8646999999999998 1600774395
1.8674999999999997 1600774395
1.8659 1600774395
1.8676 1600774395
1.5577 1600774395
1.5581999999999998 1600774395
1.5581 1600774395
1.5584000000000002 1600774395
1.5584 1600774395
1.5584 1600774395
1.5584000000000002 1600774395
1.5580999999999998 1600774395
2.022 1600774395
2.0185 1600774395
2.0219 1600774395
2.0220000000000002 1600774395
2.0187 1600774395
2.0186 1600774395
2.0219 1600774395
2.0185 1600774395
2.8852 1600774395
2.8873 1600774395
2.8762000000000003 1600774395
2.8867 1600774395
2.8853 1600774395
2.886 1600774395
2.8818 1600774395
2.887 1600774395
2.9554 1600774395
2.9555000000000002 1600774395
2.9554 1600774395
2.9555 1600774395
2.9554 1600774395
2.9552 1600774395
2.9554 1600774395
2.9554 1600774395
1.898 1600774395
1.898 1600774395
1.903 1600774395
1.8979000000000001 1600774395
1.9159000000000002 1600774395
1.9157999999999997 1600774395
1.8979 1600774395
1.8976000000000002 1600774395
1.6256 1600774395
1.6236 1600774395
1.6307 1600774395
1.6256 1600774395
1.6236 1600774395
1.6236 1600774395
1.6199 1600774395
1.6307 1600774395
1.6404999999999998 1600774395
1.6363 1600774395
1.6361 1600774395
1.6360999999999999 1600774395
1.6407 1600774395
1.6404999999999998 1600774395
1.6406999999999998 1600774395
1.6377000000000002 1600774395
1.3945 1600774395
1.3944999999999999 1600774395
1.3944999999999999 1600774395
1.3942999999999999 1600774395
1.3942999999999999 1600774395
1.3953000000000002 1600774395
1.3953 1600774395
1.3946999999999998 1600774395
1.8899999999999997 1600774395
1.8904 1600774395
1.8948 1600774395
1.8904 1600774395
1.8948 1600774395
1.8902 1600774395
1.8903000000000003 1600774395
1.8903000000000003 1600774395
2.9345999999999997 1600774395
2.9349 1600774395
2.9346 1600774395
2.9344 1600774395
2.9345000000000003 1600774395
2.9348 1600774395
2.9347000000000003 1600774395
2.9341 1600774395
2.8221 1600774395
2.8221 1600774395
2.8207 1600774395
2.8217000000000003 1600774395
2.8215 1600774395
2.8258 1600774395
2.8217000000000003 1600774395
2.8212 1600774395
1.9629999999999999 1600774395
1.9627 1600774395
1.9628 1600774395
1.9625999999999997 1600774395
1.9634 1600774395
1.9632999999999998 1600774395
1.9634 1600774395
1.9628 1600774395
2.8149 1600774395
2.8169999999999997 1600774395
2.817 1600774395
2.8175000000000003 1600774395
2.8138 1600774395
2.8171 1600774395
2.8174 1600774395
2.8175000000000003 1600774395
2.0382 1600774395
2.0368 1600774395
2.0357000000000003 1600774395
2.0370999999999997 1600774395
2.029 1600774395
2.0378000000000003 1600774395
2.0293 1600774395
2.0363 1600774395
2.8251 1600774395
2.8249 1600774395
2.8247 1600774395
2.8257 1600774395
2.8253999999999997 1600774395
2.8248 1600774395
2.8258 1600774395
2.8259 1600774395
1.5819 1600774395
1.5822 1600774395
1.5786000000000002 1600774395
1.5827 1600774395
1.5819 1600774395
1.5827 1600774395
1.5821 1600774395
1.5803 1600774395
2.5096000000000003 1600774395
2.5152 1600774395
2.5023 1600774395
2.5026 1600774395
2.5025 1600774395
2.5027 1600774395
2.5025999999999997 1600774395
2.502 1600774395
2.9508 1600774395
2.9501 1600774395
2.9504 1600774395
2.9504 1600774395
2.9502 1600774395
2.9508 1600774395
2.9501 1600774395
2.9506 1600774395
1.9975000000000003 1600774395
1.9975999999999998 1600774395
2.0034 1600774395
1.9973 1600774395
2.0038 1600774395
1.9973 1600774395
1.9973999999999998 1600774395
2.0035 1600774395
2.8706 1600774395
2.8699999999999997 1600774395
2.8708 1600774395
2.8705 1600774395
2.8708 1600774395
2.8704 1600774395
2.8707 1600774395
2.8702 1600774395
2.7994 1600774395
2.7995 1600774395
2.7996 1600774395
2.7978 1600774395
2.7929999999999997 1600774395
2.799 1600774395
2.7995 1600774395
2.7995 1600774395
2.3566 1600774395
2.3589 1600774395
2.3583000000000003 1600774395
2.3577000000000004 1600774395
2.3587000000000002 1600774395
2.3588 1600774395
2.3649 1600774395
2.3564000000000003 1600774395
2.2519 1600774395
2.2521 1600774395
2.252 1600774395
2.2515 1600774395
2.2497 1600774395
2.2516000000000003 1600774395
2.2523 1600774395
2.2522 1600774395
2.8387 1600774395
2.839 1600774395
2.8373999999999997 1600774395
2.839 1600774395
2.839 1600774395
2.8392999999999997 1600774395
2.8387000000000002 1600774395
2.8384 1600774395
2.8167 1600774395
2.8215 1600774395
2.8173999999999997 1600774395
2.8173 1600774395
2.8172 1600774395
2.8181000000000003 1600774395
2.8178 1600774395
2.8217000000000003 1600774395
1.5868000000000002 1600774395
1.5857 1600774395
1.5856000000000001 1600774395
1.5863999999999998 1600774395
1.5858 1600774395
1.5856999999999999 1600774395
1.5857 1600774395
1.5857999999999999 1600774395
2.9736 1600774395
2.98 1600774395
2.9797000000000002 1600774395
2.9735 1600774395
2.9735 1600774395
2.9798 1600774395
2.98 1600774395
2.9798 1600774395
2.9824 1600774395
2.9823999999999997 1600774395
2.9824 1600774395
2.9823999999999997 1600774395
2.9825 1600774395
2.9823999999999997 1600774395
2.9875000000000003 1600774395
2.9875000000000003 1600774395
1.899 1600774395
1.896 1600774395
1.8992 1600774395
1.8958999999999997 1600774395
1.8963 1600774395
1.899 1600774395
1.8961999999999999 1600774395
1.8963999999999999 1600774395
2.4839 1600774395
2.4842999999999997 1600774395
2.4840999999999998 1600774395
2.4842999999999997 1600774395
2.484 1600774395
2.4823999999999997 1600774395
2.4595 1600774395
2.4594 1600774395
1.4346 1600774395
1.4346999999999999 1600774395
1.4349 1600774395
1.4346999999999999 1600774395
1.4348 1600774395
1.4348 1600774395
1.4405000000000001 1600774395
1.4348 1600774395
1.483 1600774395
1.4828999999999999 1600774395
1.4830999999999999 1600774395
1.4829999999999999 1600774395
1.483 1600774395
1.4825 1600774395
1.483 1600774395
1.4881 1600774395
2.9518 1600774395
2.952 1600774395
2.9520999999999997 1600774395
2.9520999999999997 1600774395
2.9519 1600774395
2.9520999999999997 1600774395
2.9565 1600774395
2.952 1600774395
1.5331000000000001 1600774395
1.5330000000000001 1600774395
1.5373999999999999 1600774395
1.5373999999999999 1600774395
1.5329000000000002 1600774395
1.5329 1600774395
1.5331 1600774395
1.5330000000000001 1600774395
1.5806999999999998 1600774395
1.5807 1600774395
1.5806 1600774395
1.5808 1600774395
1.5808 1600774395
1.5802999999999998 1600774395
1.5809000000000002 1600774395
1.5807 1600774395
2.4779 1600774395
2.4651 1600774395
2.4659 1600774395
2.4652 1600774395
2.4669000000000003 1600774395
2.4779 1600774395
2.4655 1600774395
2.4651 1600774395
2.8586 1600774395
2.8595 1600774395
2.8599 1600774395
2.8599 1600774395
2.8599 1600774395
2.8600000000000003 1600774395
2.8524 1600774395
2.8594 1600774395
1.8114000000000001 1600774395
1.8115 1600774395
1.8115 1600774395
1.8134000000000001 1600774395
1.8114999999999999 1600774395
1.8134000000000001 1600774395
1.8113000000000001 1600774395
1.8134000000000001 1600774395
2.9654000000000003 1600774395
2.9652000000000003 1600774395
2.9653 1600774395
2.9655 1600774395
2.9655 1600774395
2.9653 1600774395
2.9656000000000002 1600774395
2.9656 1600774395
2.889 1600774395
2.8896 1600774395
2.8896 1600774395
2.8888 1600774395
2.8891 1600774395
2.8892 1600774395
2.8887 1600774395
2.8891 1600774395
2.9839 1600774395
2.9827 1600774395
2.9826 1600774395
2.9824 1600774395
2.9825 1600774395
2.9823999999999997 1600774395
2.984 1600774395
2.9824 1600774395
1.5053999999999998 1600774395
1.5053999999999998 1600774395
1.5055 1600774395
1.5056 1600774395
1.5051999999999999 1600774395
1.5057 1600774395
1.5051999999999999 1600774395
1.5056999999999998 1600774395
1.7999 1600774395
1.7995 1600774395
1.7994999999999999 1600774395
1.8002 1600774395
1.7999999999999998 1600774395
1.7999999999999998 1600774395
1.7999 1600774395
1.7999 1600774395
2.11 1600774395
2.1311 1600774395
2.1100000000000003 1600774395
2.126 1600774395
2.1311 1600774395
2.1101 1600774395
2.131 1600774395
2.117 1600774395
2.5890999999999997 1600774395
2.5894999999999997 1600774395
2.5882 1600774395
2.5982 1600774395
2.5886 1600774395
2.5894 1600774395
2.5892 1600774395
2.593 1600774395
2.987 1600774395
2.9869000000000003 1600774395
2.9911 1600774395
2.9872 1600774395
2.987 1600774395
2.991 1600774395
2.9871 1600774395
2.9871000000000003 1600774395
2.8561 1600774395
2.8561 1600774395
2.8552 1600774395
2.8559 1600774395
2.8554 1600774395
2.8556000000000004 1600774395
2.8556 1600774395
2.8559 1600774395
2.9419 1600774395
2.942 1600774395
2.9418 1600774395
2.9416 1600774395
2.9418 1600774395
2.9414000000000002 1600774395
2.9415999999999998 1600774395
2.9413 1600774395
1.4276 1600774395
1.4277 1600774395
1.4275 1600774395
1.4309999999999998 1600774395
1.4274 1600774395
1.4276 1600774395
1.4272999999999998 1600774395
1.4310999999999998 1600774395
1.4243000000000001 1600774395
1.4242 1600774395
1.424 1600774395
1.4243 1600774395
1.4245 1600774395
1.4245999999999999 1600774395
1.4244999999999999 1600774395
1.4245999999999999 1600774395
1.7771000000000001 1600774395
1.7774 1600774395
1.7801999999999998 1600774395
1.7802 1600774395
1.7804 1600774395
1.7773999999999999 1600774395
1.7774 1600774395
1.7771 1600774395
2.235 1600774395
2.2362 1600774395
2.2350000000000003 1600774395
2.2357 1600774395
2.2363 1600774395
2.2361 1600774395
2.2358000000000002 1600774395
2.2363 1600774395
2.9877000000000002 1600774395
2.9863999999999997 1600774395
2.9848 1600774395
2.9847 1600774395
2.9848 1600774395
2.9877 1600774395
2.9876 1600774395
2.9849 1600774395
1.8154 1600774395
1.8186 1600774395
1.8196999999999999 1600774395
1.8154 1600774395
1.8155999999999999 1600774395
1.8155000000000001 1600774395
1.8155000000000001 1600774395
1.8155 1600774395
1.6299000000000001 1600774395
1.6253 1600774395
1.6251000000000002 1600774395
1.6253 1600774395
1.6252 1600774395
1.6291000000000002 1600774395
1.6253000000000002 1600774395
1.6292 1600774395
2.9324 1600774395
2.9325 1600774395
2.9322 1600774395
2.9324000000000003 1600774395
2.932 1600774395
2.9323 1600774395
2.9325 1600774395
2.9325 1600774395
2.9417999999999997 1600774395
2.9413 1600774395
2.9421 1600774395
2.9422 1600774395
2.9421999999999997 1600774395
2.9423 1600774395
2.9421 1600774395
2.9424 1600774395
1.8072 1600774395
1.8094999999999999 1600774395
1.8087000000000002 1600774395
1.8115999999999999 1600774395
1.807 1600774395
1.8072 1600774395
1.8116 1600774395
1.8117 1600774395
2.2311 1600774395
2.2333000000000003 1600774395
2.2323 1600774395
2.2317 1600774395
2.2549 1600774395
2.2323999999999997 1600774395
2.2496 1600774395
2.2412 1600774395
2.879 1600774395
2.8790999999999998 1600774395
2.8789 1600774395
2.8791 1600774395
2.879 1600774395
2.8784 1600774395
2.879 1600774395
2.8789 1600774395
2.803 1600774395
2.8053999999999997 1600774395
2.8051 1600774395
2.8056 1600774395
2.8054 1600774395
2.8024 1600774395
2.8056 1600774395
2.8055 1600774395
2.0467999999999997 1600774395
2.0326999999999997 1600774395
2.0330999999999997 1600774395
2.0410999999999997 1600774395
2.0321000000000002 1600774395
2.0411 1600774395
2.0326999999999997 1600774395
2.0468 1600774395
2.1184 1600774395
2.1214 1600774395
2.1247000000000003 1600774395
2.1261 1600774395
2.126 1600774395
2.1187 1600774395
2.1191999999999998 1600774395
2.1256999999999997 1600774395
2.2554000000000003 1600774395
2.2554000000000003 1600774395
2.2506 1600774395
2.2557 1600774395
2.2553 1600774395
2.238 1600774395
2.2401 1600774395
2.2442 1600774395
1.7402000000000002 1600774395
1.7384 1600774395
1.7503 1600774395
1.7414999999999998 1600774395
1.7382 1600774395
1.7414999999999998 1600774395
1.7503 1600774395
1.7401 1600774395
2.2110000000000003 1600774395
2.2084 1600774395
2.1952000000000003 1600774395
2.2111 1600774395
2.2264 1600774395
2.1955 1600774395
2.2184999999999997 1600774395
2.2264 1600774395
1.8578999999999999 1600774395
1.8539999999999999 1600774395
1.8542 1600774395
1.8578999999999999 1600774395
1.8540999999999999 1600774395
1.8539999999999999 1600774395
1.8578000000000001 1600774395
1.8542999999999998 1600774395
2.2702999999999998 1600774395
2.2742 1600774395
2.2739 1600774395
2.269 1600774395
2.2738 1600774395
2.2742 1600774395
2.2702 1600774395
2.2691 1600774395
1.7858 1600774395
1.7881999999999998 1600774395
1.7881999999999998 1600774395
1.7858 1600774395
1.7858 1600774395
1.7857 1600774395
1.7858 1600774395
1.7857000000000003 1600774395
2.5164 1600774395
2.5284 1600774395
2.5297 1600774395
2.5296000000000003 1600774395
2.5298 1600774395
2.514 1600774395
2.5296 1600774395
2.5298 1600774395
2.9511 1600774395
2.951 1600774395
2.951 1600774395
2.9509 1600774395
2.9508 1600774395
2.9509 1600774395
2.9511000000000003 1600774395
2.9511000000000003 1600774395
2.7432 1600774395
2.7305 1600774395
2.7445 1600774395
2.7442 1600774395
2.7434 1600774395
2.7449000000000003 1600774395
2.7421 1600774395
2.7439 1600774395
2.0963 1600774395
2.1117 1600774395
2.1117 1600774395
2.1029 1600774395
2.1115999999999997 1600774395
2.0962 1600774395
2.0962 1600774395
2.0963 1600774395
1.7107 1600774395
1.7107 1600774395
1.7108 1600774395
1.7106999999999999 1600774395
1.7107999999999999 1600774395
1.7107999999999999 1600774395
1.7107 1600774395
1.712 1600774395
2.093 1600774395
2.0933 1600774395
2.0947 1600774395
2.0937 1600774395
2.092 1600774395
2.0930999999999997 1600774395
2.0958 1600774395
2.0959 1600774395
1.4602000000000002 1600774395
1.458 1600774395
1.4579 1600774395
1.4578 1600774395
1.4578 1600774395
1.4602 1600774395
1.4602000000000002 1600774395
1.4632 1600774395
2.0667 1600774395
2.0524 1600774395
2.0537 1600774395
2.0523 1600774395
2.0465999999999998 1600774395
2.0633 1600774395
2.0566 1600774395
2.057 1600774395
1.4426999999999999 1600774395
1.4428 1600774395
1.4428 1600774395
1.4426999999999999 1600774395
1.4428999999999998 1600774395
1.443 1600774395
1.4428 1600774395
1.4428999999999998 1600774395
2.274 1600774395
2.2614 1600774395
2.2712 1600774395
2.2738 1600774395
2.2634000000000003 1600774395
2.2626999999999997 1600774395
2.2637 1600774395
2.2743 1600774395
2.1433 1600774395
2.1426 1600774395
2.1428000000000003 1600774395
2.1432 1600774395
2.1418999999999997 1600774395
2.1409000000000002 1600774395
2.1432 1600774395
2.1429 1600774395
2.9400999999999997 1600774395
2.9407 1600774395
2.9408000000000003 1600774395
2.9407 1600774395
2.9407 1600774395
2.9407 1600774395
2.9405 1600774395
2.9407 1600774395
1.6120999999999999 1600774395
1.6122999999999998 1600774395
1.6121999999999999 1600774395
1.6122 1600774395
1.6121999999999999 1600774395
1.6166999999999998 1600774395
1.6121999999999999 1600774395
1.6121999999999999 1600774395
1.3815000000000002 1600774395
1.3872 1600774395
1.3814000000000002 1600774395
1.3813 1600774395
1.3811 1600774395
1.3814 1600774395
1.387 1600774395
1.3814 1600774395
2.2228999999999997 1600774395
2.235 1600774395
2.2232999999999996 1600774395
2.2295000000000003 1600774395
2.2499000000000002 1600774395
2.223 1600774395
2.2231 1600774395
2.2233 1600774395
2.9827 1600774395
2.9826 1600774395
2.9828 1600774395
2.9823 1600774395
2.9825999999999997 1600774395
2.9828 1600774395
2.9825999999999997 1600774395
2.9825999999999997 1600774395
1.5709 1600774395
1.5719 1600774395
1.5709000000000002 1600774395
1.5709 1600774395
1.5675000000000001 1600774395
1.5718999999999999 1600774395
1.5674 1600774395
1.5731000000000002 1600774395
1.5763 1600774395
1.5706 1600774395
1.5709 1600774395
1.5705 1600774395
1.5762 1600774395
1.5762999999999998 1600774395
1.5762 1600774395
1.5705 1600774395
2.8627 1600774395
2.8625 1600774395
2.8631 1600774395
2.8626 1600774395
2.863 1600774395
2.8630999999999998 1600774395
2.8625 1600774395
2.8632 1600774395
2.0856 1600774395
2.0819 1600774395
2.0818000000000003 1600774395
2.0642 1600774395
2.0684 1600774395
2.0644 1600774395
2.082 1600774395
2.0926 1600774395
2.3376 1600774395
2.3372 1600774395
2.3347 1600774395
2.3331 1600774395
2.3375 1600774395
2.3276 1600774395
2.3282 1600774395
2.3361 1600774395
2.9644 1600774395
2.9646 1600774395
2.9661 1600774395
2.9645 1600774395
2.9642999999999997 1600774395
2.9661 1600774395
2.9646 1600774395
2.9646 1600774395
1.4586999999999999 1600774395
1.4585 1600774395
1.4585000000000001 1600774395
1.4587 1600774395
1.4586999999999999 1600774395
1.464 1600774395
1.4586000000000001 1600774395
1.4586 1600774395
1.6061 1600774395
1.6005 1600774395
1.6078999999999999 1600774395
1.6004999999999998 1600774395
1.6061 1600774395
1.6078 1600774395
1.6008 1600774395
1.6007 1600774395
2.9859 1600774395
2.9829 1600774395
2.9829000000000003 1600774395
2.9867 1600774395
2.9859 1600774395
2.9868 1600774395
2.9829 1600774395
2.9828 1600774395
2.126 1600774395
2.13 1600774395
2.1185 1600774395
2.1422 1600774395
2.1188000000000002 1600774395
2.1372 1600774395
2.1346000000000003 1600774395
2.1267 1600774395
2.426 1600774395
2.408 1600774395
2.4246000000000003 1600774395
2.4109 1600774395
2.4257 1600774395
2.4253 1600774395
2.4297 1600774395
2.4257999999999997 1600774395
2.0234 1600774395
2.0234 1600774395
2.0235 1600774395
2.0209 1600774395
2.021 1600774395
2.0251 1600774395
2.0235 1600774395
2.0251 1600774395
2.0088999999999997 1600774395
2.0088 1600774395
2.0086999999999997 1600774395
2.0089 1600774395
2.0086 1600774395
2.0087 1600774395
2.0087 1600774395
2.0086999999999997 1600774395
