0.19140000000000001 1600646232
0.5307999999999999 1600646232
0.5835 1600646232
0.4645 1600646232
0.4567 1600646232
0.4322 1600646232
0.5006 1600646232
0.5854 1600646232
0.5146999999999999 1600646232
0.48779999999999996 1600646232
0.5475000000000001 1600646232
0.47530000000000006 1600646232
0.39009999999999995 1600646232
0.5467 1600646232
0.5709 1600646232
0.51 1600646232
0.3843 1600646232
0.5055999999999999 1600646232
0.5292 1600646232
0.47040000000000004 1600646232
0.5604 1600646232
0.48169999999999996 1600646232
0.4369 1600646232
0.45200000000000007 1600646232
0.4942 1600646232
0.45830000000000004 1600646232
0.44060000000000005 1600646232
0.5562 1600646232
0.49989999999999996 1600646232
0.597 1600646232
0.5122 1600646232
0.4255 1600646232
0.603 1600646232
0.40029999999999993 1600646232
0.5244 1600646232
0.5159 1600646232
0.42989999999999995 1600646232
0.3951 1600646232
0.43500000000000005 1600646232
0.49129999999999996 1600646232
0.5054000000000001 1600646232
0.43570000000000003 1600646232
0.5388999999999999 1600646232
0.47350000000000003 1600646232
0.37000000000000005 1600646232
0.5224 1600646232
0.453 1600646232
0.5880000000000001 1600646232
0.42869999999999997 1600646232
0.40770000000000006 1600646232
0.4853 1600646232
0.44339999999999996 1600646232
0.5403 1600646232
0.5884 1600646232
0.5435 1600646232
0.5875 1600646232
0.5385 1600646232
0.5032000000000001 1600646232
0.5155000000000001 1600646232
0.6368 1600646232
0.45910000000000006 1600646232
0.5033000000000001 1600646232
0.4498 1600646232
0.5078 1600646232
0.49179999999999996 1600646232
0.556 1600646232
0.47289999999999993 1600646232
0.4192 1600646232
0.45880000000000004 1600646232
0.46930000000000005 1600646232
0.5196000000000001 1600646232
0.5628 1600646232
0.5129 1600646232
0.47440000000000004 1600646232
0.5561 1600646232
0.46329999999999993 1600646232
0.408 1600646232
0.5954 1600646232
0.5415 1600646232
0.6440000000000001 1600646232
0.4388 1600646232
0.5385 1600646232
0.5761 1600646232
0.4839 1600646232
0.4655 1600646232
0.5271 1600646232
0.5136000000000001 1600646232
0.5408 1600646232
0.4217 1600646232
0.48419999999999996 1600646232
0.4843 1600646232
0.5239 1600646232
0.49190000000000006 1600646232
0.4601 1600646232
0.4431 1600646232
0.43340000000000006 1600646232
0.4574 1600646232
0.5932999999999999 1600646232
0.533 1600646232
0.5237 1600646232
0.49350000000000005 1600646232
0.5076 1600646232
0.4276 1600646232
0.5328999999999999 1600646232
0.4873 1600646232
0.5419 1600646232
0.45289999999999997 1600646232
0.5403 1600646232
0.47290000000000004 1600646232
0.4719 1600646232
0.4438 1600646232
0.49670000000000003 1600646232
0.5011 1600646232
0.48050000000000004 1600646232
0.46340000000000003 1600646232
0.5683 1600646232
0.5535999999999999 1600646232
0.5809 1600646232
0.37760000000000005 1600646232
0.48169999999999996 1600646232
0.42150000000000004 1600646232
0.467 1600646232
0.3987 1600646232
0.4851 1600646232
0.488 1600646232
0.502 1600646232
0.5281 1600646232
0.41960000000000003 1600646232
0.45139999999999997 1600646232
0.5737000000000001 1600646232
0.4862 1600646232
0.42210000000000003 1600646232
0.47340000000000004 1600646232
0.4072 1600646232
0.5055999999999999 1600646232
0.47290000000000004 1600646232
0.5281 1600646232
0.5299 1600646232
0.4786 1600646232
0.5366 1600646232
0.482 1600646232
0.47069999999999995 1600646232
0.4602 1600646232
0.489 1600646232
0.47230000000000005 1600646232
0.4816 1600646232
0.5118 1600646232
0.45890000000000003 1600646232
0.4744 1600646232
0.5542 1600646232
0.5119 1600646232
0.4141 1600646232
0.48419999999999996 1600646232
0.4832 1600646232
0.49280000000000007 1600646232
0.47880000000000006 1600646232
0.4756 1600646232
0.48009999999999997 1600646232
0.44780000000000003 1600646232
0.4643 1600646232
0.47900000000000004 1600646232
0.5516000000000001 1600646232
0.49550000000000005 1600646232
0.41089999999999993 1600646232
0.4248 1600646232
0.4622 1600646232
0.5222 1600646232
0.5364 1600646232
0.4839 1600646232
0.5753 1600646232
0.43629999999999997 1600646232
0.48069999999999996 1600646232
0.5429999999999999 1600646232
0.43349999999999994 1600646232
0.47969999999999996 1600646232
0.49350000000000005 1600646232
0.4635 1600646232
0.5807 1600646232
0.4284 1600646232
0.4258 1600646232
0.5179 1600646232
0.4776 1600646232
0.49390000000000006 1600646232
0.5510999999999999 1600646232
0.5048 1600646232
0.48869999999999997 1600646232
0.5397000000000001 1600646232
0.45519999999999994 1600646232
0.5038 1600646232
0.5749 1600646232
0.5069 1600646232
0.6555 1600646232
0.435 1600646232
0.48680000000000007 1600646232
0.4849 1600646232
0.5509 1600646232
0.46040000000000003 1600646232
0.44599999999999995 1600646232
0.6157999999999999 1600646232
0.33049999999999996 1600646232
0.5766 1600646232
0.6305 1600646232
0.40459999999999996 1600646232
0.40800000000000003 1600646232
0.43929999999999997 1600646232
0.5609 1600646232
0.49729999999999996 1600646232
0.46499999999999997 1600646232
0.5547 1600646232
0.45970000000000005 1600646232
0.503 1600646232
0.5195000000000001 1600646232
0.4214 1600646232
0.5448999999999999 1600646232
0.5409999999999999 1600646232
0.4388000000000001 1600646232
0.4614 1600646232
0.4571 1600646232
0.4967 1600646232
0.48250000000000004 1600646232
0.3191 1600646232
0.5315000000000001 1600646232
0.5283 1600646232
0.5076 1600646232
0.5988 1600646232
0.43879999999999997 1600646232
0.5001 1600646232
0.42639999999999995 1600646232
0.42429999999999995 1600646232
0.4789 1600646232
0.5444 1600646232
0.558 1600646232
0.607 1600646232
0.5501 1600646232
0.4659 1600646232
0.47390000000000004 1600646232
0.49710000000000004 1600646232
0.42300000000000004 1600646232
0.4593 1600646232
0.4813 1600646232
0.5551999999999999 1600646232
0.4763 1600646232
0.6086 1600646232
0.6161 1600646232
0.47169999999999995 1600646232
0.42269999999999996 1600646232
0.4128 1600646232
0.47869999999999996 1600646232
0.4752 1600646232
0.5311 1600646232
0.38870000000000005 1600646232
0.47489999999999993 1600646232
0.5363 1600646232
0.5396 1600646232
0.41259999999999997 1600646232
0.45030000000000003 1600646232
0.46340000000000003 1600646232
0.4659 1600646232
0.48250000000000004 1600646232
0.5772999999999999 1600646232
0.5151 1600646232
0.5036 1600646232
0.4383 1600646232
0.4119 1600646232
0.4812 1600646232
0.4804 1600646232
0.5735 1600646232
0.49389999999999995 1600646232
0.4615 1600646232
0.47519999999999996 1600646232
0.45359999999999995 1600646232
0.5342 1600646232
0.5029000000000001 1600646232
0.468 1600646232
0.43399999999999994 1600646232
0.4249 1600646232
0.4708 1600646232
0.4955 1600646232
0.458 1600646232
0.5802 1600646232
0.4641 1600646232
0.5190999999999999 1600646232
0.6009 1600646232
0.48419999999999996 1600646232
0.5605 1600646232
0.5857 1600646232
0.4818 1600646232
0.5549999999999999 1600646232
0.5572 1600646232
0.46569999999999995 1600646232
0.4338 1600646232
0.506 1600646232
0.45049999999999996 1600646232
0.4509 1600646232
0.44480000000000003 1600646232
0.3848 1600646232
0.4353 1600646232
0.4575 1600646232
0.5448 1600646232
0.5538000000000001 1600646232
0.4742 1600646232
0.4668999999999999 1600646232
0.51 1600646232
0.4691 1600646232
0.5003 1600646232
0.45230000000000004 1600646232
0.4285 1600646232
0.5438000000000001 1600646232
0.5436000000000001 1600646232
0.43249999999999994 1600646232
0.48679999999999995 1600646232
0.4954 1600646232
0.5152999999999999 1600646232
0.5791 1600646232
0.4454 1600646232
0.4573 1600646232
0.40359999999999996 1600646232
0.45339999999999997 1600646232
0.46299999999999997 1600646232
0.5237 1600646232
0.4533 1600646232
0.4201 1600646232
0.5964 1600646232
0.514 1600646232
0.4859 1600646232
0.5252 1600646232
0.5485 1600646232
0.49299999999999994 1600646232
0.562 1600646232
0.4179 1600646232
0.44709999999999994 1600646232
0.45660000000000006 1600646232
0.542 1600646232
0.3846 1600646232
0.4722 1600646232
0.4921 1600646232
0.35919999999999996 1600646232
0.4663 1600646232
0.5642 1600646232
0.441 1600646232
0.44839999999999997 1600646232
0.48050000000000004 1600646232
0.4556 1600646232
0.5483 1600646232
0.4228 1600646232
0.4932 1600646232
0.5235 1600646232
0.49139999999999995 1600646232
0.5549000000000001 1600646232
0.4793 1600646232
0.5266 1600646232
0.4899 1600646232
0.3892 1600646232
0.4788 1600646232
0.4543 1600646232
0.45890000000000003 1600646232
0.48590000000000005 1600646232
0.47500000000000003 1600646232
0.5139 1600646232
0.45589999999999997 1600646232
0.4844 1600646232
0.6093999999999999 1600646232
0.4673 1600646232
0.5432 1600646232
0.5168 1600646232
0.5063 1600646232
0.43679999999999997 1600646232
0.4578 1600646232
0.5369999999999999 1600646232
0.4671 1600646232
0.5381 1600646232
0.547 1600646232
0.4802 1600646232
0.44349999999999995 1600646232
0.40179999999999993 1600646232
0.5563 1600646232
0.47170000000000006 1600646232
0.49269999999999997 1600646232
0.5801 1600646232
0.44120000000000004 1600646232
0.5128999999999999 1600646232
0.4953 1600646232
0.5161 1600646232
0.46149999999999997 1600646232
0.5657000000000001 1600646232
0.5363 1600646232
0.5035000000000001 1600646232
0.4175 1600646232
0.4865 1600646232
0.44070000000000004 1600646232
0.43399999999999994 1600646232
0.5058 1600646232
0.4863 1600646232
0.44499999999999995 1600646232
0.48589999999999994 1600646232
0.46449999999999997 1600646232
0.5255000000000001 1600646232
0.4246 1600646232
0.5472 1600646232
0.4765 1600646232
0.4301 1600646232
0.5507 1600646232
0.5227999999999999 1600646232
0.46449999999999997 1600646232
0.4771 1600646232
0.47619999999999996 1600646232
0.5291000000000001 1600646232
0.5719000000000001 1600646232
0.5199 1600646232
0.6244999999999999 1600646232
0.46440000000000003 1600646232
0.48279999999999995 1600646232
0.4192000000000001 1600646232
0.4969 1600646232
0.5013 1600646232
0.5522 1600646232
0.5839 1600646232
0.5285 1600646232
0.5401 1600646232
0.5036 1600646232
0.5549 1600646232
0.5166999999999999 1600646232
0.5415 1600646232
0.5419999999999999 1600646232
0.5097 1600646232
0.4168 1600646232
0.5193000000000001 1600646232
0.5882000000000001 1600646232
0.5306 1600646232
0.4413 1600646232
0.5458 1600646232
0.5016 1600646232
0.5378000000000001 1600646232
0.4404 1600646232
0.5047999999999999 1600646232
0.4648 1600646232
0.4747 1600646232
0.44610000000000005 1600646232
0.39059999999999995 1600646232
0.3858 1600646232
0.4172 1600646232
0.5058 1600646232
0.43979999999999997 1600646232
0.5101 1600646232
0.5332 1600646232
0.5287999999999999 1600646232
0.5475 1600646232
0.4662 1600646232
0.4989 1600646232
0.46959999999999996 1600646232
0.44079999999999997 1600646232
0.4756 1600646232
0.434 1600646232
0.45069999999999993 1600646232
0.49460000000000004 1600646232
0.4337 1600646232
0.48500000000000004 1600646232
0.415 1600646232
0.4138 1600646232
0.47250000000000003 1600646232
0.4486 1600646232
0.5125 1600646232
0.5328 1600646232
0.5039 1600646232
0.43599999999999994 1600646232
0.5085 1600646232
0.5477 1600646232
0.5297 1600646232
0.5011999999999999 1600646232
0.43000000000000005 1600646232
0.47730000000000006 1600646232
0.4625 1600646232
0.5395 1600646232
0.5144 1600646232
0.5556 1600646232
0.4037 1600646232
0.4713 1600646232
0.45489999999999997 1600646232
0.542 1600646232
0.4088 1600646232
0.44459999999999994 1600646232
0.5085 1600646232
0.4938 1600646232
0.5456000000000001 1600646232
0.4524 1600646232
0.49269999999999997 1600646232
0.4874 1600646232
0.5322 1600646232
0.5142 1600646232
0.4724 1600646232
0.44569999999999993 1600646232
0.4564 1600646232
0.5483 1600646232
0.5003 1600646232
0.5137 1600646232
0.5270999999999999 1600646232
0.45690000000000003 1600646232
0.43999999999999995 1600646232
0.47120000000000006 1600646232
0.5416000000000001 1600646232
0.3198 1600646232
0.5507 1600646232
0.48560000000000003 1600646232
0.5177999999999999 1600646232
0.4509 1600646232
0.4402 1600646232
0.5781 1600646232
0.48900000000000005 1600646232
0.5048999999999999 1600646232
0.41289999999999993 1600646232
0.6457 1600646232
0.5296 1600646232
