0.9481999999999999 1600344071
1.2935999999999999 1600344071
1.5997000000000001 1600344071
1.4961999999999998 1600344071
1.6078999999999999 1600344071
1.4286999999999999 1600344071
1.7357999999999998 1600344071
1.9338999999999997 1600344071
2.0339 1600344071
1.5251 1600344071
1.2909 1600344071
2.0191 1600344071
1.9286 1600344071
1.3021999999999998 1600344071
1.417 1600344071
1.7076 1600344071
1.4261 1600344071
2.0187 1600344071
1.2573 1600344071
1.4955 1600344071
1.9744999999999997 1600344071
1.2600999999999998 1600344071
1.9747999999999999 1600344071
1.4959999999999998 1600344071
1.2977 1600344071
1.6933999999999998 1600344071
2.019 1600344071
1.2975 1600344071
2.0256 1600344071
1.352 1600344071
2.0335 1600344071
1.2905 1600344071
1.4026999999999998 1600344071
1.1381 1600344071
1.2916 1600344071
1.3924 1600344071
1.1388 1600344071
1.6937 1600344071
1.4260999999999997 1600344071
1.2914 1600344071
2.0194 1600344071
1.3522999999999998 1600344071
1.2907 1600344071
1.2947999999999997 1600344071
1.4178999999999997 1600344071
1.3507 1600344071
1.2907 1600344071
1.9841 1600344071
1.5427 1600344071
1.4029999999999998 1600344071
1.2970999999999997 1600344071
1.7417 1600344071
1.9492 1600344071
1.7417 1600344071
1.4963 1600344071
1.2985 1600344071
1.3755 1600344071
1.5428999999999997 1600344071
1.3017999999999998 1600344071
1.4159 1600344071
1.2916999999999998 1600344071
1.2912000000000001 1600344071
1.4938 1600344071
1.2951 1600344071
1.6938 1600344071
1.3924 1600344071
1.2958 1600344071
1.6935 1600344071
2.0161 1600344071
1.2956999999999999 1600344071
1.3920000000000001 1600344071
1.9490999999999998 1600344071
1.4254999999999998 1600344071
1.2905999999999997 1600344071
1.7406999999999997 1600344071
1.4953 1600344071
1.1377999999999997 1600344071
1.9326 1600344071
1.3524999999999998 1600344071
1.2907 1600344071
1.3522999999999998 1600344071
1.2939 1600344071
1.3501999999999998 1600344071
1.2914 1600344071
1.2907 1600344071
2.0183999999999997 1600344071
1.3924 1600344071
1.5456999999999999 1600344071
2.0214999999999996 1600344071
2.0258000000000003 1600344071
1.2954 1600344071
2.0255 1600344071
1.3019999999999998 1600344071
1.9757999999999998 1600344071
1.7078 1600344071
1.2901 1600344071
1.2941999999999998 1600344071
1.3013000000000001 1600344071
1.3557 1600344071
1.9326 1600344071
1.1380000000000001 1600344071
1.2912000000000001 1600344071
1.4953999999999998 1600344071
1.2901999999999998 1600344071
1.3518999999999999 1600344071
1.2579 1600344071
1.6927999999999999 1600344071
1.4955 1600344071
2.0161 1600344071
1.2949999999999997 1600344071
1.4178 1600344071
1.4957999999999998 1600344071
1.3924 1600344071
1.9391 1600344071
1.352 1600344071
1.4963999999999997 1600344071
1.2968999999999997 1600344071
1.8867999999999998 1600344071
1.5992999999999997 1600344071
1.7360999999999998 1600344071
1.4258 1600344071
1.4953999999999998 1600344071
1.6927 1600344071
1.4946 1600344071
2.0179 1600344071
1.3924 1600344071
1.3518000000000001 1600344071
1.3507999999999998 1600344071
1.9739 1600344071
1.2966999999999997 1600344071
1.6076 1600344071
1.2308000000000001 1600344071
1.3524 1600344071
2.0156 1600344071
1.7640999999999998 1600344071
1.3924 1600344071
1.7360999999999998 1600344071
1.6927999999999999 1600344071
1.6859 1600344071
1.7042999999999997 1600344071
1.2562999999999998 1600344071
1.4955999999999998 1600344071
1.3524 1600344071
1.1373999999999997 1600344071
1.7360999999999998 1600344071
1.3518999999999999 1600344071
1.7415999999999998 1600344071
1.4018 1600344071
1.5414999999999999 1600344071
1.2905 1600344071
1.3924999999999998 1600344071
1.3753999999999997 1600344071
1.9763 1600344071
1.6931 1600344071
1.2550000000000001 1600344071
1.3922999999999999 1600344071
1.2924999999999998 1600344071
1.257 1600344071
1.2916999999999998 1600344071
1.4959999999999998 1600344071
1.4669 1600344071
1.5249999999999997 1600344071
1.2568 1600344071
1.2912000000000001 1600344071
1.4018 1600344071
2.0187999999999997 1600344071
1.2960999999999998 1600344071
1.2907999999999997 1600344071
1.6931 1600344071
1.8806 1600344071
1.2598999999999998 1600344071
1.2916 1600344071
1.4159999999999997 1600344071
1.4961999999999998 1600344071
1.5249999999999997 1600344071
1.5990999999999997 1600344071
1.9284000000000001 1600344071
1.7404 1600344071
1.2905 1600344071
1.4957999999999998 1600344071
1.9498999999999997 1600344071
1.4955999999999998 1600344071
1.4953999999999998 1600344071
1.4953 1600344071
1.4961 1600344071
1.2954 1600344071
1.547 1600344071
1.3019999999999998 1600344071
1.2905 1600344071
1.9326999999999999 1600344071
1.2568 1600344071
1.3008 1600344071
1.4953999999999998 1600344071
1.2943999999999998 1600344071
1.4180999999999997 1600344071
1.2560999999999998 1600344071
1.7242999999999997 1600344071
1.3692999999999997 1600344071
2.0194 1600344071
1.3921 1600344071
1.7078 1600344071
1.2968999999999997 1600344071
1.4170999999999998 1600344071
1.3014 1600344071
1.3522999999999998 1600344071
1.3924 1600344071
1.3507 1600344071
1.7415 1600344071
1.2909 1600344071
1.4953999999999998 1600344071
1.3526 1600344071
1.5992 1600344071
1.2937999999999998 1600344071
1.2903 1600344071
1.2901999999999998 1600344071
1.3924 1600344071
1.2571 1600344071
2.0176 1600344071
1.2922 1600344071
1.4953 1600344071
1.3922 1600344071
1.9749 1600344071
1.3921 1600344071
1.3475 1600344071
1.6927999999999999 1600344071
2.018 1600344071
1.6927 1600344071
1.2901 1600344071
1.2948 1600344071
1.3505 1600344071
1.3920000000000001 1600344071
1.3922999999999999 1600344071
1.4018999999999997 1600344071
1.3505999999999998 1600344071
1.5428999999999997 1600344071
1.7408 1600344071
2.0252999999999997 1600344071
1.9323 1600344071
1.4944999999999997 1600344071
1.6491 1600344071
1.4256999999999997 1600344071
1.2571999999999999 1600344071
1.2953 1600344071
1.2930999999999997 1600344071
1.2903999999999998 1600344071
2.0156 1600344071
1.2893000000000001 1600344071
2.0172 1600344071
1.2598 1600344071
1.6931999999999998 1600344071
1.2916 1600344071
1.6931 1600344071
1.5441 1600344071
1.6935 1600344071
1.5416999999999998 1600344071
1.4961999999999998 1600344071
1.5459 1600344071
1.291 1600344071
1.2906999999999997 1600344071
1.2916 1600344071
1.7362999999999997 1600344071
1.5990999999999997 1600344071
2.0344999999999995 1600344071
1.3924999999999998 1600344071
1.3502999999999998 1600344071
1.2901 1600344071
1.4953 1600344071
1.6935 1600344071
1.2987 1600344071
1.9283 1600344071
1.4944999999999997 1600344071
1.2983 1600344071
1.4960999999999998 1600344071
1.3509 1600344071
1.4955999999999998 1600344071
1.231 1600344071
1.2983999999999998 1600344071
1.4955 1600344071
1.2962 1600344071
1.4018999999999997 1600344071
1.7329 1600344071
1.7432 1600344071
1.7078 1600344071
1.4180999999999997 1600344071
1.3922 1600344071
1.1379 1600344071
1.3922999999999999 1600344071
1.5475999999999999 1600344071
1.1379000000000001 1600344071
1.4164 1600344071
1.4669999999999999 1600344071
1.4159999999999997 1600344071
1.4259 1600344071
1.6598999999999997 1600344071
1.4244 1600344071
1.4164999999999999 1600344071
1.1372999999999998 1600344071
1.4250999999999998 1600344071
1.2935 1600344071
1.6076 1600344071
1.3527 1600344071
1.1381 1600344071
1.3509 1600344071
1.3526 1600344071
1.2906999999999997 1600344071
1.9744 1600344071
1.3517 1600344071
1.2966 1600344071
1.3528999999999998 1600344071
2.0183 1600344071
1.6935999999999998 1600344071
1.3141 1600344071
1.4253 1600344071
1.9326999999999999 1600344071
1.3017 1600344071
1.5249999999999997 1600344071
1.8871 1600344071
1.4946 1600344071
1.3924 1600344071
1.6497 1600344071
1.2961999999999998 1600344071
1.4961 1600344071
1.3014000000000001 1600344071
1.368 1600344071
1.6888 1600344071
1.7428000000000001 1600344071
1.7078999999999998 1600344071
1.3015 1600344071
1.2962 1600344071
1.7156999999999998 1600344071
1.3543999999999998 1600344071
1.9391 1600344071
1.6078 1600344071
1.6575 1600344071
2.0338000000000003 1600344071
1.1379 1600344071
1.2906999999999997 1600344071
1.4671999999999998 1600344071
2.0262000000000002 1600344071
1.3541999999999998 1600344071
1.352 1600344071
1.3015 1600344071
1.5458 1600344071
2.0252 1600344071
1.3924 1600344071
2.018 1600344071
1.4953 1600344071
1.9824999999999997 1600344071
1.4944999999999997 1600344071
1.2903999999999998 1600344071
1.4957999999999998 1600344071
1.5416999999999998 1600344071
1.2915999999999999 1600344071
1.1403 1600344071
1.6937 1600344071
1.4961 1600344071
1.6938 1600344071
1.6935999999999998 1600344071
1.3017 1600344071
1.4963999999999997 1600344071
1.3525999999999998 1600344071
1.6491999999999998 1600344071
1.4965 1600344071
1.3015999999999999 1600344071
1.2953 1600344071
1.3921 1600344071
1.3579 1600344071
1.6933 1600344071
1.3016 1600344071
1.3924 1600344071
1.3120999999999998 1600344071
1.4951999999999999 1600344071
1.9326999999999999 1600344071
1.7428000000000001 1600344071
1.8728999999999998 1600344071
1.9326999999999999 1600344071
1.3016 1600344071
1.4027 1600344071
1.4953999999999998 1600344071
1.6935999999999998 1600344071
1.6927 1600344071
1.6076 1600344071
1.6857999999999997 1600344071
1.9738999999999998 1600344071
1.4013999999999998 1600344071
1.3921999999999999 1600344071
1.3504999999999998 1600344071
1.4951 1600344071
1.2915 1600344071
1.9389999999999998 1600344071
1.4029999999999998 1600344071
1.2926999999999997 1600344071
2.0191 1600344071
1.4252999999999998 1600344071
1.2571999999999999 1600344071
1.4265999999999999 1600344071
1.2930999999999997 1600344071
1.4258 1600344071
1.3015999999999999 1600344071
1.6573 1600344071
2.0155 1600344071
1.4957 1600344071
1.3507999999999998 1600344071
1.7042999999999997 1600344071
1.4961 1600344071
1.4944999999999997 1600344071
1.4955 1600344071
1.3518999999999999 1600344071
1.5994999999999997 1600344071
1.3069 1600344071
1.2928 1600344071
1.3705 1600344071
1.4955999999999998 1600344071
1.2571 1600344071
1.3526 1600344071
1.9742 1600344071
1.3518999999999999 1600344071
1.9744 1600344071
1.2904999999999998 1600344071
1.6937999999999998 1600344071
1.3151 1600344071
1.5994999999999997 1600344071
1.5414 1600344071
1.6935999999999998 1600344071
2.0174000000000003 1600344071
1.2954999999999999 1600344071
1.3518000000000001 1600344071
1.2951 1600344071
1.9286 1600344071
2.0161999999999995 1600344071
1.4957 1600344071
1.3017999999999998 1600344071
1.3543 1600344071
1.4955 1600344071
1.716 1600344071
1.3505999999999998 1600344071
1.3526999999999998 1600344071
1.606 1600344071
1.7045000000000001 1600344071
1.3017999999999998 1600344071
1.6944000000000001 1600344071
1.3524999999999998 1600344071
1.2901999999999998 1600344071
1.2985 1600344071
1.4963 1600344071
1.6933999999999998 1600344071
1.974 1600344071
1.7025 1600344071
1.5472000000000001 1600344071
2.0187 1600344071
1.5994 1600344071
1.1377 1600344071
1.4956999999999998 1600344071
1.3475999999999997 1600344071
1.2962999999999998 1600344071
1.3507999999999998 1600344071
1.3517000000000001 1600344071
1.4248 1600344071
1.3505 1600344071
1.4961999999999998 1600344071
1.2579999999999998 1600344071
1.4671 1600344071
1.3921 1600344071
1.4961 1600344071
1.3921999999999999 1600344071
2.018 1600344071
1.2949999999999997 1600344071
1.2958999999999998 1600344071
1.4953 1600344071
1.3517 1600344071
1.2922 1600344071
1.2909999999999997 1600344071
1.4241999999999997 1600344071
1.4669 1600344071
1.4180999999999997 1600344071
1.7356 1600344071
1.5466999999999997 1600344071
2.0263 1600344071
1.9845 1600344071
1.3922 1600344071
1.3503 1600344071
1.3703 1600344071
1.4241999999999997 1600344071
1.1380000000000001 1600344071
1.296 1600344071
2.0191 1600344071
1.2962 1600344071
2.0260999999999996 1600344071
1.4953999999999998 1600344071
2.034 1600344071
1.3924 1600344071
1.6933 1600344071
1.4669999999999999 1600344071
1.3515 1600344071
1.7358 1600344071
1.1375 1600344071
1.2914999999999999 1600344071
1.9757999999999998 1600344071
1.292 1600344071
1.3503999999999998 1600344071
1.3505 1600344071
1.3541999999999998 1600344071
2.034 1600344071
2.0187 1600344071
1.4957 1600344071
1.4258999999999997 1600344071
1.7358999999999998 1600344071
1.4256 1600344071
1.3017 1600344071
1.3922999999999999 1600344071
1.2914999999999999 1600344071
1.7413999999999998 1600344071
