4.9456 1600533335
4.9433 1600533335
4.9433 1600533335
4.9462 1600533335
4.9362 1600533335
4.9457 1600533335
4.9362 1600533335
4.9457 1600533335
4.9466 1600533335
4.9343 1600533335
4.934200000000001 1600533335
4.936800000000001 1600533335
4.9368 1600533335
4.9344 1600533335
4.9344 1600533335
4.9344 1600533335
4.936800000000001 1600533335
4.934100000000001 1600533335
4.8781 1600533335
4.8788 1600533335
4.8727 1600533335
4.8786000000000005 1600533335
4.8785 1600533335
4.8787 1600533335
4.8725 1600533335
4.8782 1600533335
4.8784 1600533335
4.7559000000000005 1600533335
4.6801 1600533335
4.7559000000000005 1600533335
4.755800000000001 1600533335
4.7559 1600533335
4.6829 1600533335
4.755800000000001 1600533335
4.7558 1600533335
4.683 1600533335
4.6347 1600533335
4.6457 1600533335
4.6754 1600533335
4.6524 1600533335
4.6754 1600533335
4.6456 1600533335
4.6431 1600533335
4.6753 1600533335
4.6581 1600533335
4.9003 1600533335
4.900399999999999 1600533335
4.9049000000000005 1600533335
4.8988 1600533335
4.9002 1600533335
4.9003 1600533335
4.9 1600533335
4.9 1600533335
4.9058 1600533335
4.6564000000000005 1600533335
4.6589 1600533335
4.6564 1600533335
4.659 1600533335
4.6589 1600533335
4.619 1600533335
4.656499999999999 1600533335
4.6189 1600533335
4.6483 1600533335
4.744800000000001 1600533335
4.7439 1600533335
4.7453 1600533335
4.7452000000000005 1600533335
4.7452000000000005 1600533335
4.742500000000001 1600533335
4.7454 1600533335
4.7454 1600533335
4.7453 1600533335
4.7776 1600533335
4.7778 1600533335
4.788 1600533335
4.7878 1600533335
4.7879000000000005 1600533335
4.788 1600533335
4.790900000000001 1600533335
4.7879000000000005 1600533335
4.7777 1600533335
4.7201 1600533335
4.7515 1600533335
4.700699999999999 1600533335
4.7199 1600533335
4.6979999999999995 1600533335
4.7199 1600533335
4.7515 1600533335
4.7515 1600533335
4.6997 1600533335
4.9469 1600533335
4.9366 1600533335
4.9401 1600533335
4.9467 1600533335
4.9372 1600533335
4.9226 1600533335
4.940099999999999 1600533335
4.9373000000000005 1600533335
4.940099999999999 1600533335
4.9304 1600533335
4.930499999999999 1600533335
4.9306 1600533335
4.934 1600533335
4.931100000000001 1600533335
4.9341 1600533335
4.930499999999999 1600533335
4.9319 1600533335
4.9303 1600533335
4.8122 1600533335
4.8056 1600533335
4.8054 1600533335
4.8056 1600533335
4.798 1600533335
4.8055 1600533335
4.7974000000000006 1600533335
4.8055 1600533335
4.8122 1600533335
4.9357999999999995 1600533335
4.945799999999999 1600533335
4.9388 1600533335
4.956 1600533335
4.943 1600533335
4.9456999999999995 1600533335
4.9356 1600533335
4.9456999999999995 1600533335
4.9559999999999995 1600533335
4.7669999999999995 1600533335
4.7669999999999995 1600533335
4.7595 1600533335
4.7669999999999995 1600533335
4.7595 1600533335
4.7729 1600533335
4.7729 1600533335
4.7593 1600533335
4.7593000000000005 1600533335
4.87 1600533335
4.8634 1600533335
4.861800000000001 1600533335
4.8701 1600533335
4.8699 1600533335
4.8635 1600533335
4.87 1600533335
4.87 1600533335
4.863099999999999 1600533335
4.9358 1600533335
4.9415000000000004 1600533335
4.936 1600533335
4.9415000000000004 1600533335
4.936 1600533335
4.9355 1600533335
4.9416 1600533335
4.936 1600533335
4.9415000000000004 1600533335
4.683 1600533335
4.7484 1600533335
4.6798 1600533335
4.6796999999999995 1600533335
4.679 1600533335
4.7484 1600533335
4.683 1600533335
4.7181 1600533335
4.683 1600533335
4.7423 1600533335
4.7471000000000005 1600533335
4.747 1600533335
4.7467999999999995 1600533335
4.747199999999999 1600533335
4.7469 1600533335
4.7305 1600533335
4.742 1600533335
4.7423 1600533335
4.8285 1600533335
4.827500000000001 1600533335
4.827800000000001 1600533335
4.8279 1600533335
4.827999999999999 1600533335
4.8285 1600533335
4.8281 1600533335
4.8284 1600533335
4.8283000000000005 1600533335
4.6705000000000005 1600533335
4.702 1600533335
4.6771 1600533335
4.702 1600533335
4.6634 1600533335
4.702 1600533335
4.702 1600533335
4.702 1600533335
4.6621 1600533335
4.7728 1600533335
4.7657 1600533335
4.7729 1600533335
4.7729 1600533335
4.7844 1600533335
4.7728 1600533335
4.7595 1600533335
4.785 1600533335
4.7723 1600533335
4.6754999999999995 1600533335
4.681500000000001 1600533335
4.6763 1600533335
4.6763 1600533335
4.6763 1600533335
4.7459 1600533335
4.7407 1600533335
4.7459 1600533335
4.7459 1600533335
4.746 1600533335
4.7482 1600533335
4.745 1600533335
4.7452000000000005 1600533335
4.752 1600533335
4.7376 1600533335
4.7482999999999995 1600533335
4.7484 1600533335
4.7409 1600533335
4.8829 1600533335
4.8897 1600533335
4.8896999999999995 1600533335
4.8899 1600533335
4.8899 1600533335
4.89 1600533335
4.8895 1600533335
4.8893 1600533335
4.8896 1600533335
4.7304 1600533335
4.7302 1600533335
4.7301 1600533335
4.7299 1600533335
4.7306 1600533335
4.7406999999999995 1600533335
4.7306 1600533335
4.7291 1600533335
4.740600000000001 1600533335
4.921399999999999 1600533335
4.9207 1600533335
4.9317 1600533335
4.9352 1600533335
4.931699999999999 1600533335
4.9354 1600533335
4.9352 1600533335
4.9354000000000005 1600533335
4.935099999999999 1600533335
4.9409 1600533335
4.9358 1600533335
4.9408 1600533335
4.936 1600533335
4.936 1600533335
4.9409 1600533335
4.9359 1600533335
4.9345 1600533335
4.936 1600533335
4.9323999999999995 1600533335
4.9323 1600533335
4.9174 1600533335
4.916 1600533335
4.932300000000001 1600533335
4.9323 1600533335
4.916300000000001 1600533335
4.9164 1600533335
4.9173 1600533335
4.9378 1600533335
4.9376999999999995 1600533335
4.9376999999999995 1600533335
4.9357 1600533335
4.9365000000000006 1600533335
4.9444 1600533335
4.9376 1600533335
4.9357 1600533335
4.9376999999999995 1600533335
4.717499999999999 1600533335
4.6861999999999995 1600533335
4.6851 1600533335
4.7421 1600533335
4.7421 1600533335
4.7112 1600533335
4.6849 1600533335
4.742 1600533335
4.6818 1600533335
4.7172 1600533335
4.7303 1600533335
4.7183 1600533335
4.733 1600533335
4.7305 1600533335
4.730300000000001 1600533335
4.733099999999999 1600533335
4.7301 1600533335
4.733099999999999 1600533335
4.683599999999999 1600533335
4.7186 1600533335
4.6877 1600533335
4.7615 1600533335
4.7614 1600533335
4.6729 1600533335
4.761500000000001 1600533335
4.6883 1600533335
4.6876999999999995 1600533335
4.6425 1600533335
4.7037 1600533335
4.6311 1600533335
4.7037 1600533335
4.7036 1600533335
4.7036 1600533335
4.6792 1600533335
4.6593 1600533335
4.703600000000001 1600533335
4.8619 1600533335
4.8558 1600533335
4.856 1600533335
4.8488 1600533335
4.8556 1600533335
4.856 1600533335
4.862 1600533335
4.862 1600533335
4.862 1600533335
4.8795 1600533335
4.8793999999999995 1600533335
4.8792 1600533335
4.8793999999999995 1600533335
4.8795 1600533335
4.88 1600533335
4.8794 1600533335
4.8795 1600533335
4.8788 1600533335
4.9023 1600533335
4.9097 1600533335
4.915 1600533335
4.905 1600533335
4.914899999999999 1600533335
4.915 1600533335
4.9013 1600533335
4.9051 1600533335
4.9051 1600533335
4.7273 1600533335
4.7204 1600533335
4.717 1600533335
4.7212000000000005 1600533335
4.7195 1600533335
4.723400000000001 1600533335
4.721 1600533335
4.7360999999999995 1600533335
4.7211 1600533335
4.9094 1600533335
4.9208 1600533335
4.9098 1600533335
4.9099 1600533335
4.9098 1600533335
4.9208 1600533335
4.9208 1600533335
4.9097 1600533335
4.920800000000001 1600533335
4.833600000000001 1600533335
4.8252 1600533335
4.833900000000001 1600533335
4.8252 1600533335
4.820600000000001 1600533335
4.834499999999999 1600533335
4.8315 1600533335
4.8254 1600533335
4.831300000000001 1600533335
4.7448 1600533335
4.7081 1600533335
4.7448 1600533335
4.7081 1600533335
4.6614 1600533335
4.661300000000001 1600533335
4.7448 1600533335
4.661300000000001 1600533335
4.744800000000001 1600533335
4.913 1600533335
4.9402 1600533335
4.9129 1600533335
4.913600000000001 1600533335
4.9186000000000005 1600533335
4.9101 1600533335
4.9138 1600533335
4.9212 1600533335
4.921200000000001 1600533335
4.933 1600533335
4.9331000000000005 1600533335
4.9517 1600533335
4.9517999999999995 1600533335
4.9345 1600533335
4.9517999999999995 1600533335
4.9517999999999995 1600533335
4.9517 1600533335
4.9331000000000005 1600533335
4.8474 1600533335
4.8473 1600533335
4.8471 1600533335
4.8462000000000005 1600533335
4.8473999999999995 1600533335
4.8472 1600533335
4.8468 1600533335
4.8444 1600533335
4.8513 1600533335
4.754099999999999 1600533335
4.707400000000001 1600533335
4.7071 1600533335
4.7541 1600533335
4.7071 1600533335
4.7541 1600533335
4.7127 1600533335
4.7541 1600533335
4.7075000000000005 1600533335
4.8798 1600533335
4.8841 1600533335
4.879700000000001 1600533335
4.8843000000000005 1600533335
4.884200000000001 1600533335
4.8841 1600533335
4.884 1600533335
4.88 1600533335
4.8843 1600533335
4.8583 1600533335
4.8586 1600533335
4.8577 1600533335
4.8586 1600533335
4.858499999999999 1600533335
4.8586 1600533335
4.8584000000000005 1600533335
4.8584 1600533335
4.8549 1600533335
4.7334 1600533335
4.7332 1600533335
4.7336 1600533335
4.7381 1600533335
4.7334000000000005 1600533335
4.7379999999999995 1600533335
4.7379999999999995 1600533335
4.738 1600533335
4.733300000000001 1600533335
4.8017 1600533335
4.8017 1600533335
4.8016 1600533335
4.7955 1600533335
4.7956 1600533335
4.8017 1600533335
4.7956 1600533335
4.795599999999999 1600533335
4.7952 1600533335
4.6898 1600533335
4.7489 1600533335
4.689900000000001 1600533335
4.7488 1600533335
4.69 1600533335
4.69 1600533335
4.7489 1600533335
4.6892 1600533335
4.6875 1600533335
4.928 1600533335
4.9323999999999995 1600533335
4.9322 1600533335
4.9323 1600533335
4.9332 1600533335
4.9321 1600533335
4.9300999999999995 1600533335
4.9323 1600533335
4.9322 1600533335
4.7953 1600533335
4.7856000000000005 1600533335
4.7863999999999995 1600533335
4.7956 1600533335
4.7955 1600533335
4.7956 1600533335
4.7955000000000005 1600533335
4.7956 1600533335
4.786 1600533335
4.7919 1600533335
4.7919 1600533335
4.7916 1600533335
4.7813 1600533335
4.7919 1600533335
4.781300000000001 1600533335
4.7919 1600533335
4.7917000000000005 1600533335
4.785200000000001 1600533335
4.9518 1600533335
4.9301 1600533335
4.9296999999999995 1600533335
4.9517999999999995 1600533335
4.9517999999999995 1600533335
4.9517999999999995 1600533335
4.9300999999999995 1600533335
4.9517999999999995 1600533335
4.9409 1600533335
4.9379 1600533335
4.938199999999999 1600533335
4.9395999999999995 1600533335
4.9378 1600533335
4.9381 1600533335
4.9498 1600533335
4.9383 1600533335
4.9379 1600533335
4.9380999999999995 1600533335
4.9110000000000005 1600533335
4.911 1600533335
4.9202 1600533335
4.9201 1600533335
4.9110000000000005 1600533335
4.911 1600533335
4.9201999999999995 1600533335
4.911 1600533335
4.9358 1600533335
4.6796999999999995 1600533335
4.7068 1600533335
4.7068 1600533335
4.6794 1600533335
4.7068 1600533335
4.706799999999999 1600533335
4.6793000000000005 1600533335
4.6844 1600533335
4.679600000000001 1600533335
4.7330000000000005 1600533335
4.7327 1600533335
4.7357000000000005 1600533335
4.7329 1600533335
4.732900000000001 1600533335
4.735799999999999 1600533335
4.7282 1600533335
4.7288 1600533335
4.728400000000001 1600533335
4.7431 1600533335
4.7437000000000005 1600533335
4.7438 1600533335
4.7501 1600533335
4.75 1600533335
4.743600000000001 1600533335
4.7438 1600533335
4.7469 1600533335
4.7501999999999995 1600533335
4.7576 1600533335
4.7578000000000005 1600533335
4.7575 1600533335
4.7579 1600533335
4.7568 1600533335
4.757899999999999 1600533335
4.7578 1600533335
4.7577 1600533335
4.7572 1600533335
4.6407 1600533335
4.640000000000001 1600533335
4.6484 1600533335
4.6452 1600533335
4.6362 1600533335
4.6483 1600533335
4.6597 1600533335
4.6597 1600533335
4.6483 1600533335
4.8645000000000005 1600533335
4.8646 1600533335
4.8629999999999995 1600533335
4.864599999999999 1600533335
4.8647 1600533335
4.8635 1600533335
4.8637 1600533335
4.8646 1600533335
4.8627 1600533335
4.653700000000001 1600533335
4.6822 1600533335
4.664000000000001 1600533335
4.7021 1600533335
4.66 1600533335
4.7021 1600533335
4.7017 1600533335
4.7021 1600533335
4.6593 1600533335
4.7801 1600533335
4.7797 1600533335
4.7802999999999995 1600533335
4.7801 1600533335
4.7661999999999995 1600533335
4.7801 1600533335
4.779999999999999 1600533335
4.7801 1600533335
4.779599999999999 1600533335
4.7991 1600533335
4.7996 1600533335
4.7999 1600533335
4.786 1600533335
4.799600000000001 1600533335
4.8023 1600533335
4.798 1600533335
4.7995 1600533335
4.8023 1600533335
4.757700000000001 1600533335
4.7567 1600533335
4.7575 1600533335
4.7476 1600533335
4.7575 1600533335
4.7577 1600533335
4.7572 1600533335
4.7577 1600533335
4.7577 1600533335
4.9577 1600533335
4.9357 1600533335
4.9475 1600533335
4.9576 1600533335
4.9396 1600533335
4.9578 1600533335
4.947500000000001 1600533335
4.9578 1600533335
4.9577 1600533335
4.7598 1600533335
4.7177 1600533335
4.716200000000001 1600533335
4.7179 1600533335
4.759799999999999 1600533335
4.7165 1600533335
4.718 1600533335
4.759799999999999 1600533335
4.759799999999999 1600533335
4.9174 1600533335
4.9172 1600533335
4.9173 1600533335
4.9171000000000005 1600533335
4.9173 1600533335
4.9203 1600533335
4.9175 1600533335
4.9203 1600533335
4.9173 1600533335
4.9371 1600533335
4.9576 1600533335
4.9576 1600533335
4.949000000000001 1600533335
4.9495 1600533335
4.9401 1600533335
4.9495 1600533335
4.9472 1600533335
4.9577 1600533335
4.8704 1600533335
4.8725 1600533335
4.8725000000000005 1600533335
4.8723 1600533335
4.8725 1600533335
4.8725 1600533335
4.8671 1600533335
4.8726 1600533335
4.8726 1600533335
4.6532 1600533335
4.7284999999999995 1600533335
4.6381 1600533335
4.708399999999999 1600533335
4.6465 1600533335
4.7286 1600533335
4.7285 1600533335
4.7285 1600533335
4.7084 1600533335
4.8674 1600533335
4.8673 1600533335
4.8672 1600533335
4.8795 1600533335
4.8795 1600533335
4.8674 1600533335
4.8675 1600533335
4.8673 1600533335
4.8795 1600533335
4.8727 1600533335
4.8723 1600533335
4.872000000000001 1600533335
4.8727 1600533335
4.872599999999999 1600533335
4.8723 1600533335
4.8727 1600533335
4.8725000000000005 1600533335
4.8728 1600533335
4.8434 1600533335
4.8431 1600533335
4.8431 1600533335
4.842700000000001 1600533335
4.842 1600533335
4.843299999999999 1600533335
4.8429 1600533335
4.842700000000001 1600533335
4.8431999999999995 1600533335
4.9466 1600533335
4.939 1600533335
4.9376 1600533335
4.9464999999999995 1600533335
4.9461 1600533335
4.9395 1600533335
4.5733 1600533335
4.9466 1600533335
4.9376 1600533335
4.8933 1600533335
4.8937 1600533335
4.8937 1600533335
4.892799999999999 1600533335
4.893000000000001 1600533335
4.8933 1600533335
4.8934 1600533335
4.8937 1600533335
4.8869 1600533335
4.7777 1600533335
4.7782 1600533335
4.7782 1600533335
4.7775 1600533335
4.7745 1600533335
4.7783 1600533335
4.7768 1600533335
4.7769 1600533335
4.7783 1600533335
4.7423 1600533335
4.7412 1600533335
4.7421 1600533335
4.7423 1600533335
4.7421 1600533335
4.730099999999999 1600533335
4.730300000000001 1600533335
4.7421 1600533335
4.7423 1600533335
4.754 1600533335
4.747999999999999 1600533335
4.7438 1600533335
4.7538 1600533335
4.7538 1600533335
4.7537 1600533335
4.7534 1600533335
4.7541 1600533335
4.754 1600533335
4.632899999999999 1600533335
4.6483 1600533335
4.6564 1600533335
4.6606 1600533335
4.6606000000000005 1600533335
4.6425 1600533335
4.7040999999999995 1600533335
4.642399999999999 1600533335
4.6583000000000006 1600533335
4.944800000000001 1600533335
4.9447 1600533335
4.9447 1600533335
4.9422999999999995 1600533335
4.9447 1600533335
4.9459 1600533335
4.9422999999999995 1600533335
4.9448 1600533335
4.944800000000001 1600533335
4.9314 1600533335
4.939699999999999 1600533335
4.9376999999999995 1600533335
4.9397 1600533335
4.9395 1600533335
4.939500000000001 1600533335
4.9312000000000005 1600533335
4.9393 1600533335
4.9397 1600533335
4.9344 1600533335
4.9342999999999995 1600533335
4.938000000000001 1600533335
4.9345 1600533335
4.9411 1600533335
4.9411 1600533335
4.9397 1600533335
4.9505 1600533335
4.9411000000000005 1600533335
4.779999999999999 1600533335
4.779999999999999 1600533335
4.7692000000000005 1600533335
4.769699999999999 1600533335
4.778099999999999 1600533335
4.7775 1600533335
4.7782 1600533335
4.7799000000000005 1600533335
4.78 1600533335
4.6444 1600533335
4.6505 1600533335
4.7001 1600533335
4.6813 1600533335
4.6611 1600533335
4.6849 1600533335
4.6813 1600533335
4.6691 1600533335
4.6551 1600533335
4.7047 1600533335
4.7046 1600533335
4.7158 1600533335
4.7046 1600533335
4.6663 1600533335
4.715800000000001 1600533335
4.7048 1600533335
4.7047 1600533335
4.6847 1600533335
4.8607000000000005 1600533335
4.859999999999999 1600533335
4.8609 1600533335
4.8608 1600533335
4.8609 1600533335
4.8608 1600533335
4.8606 1600533335
4.8602 1600533335
4.8607 1600533335
4.8617 1600533335
4.8809000000000005 1600533335
4.8809 1600533335
4.8809 1600533335
4.858899999999999 1600533335
4.8808 1600533335
4.8587 1600533335
4.880800000000001 1600533335
4.8617 1600533335
4.9248 1600533335
4.9472 1600533335
4.9474 1600533335
4.9473 1600533335
4.9248 1600533335
4.9474 1600533335
4.925000000000001 1600533335
4.9472 1600533335
4.9474 1600533335
4.747 1600533335
4.7469 1600533335
4.747 1600533335
4.7031 1600533335
4.747 1600533335
4.6743 1600533335
4.7031 1600533335
4.747 1600533335
4.6839 1600533335
4.7611 1600533335
4.7612000000000005 1600533335
4.7611 1600533335
4.7607 1600533335
4.7634 1600533335
4.7634 1600533335
4.763400000000001 1600533335
4.7604 1600533335
4.761 1600533335
4.6369 1600533335
4.7012 1600533335
4.63 1600533335
4.6296 1600533335
4.7011 1600533335
4.6726 1600533335
4.6726 1600533335
4.7011 1600533335
4.7012 1600533335
4.725099999999999 1600533335
4.7164 1600533335
4.7165 1600533335
4.7252 1600533335
4.7166 1600533335
4.716500000000001 1600533335
4.7164 1600533335
4.7139 1600533335
4.7162 1600533335
4.689 1600533335
4.6958 1600533335
4.6956999999999995 1600533335
4.6956999999999995 1600533335
4.6958 1600533335
4.6958 1600533335
4.7167 1600533335
4.686100000000001 1600533335
4.6889 1600533335
4.9005 1600533335
4.9009 1600533335
4.900399999999999 1600533335
4.9011 1600533335
4.9003 1600533335
4.901 1600533335
4.9011000000000005 1600533335
4.9006 1600533335
4.901 1600533335
4.8104 1600533335
4.8105 1600533335
4.8056 1600533335
4.8108 1600533335
4.807 1600533335
4.810499999999999 1600533335
4.8101 1600533335
4.8103 1600533335
4.8104000000000005 1600533335
4.7842 1600533335
4.7843 1600533335
4.7843 1600533335
4.7843 1600533335
4.7845 1600533335
4.7843 1600533335
4.7825999999999995 1600533335
4.7843 1600533335
4.782299999999999 1600533335
4.929200000000001 1600533335
4.9350000000000005 1600533335
4.9368 1600533335
4.9366 1600533335
4.9368 1600533335
4.9367 1600533335
4.9350000000000005 1600533335
4.9367 1600533335
4.928999999999999 1600533335
4.941400000000001 1600533335
4.9378 1600533335
4.9416 1600533335
4.941599999999999 1600533335
4.9453000000000005 1600533335
4.9454 1600533335
4.9453000000000005 1600533335
4.937799999999999 1600533335
4.9453000000000005 1600533335
4.6643 1600533335
4.7031 1600533335
4.7031 1600533335
4.664300000000001 1600533335
4.6641 1600533335
4.7032 1600533335
4.6644 1600533335
4.664199999999999 1600533335
4.7032 1600533335
4.8767000000000005 1600533335
4.8743 1600533335
4.8668000000000005 1600533335
4.8766 1600533335
4.8743 1600533335
4.8742 1600533335
4.8767 1600533335
4.8742 1600533335
4.8743 1600533335
4.8934999999999995 1600533335
4.8941 1600533335
4.8932 1600533335
4.894 1600533335
4.8941 1600533335
4.8934999999999995 1600533335
4.8994 1600533335
4.8935 1600533335
4.8994 1600533335
4.8286 1600533335
4.8335 1600533335
4.835 1600533335
4.8248999999999995 1600533335
4.8335 1600533335
4.835 1600533335
4.8335 1600533335
4.8281 1600533335
4.8286999999999995 1600533335
4.7823 1600533335
4.7824 1600533335
4.7821 1600533335
4.7725 1600533335
4.7886 1600533335
4.7821 1600533335
4.772399999999999 1600533335
4.7886 1600533335
4.782299999999999 1600533335
4.848 1600533335
4.8479 1600533335
4.852 1600533335
4.8482 1600533335
4.8445 1600533335
4.8522 1600533335
4.8522 1600533335
4.8522 1600533335
4.8445 1600533335
4.9384999999999994 1600533335
4.9386 1600533335
4.9387 1600533335
4.9353 1600533335
4.938700000000001 1600533335
4.9384 1600533335
4.9353 1600533335
4.9298 1600533335
4.9388000000000005 1600533335
4.8333 1600533335
4.829 1600533335
4.8332 1600533335
4.8271 1600533335
4.8291 1600533335
4.833200000000001 1600533335
4.8291 1600533335
4.8286 1600533335
4.8328999999999995 1600533335
4.7581 1600533335
4.720400000000001 1600533335
4.7031 1600533335
4.6761 1600533335
4.6763 1600533335
4.6762 1600533335
4.685099999999999 1600533335
4.6827000000000005 1600533335
4.6762 1600533335
4.801 1600533335
4.8008999999999995 1600533335
4.8008 1600533335
4.792199999999999 1600533335
4.8011 1600533335
4.8009 1600533335
4.7924 1600533335
4.7921 1600533335
4.8011 1600533335
4.906 1600533335
4.9056 1600533335
4.906000000000001 1600533335
4.9065 1600533335
4.9059 1600533335
4.9049000000000005 1600533335
4.9064000000000005 1600533335
4.9064 1600533335
4.9065 1600533335
4.757700000000001 1600533335
4.7669999999999995 1600533335
4.7667 1600533335
4.756399999999999 1600533335
4.765899999999999 1600533335
4.7671 1600533335
4.7668 1600533335
4.7666 1600533335
4.766900000000001 1600533335
4.6956999999999995 1600533335
4.6958 1600533335
4.6955 1600533335
4.6921 1600533335
4.6921 1600533335
4.7174000000000005 1600533335
4.690899999999999 1600533335
4.7173 1600533335
4.6957 1600533335
4.8812999999999995 1600533335
4.880999999999999 1600533335
4.8845 1600533335
4.881600000000001 1600533335
4.8814 1600533335
4.8807 1600533335
4.8815 1600533335
4.873500000000001 1600533335
4.8811 1600533335
4.8953 1600533335
4.894 1600533335
4.8951 1600533335
4.8952 1600533335
4.8949 1600533335
4.8953999999999995 1600533335
4.895300000000001 1600533335
4.8948 1600533335
4.8953 1600533335
4.7873 1600533335
4.783600000000001 1600533335
4.7837000000000005 1600533335
4.785500000000001 1600533335
4.7872 1600533335
4.7874 1600533335
4.7872 1600533335
4.7873 1600533335
4.7837 1600533335
4.8969000000000005 1600533335
4.8938999999999995 1600533335
4.892 1600533335
4.8939 1600533335
4.8969000000000005 1600533335
4.8969000000000005 1600533335
4.8972 1600533335
4.8966 1600533335
4.8917 1600533335
4.7473 1600533335
4.7526 1600533335
4.7543999999999995 1600533335
4.7526 1600533335
4.7528 1600533335
4.7543999999999995 1600533335
4.7528999999999995 1600533335
4.7528999999999995 1600533335
4.7469 1600533335
4.8332 1600533335
4.8391 1600533335
4.8328999999999995 1600533335
4.8391 1600533335
4.8392 1600533335
4.8391 1600533335
4.8338 1600533335
4.839 1600533335
4.8335 1600533335
4.9417 1600533335
4.9317 1600533335
4.9318 1600533335
4.9413 1600533335
4.9413 1600533335
4.9411000000000005 1600533335
4.941800000000001 1600533335
4.9414 1600533335
4.9418 1600533335
4.703 1600533335
4.7617 1600533335
4.702800000000001 1600533335
4.761699999999999 1600533335
4.761699999999999 1600533335
4.7029000000000005 1600533335
4.7187 1600533335
4.7028 1600533335
4.702 1600533335
4.678599999999999 1600533335
4.6786 1600533335
4.6834 1600533335
4.6568 1600533335
4.707400000000001 1600533335
4.6554 1600533335
4.6787 1600533335
4.6807 1600533335
4.7074 1600533335
4.8283 1600533335
4.8267999999999995 1600533335
4.8283 1600533335
4.8283000000000005 1600533335
4.8327 1600533335
4.8283 1600533335
4.8328 1600533335
4.827999999999999 1600533335
4.8279 1600533335
4.7561 1600533335
4.7475000000000005 1600533335
4.748 1600533335
4.7559000000000005 1600533335
4.7476 1600533335
4.7561 1600533335
4.7561 1600533335
4.7562 1600533335
4.7558 1600533335
4.9436 1600533335
4.9452 1600533335
4.938 1600533335
4.9388000000000005 1600533335
4.9435 1600533335
4.9476 1600533335
4.9451 1600533335
4.9388 1600533335
4.9436 1600533335
4.6811 1600533335
4.7031 1600533335
4.6635 1600533335
4.7031 1600533335
4.668 1600533335
4.7162 1600533335
4.6616 1600533335
4.683 1600533335
4.6637 1600533335
4.8922 1600533335
4.8924 1600533335
4.8926 1600533335
4.8925 1600533335
4.8922 1600533335
4.8815 1600533335
4.8927 1600533335
4.8926 1600533335
4.8926 1600533335
4.7202 1600533335
4.7358 1600533335
4.7275 1600533335
4.7357000000000005 1600533335
4.7208 1600533335
4.7194 1600533335
4.7191 1600533335
4.7155000000000005 1600533335
4.7205 1600533335
4.8441 1600533335
4.848699999999999 1600533335
4.8506 1600533335
4.8507 1600533335
4.8445 1600533335
4.8448 1600533335
4.8439 1600533335
4.8506 1600533335
4.8506 1600533335
4.944 1600533335
4.9389 1600533335
4.9439 1600533335
4.94 1600533335
4.9441 1600533335
4.945799999999999 1600533335
4.9458 1600533335
4.945900000000001 1600533335
4.9441 1600533335
4.891 1600533335
4.8908000000000005 1600533335
4.891 1600533335
4.8904000000000005 1600533335
4.8909 1600533335
4.891 1600533335
4.8904 1600533335
4.8909 1600533335
4.8906 1600533335
4.9263 1600533335
4.9258 1600533335
4.9261 1600533335
4.926 1600533335
4.9258 1600533335
4.9261 1600533335
4.9262 1600533335
4.9257 1600533335
4.9256 1600533335
4.7614 1600533335
4.7075000000000005 1600533335
4.7082 1600533335
4.7614 1600533335
4.708200000000001 1600533335
4.7132 1600533335
4.708200000000001 1600533335
4.7074 1600533335
4.7613 1600533335
4.7348 1600533335
4.7341 1600533335
4.7351 1600533335
4.7343 1600533335
4.7351 1600533335
4.734999999999999 1600533335
4.733899999999999 1600533335
4.7351 1600533335
4.734999999999999 1600533335
4.8370999999999995 1600533335
4.8443 1600533335
4.8411 1600533335
4.841 1600533335
4.8382 1600533335
4.837 1600533335
4.8442 1600533335
4.841 1600533335
4.8442 1600533335
4.8254 1600533335
4.8137 1600533335
4.8254 1600533335
4.8112 1600533335
4.8139 1600533335
4.825399999999999 1600533335
4.814 1600533335
4.8128 1600533335
4.8133 1600533335
4.6626 1600533335
4.6527 1600533335
4.7017 1600533335
4.7017 1600533335
4.6625 1600533335
4.6627 1600533335
4.6535 1600533335
4.686100000000001 1600533335
4.6625 1600533335
4.9315 1600533335
4.9163 1600533335
4.915900000000001 1600533335
4.9157 1600533335
4.9165 1600533335
4.9315999999999995 1600533335
4.9152000000000005 1600533335
4.9163 1600533335
4.9315 1600533335
4.8574 1600533335
4.8576999999999995 1600533335
4.8576 1600533335
4.8573 1600533335
4.8578 1600533335
4.8491 1600533335
4.8576999999999995 1600533335
4.8577 1600533335
4.8574 1600533335
4.9386 1600533335
4.9423 1600533335
4.9392 1600533335
4.9426000000000005 1600533335
4.9427 1600533335
4.942200000000001 1600533335
4.9425 1600533335
4.9398 1600533335
4.9428 1600533335
4.8341 1600533335
4.8324 1600533335
4.8324 1600533335
4.8324 1600533335
4.8342 1600533335
4.8342 1600533335
4.832199999999999 1600533335
4.8323 1600533335
4.8137 1600533335
4.8455 1600533335
4.8456 1600533335
4.8458000000000006 1600533335
4.8456 1600533335
4.8455 1600533335
4.8455 1600533335
4.8308 1600533335
4.8452 1600533335
4.8453 1600533335
4.882300000000001 1600533335
4.8823 1600533335
4.8858 1600533335
4.8858 1600533335
4.8822 1600533335
4.8823 1600533335
4.881799999999999 1600533335
4.8819 1600533335
4.8821 1600533335
4.8588 1600533335
4.8549 1600533335
4.854900000000001 1600533335
4.855099999999999 1600533335
4.8469 1600533335
4.854 1600533335
4.855499999999999 1600533335
4.8554 1600533335
4.8558 1600533335
4.9463 1600533335
4.9463 1600533335
4.9539 1600533335
4.944100000000001 1600533335
4.954 1600533335
4.9397 1600533335
4.9372 1600533335
4.954000000000001 1600533335
4.9539 1600533335
4.939 1600533335
4.944599999999999 1600533335
4.9391 1600533335
4.944800000000001 1600533335
4.9447 1600533335
4.9402 1600533335
4.9447 1600533335
4.9426 1600533335
4.942500000000001 1600533335
4.7072 1600533335
4.6816 1600533335
4.6815999999999995 1600533335
4.7598 1600533335
4.7599 1600533335
4.6656 1600533335
4.7071000000000005 1600533335
4.7599 1600533335
4.759799999999999 1600533335
4.7452 1600533335
4.7391000000000005 1600533335
4.7389 1600533335
4.7389 1600533335
4.745100000000001 1600533335
4.745 1600533335
4.745 1600533335
4.739 1600533335
4.7451 1600533335
4.791600000000001 1600533335
4.7851 1600533335
4.784999999999999 1600533335
4.791600000000001 1600533335
4.7916 1600533335
4.785200000000001 1600533335
4.7918 1600533335
4.7847 1600533335
4.7917 1600533335
4.9079 1600533335
4.908 1600533335
4.9079 1600533335
4.9074 1600533335
4.907900000000001 1600533335
4.908 1600533335
4.9079999999999995 1600533335
4.907 1600533335
4.908 1600533335
4.7015 1600533335
4.6858 1600533335
4.6892000000000005 1600533335
4.6843 1600533335
4.689100000000001 1600533335
4.6856 1600533335
4.689100000000001 1600533335
4.6865000000000006 1600533335
4.6864 1600533335
4.8559 1600533335
4.856 1600533335
4.856000000000001 1600533335
4.86 1600533335
4.8559 1600533335
4.8543 1600533335
4.8558 1600533335
4.856 1600533335
4.86 1600533335
4.9144 1600533335
4.9143 1600533335
4.9143 1600533335
4.932799999999999 1600533335
4.9329 1600533335
4.92 1600533335
4.932799999999999 1600533335
4.9147 1600533335
4.9146 1600533335
4.6511 1600533335
4.6508 1600533335
4.6811 1600533335
4.6995 1600533335
4.6814 1600533335
4.6849 1600533335
4.651 1600533335
4.6849 1600533335
4.6568 1600533335
4.8388 1600533335
4.8398 1600533335
4.851 1600533335
4.851 1600533335
4.8508000000000004 1600533335
4.8511 1600533335
4.850899999999999 1600533335
4.8388 1600533335
4.8389 1600533335
4.7021999999999995 1600533335
4.6831 1600533335
4.681699999999999 1600533335
4.7558 1600533335
4.6818 1600533335
4.7557 1600533335
4.7557 1600533335
4.6768 1600533335
4.7557 1600533335
4.7232 1600533335
4.723000000000001 1600533335
4.7126 1600533335
4.7231 1600533335
4.7226 1600533335
4.7231000000000005 1600533335
4.759 1600533335
4.724900000000001 1600533335
4.725 1600533335
4.6723 1600533335
4.6165 1600533335
4.657100000000001 1600533335
4.6147 1600533335
4.6722 1600533335
4.6487 1600533335
4.672199999999999 1600533335
4.6165 1600533335
4.6185 1600533335
4.939 1600533335
4.9387 1600533335
4.939 1600533335
4.9395 1600533335
4.9395999999999995 1600533335
4.938700000000001 1600533335
4.939 1600533335
4.9503 1600533335
4.939 1600533335
4.8913 1600533335
4.8911 1600533335
4.8917 1600533335
4.8918 1600533335
4.8917 1600533335
4.884600000000001 1600533335
4.8918 1600533335
4.8911999999999995 1600533335
4.8916 1600533335
4.9132 1600533335
4.913 1600533335
4.9198 1600533335
4.9131 1600533335
4.9132 1600533335
4.9131 1600533335
4.913 1600533335
4.9132 1600533335
4.9128 1600533335
4.793 1600533335
4.7931 1600533335
4.7929 1600533335
4.7890999999999995 1600533335
4.793 1600533335
4.7891 1600533335
4.7867 1600533335
4.7872 1600533335
4.7869 1600533335
4.866899999999999 1600533335
4.8615 1600533335
4.8614999999999995 1600533335
4.8584000000000005 1600533335
4.8616 1600533335
4.8584000000000005 1600533335
4.8580000000000005 1600533335
4.8586 1600533335
4.8582 1600533335
4.8774 1600533335
4.8782 1600533335
4.8774 1600533335
4.8782 1600533335
4.8782000000000005 1600533335
4.8731 1600533335
4.8782 1600533335
4.8746 1600533335
4.8725 1600533335
4.8015 1600533335
4.806 1600533335
4.814500000000001 1600533335
4.814699999999999 1600533335
4.8058000000000005 1600533335
4.8147 1600533335
4.8014 1600533335
4.8146 1600533335
4.814699999999999 1600533335
4.8389 1600533335
4.829 1600533335
4.838699999999999 1600533335
4.8289 1600533335
4.8388 1600533335
4.839 1600533335
4.8321 1600533335
4.8389 1600533335
4.8286 1600533335
4.9177 1600533335
4.9184 1600533335
4.918500000000001 1600533335
4.9183 1600533335
4.9184 1600533335
4.9183 1600533335
4.9215 1600533335
4.9183 1600533335
4.920100000000001 1600533335
4.8258 1600533335
4.8355 1600533335
4.8368 1600533335
4.8354 1600533335
4.8299 1600533335
4.8355 1600533335
4.8355999999999995 1600533335
4.8257 1600533335
4.8257 1600533335
4.9228 1600533335
4.922700000000001 1600533335
4.922700000000001 1600533335
4.9168 1600533335
4.9249 1600533335
4.925 1600533335
4.9186000000000005 1600533335
4.925 1600533335
4.9424 1600533335
4.7585999999999995 1600533335
4.7588 1600533335
4.7595 1600533335
4.7595 1600533335
4.7595 1600533335
4.7594 1600533335
4.7595 1600533335
4.7591 1600533335
4.7594 1600533335
4.8889000000000005 1600533335
4.8888 1600533335
4.8887 1600533335
4.8883 1600533335
4.8855 1600533335
4.8887 1600533335
4.8886 1600533335
4.888199999999999 1600533335
4.888999999999999 1600533335
4.879 1600533335
4.8868 1600533335
4.8868 1600533335
4.8868 1600533335
4.8869 1600533335
4.8867 1600533335
4.8866 1600533335
4.8869 1600533335
4.8869 1600533335
4.8625 1600533335
4.8622000000000005 1600533335
4.8622 1600533335
4.8626000000000005 1600533335
4.8624 1600533335
4.8624 1600533335
4.8625 1600533335
4.8624 1600533335
4.8625 1600533335
4.8256 1600533335
4.8238 1600533335
4.814500000000001 1600533335
4.8222000000000005 1600533335
4.8321 1600533335
4.8243 1600533335
4.823 1600533335
4.8121 1600533335
4.8232 1600533335
4.8942000000000005 1600533335
4.8955 1600533335
4.8947 1600533335
4.9008 1600533335
4.9008 1600533335
4.8943 1600533335
4.9009 1600533335
4.900799999999999 1600533335
4.8944 1600533335
4.6985 1600533335
4.6987000000000005 1600533335
4.7232 1600533335
4.6987000000000005 1600533335
4.6982 1600533335
4.6985 1600533335
4.6987 1600533335
4.698499999999999 1600533335
4.6985 1600533335
4.9397 1600533335
4.9522 1600533335
4.9522 1600533335
4.9319 1600533335
4.928 1600533335
4.9397 1600533335
4.9281 1600533335
4.927899999999999 1600533335
4.9522 1600533335
4.7158 1600533335
4.7177999999999995 1600533335
4.7611 1600533335
4.702 1600533335
4.7158 1600533335
4.7611 1600533335
4.7183 1600533335
4.7156 1600533335
4.7031 1600533335
4.7783 1600533335
4.7780000000000005 1600533335
4.7894000000000005 1600533335
4.7776000000000005 1600533335
4.7892 1600533335
4.789 1600533335
4.789300000000001 1600533335
4.7894 1600533335
4.7894000000000005 1600533335
4.9449000000000005 1600533335
4.9398 1600533335
4.9399 1600533335
4.9398 1600533335
4.941999999999999 1600533335
4.9398 1600533335
4.944999999999999 1600533335
4.945 1600533335
4.9418 1600533335
4.9236 1600533335
4.9247000000000005 1600533335
4.9409 1600533335
4.9276 1600533335
4.9235 1600533335
4.925 1600533335
4.9275 1600533335
4.9276 1600533335
4.9276 1600533335
4.7044 1600533335
4.649 1600533335
4.657900000000001 1600533335
4.7044 1600533335
4.7092 1600533335
4.7092 1600533335
4.6480999999999995 1600533335
4.6483 1600533335
4.6686 1600533335
4.7512 1600533335
4.7515 1600533335
4.7122 1600533335
4.7257 1600533335
4.7514 1600533335
4.7513 1600533335
4.7515 1600533335
4.7229 1600533335
4.7512 1600533335
4.9546 1600533335
4.9546 1600533335
4.9546 1600533335
4.9546 1600533335
4.9464 1600533335
4.9358 1600533335
4.9546 1600533335
4.9544999999999995 1600533335
4.9463 1600533335
4.6770000000000005 1600533335
4.6771 1600533335
4.659000000000001 1600533335
4.6589 1600533335
4.6415 1600533335
4.646 1600533335
4.6771 1600533335
4.6589 1600533335
4.659 1600533335
4.7565 1600533335
4.75 1600533335
4.7565 1600533335
4.7565 1600533335
4.749899999999999 1600533335
4.7563 1600533335
4.7501 1600533335
4.75 1600533335
4.756600000000001 1600533335
4.6579 1600533335
4.657900000000001 1600533335
4.6472999999999995 1600533335
4.6579 1600533335
4.6474 1600533335
4.6400999999999994 1600533335
4.6288 1600533335
4.639900000000001 1600533335
4.6578 1600533335
4.7314 1600533335
4.7373 1600533335
4.7410000000000005 1600533335
4.7377 1600533335
4.7374 1600533335
4.7376 1600533335
4.7374 1600533335
4.7410000000000005 1600533335
4.7410000000000005 1600533335
4.9459 1600533335
4.946000000000001 1600533335
4.9458 1600533335
4.9513 1600533335
4.9456999999999995 1600533335
4.9458 1600533335
4.9456999999999995 1600533335
4.945799999999999 1600533335
4.9458 1600533335
4.8565 1600533335
4.8563 1600533335
4.8562 1600533335
4.8514 1600533335
4.8561000000000005 1600533335
4.856599999999999 1600533335
4.8565000000000005 1600533335
4.8511 1600533335
4.856599999999999 1600533335
4.8493 1600533335
4.8422 1600533335
4.8492 1600533335
4.8424 1600533335
4.8424 1600533335
4.8424000000000005 1600533335
4.8492 1600533335
4.8493 1600533335
4.8421 1600533335
4.7822 1600533335
4.7947999999999995 1600533335
4.7821 1600533335
4.7947999999999995 1600533335
4.7949 1600533335
4.7947999999999995 1600533335
4.7947999999999995 1600533335
4.7874 1600533335
4.789 1600533335
4.7847 1600533335
4.7846 1600533335
4.7806 1600533335
4.7848 1600533335
4.7708 1600533335
4.7808 1600533335
4.7803 1600533335
4.7847 1600533335
4.7847 1600533335
4.8616 1600533335
4.8584000000000005 1600533335
4.8616 1600533335
4.8616 1600533335
4.8576999999999995 1600533335
4.8586 1600533335
4.8588000000000005 1600533335
4.854500000000001 1600533335
4.8587 1600533335
4.6537 1600533335
4.6846000000000005 1600533335
4.7078 1600533335
4.7079 1600533335
4.6625 1600533335
4.6845 1600533335
4.654100000000001 1600533335
4.662400000000001 1600533335
4.7079 1600533335
4.7539 1600533335
4.7559000000000005 1600533335
4.7559000000000005 1600533335
4.7539 1600533335
4.754 1600533335
4.754 1600533335
4.7454 1600533335
4.7455 1600533335
4.7559000000000005 1600533335
4.7613 1600533335
4.7614 1600533335
4.6623 1600533335
4.6625 1600533335
4.670100000000001 1600533335
4.7614 1600533335
4.7614 1600533335
4.6815 1600533335
4.6624 1600533335
4.8363 1600533335
4.8348 1600533335
4.8262 1600533335
4.8359 1600533335
4.836200000000001 1600533335
4.836200000000001 1600533335
4.836 1600533335
4.8256 1600533335
4.8362 1600533335
4.9405 1600533335
4.9372 1600533335
4.9399999999999995 1600533335
4.9402 1600533335
4.9403 1600533335
4.9405 1600533335
4.9404 1600533335
4.9401 1600533335
4.9386 1600533335
4.9395 1600533335
4.931699999999999 1600533335
4.9317 1600533335
4.9378 1600533335
4.9526 1600533335
4.9395999999999995 1600533335
4.9395 1600533335
4.9317 1600533335
4.9318 1600533335
4.7816 1600533335
4.7916 1600533335
4.7916 1600533335
4.7815 1600533335
4.7917000000000005 1600533335
4.791300000000001 1600533335
4.7916 1600533335
4.7915 1600533335
4.7939 1600533335
4.8811 1600533335
4.868099999999999 1600533335
4.8809000000000005 1600533335
4.880999999999999 1600533335
4.8808 1600533335
4.8682 1600533335
4.8811 1600533335
4.8811 1600533335
4.881 1600533335
4.7733 1600533335
4.7774 1600533335
4.784400000000001 1600533335
4.771 1600533335
4.7774 1600533335
4.7736 1600533335
4.7843 1600533335
4.773499999999999 1600533335
4.7736 1600533335
4.8804 1600533335
4.8782 1600533335
4.8783 1600533335
4.873 1600533335
4.8803 1600533335
4.8783 1600533335
4.8782 1600533335
4.8782000000000005 1600533335
4.8805 1600533335
4.938899999999999 1600533335
4.941999999999999 1600533335
4.9422 1600533335
4.9422 1600533335
4.9418999999999995 1600533335
4.9383 1600533335
4.9424 1600533335
4.9422 1600533335
4.9424 1600533335
4.73 1600533335
4.6601 1600533335
4.7061 1600533335
4.7059999999999995 1600533335
4.6601 1600533335
4.7299999999999995 1600533335
4.7059999999999995 1600533335
4.7059999999999995 1600533335
4.7159 1600533335
4.9352 1600533335
4.9431 1600533335
4.9356 1600533335
4.9353 1600533335
4.9327 1600533335
4.9356 1600533335
4.935700000000001 1600533335
4.9356 1600533335
4.9355 1600533335
4.825200000000001 1600533335
4.8249 1600533335
4.8241 1600533335
4.8253 1600533335
4.8225999999999996 1600533335
4.825 1600533335
4.825200000000001 1600533335
4.8214999999999995 1600533335
4.824999999999999 1600533335
4.879899999999999 1600533335
4.8629999999999995 1600533335
4.8801 1600533335
4.88 1600533335
4.8641 1600533335
4.8801000000000005 1600533335
4.8637 1600533335
4.8687 1600533335
4.8671999999999995 1600533335
4.6955 1600533335
4.6955 1600533335
4.695200000000001 1600533335
4.6825 1600533335
4.692500000000001 1600533335
4.6952 1600533335
4.695200000000001 1600533335
4.6955 1600533335
4.6953000000000005 1600533335
4.704899999999999 1600533335
4.762099999999999 1600533335
4.7043 1600533335
4.7620000000000005 1600533335
4.7621 1600533335
4.6992 1600533335
4.697900000000001 1600533335
4.7620000000000005 1600533335
4.7014000000000005 1600533335
4.918 1600533335
4.918 1600533335
4.918 1600533335
4.9179 1600533335
4.918 1600533335
4.9176 1600533335
4.9224000000000006 1600533335
4.9342 1600533335
4.9181 1600533335
4.6926000000000005 1600533335
4.692 1600533335
4.6913 1600533335
4.746 1600533335
4.6913 1600533335
4.6757 1600533335
4.6914 1600533335
4.7172 1600533335
4.6912 1600533335
4.7046 1600533335
4.708500000000001 1600533335
4.7044999999999995 1600533335
4.7086 1600533335
4.6581 1600533335
4.666600000000001 1600533335
4.708600000000001 1600533335
4.7044999999999995 1600533335
4.7085 1600533335
4.7402 1600533335
4.7401 1600533335
4.740200000000001 1600533335
4.7383999999999995 1600533335
4.7399000000000004 1600533335
4.7399 1600533335
4.7397 1600533335
4.7402 1600533335
4.7385 1600533335
4.819599999999999 1600533335
4.819599999999999 1600533335
4.8196 1600533335
4.8192 1600533335
4.8195 1600533335
4.819599999999999 1600533335
4.819299999999999 1600533335
4.8053 1600533335
4.8054 1600533335
4.9213000000000005 1600533335
4.9208 1600533335
4.919700000000001 1600533335
4.9213 1600533335
4.9213 1600533335
4.9213000000000005 1600533335
4.92 1600533335
4.9199 1600533335
4.9215 1600533335
4.84 1600533335
4.851 1600533335
4.8399 1600533335
4.8481 1600533335
4.8482 1600533335
4.8482 1600533335
4.8424000000000005 1600533335
4.848 1600533335
4.8482 1600533335
4.8363000000000005 1600533335
4.8454999999999995 1600533335
4.8363 1600533335
4.845000000000001 1600533335
4.8455 1600533335
4.8488 1600533335
4.8453 1600533335
4.8449 1600533335
4.8451 1600533335
4.8179 1600533335
4.8179 1600533335
4.8178 1600533335
4.8183 1600533335
4.8103 1600533335
4.8182 1600533335
4.8183 1600533335
4.8184000000000005 1600533335
4.8184 1600533335
4.781599999999999 1600533335
4.7817 1600533335
4.781700000000001 1600533335
4.7813 1600533335
4.7706 1600533335
4.7707 1600533335
4.7816 1600533335
4.781 1600533335
4.7812 1600533335
4.9356 1600533335
4.9501 1600533335
4.949999999999999 1600533335
4.9348 1600533335
4.934699999999999 1600533335
4.9348 1600533335
4.95 1600533335
4.9501 1600533335
4.95 1600533335
4.911300000000001 1600533335
4.9106 1600533335
4.9412 1600533335
4.9116 1600533335
4.911499999999999 1600533335
4.9116 1600533335
4.921 1600533335
4.9113 1600533335
4.9115 1600533335
4.9555 1600533335
4.9491 1600533335
4.949 1600533335
4.9555 1600533335
4.9487 1600533335
4.9555 1600533335
4.9388000000000005 1600533335
4.949 1600533335
4.9555 1600533335
4.6489 1600533335
4.6609 1600533335
4.6622 1600533335
4.6846 1600533335
4.6814 1600533335
4.6488000000000005 1600533335
4.6846 1600533335
4.6833 1600533335
4.6796999999999995 1600533335
4.9351 1600533335
4.9178999999999995 1600533335
4.9179 1600533335
4.935099999999999 1600533335
4.9179 1600533335
4.9178 1600533335
4.9216 1600533335
4.9094 1600533335
4.9178 1600533335
4.748399999999999 1600533335
4.6737 1600533335
4.6533 1600533335
4.6738 1600533335
4.6533 1600533335
4.7484 1600533335
4.6482 1600533335
4.6391 1600533335
4.6533 1600533335
4.9575000000000005 1600533335
4.946400000000001 1600533335
4.957400000000001 1600533335
4.9483 1600533335
4.9463 1600533335
4.939299999999999 1600533335
4.9386 1600533335
4.957400000000001 1600533335
4.957400000000001 1600533335
4.6794 1600533335
4.6365 1600533335
4.6795 1600533335
4.7003 1600533335
4.6796 1600533335
4.7002 1600533335
4.700200000000001 1600533335
4.700200000000001 1600533335
4.6795 1600533335
4.9147 1600533335
4.9207 1600533335
4.9146 1600533335
4.9174999999999995 1600533335
4.939299999999999 1600533335
4.9394 1600533335
4.9395 1600533335
4.9395 1600533335
4.9395 1600533335
4.9271 1600533335
4.934 1600533335
4.9321 1600533335
4.934 1600533335
4.9327000000000005 1600533335
4.9341 1600533335
4.9276 1600533335
4.934 1600533335
4.9341 1600533335
4.9467 1600533335
4.9471 1600533335
4.9369000000000005 1600533335
4.9369000000000005 1600533335
4.9361 1600533335
4.9556000000000004 1600533335
4.9364 1600533335
4.9468 1600533335
4.9556000000000004 1600533335
4.8529 1600533335
4.853000000000001 1600533335
4.8531 1600533335
4.8527000000000005 1600533335
4.8524 1600533335
4.8519000000000005 1600533335
4.8521 1600533335
4.8528 1600533335
4.8525 1600533335
4.7024 1600533335
4.7022 1600533335
4.7023 1600533335
4.7170000000000005 1600533335
4.6979 1600533335
4.7024 1600533335
4.702400000000001 1600533335
4.702 1600533335
4.7021999999999995 1600533335
4.7685 1600533335
4.7789 1600533335
4.779100000000001 1600533335
4.7787999999999995 1600533335
4.768599999999999 1600533335
4.779100000000001 1600533335
4.779 1600533335
4.779 1600533335
4.779 1600533335
4.9278 1600533335
4.9279 1600533335
4.9277999999999995 1600533335
4.9278 1600533335
4.927899999999999 1600533335
4.9277999999999995 1600533335
4.9271 1600533335
4.9279 1600533335
4.9285000000000005 1600533335
4.740399999999999 1600533335
4.7287 1600533335
4.7284 1600533335
4.7402999999999995 1600533335
4.7402 1600533335
4.7282 1600533335
4.7404 1600533335
4.7403 1600533335
4.7404 1600533335
4.930499999999999 1600533335
4.9289000000000005 1600533335
4.9306 1600533335
4.9293000000000005 1600533335
4.9293000000000005 1600533335
4.930400000000001 1600533335
4.9305 1600533335
4.929600000000001 1600533335
4.9305 1600533335
4.9421 1600533335
4.946 1600533335
4.9461 1600533335
4.9423 1600533335
4.946 1600533335
4.9424 1600533335
4.9423 1600533335
4.942399999999999 1600533335
4.9424 1600533335
4.763199999999999 1600533335
4.7277 1600533335
4.7384 1600533335
4.7205 1600533335
4.7278 1600533335
4.763199999999999 1600533335
4.7277000000000005 1600533335
4.7132000000000005 1600533335
4.7631000000000006 1600533335
4.851999999999999 1600533335
4.852600000000001 1600533335
4.852799999999999 1600533335
4.852799999999999 1600533335
4.8616 1600533335
4.852600000000001 1600533335
4.8528 1600533335
4.8364 1600533335
4.853 1600533335
4.7410000000000005 1600533335
4.7294 1600533335
4.7408 1600533335
4.7411 1600533335
4.7409 1600533335
4.7406999999999995 1600533335
4.7408 1600533335
4.7410000000000005 1600533335
4.7409 1600533335
4.8214 1600533335
4.8363 1600533335
4.836 1600533335
4.8365 1600533335
4.836399999999999 1600533335
4.836399999999999 1600533335
4.8362 1600533335
4.8365 1600533335
4.8359000000000005 1600533335
4.701 1600533335
4.7007 1600533335
4.7616000000000005 1600533335
4.7615 1600533335
4.761500000000001 1600533335
4.7615 1600533335
4.7616000000000005 1600533335
4.701 1600533335
4.6926 1600533335
4.7631 1600533335
4.6843 1600533335
4.7631 1600533335
4.7632 1600533335
4.6792 1600533335
4.763199999999999 1600533335
4.6829 1600533335
4.6792 1600533335
4.7632 1600533335
4.7961 1600533335
4.795999999999999 1600533335
4.7957 1600533335
4.796 1600533335
4.7956 1600533335
4.7959 1600533335
4.7959000000000005 1600533335
4.7951 1600533335
4.7961 1600533335
4.6754 1600533335
4.6609 1600533335
4.6754 1600533335
4.6491 1600533335
4.661 1600533335
4.6754 1600533335
4.6491 1600533335
4.6486 1600533335
4.6489 1600533335
4.9458 1600533335
4.940300000000001 1600533335
4.9404 1600533335
4.953 1600533335
4.9402 1600533335
4.9385 1600533335
4.952999999999999 1600533335
4.9403 1600533335
4.9403 1600533335
4.6932 1600533335
4.6931 1600533335
4.6924 1600533335
4.6929 1600533335
4.6925 1600533335
4.6931 1600533335
4.6931 1600533335
4.6927 1600533335
4.6931 1600533335
4.6907000000000005 1600533335
4.690799999999999 1600533335
4.6907 1600533335
4.7212000000000005 1600533335
4.6904 1600533335
4.6908 1600533335
4.690799999999999 1600533335
4.690799999999999 1600533335
4.689900000000001 1600533335
4.7649 1600533335
4.7648 1600533335
4.763 1600533335
4.7558 1600533335
4.7714 1600533335
4.765000000000001 1600533335
4.7647 1600533335
4.7661 1600533335
4.7557 1600533335
4.7935 1600533335
4.8033 1600533335
4.8028 1600533335
4.8035 1600533335
4.8034 1600533335
4.803 1600533335
4.7939 1600533335
4.803299999999999 1600533335
4.8035000000000005 1600533335
4.7495 1600533335
4.7495 1600533335
4.746899999999999 1600533335
4.7455 1600533335
4.7496 1600533335
4.7496 1600533335
4.749700000000001 1600533335
4.7483 1600533335
4.749700000000001 1600533335
4.9235999999999995 1600533335
4.9235 1600533335
4.9234 1600533335
4.9276 1600533335
4.933599999999999 1600533335
4.923 1600533335
4.933599999999999 1600533335
4.923299999999999 1600533335
4.9235999999999995 1600533335
4.8161000000000005 1600533335
4.8161000000000005 1600533335
4.8135 1600533335
4.8118 1600533335
4.818 1600533335
4.8180000000000005 1600533335
4.813 1600533335
4.817900000000001 1600533335
4.816 1600533335
4.9433 1600533335
4.9414 1600533335
4.9434 1600533335
4.9433 1600533335
4.942 1600533335
4.9434000000000005 1600533335
4.9419 1600533335
4.9421 1600533335
4.9434 1600533335
4.9578 1600533335
4.946 1600533335
4.9453 1600533335
4.9377 1600533335
4.9399 1600533335
4.957800000000001 1600533335
4.9578 1600533335
4.9577 1600533335
4.9461 1600533335
4.8779 1600533335
4.8778 1600533335
4.8772 1600533335
4.8774999999999995 1600533335
4.8775 1600533335
4.8769 1600533335
4.8773 1600533335
4.8778999999999995 1600533335
4.8776 1600533335
4.7616 1600533335
4.7615 1600533335
4.7551 1600533335
4.7551000000000005 1600533335
4.7615 1600533335
4.7552 1600533335
4.7614 1600533335
4.7616 1600533335
4.755 1600533335
4.7973 1600533335
4.7970999999999995 1600533335
4.7972 1600533335
4.7971 1600533335
4.7987 1600533335
4.7987 1600533335
4.7956 1600533335
4.7986 1600533335
4.7863999999999995 1600533335
4.646 1600533335
4.646 1600533335
4.6815 1600533335
4.6377 1600533335
4.6461 1600533335
4.681299999999999 1600533335
4.7012 1600533335
4.6813 1600533335
4.719600000000001 1600533335
4.9209 1600533335
4.915 1600533335
4.9153 1600533335
4.9152 1600533335
4.9178 1600533335
4.9178 1600533335
4.9152000000000005 1600533335
4.9154 1600533335
4.9152 1600533335
4.777900000000001 1600533335
4.7774 1600533335
4.7778 1600533335
4.778099999999999 1600533335
4.7778 1600533335
4.7778 1600533335
4.7774 1600533335
4.7779 1600533335
4.7774 1600533335
4.7278 1600533335
4.723999999999999 1600533335
4.761900000000001 1600533335
4.7278 1600533335
4.7278 1600533335
4.723 1600533335
4.724 1600533335
4.7229 1600533335
4.7392 1600533335
4.76 1600533335
4.6947 1600533335
4.76 1600533335
4.6868 1600533335
4.6872 1600533335
4.7218 1600533335
4.6947 1600533335
4.6948 1600533335
4.76 1600533335
4.9415 1600533335
4.9326 1600533335
4.9317 1600533335
4.9315999999999995 1600533335
4.9414 1600533335
4.9248 1600533335
4.9317 1600533335
4.9327 1600533335
4.9318 1600533335
4.8221 1600533335
4.834499999999999 1600533335
4.8385 1600533335
4.8384 1600533335
4.8384 1600533335
4.8381 1600533335
4.8219 1600533335
4.8383 1600533335
4.8384 1600533335
4.9527 1600533335
4.9418 1600533335
4.953 1600533335
4.9358 1600533335
4.9529000000000005 1600533335
4.9529 1600533335
4.953 1600533335
4.9359 1600533335
4.9396 1600533335
4.8753 1600533335
4.8751 1600533335
4.8734 1600533335
4.8754 1600533335
4.8754 1600533335
4.875500000000001 1600533335
4.8745 1600533335
4.8754 1600533335
4.875100000000001 1600533335
4.704 1600533335
4.704 1600533335
4.6705 1600533335
4.6524 1600533335
4.704 1600533335
4.704 1600533335
4.6705000000000005 1600533335
4.704 1600533335
4.685099999999999 1600533335
4.8856 1600533335
4.888599999999999 1600533335
4.885 1600533335
4.8906 1600533335
4.8887 1600533335
4.8885000000000005 1600533335
4.886100000000001 1600533335
4.8906 1600533335
4.8907 1600533335
4.6594 1600533335
4.6528 1600533335
4.6529 1600533335
4.6572 1600533335
4.6697 1600533335
4.6529 1600533335
4.6572 1600533335
4.6696 1600533335
4.6530000000000005 1600533335
4.813 1600533335
4.8059 1600533335
4.8131 1600533335
4.805700000000001 1600533335
4.8131 1600533335
4.8127 1600533335
4.8128 1600533335
4.806 1600533335
4.8130999999999995 1600533335
4.7197000000000005 1600533335
4.7115 1600533335
4.7118 1600533335
4.7089 1600533335
4.711600000000001 1600533335
4.7172 1600533335
4.7101 1600533335
4.7119 1600533335
4.7117 1600533335
4.9031 1600533335
4.9035 1600533335
4.9035 1600533335
4.9036 1600533335
4.9035 1600533335
4.9033 1600533335
4.9032 1600533335
4.9036 1600533335
4.902900000000001 1600533335
4.639500000000001 1600533335
4.6399 1600533335
4.6953000000000005 1600533335
4.7012 1600533335
4.6953000000000005 1600533335
4.639900000000001 1600533335
4.6401 1600533335
4.6953 1600533335
4.6953 1600533335
4.8020000000000005 1600533335
4.8 1600533335
4.7946 1600533335
4.8003 1600533335
4.8001 1600533335
4.8019 1600533335
4.798 1600533335
4.8021 1600533335
4.8020000000000005 1600533335
4.95 1600533335
4.95 1600533335
4.9501 1600533335
4.9501 1600533335
4.9345 1600533335
4.9345 1600533335
4.9501 1600533335
4.95 1600533335
4.9344 1600533335
4.7447 1600533335
4.6954 1600533335
4.7447 1600533335
4.744700000000001 1600533335
4.7172 1600533335
4.709300000000001 1600533335
4.7101999999999995 1600533335
4.7448 1600533335
4.744800000000001 1600533335
4.944 1600533335
4.944 1600533335
4.9458 1600533335
4.937 1600533335
4.937 1600533335
4.9398 1600533335
4.9437999999999995 1600533335
4.944 1600533335
4.945900000000001 1600533335
4.9406 1600533335
4.9487 1600533335
4.9406 1600533335
4.9487000000000005 1600533335
4.9486 1600533335
4.9403999999999995 1600533335
4.9487 1600533335
4.9405 1600533335
4.9486 1600533335
4.8222 1600533335
4.8174 1600533335
4.822100000000001 1600533335
4.8174 1600533335
4.8175 1600533335
4.8221 1600533335
4.8173 1600533335
4.8176 1600533335
4.8174 1600533335
4.9436 1600533335
4.9344 1600533335
4.9436 1600533335
4.9436 1600533335
4.9347 1600533335
4.939500000000001 1600533335
4.9396 1600533335
4.9437 1600533335
4.9346 1600533335
4.785 1600533335
4.7851 1600533335
4.7851 1600533335
4.785100000000001 1600533335
4.7851 1600533335
4.7836 1600533335
4.7851 1600533335
4.785299999999999 1600533335
4.7851 1600533335
4.9399999999999995 1600533335
4.9399999999999995 1600533335
4.9399 1600533335
4.939900000000001 1600533335
4.9453000000000005 1600533335
4.9391 1600533335
4.9398 1600533335
4.9453 1600533335
4.9399 1600533335
4.76 1600533335
4.76 1600533335
4.7064 1600533335
4.7117 1600533335
4.7599 1600533335
4.7599 1600533335
4.6983999999999995 1600533335
4.7599 1600533335
4.7114 1600533335
4.7456000000000005 1600533335
4.7453 1600533335
4.7454 1600533335
4.7444999999999995 1600533335
4.7451 1600533335
4.7454 1600533335
4.7442 1600533335
4.7454 1600533335
4.7453 1600533335
4.774 1600533335
4.7738 1600533335
4.7721 1600533335
4.7739 1600533335
4.7742 1600533335
4.7738000000000005 1600533335
4.7737 1600533335
4.7732 1600533335
4.7738 1600533335
4.8522 1600533335
4.8525 1600533335
4.8514 1600533335
4.8524 1600533335
4.8392 1600533335
4.8525 1600533335
4.8511 1600533335
4.8522 1600533335
4.839700000000001 1600533335
4.9251000000000005 1600533335
4.9251 1600533335
4.925199999999999 1600533335
4.9247000000000005 1600533335
4.9246 1600533335
4.924 1600533335
4.9251000000000005 1600533335
4.925199999999999 1600533335
4.9251000000000005 1600533335
4.7185 1600533335
4.7113000000000005 1600533335
4.7091 1600533335
4.7613 1600533335
4.7112 1600533335
4.761299999999999 1600533335
4.7112 1600533335
4.7111 1600533335
4.7111 1600533335
4.8736 1600533335
4.8739 1600533335
4.8739 1600533335
4.8738 1600533335
4.8726 1600533335
4.873900000000001 1600533335
4.8738 1600533335
4.8736999999999995 1600533335
4.8735 1600533335
4.8097 1600533335
4.8099 1600533335
4.81 1600533335
4.8087 1600533335
4.806100000000001 1600533335
4.8097 1600533335
4.8098 1600533335
4.8086 1600533335
4.8096000000000005 1600533335
4.9423 1600533335
4.947 1600533335
4.947 1600533335
4.9471 1600533335
4.9422999999999995 1600533335
4.9471 1600533335
4.9468 1600533335
4.947100000000001 1600533335
4.9422999999999995 1600533335
4.717 1600533335
4.6885 1600533335
4.688 1600533335
4.6894 1600533335
4.7425 1600533335
4.7078 1600533335
4.6894 1600533335
4.6883 1600533335
4.6894 1600533335
4.7195 1600533335
4.7236 1600533335
4.7505999999999995 1600533335
4.7153 1600533335
4.7505 1600533335
4.7329 1600533335
4.7151000000000005 1600533335
4.7153 1600533335
4.7507 1600533335
4.8178 1600533335
4.8256000000000006 1600533335
4.8256 1600533335
4.8257 1600533335
4.8256 1600533335
4.8178 1600533335
4.819500000000001 1600533335
4.8178 1600533335
4.8185 1600533335
4.8022 1600533335
4.8022 1600533335
4.8022 1600533335
4.7988 1600533335
4.801399999999999 1600533335
4.801699999999999 1600533335
4.8023 1600533335
4.8022 1600533335
4.8023 1600533335
4.8544 1600533335
4.856 1600533335
4.8547 1600533335
4.853800000000001 1600533335
4.8559 1600533335
4.8546000000000005 1600533335
4.856 1600533335
4.8542000000000005 1600533335
4.8559 1600533335
4.8084999999999996 1600533335
4.808599999999999 1600533335
4.7967 1600533335
4.8083 1600533335
4.8083 1600533335
4.8085 1600533335
4.801 1600533335
4.8009 1600533335
4.8085 1600533335
4.7646999999999995 1600533335
4.7646999999999995 1600533335
4.765 1600533335
4.7555000000000005 1600533335
4.765 1600533335
4.765 1600533335
4.7647 1600533335
4.7650999999999994 1600533335
4.7642 1600533335
4.840199999999999 1600533335
4.8389 1600533335
4.840599999999999 1600533335
4.8405000000000005 1600533335
4.840599999999999 1600533335
4.8403 1600533335
4.8401 1600533335
4.8405000000000005 1600533335
4.8405 1600533335
4.8875 1600533335
4.887700000000001 1600533335
4.887499999999999 1600533335
4.8878 1600533335
4.887099999999999 1600533335
4.8876 1600533335
4.8876 1600533335
4.8878 1600533335
4.8868 1600533335
4.8731 1600533335
4.8676 1600533335
4.8747 1600533335
4.8747 1600533335
4.8749 1600533335
4.8748000000000005 1600533335
4.874700000000001 1600533335
4.8748 1600533335
4.874700000000001 1600533335
4.710299999999999 1600533335
4.7101999999999995 1600533335
4.747999999999999 1600533335
4.748 1600533335
4.6966 1600533335
4.748 1600533335
4.710299999999999 1600533335
4.7101999999999995 1600533335
4.7102 1600533335
4.7418000000000005 1600533335
4.7401 1600533335
4.7402 1600533335
4.7399 1600533335
4.7404 1600533335
4.7404 1600533335
4.7402999999999995 1600533335
4.7262 1600533335
4.740399999999999 1600533335
4.7993999999999994 1600533335
4.789199999999999 1600533335
4.7994 1600533335
4.7995 1600533335
4.7992 1600533335
4.7891 1600533335
4.799300000000001 1600533335
4.7996 1600533335
4.7891 1600533335
4.9351 1600533335
4.937600000000001 1600533335
4.9366 1600533335
4.9351 1600533335
4.9375 1600533335
4.9394 1600533335
4.9392000000000005 1600533335
4.9399 1600533335
4.9393 1600533335
4.7185999999999995 1600533335
4.7276 1600533335
4.7185 1600533335
4.718800000000001 1600533335
4.7168 1600533335
4.7182 1600533335
4.7185 1600533335
4.7186 1600533335
4.7053 1600533335
4.8493 1600533335
4.8465 1600533335
4.8491 1600533335
4.848999999999999 1600533335
4.8462000000000005 1600533335
4.849 1600533335
4.8488999999999995 1600533335
4.8462000000000005 1600533335
4.846500000000001 1600533335
4.8609 1600533335
4.8615 1600533335
4.8684 1600533335
4.8683 1600533335
4.8599000000000006 1600533335
4.8598 1600533335
4.8792 1600533335
4.8586 1600533335
4.8667 1600533335
4.7034 1600533335
4.7033 1600533335
4.6854 1600533335
4.682600000000001 1600533335
4.6824 1600533335
4.7034 1600533335
4.7033000000000005 1600533335
4.6827 1600533335
4.6873000000000005 1600533335
4.7199 1600533335
4.7312 1600533335
4.7324 1600533335
4.7264 1600533335
4.725899999999999 1600533335
4.7238999999999995 1600533335
4.7259 1600533335
4.7259 1600533335
4.7188 1600533335
4.938300000000001 1600533335
4.9383 1600533335
4.9383 1600533335
4.9036 1600533335
4.9093 1600533335
4.9091000000000005 1600533335
4.9094 1600533335
4.9383 1600533335
4.9383 1600533335
4.7868 1600533335
4.7867 1600533335
4.7864 1600533335
4.7867999999999995 1600533335
4.7869 1600533335
4.7869 1600533335
4.7863 1600533335
4.7863 1600533335
4.787 1600533335
4.726 1600533335
4.7264 1600533335
4.7264 1600533335
4.7263 1600533335
4.7297 1600533335
4.7296000000000005 1600533335
4.7261999999999995 1600533335
4.7297 1600533335
4.7263 1600533335
4.843 1600533335
4.8388 1600533335
4.835 1600533335
4.8388 1600533335
4.8325000000000005 1600533335
4.8307 1600533335
4.842899999999999 1600533335
4.835 1600533335
4.835 1600533335
4.698099999999999 1600533335
4.6981 1600533335
4.7228 1600533335
4.698099999999999 1600533335
4.691800000000001 1600533335
4.6981 1600533335
4.717 1600533335
4.6985 1600533335
4.7171 1600533335
4.9426 1600533335
4.9338 1600533335
4.9298 1600533335
4.9300999999999995 1600533335
4.9338 1600533335
4.9299 1600533335
4.93 1600533335
4.9338 1600533335
4.93 1600533335
4.749099999999999 1600533335
4.7528999999999995 1600533335
4.7393 1600533335
4.7491 1600533335
4.7491 1600533335
4.7528999999999995 1600533335
4.7492 1600533335
4.7492 1600533335
4.7492 1600533335
4.9357 1600533335
4.936100000000001 1600533335
4.9295 1600533335
4.936000000000001 1600533335
4.9361 1600533335
4.9362 1600533335
4.9361999999999995 1600533335
4.9525 1600533335
4.939100000000001 1600533335
4.9421 1600533335
4.9421 1600533335
4.9371 1600533335
4.942 1600533335
4.9383 1600533335
4.9383 1600533335
4.9421 1600533335
4.9395 1600533335
4.9395999999999995 1600533335
4.7825 1600533335
4.7715000000000005 1600533335
4.7825 1600533335
4.7804 1600533335
4.782500000000001 1600533335
4.780200000000001 1600533335
4.7809 1600533335
4.7807 1600533335
4.7825999999999995 1600533335
4.7683 1600533335
4.7682 1600533335
4.7712 1600533335
4.7609 1600533335
4.7681000000000004 1600533335
4.7683 1600533335
4.7684 1600533335
4.7683 1600533335
4.7682 1600533335
4.7732 1600533335
4.7796 1600533335
4.773499999999999 1600533335
4.7734000000000005 1600533335
4.7795000000000005 1600533335
4.7666 1600533335
4.7678 1600533335
4.7796 1600533335
4.7797 1600533335
4.8481 1600533335
4.8529 1600533335
4.8485000000000005 1600533335
4.8485000000000005 1600533335
4.8529 1600533335
4.8484 1600533335
4.8528 1600533335
4.8483 1600533335
4.839 1600533335
4.9106000000000005 1600533335
4.9359 1600533335
4.9108 1600533335
4.9106 1600533335
4.909999999999999 1600533335
4.9108 1600533335
4.92 1600533335
4.910900000000001 1600533335
4.9199 1600533335
4.7443 1600533335
4.744199999999999 1600533335
4.7442 1600533335
4.7464 1600533335
4.7466 1600533335
4.7466 1600533335
4.748600000000001 1600533335
4.7485 1600533335
4.7440999999999995 1600533335
4.687 1600533335
4.6869000000000005 1600533335
4.627 1600533335
4.6319 1600533335
4.6869000000000005 1600533335
4.6198 1600533335
4.6319 1600533335
4.6869 1600533335
4.627 1600533335
4.6732000000000005 1600533335
4.6565 1600533335
4.649500000000001 1600533335
4.6499 1600533335
4.673100000000001 1600533335
4.6498 1600533335
4.6732000000000005 1600533335
4.6611 1600533335
4.6731 1600533335
4.8972999999999995 1600533335
4.8973 1600533335
4.8972 1600533335
4.8974 1600533335
4.8968 1600533335
4.8971 1600533335
4.903 1600533335
4.896999999999999 1600533335
4.897 1600533335
4.7043 1600533335
4.6965 1600533335
4.704400000000001 1600533335
4.696 1600533335
4.7043 1600533335
4.6967 1600533335
4.704 1600533335
4.704 1600533335
4.704400000000001 1600533335
4.7101 1600533335
4.7608 1600533335
4.7101 1600533335
4.7178 1600533335
4.7607 1600533335
4.7101 1600533335
4.71 1600533335
4.708200000000001 1600533335
4.7101999999999995 1600533335
4.8071 1600533335
4.8072 1600533335
4.8069999999999995 1600533335
4.8067 1600533335
4.8068 1600533335
4.8071 1600533335
4.8069999999999995 1600533335
4.807 1600533335
4.8065999999999995 1600533335
4.7443 1600533335
4.744199999999999 1600533335
4.7312 1600533335
4.744 1600533335
4.7443 1600533335
4.7441 1600533335
4.7434 1600533335
4.7437000000000005 1600533335
4.7441 1600533335
4.7085 1600533335
4.6555 1600533335
4.6556999999999995 1600533335
4.6854 1600533335
4.6569 1600533335
4.6855 1600533335
4.682600000000001 1600533335
4.6558 1600533335
4.7085 1600533335
4.7556 1600533335
4.7557 1600533335
4.7556 1600533335
4.7556 1600533335
4.7556 1600533335
4.755199999999999 1600533335
4.7557 1600533335
4.7557 1600533335
4.742 1600533335
4.899900000000001 1600533335
4.9 1600533335
4.8997 1600533335
4.8980999999999995 1600533335
4.8999 1600533335
4.8999999999999995 1600533335
4.9001 1600533335
4.8989 1600533335
4.8979 1600533335
4.69 1600533335
4.7216000000000005 1600533335
4.6826 1600533335
4.7216000000000005 1600533335
4.6852 1600533335
4.6831 1600533335
4.7097999999999995 1600533335
4.6878 1600533335
4.6839 1600533335
4.9133 1600533335
4.920599999999999 1600533335
4.9133000000000004 1600533335
4.9444 1600533335
4.944500000000001 1600533335
4.913399999999999 1600533335
4.9188 1600533335
4.9133 1600533335
4.944500000000001 1600533335
4.9262 1600533335
4.9261 1600533335
4.9083 1600533335
4.9254999999999995 1600533335
4.925400000000001 1600533335
4.9261 1600533335
4.9254 1600533335
4.9211 1600533335
4.9241 1600533335
4.9423 1600533335
4.9456 1600533335
4.9403 1600533335
4.9392 1600533335
4.9424 1600533335
4.9424 1600533335
4.9457 1600533335
4.9456 1600533335
4.9457 1600533335
4.7521 1600533335
4.6777 1600533335
4.716799999999999 1600533335
4.6747000000000005 1600533335
4.6996 1600533335
4.6824 1600533335
4.6849 1600533335
4.7521 1600533335
4.6749 1600533335
4.9188 1600533335
4.919300000000001 1600533335
4.9194 1600533335
4.920400000000001 1600533335
4.9194 1600533335
4.9184 1600533335
4.934 1600533335
4.9193999999999996 1600533335
4.9194 1600533335
4.910299999999999 1600533335
4.9107 1600533335
4.9105 1600533335
4.9105 1600533335
4.92 1600533335
4.9106000000000005 1600533335
4.9107 1600533335
4.9106 1600533335
4.9098999999999995 1600533335
4.6708 1600533335
4.6709 1600533335
4.6628 1600533335
4.6709000000000005 1600533335
4.6836 1600533335
4.6709 1600533335
4.6709 1600533335
4.6709 1600533335
4.6708 1600533335
4.8383 1600533335
4.8381 1600533335
4.8383 1600533335
4.846299999999999 1600533335
4.846299999999999 1600533335
4.8463 1600533335
4.8382 1600533335
4.8293 1600533335
4.8382000000000005 1600533335
4.703 1600533335
4.6823 1600533335
4.6604 1600533335
4.6603 1600533335
4.674200000000001 1600533335
4.703 1600533335
4.6857 1600533335
4.674 1600533335
4.6716 1600533335
4.8689 1600533335
4.869 1600533335
4.8689 1600533335
4.8691 1600533335
4.8787 1600533335
4.8637 1600533335
4.8787 1600533335
4.8662 1600533335
4.8689 1600533335
4.7519 1600533335
4.7517 1600533335
4.7516 1600533335
4.751799999999999 1600533335
4.7457 1600533335
4.7512 1600533335
4.7518 1600533335
4.752 1600533335
4.7517000000000005 1600533335
4.8325000000000005 1600533335
4.8387 1600533335
4.8328 1600533335
4.833 1600533335
4.8415 1600533335
4.838699999999999 1600533335
4.8387 1600533335
4.8415 1600533335
4.8326 1600533335
4.7646 1600533335
4.764399999999999 1600533335
4.7589999999999995 1600533335
4.7645 1600533335
4.7645 1600533335
4.7584 1600533335
4.7591 1600533335
4.7591 1600533335
4.7645 1600533335
4.6679 1600533335
4.7078999999999995 1600533335
4.6677 1600533335
4.6678 1600533335
4.7078 1600533335
4.6678 1600533335
4.6502 1600533335
4.7078999999999995 1600533335
4.6678 1600533335
4.8135 1600533335
4.8132 1600533335
4.8206999999999995 1600533335
4.813 1600533335
4.8208 1600533335
4.8209 1600533335
4.8159 1600533335
4.8135 1600533335
4.8131 1600533335
4.9063 1600533335
4.8988000000000005 1600533335
4.9063 1600533335
4.9062 1600533335
4.9061 1600533335
4.8985 1600533335
4.9063 1600533335
4.9063 1600533335
4.8985 1600533335
4.9395999999999995 1600533335
4.9514 1600533335
4.9332 1600533335
4.9395999999999995 1600533335
4.9276 1600533335
4.9277 1600533335
4.9286 1600533335
4.9332 1600533335
4.933199999999999 1600533335
4.909 1600533335
4.9091 1600533335
4.9088 1600533335
4.9201 1600533335
4.935300000000001 1600533335
4.920100000000001 1600533335
4.9089 1600533335
4.9092 1600533335
4.9201999999999995 1600533335
4.949 1600533335
4.9378 1600533335
4.9488 1600533335
4.9491 1600533335
4.949000000000001 1600533335
4.9373000000000005 1600533335
4.9478 1600533335
4.9441999999999995 1600533335
4.9399 1600533335
4.9205000000000005 1600533335
4.9195 1600533335
4.9204 1600533335
4.9206 1600533335
4.9335 1600533335
4.9207 1600533335
4.9205 1600533335
4.9334 1600533335
4.9335 1600533335
4.8286999999999995 1600533335
4.8286 1600533335
4.8283000000000005 1600533335
4.8172 1600533335
4.8154 1600533335
4.8283000000000005 1600533335
4.8283 1600533335
4.8285 1600533335
4.8198 1600533335
4.9195 1600533335
4.9184 1600533335
4.9208 1600533335
4.9184 1600533335
4.9207 1600533335
4.9207 1600533335
4.9209 1600533335
4.920599999999999 1600533335
4.9209 1600533335
4.888199999999999 1600533335
4.8877 1600533335
4.8875 1600533335
4.8878 1600533335
4.881200000000001 1600533335
4.8875 1600533335
4.8806 1600533335
4.8889000000000005 1600533335
4.8876 1600533335
4.9022 1600533335
4.9030000000000005 1600533335
4.9038 1600533335
4.904 1600533335
4.9039 1600533335
4.904100000000001 1600533335
4.904 1600533335
4.904 1600533335
4.904 1600533335
4.8098 1600533335
4.8096 1600533335
4.8099 1600533335
4.809699999999999 1600533335
4.7982 1600533335
4.809799999999999 1600533335
4.8098 1600533335
4.8095 1600533335
4.7981 1600533335
4.9323 1600533335
4.9432 1600533335
4.9331 1600533335
4.9432 1600533335
4.9343 1600533335
4.9396 1600533335
4.9331 1600533335
4.9433 1600533335
4.9508 1600533335
4.758500000000001 1600533335
4.7595 1600533335
4.7594 1600533335
4.7653 1600533335
4.758900000000001 1600533335
4.7592 1600533335
4.7591 1600533335
4.7591 1600533335
4.7594 1600533335
4.9049 1600533335
4.9052 1600533335
4.9054 1600533335
4.9052999999999995 1600533335
4.9054 1600533335
4.9052999999999995 1600533335
4.905399999999999 1600533335
4.9045000000000005 1600533335
4.9052999999999995 1600533335
4.6748 1600533335
4.6959 1600533335
4.6578 1600533335
4.6578 1600533335
4.6496 1600533335
4.696 1600533335
4.6747 1600533335
4.6959 1600533335
4.6497 1600533335
4.6847 1600533335
4.7594 1600533335
4.7594 1600533335
4.7047 1600533335
4.6706 1600533335
4.7594 1600533335
4.678 1600533335
4.7047 1600533335
4.759399999999999 1600533335
4.799 1600533335
4.799099999999999 1600533335
4.788399999999999 1600533335
4.787100000000001 1600533335
4.7991 1600533335
4.7992 1600533335
4.799 1600533335
4.799099999999999 1600533335
4.7993 1600533335
4.9350000000000005 1600533335
4.9349 1600533335
4.9254999999999995 1600533335
4.9349 1600533335
4.9349 1600533335
4.9264 1600533335
4.9239 1600533335
4.9264 1600533335
4.9264 1600533335
4.9575 1600533335
4.9385 1600533335
4.936800000000001 1600533335
4.957599999999999 1600533335
4.9478 1600533335
4.9449 1600533335
4.944999999999999 1600533335
4.6345 1600533335
4.957599999999999 1600533335
4.6772 1600533335
4.7066 1600533335
4.7065 1600533335
4.7065 1600533335
4.7065 1600533335
4.7066 1600533335
4.6588 1600533335
4.659 1600533335
4.6591 1600533335
4.719 1600533335
4.7199 1600533335
4.72 1600533335
4.720000000000001 1600533335
4.72 1600533335
4.720000000000001 1600533335
4.7185 1600533335
4.719600000000001 1600533335
4.72 1600533335
4.8836 1600533335
4.8845 1600533335
4.8867 1600533335
4.8834 1600533335
4.8845 1600533335
4.8847 1600533335
4.8847 1600533335
4.8837 1600533335
4.8844 1600533335
4.830699999999999 1600533335
4.8176 1600533335
4.8174 1600533335
4.815 1600533335
4.8176 1600533335
4.8148 1600533335
4.8308 1600533335
4.814900000000001 1600533335
4.8307 1600533335
4.8018 1600533335
4.8018 1600533335
4.788600000000001 1600533335
4.8021 1600533335
4.8015 1600533335
4.8015 1600533335
4.802 1600533335
4.8021 1600533335
4.802 1600533335
4.7696 1600533335
4.7635000000000005 1600533335
4.7658000000000005 1600533335
4.7634 1600533335
4.7633 1600533335
4.7696 1600533335
4.7519 1600533335
4.763299999999999 1600533335
4.7696000000000005 1600533335
4.6739999999999995 1600533335
4.633400000000001 1600533335
4.6497 1600533335
4.673900000000001 1600533335
4.7056000000000004 1600533335
4.7055 1600533335
4.7012 1600533335
4.7055 1600533335
4.674 1600533335
4.8968 1600533335
4.8966 1600533335
4.8972 1600533335
4.897200000000001 1600533335
4.8975 1600533335
4.897399999999999 1600533335
4.8966 1600533335
4.8972999999999995 1600533335
4.8972 1600533335
4.7604 1600533335
4.7726 1600533335
4.7725 1600533335
4.777500000000001 1600533335
4.7724 1600533335
4.7775 1600533335
4.772600000000001 1600533335
4.7715 1600533335
4.772200000000001 1600533335
4.7482999999999995 1600533335
4.748200000000001 1600533335
4.748399999999999 1600533335
4.7484 1600533335
4.7482 1600533335
4.7484 1600533335
4.7484 1600533335
4.7482 1600533335
4.7344 1600533335
4.9032 1600533335
4.902500000000001 1600533335
4.9007 1600533335
4.9028 1600533335
4.9019 1600533335
4.9029 1600533335
4.903300000000001 1600533335
4.903 1600533335
4.9032 1600533335
4.8548 1600533335
4.8556 1600533335
4.8558 1600533335
4.8557 1600533335
4.8417 1600533335
4.8491 1600533335
4.855700000000001 1600533335
4.855300000000001 1600533335
4.855700000000001 1600533335
4.863300000000001 1600533335
4.8633999999999995 1600533335
4.8628 1600533335
4.8685 1600533335
4.8633 1600533335
4.8633 1600533335
4.8803 1600533335
4.8803 1600533335
4.8489 1600533335
4.7379 1600533335
4.7255 1600533335
4.7255 1600533335
4.7254 1600533335
4.7282 1600533335
4.7249 1600533335
4.725499999999999 1600533335
4.728300000000001 1600533335
4.724200000000001 1600533335
4.8906 1600533335
4.89 1600533335
4.8906 1600533335
4.8902 1600533335
4.8819 1600533335
4.882000000000001 1600533335
4.8906 1600533335
4.8904000000000005 1600533335
4.882099999999999 1600533335
4.8304 1600533335
4.8302000000000005 1600533335
4.830299999999999 1600533335
4.8304 1600533335
4.8305 1600533335
4.8297 1600533335
4.8299 1600533335
4.8304 1600533335
4.8298 1600533335
4.7443 1600533335
4.7443 1600533335
4.7346 1600533335
4.7444999999999995 1600533335
4.7445 1600533335
4.7445 1600533335
4.7441 1600533335
4.744400000000001 1600533335
4.7443 1600533335
4.7715 1600533335
4.7728 1600533335
4.7729 1600533335
4.7584 1600533335
4.7726999999999995 1600533335
4.773000000000001 1600533335
4.7724 1600533335
4.7731 1600533335
4.7724 1600533335
4.7445 1600533335
4.7445 1600533335
4.7445 1600533335
4.7349000000000006 1600533335
4.744599999999999 1600533335
4.7348 1600533335
4.7442 1600533335
4.734999999999999 1600533335
4.7435 1600533335
4.7354 1600533335
4.7353000000000005 1600533335
4.7353000000000005 1600533335
4.7251 1600533335
4.7329 1600533335
4.7347 1600533335
4.7232 1600533335
4.7353 1600533335
4.7353 1600533335
4.9239 1600533335
4.9237 1600533335
4.9241 1600533335
4.9239999999999995 1600533335
4.9239999999999995 1600533335
4.923900000000001 1600533335
4.9239999999999995 1600533335
4.927 1600533335
4.9241 1600533335
4.8918 1600533335
4.8917 1600533335
4.8915999999999995 1600533335
4.8918 1600533335
4.8904 1600533335
4.8911 1600533335
4.8914 1600533335
4.8917 1600533335
4.8916 1600533335
4.7726 1600533335
4.7729 1600533335
4.7724 1600533335
4.772600000000001 1600533335
4.7849 1600533335
4.7628 1600533335
4.7849 1600533335
4.7849 1600533335
4.7848999999999995 1600533335
4.7041 1600533335
4.6815999999999995 1600533335
4.704 1600533335
4.6687 1600533335
4.6539 1600533335
4.6687 1600533335
4.704 1600533335
4.6688 1600533335
4.6815999999999995 1600533335
4.7101 1600533335
4.7104 1600533335
4.7509 1600533335
4.7508 1600533335
4.750900000000001 1600533335
4.7008 1600533335
4.7104 1600533335
4.750900000000001 1600533335
4.7104 1600533335
4.9247 1600533335
4.9395999999999995 1600533335
4.9277999999999995 1600533335
4.939500000000001 1600533335
4.9395 1600533335
4.9396 1600533335
4.9277 1600533335
4.9395 1600533335
4.9395 1600533335
4.7347 1600533335
4.7341 1600533335
4.7344 1600533335
4.7347 1600533335
4.7341 1600533335
4.7347 1600533335
4.7348 1600533335
4.7346 1600533335
4.7347 1600533335
4.769 1600533335
4.7749 1600533335
4.7689 1600533335
4.774900000000001 1600533335
4.762300000000001 1600533335
4.769 1600533335
4.769 1600533335
4.7688999999999995 1600533335
4.769 1600533335
4.878500000000001 1600533335
4.8736 1600533335
4.8785 1600533335
4.8786 1600533335
4.8786 1600533335
4.8782 1600533335
4.8736 1600533335
4.8784 1600533335
4.8784 1600533335
4.8484 1600533335
4.8463 1600533335
4.8368 1600533335
4.8483 1600533335
4.8521 1600533335
4.836200000000001 1600533335
4.8521 1600533335
4.846299999999999 1600533335
4.8463 1600533335
4.7082 1600533335
4.746300000000001 1600533335
4.707800000000001 1600533335
4.7204 1600533335
4.7463 1600533335
4.7081 1600533335
4.708200000000001 1600533335
4.708200000000001 1600533335
4.7082999999999995 1600533335
4.7162999999999995 1600533335
4.7581 1600533335
4.7218 1600533335
4.728899999999999 1600533335
4.7216 1600533335
4.7215 1600533335
4.7216000000000005 1600533335
4.7217 1600533335
4.7209 1600533335
4.936 1600533335
4.9265 1600533335
4.927899999999999 1600533335
4.9277999999999995 1600533335
4.9279 1600533335
4.936 1600533335
4.9262 1600533335
4.935899999999999 1600533335
4.9327000000000005 1600533335
4.9397 1600533335
4.940099999999999 1600533335
4.9399999999999995 1600533335
4.9399999999999995 1600533335
4.9399 1600533335
4.9439 1600533335
4.9439 1600533335
4.944 1600533335
4.9401 1600533335
4.8464 1600533335
4.8392 1600533335
4.8462000000000005 1600533335
4.8504000000000005 1600533335
4.8462 1600533335
4.8464 1600533335
4.8506 1600533335
4.8392 1600533335
4.8393 1600533335
4.9236 1600533335
4.9235999999999995 1600533335
4.947 1600533335
4.922199999999999 1600533335
4.947 1600533335
4.9223 1600533335
4.9276 1600533335
4.9277 1600533335
4.9277 1600533335
4.8188 1600533335
4.8146 1600533335
4.8156 1600533335
4.8186 1600533335
4.8161 1600533335
4.8041 1600533335
4.8147 1600533335
4.8189 1600533335
4.8171 1600533335
4.9327000000000005 1600533335
4.931900000000001 1600533335
4.9327 1600533335
4.9309 1600533335
4.9319 1600533335
4.9394 1600533335
4.9321 1600533335
4.9319999999999995 1600533335
4.9393 1600533335
4.7059 1600533335
4.7063999999999995 1600533335
4.7062 1600533335
4.706099999999999 1600533335
4.705100000000001 1600533335
4.706099999999999 1600533335
4.7062 1600533335
4.7157 1600533335
4.7062 1600533335
4.8742 1600533335
4.874 1600533335
4.8739 1600533335
4.8735 1600533335
4.8742 1600533335
4.8764 1600533335
4.8743 1600533335
4.8742 1600533335
4.8764 1600533335
4.904599999999999 1600533335
4.903700000000001 1600533335
4.9036 1600533335
4.9046 1600533335
4.904599999999999 1600533335
4.9036 1600533335
4.9096 1600533335
4.9036 1600533335
4.898 1600533335
4.6566 1600533335
4.6811 1600533335
4.6567 1600533335
4.6568000000000005 1600533335
4.6566 1600533335
4.7075 1600533335
4.6563 1600533335
4.6811 1600533335
4.6563 1600533335
4.6906 1600533335
4.7039 1600533335
4.704 1600533335
4.7077 1600533335
4.723199999999999 1600533335
4.7042 1600533335
4.7171 1600533335
4.7076 1600533335
4.7041 1600533335
4.7757 1600533335
4.7753 1600533335
4.7758 1600533335
4.776 1600533335
4.7759 1600533335
4.7754 1600533335
4.775200000000001 1600533335
4.7759 1600533335
4.7758 1600533335
4.7202 1600533335
4.720700000000001 1600533335
4.717 1600533335
4.7166 1600533335
4.716399999999999 1600533335
4.7208000000000006 1600533335
4.7108 1600533335
4.7207 1600533335
4.7202 1600533335
4.726 1600533335
4.7261999999999995 1600533335
4.7283 1600533335
4.7258 1600533335
4.739 1600533335
4.7261 1600533335
4.7252 1600533335
4.728400000000001 1600533335
4.7263 1600533335
4.9459 1600533335
4.9418999999999995 1600533335
4.9382 1600533335
4.9458 1600533335
4.9458 1600533335
4.9388 1600533335
4.9458 1600533335
4.9458 1600533335
4.9457 1600533335
4.8154 1600533335
4.8211 1600533335
4.8116 1600533335
4.8073 1600533335
4.8151 1600533335
4.8115 1600533335
4.8111999999999995 1600533335
4.8099 1600533335
4.8088 1600533335
4.9056999999999995 1600533335
4.9058 1600533335
4.906 1600533335
4.9059 1600533335
4.906 1600533335
4.9059 1600533335
4.906000000000001 1600533335
4.9053 1600533335
4.9060999999999995 1600533335
4.7027 1600533335
4.7025999999999994 1600533335
4.7027 1600533335
4.6606 1600533335
4.7027 1600533335
4.6852 1600533335
4.6613 1600533335
4.7027 1600533335
4.6613 1600533335
4.8763 1600533335
4.8856 1600533335
4.8763000000000005 1600533335
4.8857 1600533335
4.8764 1600533335
4.8775 1600533335
4.8764 1600533335
4.876399999999999 1600533335
4.8775 1600533335
4.6278 1600533335
4.6122000000000005 1600533335
4.6122000000000005 1600533335
4.6124 1600533335
4.6821 1600533335
4.682200000000001 1600533335
4.6713 1600533335
4.652699999999999 1600533335
4.6571 1600533335
4.7947999999999995 1600533335
4.795 1600533335
4.7949 1600533335
4.7948 1600533335
4.7949 1600533335
4.7949 1600533335
4.793900000000001 1600533335
4.7943999999999996 1600533335
4.795 1600533335
4.9423 1600533335
4.939699999999999 1600533335
4.9407000000000005 1600533335
4.9425 1600533335
4.9425 1600533335
4.9422 1600533335
4.9425 1600533335
4.942399999999999 1600533335
4.9423 1600533335
4.8212 1600533335
4.8207 1600533335
4.8092999999999995 1600533335
4.821 1600533335
4.8211 1600533335
4.8214 1600533335
4.8213 1600533335
4.8213 1600533335
4.821300000000001 1600533335
4.7752 1600533335
4.7748 1600533335
4.7752 1600533335
4.775 1600533335
4.7735 1600533335
4.7736 1600533335
4.7751 1600533335
4.7744 1600533335
4.775 1600533335
4.9285000000000005 1600533335
4.9284 1600533335
4.9229 1600533335
4.9285000000000005 1600533335
4.9285 1600533335
4.9276 1600533335
4.928100000000001 1600533335
4.9279 1600533335
4.9281999999999995 1600533335
4.9359 1600533335
4.9315 1600533335
4.9359 1600533335
4.9324 1600533335
4.9359 1600533335
4.932200000000001 1600533335
4.9359 1600533335
4.9227 1600533335
4.9325 1600533335
4.7279 1600533335
4.720400000000001 1600533335
4.7368 1600533335
4.7059 1600533335
4.7279 1600533335
4.7279 1600533335
4.709899999999999 1600533335
4.7279 1600533335
4.746600000000001 1600533335
4.694500000000001 1600533335
4.695 1600533335
4.6948 1600533335
4.7494000000000005 1600533335
4.6949 1600533335
4.6841 1600533335
4.695 1600533335
4.7495 1600533335
4.7494000000000005 1600533335
4.7036 1600533335
4.753 1600533335
4.753 1600533335
4.7528999999999995 1600533335
4.703799999999999 1600533335
4.7039 1600533335
4.7033 1600533335
4.703799999999999 1600533335
4.7039 1600533335
4.9086 1600533335
4.9091 1600533335
4.908 1600533335
4.9091 1600533335
4.9088 1600533335
4.9092 1600533335
4.9091 1600533335
4.9091000000000005 1600533335
4.9087000000000005 1600533335
4.7727 1600533335
4.7726999999999995 1600533335
4.7666 1600533335
4.7586 1600533335
4.7665999999999995 1600533335
4.7649 1600533335
4.7611 1600533335
4.7666 1600533335
4.761 1600533335
4.8731 1600533335
4.8729 1600533335
4.8725 1600533335
4.8731 1600533335
4.8725 1600533335
4.8772 1600533335
4.8729 1600533335
4.8732 1600533335
4.8731 1600533335
4.8945 1600533335
4.8949 1600533335
4.894900000000001 1600533335
4.8949 1600533335
4.8870000000000005 1600533335
4.8949 1600533335
4.8947 1600533335
4.8872 1600533335
4.8951 1600533335
4.690200000000001 1600533335
4.7158 1600533335
4.7592 1600533335
4.6866 1600533335
4.6865 1600533335
4.6864 1600533335
4.6904 1600533335
4.759200000000001 1600533335
4.6903999999999995 1600533335
4.706099999999999 1600533335
4.7063 1600533335
4.695799999999999 1600533335
4.739 1600533335
4.7391 1600533335
4.7063 1600533335
4.739 1600533335
4.7065 1600533335
4.7065 1600533335
4.8163 1600533335
4.8168 1600533335
4.8165 1600533335
4.8166 1600533335
4.8167 1600533335
4.8164 1600533335
4.8168999999999995 1600533335
4.8167 1600533335
4.816800000000001 1600533335
4.8325000000000005 1600533335
4.8147 1600533335
4.8326 1600533335
4.8282 1600533335
4.828200000000001 1600533335
4.8326 1600533335
4.8279000000000005 1600533335
4.8325000000000005 1600533335
4.827999999999999 1600533335
4.7995 1600533335
4.7999 1600533335
4.7995 1600533335
4.799300000000001 1600533335
4.7997000000000005 1600533335
4.7997000000000005 1600533335
4.7997 1600533335
4.795 1600533335
4.7998 1600533335
4.8916 1600533335
4.8915999999999995 1600533335
4.893800000000001 1600533335
4.893800000000001 1600533335
4.8916 1600533335
4.8914 1600533335
4.8903 1600533335
4.890000000000001 1600533335
4.8916 1600533335
4.8048 1600533335
4.7943 1600533335
4.8049 1600533335
4.8044 1600533335
4.8051 1600533335
4.7946 1600533335
4.805 1600533335
4.8049 1600533335
4.8046 1600533335
4.8448 1600533335
4.8346 1600533335
4.8344000000000005 1600533335
4.8343 1600533335
4.8388 1600533335
4.8448 1600533335
4.8352 1600533335
4.8447 1600533335
4.8394 1600533335
4.7868 1600533335
4.7934 1600533335
4.7871 1600533335
4.7933 1600533335
4.7935 1600533335
4.793200000000001 1600533335
4.7931 1600533335
4.7871999999999995 1600533335
4.7934 1600533335
4.947 1600533335
4.9357999999999995 1600533335
4.9449 1600533335
4.9443 1600533335
4.9449 1600533335
4.9449000000000005 1600533335
4.9443 1600533335
4.9358 1600533335
4.9449000000000005 1600533335
4.735 1600533335
4.742500000000001 1600533335
4.7331 1600533335
4.7261 1600533335
4.744400000000001 1600533335
4.7425 1600533335
4.7346 1600533335
4.734800000000001 1600533335
4.7425 1600533335
4.8069999999999995 1600533335
4.8093 1600533335
4.816199999999999 1600533335
4.8086 1600533335
4.8084999999999996 1600533335
4.815300000000001 1600533335
4.816400000000001 1600533335
4.8206 1600533335
4.8016000000000005 1600533335
4.6654 1600533335
4.6654 1600533335
4.6862 1600533335
4.658200000000001 1600533335
4.658099999999999 1600533335
4.7062 1600533335
4.7062 1600533335
4.6597 1600533335
4.6838999999999995 1600533335
4.8363000000000005 1600533335
4.806 1600533335
4.8314 1600533335
4.8162 1600533335
4.8062 1600533335
4.8157000000000005 1600533335
4.8155 1600533335
4.8154 1600533335
4.8157 1600533335
4.705900000000001 1600533335
4.7059 1600533335
4.7058 1600533335
4.6826 1600533335
4.6687 1600533335
4.7069 1600533335
4.7058 1600533335
4.7059999999999995 1600533335
4.7069 1600533335
4.9389 1600533335
4.956799999999999 1600533335
4.940799999999999 1600533335
4.956799999999999 1600533335
4.9389 1600533335
4.940799999999999 1600533335
4.9373000000000005 1600533335
4.9325 1600533335
4.9408 1600533335
4.9173 1600533335
4.9219 1600533335
4.9155999999999995 1600533335
4.917 1600533335
4.9196 1600533335
4.9199 1600533335
4.9222 1600533335
4.9171000000000005 1600533335
4.9172 1600533335
4.739 1600533335
4.7389 1600533335
4.7287 1600533335
4.7388 1600533335
4.7389 1600533335
4.7389 1600533335
4.7389 1600533335
4.7391 1600533335
4.7267 1600533335
4.6434999999999995 1600533335
4.6483 1600533335
4.6842 1600533335
4.6477 1600533335
4.684200000000001 1600533335
4.6429 1600533335
4.6842 1600533335
4.642399999999999 1600533335
4.6478 1600533335
4.911300000000001 1600533335
4.9112 1600533335
4.9113 1600533335
4.9177 1600533335
4.92 1600533335
4.92 1600533335
4.9104 1600533335
4.92 1600533335
4.9104 1600533335
4.809 1600533335
4.812399999999999 1600533335
4.8081 1600533335
4.8126 1600533335
4.8116 1600533335
4.814699999999999 1600533335
4.8113 1600533335
4.8117 1600533335
4.8123 1600533335
4.8427 1600533335
4.8229 1600533335
4.8222 1600533335
4.8427 1600533335
4.8271 1600533335
4.8271 1600533335
4.8271999999999995 1600533335
4.8234 1600533335
4.821700000000001 1600533335
4.6833 1600533335
4.6752 1600533335
4.750400000000001 1600533335
4.675199999999999 1600533335
4.7504 1600533335
4.6845 1600533335
4.7504 1600533335
4.7504 1600533335
4.7177 1600533335
4.7587 1600533335
4.7608 1600533335
4.7605 1600533335
4.7606 1600533335
4.760599999999999 1600533335
4.7606 1600533335
4.7602 1600533335
4.7612 1600533335
4.7607 1600533335
4.9315 1600533335
4.9348 1600533335
4.9314 1600533335
4.9317 1600533335
4.9349 1600533335
4.9349 1600533335
4.9312 1600533335
4.9348 1600533335
4.931500000000001 1600533335
4.7192 1600533335
4.7015 1600533335
4.7014 1600533335
4.7046 1600533335
4.7487 1600533335
4.7488 1600533335
4.7014000000000005 1600533335
4.7047 1600533335
4.7047 1600533335
4.7652 1600533335
4.7652 1600533335
4.7652 1600533335
4.7564 1600533335
4.7652 1600533335
4.7564 1600533335
4.7694 1600533335
4.7563 1600533335
4.7685 1600533335
4.9092 1600533335
4.9094999999999995 1600533335
4.902200000000001 1600533335
4.9093 1600533335
4.9327000000000005 1600533335
4.9205 1600533335
4.9095 1600533335
4.9094 1600533335
4.9206 1600533335
4.7839 1600533335
4.7717 1600533335
4.7773 1600533335
4.771599999999999 1600533335
4.7785 1600533335
4.7773 1600533335
4.7773 1600533335
4.7783999999999995 1600533335
4.7717 1600533335
4.9563 1600533335
4.956300000000001 1600533335
4.9495 1600533335
4.9549 1600533335
4.9495 1600533335
4.9548000000000005 1600533335
4.9496 1600533335
4.9549 1600533335
4.9497 1600533335
4.8892 1600533335
4.889 1600533335
4.889 1600533335
4.8788 1600533335
4.8882 1600533335
4.8892 1600533335
4.888800000000001 1600533335
4.8892 1600533335
4.8891 1600533335
4.8893 1600533335
4.8828 1600533335
4.8834 1600533335
4.883500000000001 1600533335
4.883900000000001 1600533335
4.8828 1600533335
4.8887 1600533335
4.8889000000000005 1600533335
4.8888 1600533335
4.8564 1600533335
4.8558 1600533335
4.8711 1600533335
4.8561 1600533335
4.8415 1600533335
4.8557 1600533335
4.8709 1600533335
4.8413 1600533335
4.8565000000000005 1600533335
4.9324 1600533335
4.9216 1600533335
4.9324 1600533335
4.9213000000000005 1600533335
4.9225 1600533335
4.9276 1600533335
4.9275 1600533335
4.9214 1600533335
4.9275 1600533335
4.6363 1600533335
4.6806 1600533335
4.6805 1600533335
4.636299999999999 1600533335
4.6273 1600533335
4.680300000000001 1600533335
4.6805 1600533335
4.6806 1600533335
4.6805 1600533335
4.8075 1600533335
4.8012999999999995 1600533335
4.800400000000001 1600533335
4.8019 1600533335
4.8015 1600533335
4.795000000000001 1600533335
4.8076 1600533335
4.8075 1600533335
4.801500000000001 1600533335
4.756 1600533335
4.756 1600533335
4.694400000000001 1600533335
4.756200000000001 1600533335
4.756200000000001 1600533335
4.6944 1600533335
4.691800000000001 1600533335
4.756 1600533335
4.7562 1600533335
4.9017 1600533335
4.898000000000001 1600533335
4.91 1600533335
4.9110000000000005 1600533335
4.905 1600533335
4.8980999999999995 1600533335
4.9102 1600533335
4.8982 1600533335
4.9110000000000005 1600533335
4.946400000000001 1600533335
4.957 1600533335
4.946400000000001 1600533335
4.938700000000001 1600533335
4.946400000000001 1600533335
4.9375 1600533335
4.957000000000001 1600533335
4.9393 1600533335
4.9571000000000005 1600533335
4.6815 1600533335
4.717099999999999 1600533335
4.6814 1600533335
4.6861 1600533335
4.705699999999999 1600533335
4.7057 1600533335
4.6814 1600533335
4.6812000000000005 1600533335
4.6761 1600533335
4.9459 1600533335
4.9401 1600533335
4.9468 1600533335
4.9468 1600533335
4.9401 1600533335
4.950900000000001 1600533335
4.950900000000001 1600533335
4.9399999999999995 1600533335
4.9466 1600533335
4.9041 1600533335
4.904100000000001 1600533335
4.9042 1600533335
4.904100000000001 1600533335
4.9027 1600533335
4.9042 1600533335
4.9033999999999995 1600533335
4.9038 1600533335
4.904 1600533335
4.8017 1600533335
4.8032 1600533335
4.809200000000001 1600533335
4.8093 1600533335
4.8074 1600533335
4.8018 1600533335
4.8016000000000005 1600533335
4.8093 1600533335
4.8073999999999995 1600533335
4.683199999999999 1600533335
4.6751000000000005 1600533335
4.6752 1600533335
4.6752 1600533335
4.7156 1600533335
4.6751 1600533335
4.6609 1600533335
4.7325 1600533335
4.6832 1600533335
4.8062 1600533335
4.8063 1600533335
4.8064 1600533335
4.8065 1600533335
4.8065 1600533335
4.7945 1600533335
4.7943 1600533335
4.8065 1600533335
4.8065 1600533335
4.8666 1600533335
4.8667 1600533335
4.8593 1600533335
4.8666 1600533335
4.8664000000000005 1600533335
4.8665 1600533335
4.8664 1600533335
4.8665 1600533335
4.859500000000001 1600533335
4.8403 1600533335
4.839799999999999 1600533335
4.8396 1600533335
4.8399 1600533335
4.838500000000001 1600533335
4.8292 1600533335
4.8398 1600533335
4.8399 1600533335
4.8403 1600533335
4.7707999999999995 1600533335
4.771 1600533335
4.7703 1600533335
4.7703 1600533335
4.775 1600533335
4.7706 1600533335
4.764 1600533335
4.7705 1600533335
4.775 1600533335
4.8825 1600533335
4.8746 1600533335
4.8748000000000005 1600533335
4.8823 1600533335
4.8824 1600533335
4.8740000000000006 1600533335
4.8741 1600533335
4.8824 1600533335
4.8736 1600533335
4.867999999999999 1600533335
4.868200000000001 1600533335
4.872800000000001 1600533335
4.8746 1600533335
4.8682 1600533335
4.8746 1600533335
4.8747 1600533335
4.8746 1600533335
4.868200000000001 1600533335
4.7526 1600533335
4.752800000000001 1600533335
4.7522 1600533335
4.751799999999999 1600533335
4.752 1600533335
4.7528 1600533335
4.7527 1600533335
4.7527 1600533335
4.7527 1600533335
4.7904 1600533335
4.7989 1600533335
4.7914 1600533335
4.798699999999999 1600533335
4.799 1600533335
4.7992 1600533335
4.7992 1600533335
4.7987 1600533335
4.7991 1600533335
4.7067 1600533335
4.706799999999999 1600533335
4.6748 1600533335
4.7205 1600533335
4.7067 1600533335
4.7155000000000005 1600533335
4.7068 1600533335
4.6863 1600533335
4.6737 1600533335
4.7781 1600533335
4.7669 1600533335
4.778 1600533335
4.7781 1600533335
4.7781 1600533335
4.7779 1600533335
4.7709 1600533335
4.778099999999999 1600533335
4.777 1600533335
4.691800000000001 1600533335
4.6914 1600533335
4.682799999999999 1600533335
4.692 1600533335
4.691599999999999 1600533335
4.6829 1600533335
4.6932 1600533335
4.6831 1600533335
4.696899999999999 1600533335
4.7352 1600533335
4.7336 1600533335
4.7338 1600533335
4.7358 1600533335
4.7379999999999995 1600533335
4.7343 1600533335
4.7354 1600533335
4.7355 1600533335
4.7381 1600533335
4.6561 1600533335
4.7082 1600533335
4.686 1600533335
4.6628 1600533335
4.7165 1600533335
4.757300000000001 1600533335
4.7166 1600533335
4.6658 1600533335
4.7081 1600533335
4.7234 1600533335
4.7607 1600533335
4.6909 1600533335
4.6863 1600533335
4.6863 1600533335
4.6864 1600533335
4.684 1600533335
4.6857999999999995 1600533335
4.6861 1600533335
4.6442 1600533335
4.6614 1600533335
4.6757 1600533335
4.6613999999999995 1600533335
4.6614 1600533335
4.638199999999999 1600533335
4.6757 1600533335
4.6757 1600533335
4.6614 1600533335
4.9434 1600533335
4.9488 1600533335
4.943 1600533335
4.9487 1600533335
4.9433 1600533335
4.9433 1600533335
4.9488 1600533335
4.9398 1600533335
4.9434 1600533335
4.8236 1600533335
4.834499999999999 1600533335
4.8236 1600533335
4.820399999999999 1600533335
4.8201 1600533335
4.8289 1600533335
4.8344 1600533335
4.8236 1600533335
4.8288 1600533335
4.8385 1600533335
4.838500000000001 1600533335
4.8337 1600533335
4.8327 1600533335
4.8384 1600533335
4.823799999999999 1600533335
4.8383 1600533335
4.8328999999999995 1600533335
4.8328 1600533335
4.9457 1600533335
4.938899999999999 1600533335
4.6317 1600533335
4.9384999999999994 1600533335
4.945600000000001 1600533335
4.9456 1600533335
4.944999999999999 1600533335
4.9457 1600533335
4.9456 1600533335
4.9328 1600533335
4.9381 1600533335
4.9380999999999995 1600533335
4.9382 1600533335
4.9436 1600533335
4.9382 1600533335
4.9382 1600533335
4.9381 1600533335
4.9381 1600533335
4.7157 1600533335
4.7009 1600533335
4.7157 1600533335
4.6899999999999995 1600533335
4.7462 1600533335
4.7010000000000005 1600533335
4.7011 1600533335
4.7007 1600533335
4.7008 1600533335
4.7251 1600533335
4.7363 1600533335
4.7363 1600533335
4.7251 1600533335
4.7217 1600533335
4.7272 1600533335
4.727099999999999 1600533335
4.7363 1600533335
4.722300000000001 1600533335
4.8799 1600533335
4.88 1600533335
4.8798 1600533335
4.8735 1600533335
4.8801 1600533335
4.8799 1600533335
4.8801000000000005 1600533335
4.874099999999999 1600533335
4.880000000000001 1600533335
4.7161 1600533335
4.7606 1600533335
4.7188 1600533335
4.7071 1600533335
4.7159 1600533335
4.7606 1600533335
4.7056000000000004 1600533335
4.7159 1600533335
4.718800000000001 1600533335
4.93 1600533335
4.9286 1600533335
4.929600000000001 1600533335
4.9301 1600533335
4.929600000000001 1600533335
4.9298 1600533335
4.9295 1600533335
4.93 1600533335
4.929799999999999 1600533335
4.926900000000001 1600533335
4.9270000000000005 1600533335
4.927 1600533335
4.9272 1600533335
4.9269 1600533335
4.930400000000001 1600533335
4.9271 1600533335
4.9304 1600533335
4.930400000000001 1600533335
4.7391 1600533335
4.7299 1600533335
4.7293 1600533335
4.729900000000001 1600533335
4.7391000000000005 1600533335
4.7392 1600533335
4.7391 1600533335
4.7298 1600533335
4.7391 1600533335
4.8014 1600533335
4.8004999999999995 1600533335
4.7987 1600533335
4.797899999999999 1600533335
4.8012999999999995 1600533335
4.8001 1600533335
4.8012 1600533335
4.8011 1600533335
4.7997 1600533335
4.9378 1600533335
4.9369 1600533335
4.9372 1600533335
4.9374 1600533335
4.9378 1600533335
4.9378 1600533335
4.9373000000000005 1600533335
4.9376999999999995 1600533335
4.9377 1600533335
4.7249 1600533335
4.7282 1600533335
4.7206 1600533335
4.7283 1600533335
4.7283 1600533335
4.725099999999999 1600533335
4.728400000000001 1600533335
4.7249 1600533335
4.725 1600533335
4.7831 1600533335
4.777100000000001 1600533335
4.7822 1600533335
4.7834 1600533335
4.7828 1600533335
4.7829 1600533335
4.7836 1600533335
4.7836 1600533335
4.782299999999999 1600533335
