4.598600000000001 1600635741
4.087199999999999 1600635741
4.5014 1600635741
2.1057000000000006 1600635741
4.0866999999999996 1600635741
4.0201 1600635741
4.763700000000001 1600635741
4.598300000000001 1600635741
5.0764000000000005 1600635741
5.1049999999999995 1600635741
4.0866999999999996 1600635741
1.8342999999999998 1600635741
4.678300000000001 1600635741
5.0107 1600635741
4.6785000000000005 1600635741
3.9105 1600635741
4.678400000000001 1600635741
4.678400000000001 1600635741
5.1057999999999995 1600635741
2.4982999999999995 1600635741
2.479400000000001 1600635741
2.757600000000001 1600635741
2.7016 1600635741
2.0301 1600635741
2.0303999999999993 1600635741
1.2308000000000003 1600635741
2.4623 1600635741
1.2092999999999998 1600635741
1.1448999999999998 1600635741
3.1348000000000003 1600635741
2.8782000000000005 1600635741
2.2503 1600635741
2.5955000000000004 1600635741
2.2503 1600635741
1.1447000000000003 1600635741
2.8258 1600635741
3.2628999999999992 1600635741
3.0134999999999996 1600635741
3.013700000000001 1600635741
2.7649 1600635741
2.7650999999999994 1600635741
2.8622999999999994 1600635741
2.7649 1600635741
2.7649 1600635741
3.0134999999999996 1600635741
2.7653 1600635741
1.2794999999999996 1600635741
2.4112 1600635741
3.0728 1600635741
1.1204999999999998 1600635741
2.0965 1600635741
2.6034999999999995 1600635741
3.0142000000000007 1600635741
2.0964 1600635741
3.2787000000000006 1600635741
0.9121999999999995 1600635741
0.9116999999999997 1600635741
0.8740999999999994 1600635741
0.9116 1600635741
0.9119999999999999 1600635741
1.1169000000000002 1600635741
0.8738999999999999 1600635741
0.9381000000000004 1600635741
0.8737000000000004 1600635741
0.8738999999999999 1600635741
0.9146000000000001 1600635741
0.9121999999999995 1600635741
0.9138999999999999 1600635741
0.9112 1600635741
0.9117999999999995 1600635741
0.8739999999999997 1600635741
0.9118999999999993 1600635741
0.8737999999999992 1600635741
5.0324 1600635741
4.121299999999999 1600635741
4.121600000000001 1600635741
4.5012 1600635741
4.832400000000001 1600635741
4.4354000000000005 1600635741
4.182300000000001 1600635741
4.5009999999999994 1600635741
4.663099999999999 1600635741
4.662999999999999 1600635741
4.663200000000001 1600635741
2.3707000000000003 1600635741
4.121199999999999 1600635741
4.632599999999999 1600635741
2.3707000000000003 1600635741
3.0264999999999995 1600635741
4.1467 1600635741
1.8104000000000005 1600635741
4.7526 1600635741
1.2096999999999998 1600635741
1.2306 1600635741
1.2304000000000004 1600635741
1.4114000000000004 1600635741
2.5615999999999994 1600635741
1.1456999999999997 1600635741
2.3138000000000005 1600635741
2.8558000000000003 1600635741
1.3953999999999995 1600635741
2.8558000000000003 1600635741
2.8558000000000003 1600635741
2.3658 1600635741
1.1448 1600635741
1.1453999999999995 1600635741
3.222899999999999 1600635741
1.2309 1600635741
2.419200000000001 1600635741
3.5245999999999995 1600635741
3.3512000000000004 1600635741
3.3511000000000006 1600635741
3.4094000000000007 1600635741
3.1910999999999996 1600635741
3.190599999999999 1600635741
3.1907999999999994 1600635741
2.3815 1600635741
3.350600000000001 1600635741
3.1384 1600635741
2.3150000000000004 1600635741
2.4303999999999997 1600635741
0.9901 1600635741
3.0584 1600635741
1.6776 1600635741
3.0256999999999996 1600635741
3.3508000000000004 1600635741
3.0256999999999996 1600635741
2.4304999999999994 1600635741
1.1301999999999994 1600635741
1.1297999999999995 1600635741
1.1299000000000001 1600635741
1.1296 1600635741
1.1296 1600635741
1.1296 1600635741
1.0865999999999998 1600635741
1.1296 1600635741
1.1298000000000004 1600635741
1.1299000000000001 1600635741
1.0293999999999999 1600635741
1.1296 1600635741
1.1296999999999997 1600635741
1.1296 1600635741
1.0293999999999999 1600635741
1.1296999999999997 1600635741
1.1295000000000002 1600635741
1.1298000000000004 1600635741
5.213400000000001 1600635741
4.0201 1600635741
4.0203 1600635741
1.7284999999999995 1600635741
4.8709 1600635741
1.8100999999999994 1600635741
1.7283 1600635741
4.678400000000001 1600635741
5.0764000000000005 1600635741
4.5524 1600635741
1.7282000000000002 1600635741
3.3457999999999997 1600635741
4.678400000000001 1600635741
4.678399999999999 1600635741
4.678400000000001 1600635741
4.8707 1600635741
4.598800000000001 1600635741
4.785200000000001 1600635741
5.2238 1600635741
2.4187000000000003 1600635741
3.2134 1600635741
2.3451999999999993 1600635741
2.6734 1600635741
2.5956 1600635741
2.0305 1600635741
3.2298999999999998 1600635741
1.2309999999999999 1600635741
1.2099000000000002 1600635741
1.2093999999999996 1600635741
2.0302 1600635741
1.1449000000000007 1600635741
2.3861 1600635741
1.1451000000000002 1600635741
2.866600000000001 1600635741
2.4979000000000005 1600635741
2.4981 1600635741
3.5463999999999993 1600635741
2.1908000000000003 1600635741
3.278100000000001 1600635741
2.0957 1600635741
2.1914 1600635741
3.0727 1600635741
3.2656 1600635741
3.2780999999999993 1600635741
2.3146999999999993 1600635741
3.278200000000001 1600635741
3.278199999999999 1600635741
3.2653000000000008 1600635741
3.2655000000000003 1600635741
2.0818000000000003 1600635741
2.442700000000001 1600635741
2.4308000000000005 1600635741
2.3815999999999997 1600635741
3.2779999999999996 1600635741
3.2783000000000007 1600635741
2.7921000000000005 1600635741
0.9116 1600635741
0.9119999999999999 1600635741
0.9120999999999997 1600635741
0.9112999999999998 1600635741
0.9119999999999999 1600635741
0.9116 1600635741
0.9115000000000002 1600635741
0.9113000000000007 1600635741
0.9113999999999995 1600635741
0.9120999999999997 1600635741
0.9119000000000002 1600635741
1.1749999999999998 1600635741
1.1746999999999996 1600635741
0.9117999999999995 1600635741
0.8742999999999999 1600635741
0.9123000000000001 1600635741
0.9117999999999995 1600635741
6.2002999999999995 1600635741
2.3706000000000005 1600635741
4.365899999999999 1600635741
4.521199999999999 1600635741
2.1734999999999998 1600635741
4.473400000000001 1600635741
4.3152 1600635741
4.182300000000001 1600635741
4.5985000000000005 1600635741
4.548100000000001 1600635741
4.8417 1600635741
4.521199999999999 1600635741
4.5012 1600635741
1.7287999999999997 1600635741
4.4736 1600635741
1.7288000000000006 1600635741
4.0337000000000005 1600635741
2.8164000000000007 1600635741
4.942200000000001 1600635741
2.419100000000001 1600635741
2.3457 1600635741
2.2504999999999997 1600635741
3.0852999999999993 1600635741
2.8554000000000004 1600635741
2.2509000000000006 1600635741
2.8553000000000006 1600635741
2.8555 1600635741
2.8554000000000004 1600635741
2.2506999999999993 1600635741
3.0850999999999997 1600635741
3.085399999999999 1600635741
3.0431999999999997 1600635741
3.1824000000000003 1600635741
3.1346 1600635741
2.2506999999999993 1600635741
1.2305000000000001 1600635741
3.1347999999999994 1600635741
2.4429999999999996 1600635741
2.4426999999999994 1600635741
1.5985000000000005 1600635741
2.863600000000001 1600635741
3.5109000000000004 1600635741
2.8428999999999993 1600635741
2.8427999999999995 1600635741
2.4303 1600635741
3.0125 1600635741
3.0125 1600635741
3.0124000000000004 1600635741
3.0256999999999996 1600635741
2.3815 1600635741
2.4304999999999994 1600635741
2.3820000000000006 1600635741
2.4425 1600635741
2.4426999999999994 1600635741
2.3814 1600635741
3.5470999999999995 1600635741
1.1296999999999997 1600635741
1.1296999999999997 1600635741
1.0294999999999996 1600635741
1.1299000000000001 1600635741
1.1295000000000002 1600635741
1.1298000000000004 1600635741
1.0867999999999993 1600635741
1.1296999999999997 1600635741
1.1296999999999997 1600635741
1.0293999999999999 1600635741
1.1296999999999997 1600635741
1.0294999999999996 1600635741
1.0294999999999996 1600635741
1.0293 1600635741
1.1297999999999995 1600635741
1.0864000000000003 1600635741
1.1296999999999997 1600635741
4.8706000000000005 1600635741
4.192900000000001 1600635741
3.8306999999999993 1600635741
3.4653 1600635741
4.938300000000001 1600635741
3.4653 1600635741
4.8708 1600635741
3.7893999999999997 1600635741
4.8708 1600635741
3.7897 1600635741
3.453099999999999 1600635741
4.785100000000001 1600635741
0.22020000000000017 1600635741
4.8707 1600635741
1.7288999999999994 1600635741
4.8707 1600635741
1.7289000000000003 1600635741
1.6066000000000003 1600635741
2.410499999999999 1600635741
2.6277 1600635741
2.4799000000000007 1600635741
2.8779999999999992 1600635741
2.8378999999999994 1600635741
2.3129 1600635741
2.564 1600635741
2.498 1600635741
2.4185000000000008 1600635741
1.1448999999999998 1600635741
2.2507 1600635741
2.5635000000000003 1600635741
2.5957 1600635741
2.8373999999999997 1600635741
1.0065999999999997 1600635741
2.280500000000001 1600635741
1.0059000000000005 1600635741
2.073899999999999 1600635741
2.964600000000001 1600635741
3.55 1600635741
0.9740000000000002 1600635741
3.014099999999999 1600635741
2.516 1600635741
2.515200000000001 1600635741
3.166900000000001 1600635741
0.9735000000000005 1600635741
2.3754999999999997 1600635741
3.0135999999999994 1600635741
1.7962999999999996 1600635741
3.0135999999999994 1600635741
3.0135999999999994 1600635741
2.5573999999999995 1600635741
3.0134999999999996 1600635741
3.0728 1600635741
2.460400000000001 1600635741
3.0135999999999994 1600635741
0.9566999999999997 1600635741
3.4655999999999993 1600635741
0.8743999999999996 1600635741
0.9116 1600635741
0.9117999999999995 1600635741
0.9120999999999997 1600635741
0.9116 1600635741
0.8738999999999999 1600635741
0.9112999999999998 1600635741
0.9116999999999997 1600635741
1.1683000000000003 1600635741
0.9116999999999997 1600635741
0.9115000000000002 1600635741
0.9116 1600635741
0.9119000000000002 1600635741
0.9116999999999997 1600635741
0.9124999999999996 1600635741
0.8737000000000004 1600635741
0.9122000000000003 1600635741
7.316400000000001 1600635741
2.521299999999999 1600635741
4.501500000000001 1600635741
4.314299999999999 1600635741
3.795 1600635741
0.9504999999999999 1600635741
4.3247 1600635741
4.313899999999999 1600635741
4.031999999999999 1600635741
2.204600000000001 1600635741
4.1918 1600635741
4.0516 1600635741
4.806500000000001 1600635741
4.119799999999999 1600635741
2.2047 1600635741
2.3792999999999997 1600635741
2.1742999999999997 1600635741
4.365799999999999 1600635741
4.807899999999999 1600635741
3.135299999999999 1600635741
2.0307000000000004 1600635741
1.3952999999999998 1600635741
1.1448 1600635741
3.1823000000000006 1600635741
3.182200000000001 1600635741
3.1825 1600635741
1.3208000000000002 1600635741
2.3042000000000007 1600635741
2.8554000000000004 1600635741
1.2305000000000001 1600635741
3.0431 1600635741
3.043399999999999 1600635741
3.2222999999999997 1600635741
3.0432999999999995 1600635741
3.0432999999999995 1600635741
3.0436999999999994 1600635741
3.0432999999999995 1600635741
3.5486999999999993 1600635741
1.5591999999999997 1600635741
2.013700000000001 1600635741
2.4425999999999997 1600635741
2.412 1600635741
1.9911000000000003 1600635741
1.3506 1600635741
2.9669 1600635741
3.4096 1600635741
3.396 1600635741
2.3814 1600635741
2.3812000000000006 1600635741
2.3814 1600635741
2.9661 1600635741
2.3230000000000004 1600635741
2.2847999999999997 1600635741
0.4413999999999998 1600635741
3.0582000000000003 1600635741
3.6056999999999997 1600635741
1.1296999999999997 1600635741
1.0293999999999999 1600635741
1.0293999999999999 1600635741
1.1302000000000003 1600635741
1.1296999999999997 1600635741
1.1303 1600635741
1.0293 1600635741
1.1300999999999997 1600635741
1.0868000000000002 1600635741
1.13 1600635741
1.1303 1600635741
1.0297 1600635741
1.1296 1600635741
1.1293000000000006 1600635741
1.0294000000000008 1600635741
1.1297000000000006 1600635741
1.1296 1600635741
2.3721000000000005 1600635741
2.2060000000000004 1600635741
4.4356 1600635741
3.4875 1600635741
4.3786 1600635741
4.326300000000001 1600635741
4.7205 1600635741
4.326099999999999 1600635741
4.4022 1600635741
4.1567 1600635741
0.42660000000000053 1600635741
3.4697000000000005 1600635741
4.6635 1600635741
5.046399999999999 1600635741
4.5514 1600635741
4.1568 1600635741
4.4021 1600635741
1.6070000000000002 1600635741
2.4095000000000004 1600635741
4.8716 1600635741
3.2627999999999995 1600635741
2.2504 1600635741
2.8373 1600635741
2.7346999999999992 1600635741
2.2503 1600635741
2.1106000000000007 1600635741
2.5634000000000006 1600635741
2.2502000000000004 1600635741
2.0302 1600635741
0.8849 1600635741
2.8373 1600635741
3.2626999999999997 1600635741
2.0172999999999996 1600635741
3.262999999999999 1600635741
2.5202 1600635741
2.9463 1600635741
0.6435000000000004 1600635741
3.6144000000000007 1600635741
2.191 1600635741
3.166899999999999 1600635741
3.278199999999999 1600635741
3.2779999999999996 1600635741
3.4944000000000006 1600635741
3.1667999999999994 1600635741
3.5428999999999995 1600635741
3.5431 1600635741
2.191 1600635741
2.0177000000000005 1600635741
2.0172999999999996 1600635741
2.5225999999999997 1600635741
2.4433 1600635741
2.3754999999999997 1600635741
2.5226999999999995 1600635741
2.515200000000001 1600635741
3.2752999999999997 1600635741
3.4618 1600635741
1.1651999999999996 1600635741
1.165 1600635741
0.9116 1600635741
0.9120999999999997 1600635741
0.8738000000000001 1600635741
0.9114000000000004 1600635741
0.9114000000000004 1600635741
0.9119999999999999 1600635741
0.9116 1600635741
0.9382000000000001 1600635741
0.9112 1600635741
0.9118000000000004 1600635741
0.9116 1600635741
0.8738000000000001 1600635741
0.9115000000000002 1600635741
0.9115000000000002 1600635741
0.9110999999999994 1600635741
0.5895999999999999 1600635741
