61.95569999999999 1600652511
73.8635 1600652511
69.55669999999999 1600652511
72.1879 1600652511
78.5372 1600652511
63.754 1600652511
84.6327 1600652511
72.4969 1600652511
67.929 1600652511
74.4596 1600652511
73.8583 1600652511
81.2897 1600652511
75.43270000000001 1600652511
63.81490000000001 1600652511
73.6505 1600652511
74.3048 1600652511
67.8691 1600652511
86.5884 1600652511
63.2859 1600652511
71.6287 1600652511
86.5998 1600652511
63.274300000000004 1600652511
66.76469999999999 1600652511
64.45280000000001 1600652511
66.8012 1600652511
85.6562 1600652511
66.4811 1600652511
66.0373 1600652511
75.1786 1600652511
68.1177 1600652511
88.42049999999999 1600652511
65.7578 1600652511
84.4901 1600652511
71.1011 1600652511
61.06 1600652511
78.2709 1600652511
68.65140000000001 1600652511
71.6501 1600652511
68.0828 1600652511
83.9517 1600652511
92.0697 1600652511
68.4949 1600652511
69.699 1600652511
70.2936 1600652511
63.5651 1600652511
71.0141 1600652511
80.08999999999999 1600652511
76.4367 1600652511
62.2879 1600652511
67.991 1600652511
75.3572 1600652511
65.0518 1600652511
80.3308 1600652511
84.8742 1600652511
76.89120000000001 1600652511
70.99260000000001 1600652511
70.6366 1600652511
83.0726 1600652511
90.2932 1600652511
84.5039 1600652511
68.29299999999999 1600652511
66.155 1600652511
63.992799999999995 1600652511
95.59530000000001 1600652511
76.0239 1600652511
87.4738 1600652511
70.3465 1600652511
80.33120000000001 1600652511
84.13040000000001 1600652511
82.8156 1600652511
78.3263 1600652511
86.59949999999999 1600652511
66.879 1600652511
73.40379999999999 1600652511
68.69449999999999 1600652511
83.7685 1600652511
71.1404 1600652511
67.27029999999999 1600652511
80.294 1600652511
88.1246 1600652511
80.3571 1600652511
74.2853 1600652511
69.8766 1600652511
71.1173 1600652511
70.38250000000001 1600652511
69.8494 1600652511
71.841 1600652511
85.6114 1600652511
65.9579 1600652511
91.33070000000001 1600652511
66.9165 1600652511
80.3867 1600652511
72.53529999999999 1600652511
88.5876 1600652511
69.4104 1600652511
70.8619 1600652511
66.8384 1600652511
68.7187 1600652511
68.40679999999999 1600652511
64.8478 1600652511
71.3219 1600652511
62.7902 1600652511
67.0453 1600652511
63.2698 1600652511
66.934 1600652511
75.39819999999999 1600652511
79.7657 1600652511
71.45309999999999 1600652511
74.7879 1600652511
68.55510000000001 1600652511
71.0677 1600652511
71.2077 1600652511
67.21419999999999 1600652511
73.8936 1600652511
68.63629999999999 1600652511
83.81670000000001 1600652511
64.9932 1600652511
83.1598 1600652511
69.76060000000001 1600652511
70.2814 1600652511
72.4109 1600652511
68.03869999999999 1600652511
70.96770000000001 1600652511
67.2167 1600652511
86.6379 1600652511
71.8372 1600652511
67.2238 1600652511
69.3199 1600652511
67.5264 1600652511
72.23100000000001 1600652511
71.08099999999999 1600652511
66.4139 1600652511
71.33000000000001 1600652511
63.183099999999996 1600652511
74.8253 1600652511
68.17930000000001 1600652511
71.8598 1600652511
71.18130000000001 1600652511
67.3482 1600652511
68.4531 1600652511
70.3416 1600652511
71.7274 1600652511
83.2203 1600652511
73.901 1600652511
84.8442 1600652511
70.81519999999999 1600652511
80.77900000000001 1600652511
78.9561 1600652511
74.0066 1600652511
87.5789 1600652511
72.45389999999999 1600652511
73.54669999999999 1600652511
67.52459999999999 1600652511
84.5908 1600652511
95.4077 1600652511
72.5998 1600652511
79.8561 1600652511
75.92710000000001 1600652511
66.2939 1600652511
64.45100000000001 1600652511
72.5427 1600652511
74.0543 1600652511
81.4025 1600652511
67.3031 1600652511
66.2504 1600652511
67.91850000000001 1600652511
74.1931 1600652511
76.4331 1600652511
68.65079999999999 1600652511
72.5014 1600652511
64.6398 1600652511
68.3689 1600652511
71.4128 1600652511
69.4383 1600652511
74.201 1600652511
64.839 1600652511
88.9248 1600652511
89.92840000000001 1600652511
85.3014 1600652511
75.4558 1600652511
75.8123 1600652511
71.6562 1600652511
73.6794 1600652511
68.7206 1600652511
88.3886 1600652511
70.4502 1600652511
72.9372 1600652511
63.2427 1600652511
67.9658 1600652511
69.5392 1600652511
74.3276 1600652511
93.2632 1600652511
83.1329 1600652511
65.09700000000001 1600652511
96.20410000000001 1600652511
69.0201 1600652511
84.545 1600652511
66.4029 1600652511
81.44149999999999 1600652511
88.0233 1600652511
81.1289 1600652511
76.4678 1600652511
74.9238 1600652511
90.33359999999999 1600652511
74.7942 1600652511
73.9224 1600652511
74.6708 1600652511
62.3715 1600652511
66.1018 1600652511
71.4604 1600652511
84.6589 1600652511
75.3428 1600652511
67.16619999999999 1600652511
73.3131 1600652511
61.1871 1600652511
68.4275 1600652511
68.28949999999999 1600652511
68.0407 1600652511
70.9952 1600652511
68.3532 1600652511
88.0291 1600652511
75.3785 1600652511
66.43310000000001 1600652511
89.44500000000001 1600652511
74.8246 1600652511
64.66369999999999 1600652511
71.4584 1600652511
87.9595 1600652511
90.828 1600652511
72.6074 1600652511
72.3767 1600652511
79.7401 1600652511
76.42439999999999 1600652511
69.8266 1600652511
66.9144 1600652511
79.40379999999999 1600652511
73.4339 1600652511
75.1803 1600652511
66.8951 1600652511
64.1719 1600652511
72.1821 1600652511
75.4364 1600652511
64.6753 1600652511
92.49359999999999 1600652511
75.7893 1600652511
66.3341 1600652511
81.3841 1600652511
70.9448 1600652511
80.01289999999999 1600652511
75.4551 1600652511
67.99040000000001 1600652511
75.9493 1600652511
67.1868 1600652511
71.8533 1600652511
79.5716 1600652511
72.126 1600652511
72.3037 1600652511
67.9841 1600652511
69.8582 1600652511
66.7867 1600652511
75.4431 1600652511
67.12830000000001 1600652511
75.2416 1600652511
63.2877 1600652511
76.07379999999999 1600652511
70.3571 1600652511
81.7371 1600652511
72.3214 1600652511
90.0224 1600652511
72.1199 1600652511
71.8539 1600652511
67.4699 1600652511
69.55810000000001 1600652511
87.47550000000001 1600652511
67.0518 1600652511
72.29360000000001 1600652511
79.17880000000001 1600652511
68.9863 1600652511
73.7329 1600652511
67.3418 1600652511
91.5249 1600652511
76.141 1600652511
74.8257 1600652511
73.22149999999999 1600652511
72.12039999999999 1600652511
69.5944 1600652511
70.01039999999999 1600652511
66.9742 1600652511
80.8504 1600652511
70.3977 1600652511
80.1514 1600652511
71.5129 1600652511
80.2145 1600652511
84.14729999999999 1600652511
69.9208 1600652511
69.56909999999999 1600652511
94.7991 1600652511
66.8256 1600652511
70.3285 1600652511
85.2222 1600652511
73.3532 1600652511
88.5235 1600652511
70.4417 1600652511
66.8644 1600652511
72.447 1600652511
72.8941 1600652511
81.6639 1600652511
66.4356 1600652511
75.0422 1600652511
67.07679999999999 1600652511
69.1093 1600652511
71.0695 1600652511
73.8701 1600652511
74.6214 1600652511
74.6318 1600652511
76.4219 1600652511
80.0024 1600652511
62.2894 1600652511
68.4123 1600652511
73.8964 1600652511
78.376 1600652511
75.96770000000001 1600652511
87.7726 1600652511
73.58120000000001 1600652511
71.2376 1600652511
69.08500000000001 1600652511
67.83670000000001 1600652511
68.96340000000001 1600652511
73.4701 1600652511
72.1725 1600652511
72.66390000000001 1600652511
68.6908 1600652511
85.2295 1600652511
67.81400000000001 1600652511
88.1677 1600652511
74.1658 1600652511
66.06689999999999 1600652511
80.30630000000001 1600652511
63.0124 1600652511
71.0733 1600652511
87.22999999999999 1600652511
64.8967 1600652511
97.35 1600652511
68.9655 1600652511
67.8362 1600652511
88.5742 1600652511
67.31989999999999 1600652511
75.051 1600652511
68.8609 1600652511
80.757 1600652511
86.5932 1600652511
67.1945 1600652511
89.8077 1600652511
85.8743 1600652511
69.4185 1600652511
69.3697 1600652511
88.20160000000001 1600652511
69.119 1600652511
82.8104 1600652511
80.2401 1600652511
68.9564 1600652511
71.6006 1600652511
71.8533 1600652511
69.04690000000001 1600652511
72.23620000000001 1600652511
80.511 1600652511
84.64 1600652511
93.02709999999999 1600652511
72.8524 1600652511
69.61080000000001 1600652511
69.69590000000001 1600652511
68.87729999999999 1600652511
74.11720000000001 1600652511
65.94940000000001 1600652511
81.042 1600652511
86.6059 1600652511
65.8284 1600652511
75.0055 1600652511
71.1005 1600652511
63.2502 1600652511
81.2379 1600652511
63.1354 1600652511
91.0862 1600652511
70.1037 1600652511
68.3009 1600652511
79.82130000000001 1600652511
71.6599 1600652511
76.42909999999999 1600652511
68.3722 1600652511
80.5761 1600652511
78.6668 1600652511
91.1581 1600652511
76.3492 1600652511
70.24940000000001 1600652511
71.50930000000001 1600652511
71.17960000000001 1600652511
77.58970000000001 1600652511
68.38199999999999 1600652511
67.22489999999999 1600652511
83.8028 1600652511
70.2787 1600652511
91.6664 1600652511
67.33970000000001 1600652511
69.117 1600652511
71.8904 1600652511
63.2997 1600652511
85.2931 1600652511
71.19340000000001 1600652511
76.644 1600652511
84.12049999999999 1600652511
90.62819999999999 1600652511
68.678 1600652511
72.8503 1600652511
71.4745 1600652511
73.3008 1600652511
77.4571 1600652511
71.0801 1600652511
84.035 1600652511
74.2033 1600652511
63.790000000000006 1600652511
69.8021 1600652511
67.5957 1600652511
72.1457 1600652511
70.1177 1600652511
67.3052 1600652511
78.43299999999999 1600652511
70.9672 1600652511
72.8772 1600652511
75.48349999999999 1600652511
63.618100000000005 1600652511
72.72099999999999 1600652511
88.475 1600652511
69.2425 1600652511
69.02579999999999 1600652511
63.7819 1600652511
68.86399999999999 1600652511
85.42869999999999 1600652511
67.8504 1600652511
67.1353 1600652511
79.78689999999999 1600652511
88.3266 1600652511
87.244 1600652511
81.0019 1600652511
73.3568 1600652511
70.8712 1600652511
66.294 1600652511
85.5085 1600652511
78.4838 1600652511
74.6531 1600652511
81.4937 1600652511
72.7353 1600652511
74.5683 1600652511
62.4342 1600652511
81.5114 1600652511
86.4541 1600652511
69.307 1600652511
72.48490000000001 1600652511
83.2314 1600652511
85.9371 1600652511
89.76360000000001 1600652511
80.4272 1600652511
82.868 1600652511
68.6388 1600652511
71.4661 1600652511
73.8048 1600652511
86.5769 1600652511
63.6306 1600652511
71.456 1600652511
79.19579999999999 1600652511
77.9204 1600652511
70.3554 1600652511
82.7676 1600652511
69.2363 1600652511
82.868 1600652511
73.2526 1600652511
69.5377 1600652511
69.912 1600652511
81.8329 1600652511
93.2208 1600652511
71.42280000000001 1600652511
80.1499 1600652511
74.2539 1600652511
67.8305 1600652511
71.19669999999999 1600652511
87.63839999999999 1600652511
70.1419 1600652511
70.8513 1600652511
73.7595 1600652511
84.4978 1600652511
72.9213 1600652511
72.5534 1600652511
76.774 1600652511
72.3346 1600652511
79.74199999999999 1600652511
67.429 1600652511
71.0998 1600652511
66.6778 1600652511
64.683 1600652511
74.7119 1600652511
64.7606 1600652511
92.44630000000001 1600652511
69.12480000000001 1600652511
73.57050000000001 1600652511
68.8255 1600652511
67.4077 1600652511
95.7342 1600652511
72.82209999999999 1600652511
74.73389999999999 1600652511
71.3795 1600652511
63.2659 1600652511
84.1498 1600652511
66.4207 1600652511
