25.9686 1600356760
25.4179 1600356760
29.9617 1600356760
27.987099999999998 1600356760
30.1233 1600356760
29.9514 1600356760
29.621399999999998 1600356760
30.2047 1600356760
29.9626 1600356760
24.8353 1600356760
29.962699999999998 1600356760
18.226399999999998 1600356760
19.7353 1600356760
30.7849 1600356760
30.9 1600356760
20.9151 1600356760
23.168499999999998 1600356760
29.4635 1600356760
24.1966 1600356760
25.334 1600356760
23.656699999999997 1600356760
26.7503 1600356760
30.122799999999998 1600356760
27.339199999999998 1600356760
30.122899999999998 1600356760
19.7945 1600356760
24.1522 1600356760
25.3324 1600356760
25.4817 1600356760
29.9712 1600356760
30.3672 1600356760
25.4178 1600356760
30.1876 1600356760
25.3321 1600356760
29.471899999999998 1600356760
30.205 1600356760
25.4181 1600356760
25.999299999999998 1600356760
30.1874 1600356760
30.8129 1600356760
20.0216 1600356760
27.9196 1600356760
31.0586 1600356760
30.1871 1600356760
30.7949 1600356760
28.2639 1600356760
20.476599999999998 1600356760
25.3324 1600356760
30.505699999999997 1600356760
21.5347 1600356760
20.8857 1600356760
26.5431 1600356760
29.4625 1600356760
29.5705 1600356760
20.2666 1600356760
30.8131 1600356760
28.3098 1600356760
30.2553 1600356760
28.311899999999998 1600356760
21.746499999999997 1600356760
23.4259 1600356760
29.9518 1600356760
25.4591 1600356760
30.255599999999998 1600356760
30.8131 1600356760
25.2292 1600356760
30.436799999999998 1600356760
25.3337 1600356760
30.917099999999998 1600356760
24.7293 1600356760
29.9714 1600356760
24.7078 1600356760
30.8999 1600356760
28.615499999999997 1600356760
24.0189 1600356760
28.444 1600356760
23.3555 1600356760
30.5671 1600356760
25.4526 1600356760
18.7034 1600356760
14.2094 1600356760
25.211299999999998 1600356760
25.2071 1600356760
27.5872 1600356760
27.5357 1600356760
30.1238 1600356760
27.9196 1600356760
25.0458 1600356760
30.769299999999998 1600356760
16.1879 1600356760
30.916800000000002 1600356760
27.6059 1600356760
21.673299999999998 1600356760
24.531 1600356760
23.656399999999998 1600356760
25.4526 1600356760
25.452199999999998 1600356760
26.116799999999998 1600356760
26.0997 1600356760
29.9713 1600356760
26.057399999999998 1600356760
27.9198 1600356760
31.7708 1600356760
19.4762 1600356760
30.6279 1600356760
22.145799999999998 1600356760
30.7684 1600356760
25.3323 1600356760
29.6896 1600356760
30.7122 1600356760
23.7811 1600356760
27.619699999999998 1600356760
31.064 1600356760
28.205 1600356760
29.5586 1600356760
30.2474 1600356760
30.2468 1600356760
30.8186 1600356760
23.781 1600356760
24.7274 1600356760
30.3144 1600356760
29.3539 1600356760
30.3145 1600356760
24.7231 1600356760
26.8093 1600356760
30.1602 1600356760
24.824099999999998 1600356760
27.906 1600356760
20.6309 1600356760
28.252 1600356760
28.7578 1600356760
30.6394 1600356760
24.8069 1600356760
30.5734 1600356760
21.8695 1600356760
30.6692 1600356760
20.6361 1600356760
23.1651 1600356760
30.913 1600356760
24.671499999999998 1600356760
22.7926 1600356760
4.3347999999999995 1600356760
22.7477 1600356760
24.7941 1600356760
30.8198 1600356760
25.646 1600356760
25.6079 1600356760
29.4671 1600356760
28.942999999999998 1600356760
25.608 1600356760
18.3841 1600356760
29.956999999999997 1600356760
29.581699999999998 1600356760
21.0506 1600356760
28.7389 1600356760
21.3327 1600356760
30.4053 1600356760
23.0172 1600356760
28.5582 1600356760
24.621 1600356760
27.9589 1600356760
21.333099999999998 1600356760
30.400299999999998 1600356760
24.523799999999998 1600356760
30.7749 1600356760
25.6286 1600356760
31.008399999999998 1600356760
16.6772 1600356760
26.1662 1600356760
27.8891 1600356760
31.0272 1600356760
25.6284 1600356760
20.509999999999998 1600356760
30.2598 1600356760
31.0753 1600356760
22.145799999999998 1600356760
21.8725 1600356760
25.9481 1600356760
25.9482 1600356760
20.454 1600356760
25.448 1600356760
23.3404 1600356760
23.5195 1600356760
24.406 1600356760
24.3901 1600356760
28.4824 1600356760
30.706899999999997 1600356760
25.421499999999998 1600356760
30.4056 1600356760
24.651899999999998 1600356760
30.4183 1600356760
24.823999999999998 1600356760
24.6099 1600356760
26.810299999999998 1600356760
29.689799999999998 1600356760
26.8188 1600356760
30.1985 1600356760
27.6066 1600356760
29.8221 1600356760
27.6064 1600356760
24.622 1600356760
28.7806 1600356760
28.790399999999998 1600356760
19.1842 1600356760
30.923099999999998 1600356760
28.6432 1600356760
30.8939 1600356760
27.0843 1600356760
23.6751 1600356760
28.250799999999998 1600356760
28.2582 1600356760
20.3254 1600356760
28.7596 1600356760
15.109599999999999 1600356760
20.2592 1600356760
26.8914 1600356760
19.546499999999998 1600356760
20.7718 1600356760
30.6757 1600356760
20.9545 1600356760
26.8046 1600356760
24.4438 1600356760
30.879099999999998 1600356760
28.3674 1600356760
19.532899999999998 1600356760
25.5378 1600356760
25.4177 1600356760
28.7184 1600356760
29.6508 1600356760
20.554199999999998 1600356760
29.6355 1600356760
30.985799999999998 1600356760
29.6508 1600356760
30.4472 1600356760
30.4468 1600356760
24.0205 1600356760
30.2835 1600356760
15.416000000000002 1600356760
19.280099999999997 1600356760
21.6207 1600356760
21.6008 1600356760
23.677599999999998 1600356760
29.9539 1600356760
27.122899999999998 1600356760
29.953699999999998 1600356760
24.569 1600356760
29.8528 1600356760
30.6753 1600356760
20.0653 1600356760
26.831 1600356760
29.9737 1600356760
22.1097 1600356760
30.6113 1600356760
15.457600000000001 1600356760
23.5519 1600356760
24.4859 1600356760
24.2379 1600356760
24.9772 1600356760
30.06 1600356760
25.6599 1600356760
30.270699999999998 1600356760
26.807399999999998 1600356760
30.519199999999998 1600356760
23.2625 1600356760
24.977 1600356760
28.3674 1600356760
30.9694 1600356760
28.651699999999998 1600356760
14.5184 1600356760
30.4929 1600356760
18.8534 1600356760
25.6342 1600356760
29.602899999999998 1600356760
19.749399999999998 1600356760
20.5538 1600356760
20.7135 1600356760
23.4419 1600356760
25.9455 1600356760
28.961 1600356760
28.5885 1600356760
30.1131 1600356760
28.7438 1600356760
30.6756 1600356760
25.945999999999998 1600356760
25.6341 1600356760
28.251199999999997 1600356760
30.6755 1600356760
25.634 1600356760
30.4362 1600356760
24.238 1600356760
30.878800000000002 1600356760
20.7118 1600356760
22.998 1600356760
24.5839 1600356760
30.2839 1600356760
24.6233 1600356760
25.9882 1600356760
27.493199999999998 1600356760
28.7048 1600356760
30.8467 1600356760
28.0113 1600356760
30.2995 1600356760
24.6233 1600356760
30.0715 1600356760
20.6311 1600356760
24.1753 1600356760
24.182199999999998 1600356760
28.7949 1600356760
28.6486 1600356760
30.445 1600356760
30.4313 1600356760
28.1073 1600356760
29.9586 1600356760
19.073999999999998 1600356760
29.8625 1600356760
13.8918 1600356760
30.6207 1600356760
26.087799999999998 1600356760
27.628899999999998 1600356760
19.062099999999997 1600356760
30.3375 1600356760
30.916999999999998 1600356760
30.5005 1600356760
27.665599999999998 1600356760
30.8374 1600356760
19.5478 1600356760
15.1722 1600356760
25.6739 1600356760
15.3616 1600356760
19.1802 1600356760
30.3375 1600356760
24.2011 1600356760
24.0644 1600356760
30.7351 1600356760
30.7348 1600356760
26.1331 1600356760
30.479599999999998 1600356760
25.7988 1600356760
24.0861 1600356760
27.9026 1600356760
28.1039 1600356760
25.338099999999997 1600356760
29.0139 1600356760
27.306 1600356760
17.7075 1600356760
19.942999999999998 1600356760
30.2212 1600356760
25.272199999999998 1600356760
20.7725 1600356760
30.6511 1600356760
25.898 1600356760
28.384999999999998 1600356760
27.6658 1600356760
30.2213 1600356760
22.9341 1600356760
28.5277 1600356760
30.875 1600356760
29.9059 1600356760
21.6054 1600356760
23.8601 1600356760
17.7261 1600356760
24.069399999999998 1600356760
30.4971 1600356760
25.262999999999998 1600356760
28.0792 1600356760
25.272299999999998 1600356760
30.8793 1600356760
25.6738 1600356760
26.630399999999998 1600356760
29.4785 1600356760
28.249299999999998 1600356760
30.8671 1600356760
28.2934 1600356760
26.630499999999998 1600356760
25.6738 1600356760
30.0963 1600356760
30.8889 1600356760
26.4606 1600356760
30.0964 1600356760
30.8986 1600356760
21.4622 1600356760
26.857 1600356760
26.9455 1600356760
28.2718 1600356760
26.5736 1600356760
28.8365 1600356760
30.1722 1600356760
30.8374 1600356760
12.1671 1600356760
25.739 1600356760
23.4471 1600356760
28.2629 1600356760
28.471999999999998 1600356760
20.0933 1600356760
21.1239 1600356760
28.5277 1600356760
30.008399999999998 1600356760
15.270399999999999 1600356760
16.4214 1600356760
22.831799999999998 1600356760
22.8109 1600356760
28.186999999999998 1600356760
28.9519 1600356760
17.5475 1600356760
22.9288 1600356760
30.4793 1600356760
28.1039 1600356760
18.753899999999998 1600356760
30.1927 1600356760
30.944799999999997 1600356760
30.907799999999998 1600356760
25.6054 1600356760
25.6052 1600356760
27.4067 1600356760
19.479 1600356760
27.898 1600356760
22.8799 1600356760
29.5899 1600356760
23.491699999999998 1600356760
24.6953 1600356760
28.4258 1600356760
30.4937 1600356760
28.4006 1600356760
30.618399999999998 1600356760
25.4194 1600356760
28.772299999999998 1600356760
30.9904 1600356760
19.2544 1600356760
25.4166 1600356760
30.115099999999998 1600356760
25.4167 1600356760
26.458299999999998 1600356760
30.2199 1600356760
19.938299999999998 1600356760
27.8431 1600356760
21.7782 1600356760
27.6116 1600356760
29.5064 1600356760
28.837799999999998 1600356760
21.7152 1600356760
30.8085 1600356760
24.1752 1600356760
27.3978 1600356760
30.322699999999998 1600356760
24.1753 1600356760
26.080099999999998 1600356760
26.5469 1600356760
30.3902 1600356760
24.3002 1600356760
27.9219 1600356760
27.584 1600356760
29.5065 1600356760
18.704 1600356760
28.942999999999998 1600356760
27.6026 1600356760
17.827099999999998 1600356760
30.1589 1600356760
19.076 1600356760
30.8085 1600356760
21.784399999999998 1600356760
21.7151 1600356760
28.9403 1600356760
22.8626 1600356760
30.9209 1600356760
24.020799999999998 1600356760
25.0584 1600356760
30.9212 1600356760
28.7794 1600356760
23.808999999999997 1600356760
26.8903 1600356760
30.6165 1600356760
23.7953 1600356760
24.2503 1600356760
25.5721 1600356760
25.6357 1600356760
28.779999999999998 1600356760
29.701 1600356760
19.0641 1600356760
25.6162 1600356760
29.642 1600356760
25.290799999999997 1600356760
26.9075 1600356760
28.2527 1600356760
30.1844 1600356760
30.1709 1600356760
27.3992 1600356760
30.6165 1600356760
17.4907 1600356760
28.6419 1600356760
20.959 1600356760
28.7898 1600356760
30.058699999999998 1600356760
19.7589 1600356760
28.772299999999998 1600356760
30.3749 1600356760
27.3979 1600356760
30.1707 1600356760
20.9362 1600356760
30.477 1600356760
20.96 1600356760
30.6179 1600356760
24.6804 1600356760
30.7322 1600356760
30.0913 1600356760
30.7318 1600356760
19.3387 1600356760
24.200499999999998 1600356760
27.0869 1600356760
30.753899999999998 1600356760
27.0854 1600356760
27.397299999999998 1600356760
29.5143 1600356760
