34.4685 1600356445
25.9867 1600356445
30.88 1600356445
25.531200000000002 1600356445
32.8881 1600356445
27.2595 1600356445
34.4687 1600356445
27.8392 1600356445
27.707 1600356445
31.303099999999997 1600356445
27.2587 1600356445
29.3328 1600356445
34.3784 1600356445
29.1012 1600356445
33.812999999999995 1600356445
19.2774 1600356445
20.8868 1600356445
33.7816 1600356445
20.8087 1600356445
34.5162 1600356445
20.845200000000002 1600356445
26.1646 1600356445
23.8884 1600356445
32.155499999999996 1600356445
22.281200000000002 1600356445
33.2279 1600356445
31.981499999999997 1600356445
22.9659 1600356445
23.241400000000002 1600356445
26.04 1600356445
34.3786 1600356445
29.4319 1600356445
25.2402 1600356445
27.8901 1600356445
28.0911 1600356445
11.6294 1600356445
33.395 1600356445
27.8481 1600356445
28.741500000000002 1600356445
25.3026 1600356445
32.3106 1600356445
34.4291 1600356445
28.7029 1600356445
29.9133 1600356445
30.0313 1600356445
31.303300000000004 1600356445
31.3031 1600356445
33.7815 1600356445
31.302899999999998 1600356445
34.428999999999995 1600356445
25.2622 1600356445
26.3351 1600356445
27.8898 1600356445
33.2945 1600356445
28.7026 1600356445
29.304000000000002 1600356445
33.2587 1600356445
29.2817 1600356445
34.4291 1600356445
22.8389 1600356445
34.7984 1600356445
27.8898 1600356445
29.0526 1600356445
31.3623 1600356445
34.519299999999994 1600356445
29.148600000000002 1600356445
26.3693 1600356445
33.3952 1600356445
25.1549 1600356445
27.8093 1600356445
28.1574 1600356445
29.8761 1600356445
33.8129 1600356445
29.2326 1600356445
34.7904 1600356445
28.2298 1600356445
25.1601 1600356445
32.479 1600356445
26.9706 1600356445
28.7448 1600356445
29.2944 1600356445
30.273400000000002 1600356445
33.8486 1600356445
26.6279 1600356445
30.2162 1600356445
31.422100000000004 1600356445
30.8801 1600356445
28.043 1600356445
29.4689 1600356445
31.0627 1600356445
33.394800000000004 1600356445
30.8634 1600356445
29.2764 1600356445
32.4701 1600356445
27.7801 1600356445
33.3948 1600356445
26.978 1600356445
28.7685 1600356445
31.8296 1600356445
30.9671 1600356445
32.1168 1600356445
28.9451 1600356445
35.0286 1600356445
29.0047 1600356445
29.3839 1600356445
31.409699999999997 1600356445
34.3789 1600356445
32.1146 1600356445
33.3175 1600356445
27.0892 1600356445
27.9056 1600356445
29.2997 1600356445
34.388999999999996 1600356445
29.7128 1600356445
28.9072 1600356445
32.667699999999996 1600356445
23.0106 1600356445
27.7686 1600356445
27.6778 1600356445
28.7328 1600356445
34.3238 1600356445
28.6277 1600356445
34.6436 1600356445
29.0268 1600356445
33.2925 1600356445
29.011300000000002 1600356445
31.0401 1600356445
30.3036 1600356445
31.5048 1600356445
25.9541 1600356445
34.5049 1600356445
32.6518 1600356445
24.6322 1600356445
28.1433 1600356445
34.4908 1600356445
29.0625 1600356445
26.897100000000002 1600356445
30.9719 1600356445
27.5087 1600356445
28.2158 1600356445
34.3237 1600356445
29.5325 1600356445
34.3239 1600356445
32.6518 1600356445
20.130200000000002 1600356445
24.6109 1600356445
34.339999999999996 1600356445
27.6778 1600356445
30.2623 1600356445
28.0184 1600356445
28.7908 1600356445
31.684199999999997 1600356445
31.908400000000004 1600356445
29.6911 1600356445
32.6675 1600356445
21.3797 1600356445
34.424899999999994 1600356445
29.4198 1600356445
32.651799999999994 1600356445
34.3668 1600356445
29.3779 1600356445
32.8514 1600356445
20.130200000000002 1600356445
29.011400000000002 1600356445
30.8733 1600356445
19.2057 1600356445
31.1593 1600356445
26.2763 1600356445
33.2926 1600356445
28.9821 1600356445
32.6675 1600356445
25.6845 1600356445
32.7379 1600356445
21.5581 1600356445
24.5873 1600356445
28.8935 1600356445
29.2832 1600356445
26.8342 1600356445
28.4022 1600356445
26.5123 1600356445
34.4185 1600356445
32.582 1600356445
29.0813 1600356445
34.3335 1600356445
29.0624 1600356445
33.9277 1600356445
28.0185 1600356445
19.0765 1600356445
29.547700000000003 1600356445
19.058 1600356445
28.9072 1600356445
30.084500000000002 1600356445
28.9072 1600356445
30.4811 1600356445
30.8568 1600356445
20.140900000000002 1600356445
26.263 1600356445
29.5093 1600356445
31.5356 1600356445
25.7643 1600356445
32.826699999999995 1600356445
20.213 1600356445
29.5795 1600356445
27.2186 1600356445
35.2335 1600356445
24.999 1600356445
32.584799999999994 1600356445
27.9771 1600356445
19.6788 1600356445
31.775 1600356445
32.872099999999996 1600356445
19.1003 1600356445
20.8941 1600356445
24.4258 1600356445
25.4693 1600356445
20.8063 1600356445
31.5057 1600356445
28.738500000000002 1600356445
31.1851 1600356445
23.1973 1600356445
27.438200000000002 1600356445
33.2481 1600356445
32.783199999999994 1600356445
22.9427 1600356445
28.0193 1600356445
29.809 1600356445
29.7869 1600356445
31.900800000000004 1600356445
26.3013 1600356445
28.3807 1600356445
32.783 1600356445
28.3326 1600356445
32.7663 1600356445
28.306 1600356445
28.8449 1600356445
29.2819 1600356445
29.2757 1600356445
31.808500000000002 1600356445
33.8956 1600356445
24.3465 1600356445
22.7238 1600356445
31.3959 1600356445
34.6529 1600356445
22.7092 1600356445
29.0653 1600356445
23.7258 1600356445
33.8101 1600356445
26.8349 1600356445
33.1463 1600356445
27.2311 1600356445
32.8579 1600356445
20.7878 1600356445
34.6033 1600356445
27.4071 1600356445
30.6402 1600356445
27.7139 1600356445
31.3958 1600356445
32.76649999999999 1600356445
23.889400000000002 1600356445
27.6526 1600356445
33.8779 1600356445
27.3135 1600356445
32.3536 1600356445
23.1685 1600356445
29.0962 1600356445
29.368100000000002 1600356445
29.5631 1600356445
34.1155 1600356445
23.0758 1600356445
25.037 1600356445
29.3256 1600356445
31.8083 1600356445
28.7773 1600356445
28.4071 1600356445
28.7226 1600356445
31.3273 1600356445
28.9387 1600356445
12.3206 1600356445
24.7707 1600356445
30.9818 1600356445
30.9637 1600356445
25.2819 1600356445
27.259800000000002 1600356445
32.8592 1600356445
27.1391 1600356445
30.4269 1600356445
32.8592 1600356445
27.438200000000002 1600356445
34.6038 1600356445
29.7867 1600356445
24.7706 1600356445
27.730800000000002 1600356445
31.3957 1600356445
32.8608 1600356445
31.3959 1600356445
34.2462 1600356445
31.395799999999998 1600356445
34.4148 1600356445
29.4012 1600356445
31.775100000000002 1600356445
32.4392 1600356445
27.4748 1600356445
32.7664 1600356445
27.4694 1600356445
34.1151 1600356445
24.7706 1600356445
19.739 1600356445
34.7701 1600356445
18.8394 1600356445
27.0869 1600356445
32.933899999999994 1600356445
27.341 1600356445
29.9766 1600356445
18.2793 1600356445
33.3555 1600356445
22.2807 1600356445
27.5505 1600356445
32.9156 1600356445
28.8912 1600356445
29.6731 1600356445
32.4354 1600356445
29.7586 1600356445
34.4116 1600356445
33.4908 1600356445
34.5094 1600356445
31.338099999999997 1600356445
34.39149999999999 1600356445
27.090500000000002 1600356445
22.2808 1600356445
31.977999999999998 1600356445
24.2539 1600356445
29.8538 1600356445
30.5252 1600356445
26.3149 1600356445
30.406 1600356445
27.78 1600356445
28.3721 1600356445
31.8475 1600356445
34.492999999999995 1600356445
30.2043 1600356445
30.4514 1600356445
18.2791 1600356445
30.221700000000002 1600356445
31.1929 1600356445
34.376799999999996 1600356445
31.0176 1600356445
32.9338 1600356445
34.6789 1600356445
18.578300000000002 1600356445
33.1717 1600356445
23.3703 1600356445
31.8384 1600356445
32.6316 1600356445
19.2504 1600356445
32.4913 1600356445
18.39 1600356445
22.7266 1600356445
30.4216 1600356445
32.0651 1600356445
22.6357 1600356445
32.7257 1600356445
28.2389 1600356445
26.3324 1600356445
28.7071 1600356445
32.7255 1600356445
29.2292 1600356445
20.9591 1600356445
33.3554 1600356445
34.5095 1600356445
25.089100000000002 1600356445
24.9403 1600356445
28.907600000000002 1600356445
32.346000000000004 1600356445
28.5355 1600356445
32.3097 1600356445
24.2715 1600356445
26.5301 1600356445
27.4727 1600356445
33.601099999999995 1600356445
24.5524 1600356445
30.2158 1600356445
27.5505 1600356445
29.7302 1600356445
34.515499999999996 1600356445
24.5523 1600356445
29.5407 1600356445
26.7544 1600356445
29.2953 1600356445
29.415200000000002 1600356445
30.2733 1600356445
21.8447 1600356445
32.8989 1600356445
30.145 1600356445
32.1363 1600356445
32.0834 1600356445
26.7794 1600356445
34.5095 1600356445
31.911500000000004 1600356445
32.7731 1600356445
27.586000000000002 1600356445
32.730599999999995 1600356445
28.3717 1600356445
34.328799999999994 1600356445
28.8668 1600356445
28.6457 1600356445
33.562 1600356445
34.4106 1600356445
28.7026 1600356445
28.503 1600356445
35.1759 1600356445
31.918599999999998 1600356445
32.8365 1600356445
32.8362 1600356445
26.2673 1600356445
34.3153 1600356445
20.1155 1600356445
24.9896 1600356445
34.3153 1600356445
24.8066 1600356445
26.353 1600356445
32.8015 1600356445
26.3363 1600356445
29.0666 1600356445
31.067700000000002 1600356445
26.6595 1600356445
30.7651 1600356445
29.3856 1600356445
26.3314 1600356445
32.1327 1600356445
28.3594 1600356445
28.887 1600356445
33.1658 1600356445
34.687599999999996 1600356445
28.865000000000002 1600356445
29.5203 1600356445
33.2292 1600356445
24.8068 1600356445
26.261400000000002 1600356445
24.1219 1600356445
27.5408 1600356445
34.5102 1600356445
27.41 1600356445
27.089 1600356445
28.0448 1600356445
29.488 1600356445
34.2897 1600356445
20.09 1600356445
29.3358 1600356445
33.2371 1600356445
27.958000000000002 1600356445
29.2951 1600356445
32.1228 1600356445
28.1037 1600356445
29.0366 1600356445
32.1228 1600356445
29.4498 1600356445
28.987000000000002 1600356445
33.927299999999995 1600356445
23.9143 1600356445
26.3386 1600356445
28.7757 1600356445
13.376000000000001 1600356445
31.0522 1600356445
32.622499999999995 1600356445
32.6228 1600356445
24.8068 1600356445
34.2894 1600356445
24.0385 1600356445
34.265699999999995 1600356445
23.9144 1600356445
32.578599999999994 1600356445
28.2923 1600356445
31.220299999999998 1600356445
19.5554 1600356445
23.5851 1600356445
26.6222 1600356445
28.0491 1600356445
33.9272 1600356445
28.2384 1600356445
33.2292 1600356445
26.0878 1600356445
29.1407 1600356445
34.612899999999996 1600356445
29.323800000000002 1600356445
24.8067 1600356445
28.2281 1600356445
31.072400000000002 1600356445
29.0843 1600356445
29.0844 1600356445
20.3763 1600356445
32.582699999999996 1600356445
29.412200000000002 1600356445
34.365 1600356445
19.3214 1600356445
31.441 1600356445
19.3074 1600356445
24.1479 1600356445
27.1555 1600356445
34.491 1600356445
27.4098 1600356445
28.7258 1600356445
34.633799999999994 1600356445
29.872500000000002 1600356445
24.9378 1600356445
29.0439 1600356445
31.3297 1600356445
31.5158 1600356445
26.6209 1600356445
34.3637 1600356445
29.598 1600356445
29.4203 1600356445
32.819900000000004 1600356445
