93.105 1600340947
146.48229999999998 1600340947
147.35399999999998 1600340947
147.3531 1600340947
151.8087 1600340947
148.1474 1600340947
129.1994 1600340947
153.56300000000002 1600340947
155.1364 1600340947
160.02009999999999 1600340947
138.599 1600340947
136.9159 1600340947
137.018 1600340947
139.3909 1600340947
140.12109999999998 1600340947
158.0627 1600340947
159.8926 1600340947
140.1223 1600340947
142.7138 1600340947
142.9654 1600340947
130.2603 1600340947
144.1308 1600340947
144.93300000000002 1600340947
144.3899 1600340947
147.99939999999998 1600340947
144.47439999999997 1600340947
147.9835 1600340947
148.6399 1600340947
151.6188 1600340947
154.932 1600340947
159.50549999999998 1600340947
148.17929999999998 1600340947
64.1077 1600340947
137.8921 1600340947
158.3061 1600340947
159.8812 1600340947
137.7044 1600340947
141.9563 1600340947
160.0625 1600340947
143.8317 1600340947
102.32939999999999 1600340947
144.0999 1600340947
148.065 1600340947
148.2808 1600340947
152.67020000000002 1600340947
132.14999999999998 1600340947
148.4245 1600340947
148.64069999999998 1600340947
158.80509999999998 1600340947
158.8025 1600340947
154.5832 1600340947
148.3709 1600340947
159.0874 1600340947
160.0965 1600340947
132.0178 1600340947
132.73520000000002 1600340947
136.9182 1600340947
139.32860000000002 1600340947
137.0235 1600340947
141.2419 1600340947
140.8679 1600340947
141.2407 1600340947
151.57219999999998 1600340947
156.47 1600340947
133.2212 1600340947
141.1063 1600340947
2.2675 1600340947
144.9305 1600340947
134.8262 1600340947
157.3638 1600340947
151.79080000000002 1600340947
141.2423 1600340947
138.9282 1600340947
136.5476 1600340947
49.916799999999995 1600340947
141.65959999999998 1600340947
150.8856 1600340947
151.7907 1600340947
153.5636 1600340947
151.61950000000002 1600340947
153.6823 1600340947
141.25480000000002 1600340947
144.93099999999998 1600340947
155.9608 1600340947
154.136 1600340947
155.9545 1600340947
159.03580000000002 1600340947
137.2208 1600340947
67.8636 1600340947
159.1642 1600340947
142.55030000000002 1600340947
152.0316 1600340947
152.5354 1600340947
156.58929999999998 1600340947
142.7274 1600340947
148.1293 1600340947
108.64290000000001 1600340947
152.2593 1600340947
151.2805 1600340947
94.1634 1600340947
153.8115 1600340947
159.0188 1600340947
125.8127 1600340947
152.3358 1600340947
159.8829 1600340947
138.2808 1600340947
135.89249999999998 1600340947
138.928 1600340947
138.45659999999998 1600340947
140.18669999999997 1600340947
142.7275 1600340947
142.9698 1600340947
145.4476 1600340947
150.55 1600340947
128.47809999999998 1600340947
151.2426 1600340947
144.93290000000002 1600340947
152.0187 1600340947
151.6182 1600340947
159.90310000000002 1600340947
143.2949 1600340947
138.93099999999998 1600340947
152.6704 1600340947
156.46970000000002 1600340947
139.35639999999998 1600340947
140.123 1600340947
140.86509999999998 1600340947
146.4821 1600340947
127.77900000000001 1600340947
129.75279999999998 1600340947
146.9263 1600340947
151.6192 1600340947
130.4324 1600340947
138.9985 1600340947
130.42759999999998 1600340947
153.277 1600340947
156.8935 1600340947
123.6558 1600340947
131.7796 1600340947
157.3647 1600340947
160.0197 1600340947
137.2214 1600340947
132.7308 1600340947
131.7863 1600340947
142.81709999999998 1600340947
142.967 1600340947
147.9844 1600340947
156.2211 1600340947
127.489 1600340947
156.7241 1600340947
144.1453 1600340947
158.8467 1600340947
133.21949999999998 1600340947
158.803 1600340947
136.54729999999998 1600340947
160.02 1600340947
131.35940000000002 1600340947
145.0744 1600340947
146.4631 1600340947
147.35510000000002 1600340947
138.4573 1600340947
140.12 1600340947
147.382 1600340947
154.0387 1600340947
145.93959999999998 1600340947
153.9012 1600340947
154.8716 1600340947
157.7698 1600340947
142.6755 1600340947
155.6917 1600340947
143.89180000000002 1600340947
56.333000000000006 1600340947
160.0974 1600340947
157.3641 1600340947
132.4891 1600340947
144.1525 1600340947
145.44320000000002 1600340947
146.14749999999998 1600340947
150.9167 1600340947
150.99960000000002 1600340947
153.8134 1600340947
153.0478 1600340947
83.5467 1600340947
159.5054 1600340947
132.73409999999998 1600340947
135.19869999999997 1600340947
137.2235 1600340947
99.2077 1600340947
136.55159999999998 1600340947
138.96699999999998 1600340947
142.6781 1600340947
148.6377 1600340947
130.2634 1600340947
71.7287 1600340947
142.5856 1600340947
144.101 1600340947
156.89370000000002 1600340947
159.7784 1600340947
148.37099999999998 1600340947
152.9204 1600340947
134.44650000000001 1600340947
158.29799999999997 1600340947
160.0967 1600340947
137.69500000000002 1600340947
144.1499 1600340947
149.745 1600340947
148.6381 1600340947
151.5254 1600340947
140.54909999999998 1600340947
137.69760000000002 1600340947
149.98710000000003 1600340947
151.5125 1600340947
150.9999 1600340947
153.8131 1600340947
140.74149999999997 1600340947
154.0394 1600340947
111.1538 1600340947
156.2215 1600340947
142.9617 1600340947
156.162 1600340947
144.34230000000002 1600340947
113.27019999999999 1600340947
135.09189999999998 1600340947
75.75349999999999 1600340947
143.819 1600340947
135.17059999999998 1600340947
147.3536 1600340947
148.4212 1600340947
155.4212 1600340947
142.70600000000002 1600340947
156.91250000000002 1600340947
158.23950000000002 1600340947
140.5552 1600340947
158.7271 1600340947
159.9806 1600340947
136.8079 1600340947
126.8394 1600340947
113.2689 1600340947
152.3379 1600340947
149.03359999999998 1600340947
137.2234 1600340947
152.0317 1600340947
157.31490000000002 1600340947
136.5521 1600340947
129.1901 1600340947
140.9203 1600340947
139.39090000000002 1600340947
142.5504 1600340947
142.963 1600340947
143.3948 1600340947
155.13580000000002 1600340947
143.3921 1600340947
147.81910000000002 1600340947
149.0336 1600340947
151.0216 1600340947
151.51239999999999 1600340947
128.4944 1600340947
154.9636 1600340947
137.70340000000002 1600340947
144.0991 1600340947
157.1228 1600340947
159.7782 1600340947
145.07610000000003 1600340947
143.82399999999998 1600340947
137.0176 1600340947
114.8841 1600340947
148.3706 1600340947
144.4749 1600340947
143.39460000000003 1600340947
150.88619999999997 1600340947
151.51170000000002 1600340947
151.79090000000002 1600340947
159.779 1600340947
144.15089999999998 1600340947
153.9015 1600340947
145.07430000000002 1600340947
131.78470000000002 1600340947
147.7962 1600340947
156.0461 1600340947
158.5351 1600340947
130.4311 1600340947
130.56959999999998 1600340947
147.3629 1600340947
131.7807 1600340947
159.5054 1600340947
131.7853 1600340947
140.9192 1600340947
131.78730000000002 1600340947
142.9772 1600340947
153.01479999999998 1600340947
154.1365 1600340947
141.6907 1600340947
154.3365 1600340947
157.3645 1600340947
159.01889999999997 1600340947
120.32780000000001 1600340947
159.88150000000002 1600340947
131.20530000000002 1600340947
133.4888 1600340947
157.3147 1600340947
157.66279999999998 1600340947
158.9295 1600340947
133.6691 1600340947
160.0976 1600340947
147.36169999999998 1600340947
141.1395 1600340947
131.1986 1600340947
153.57860000000002 1600340947
151.6175 1600340947
141.1066 1600340947
152.4785 1600340947
145.07539999999997 1600340947
155.8322 1600340947
147.0015 1600340947
158.6413 1600340947
150.5501 1600340947
159.0873 1600340947
119.8511 1600340947
119.5403 1600340947
145.38400000000001 1600340947
154.87189999999998 1600340947
156.0692 1600340947
119.8125 1600340947
156.885 1600340947
158.53480000000002 1600340947
158.8462 1600340947
127.7865 1600340947
159.0365 1600340947
125.5838 1600340947
139.3562 1600340947
140.86690000000002 1600340947
141.1062 1600340947
127.78009999999999 1600340947
147.017 1600340947
150.8853 1600340947
151.51379999999997 1600340947
154.0351 1600340947
130.43120000000002 1600340947
151.51119999999997 1600340947
131.78549999999998 1600340947
141.9632 1600340947
141.6576 1600340947
143.82029999999997 1600340947
142.32209999999998 1600340947
145.1167 1600340947
152.5191 1600340947
152.92079999999999 1600340947
154.41129999999998 1600340947
153.6258 1600340947
157.6475 1600340947
153.2443 1600340947
144.93089999999998 1600340947
121.908 1600340947
158.7273 1600340947
45.913799999999995 1600340947
159.2373 1600340947
42.112899999999996 1600340947
155.6432 1600340947
122.6096 1600340947
157.2312 1600340947
128.30419999999998 1600340947
129.2288 1600340947
157.12259999999998 1600340947
159.0868 1600340947
130.229 1600340947
134.82899999999998 1600340947
147.00140000000002 1600340947
130.1003 1600340947
135.1716 1600340947
156.8941 1600340947
159.19240000000002 1600340947
137.8947 1600340947
158.8617 1600340947
141.3315 1600340947
138.2791 1600340947
142.96189999999999 1600340947
142.7026 1600340947
144.9519 1600340947
156.9122 1600340947
128.17409999999998 1600340947
144.021 1600340947
144.4769 1600340947
130.56889999999999 1600340947
148.9289 1600340947
81.8764 1600340947
146.8899 1600340947
145.0733 1600340947
148.3704 1600340947
157.36440000000002 1600340947
156.0688 1600340947
146.81029999999998 1600340947
158.2979 1600340947
159.037 1600340947
130.42440000000002 1600340947
131.7976 1600340947
147.2011 1600340947
147.7963 1600340947
152.12099999999998 1600340947
153.33599999999998 1600340947
155.2375 1600340947
153.46790000000001 1600340947
156.4703 1600340947
132.1482 1600340947
157.36489999999998 1600340947
133.7343 1600340947
154.03470000000002 1600340947
147.72910000000002 1600340947
139.4885 1600340947
147.46839999999997 1600340947
147.8525 1600340947
158.8467 1600340947
151.5166 1600340947
148.15120000000002 1600340947
159.75390000000002 1600340947
136.55020000000002 1600340947
156.4701 1600340947
159.30579999999998 1600340947
122.61449999999999 1600340947
160.0976 1600340947
124.3382 1600340947
138.7472 1600340947
139.4778 1600340947
148.22439999999997 1600340947
132.1479 1600340947
150.55030000000002 1600340947
151.5111 1600340947
135.891 1600340947
152.1212 1600340947
156.06910000000002 1600340947
157.36440000000002 1600340947
136.5487 1600340947
60.0413 1600340947
142.3842 1600340947
137.7034 1600340947
125.3389 1600340947
157.36520000000002 1600340947
152.1209 1600340947
141.40220000000002 1600340947
142.3222 1600340947
125.3999 1600340947
145.0755 1600340947
143.2916 1600340947
142.6751 1600340947
144.3906 1600340947
147.8944 1600340947
152.1211 1600340947
144.15490000000003 1600340947
153.27759999999998 1600340947
130.1044 1600340947
158.53490000000002 1600340947
151.7103 1600340947
159.505 1600340947
144.9302 1600340947
141.9592 1600340947
144.4749 1600340947
146.4605 1600340947
146.866 1600340947
126.5978 1600340947
128.75 1600340947
151.6199 1600340947
146.8898 1600340947
132.48569999999998 1600340947
159.5063 1600340947
148.9287 1600340947
149.09120000000001 1600340947
158.11180000000002 1600340947
151.51670000000001 1600340947
133.2175 1600340947
155.2764 1600340947
156.2213 1600340947
158.7545 1600340947
134.0369 1600340947
151.6184 1600340947
134.4433 1600340947
128.3945 1600340947
135.09169999999997 1600340947
138.99319999999997 1600340947
138.7481 1600340947
138.6146 1600340947
141.10879999999997 1600340947
144.1979 1600340947
150.5653 1600340947
145.07340000000002 1600340947
133.8848 1600340947
146.77100000000002 1600340947
147.7268 1600340947
149.8985 1600340947
153.2775 1600340947
146.52759999999998 1600340947
156.262 1600340947
147.7093 1600340947
156.88549999999998 1600340947
159.3054 1600340947
160.1014 1600340947
21.1021 1600340947
147.9858 1600340947
136.894 1600340947
159.0189 1600340947
160.102 1600340947
138.9296 1600340947
141.23809999999997 1600340947
147.99900000000002 1600340947
151.3172 1600340947
154.58360000000002 1600340947
154.0342 1600340947
159.08700000000002 1600340947
22.5787 1600340947
147.3619 1600340947
41.1813 1600340947
89.199 1600340947
159.50660000000002 1600340947
138.9296 1600340947
