16.572499999999998 1600642878
16.731099999999998 1600642878
17.3879 1600642878
16.872799999999998 1600642878
15.2642 1600642878
16.369899999999998 1600642878
17.123199999999997 1600642878
14.7672 1600642878
12.8274 1600642878
13.5357 1600642878
14.7657 1600642878
14.063600000000001 1600642878
19.9762 1600642878
17.753899999999998 1600642878
17.943099999999998 1600642878
18.194499999999998 1600642878
17.943099999999998 1600642878
14.4437 1600642878
16.3542 1600642878
18.539099999999998 1600642878
10.2907 1600642878
10.1323 1600642878
12.4693 1600642878
10.8142 1600642878
10.2909 1600642878
17.2044 1600642878
14.5569 1600642878
14.0536 1600642878
14.0496 1600642878
11.9844 1600642878
12.1795 1600642878
12.4347 1600642878
9.751000000000001 1600642878
8.4503 1600642878
9.2687 1600642878
11.7881 1600642878
13.704 1600642878
14.2725 1600642878
14.6365 1600642878
15.523200000000001 1600642878
16.752499999999998 1600642878
13.7231 1600642878
16.752399999999998 1600642878
14.9994 1600642878
18.7974 1600642878
16.2124 1600642878
13.921800000000001 1600642878
13.8468 1600642878
14.564 1600642878
14.7887 1600642878
15.2201 1600642878
17.685699999999997 1600642878
14.3467 1600642878
14.8081 1600642878
14.9841 1600642878
14.9422 1600642878
16.6576 1600642878
18.7577 1600642878
12.2696 1600642878
14.0624 1600642878
15.2059 1600642878
12.2366 1600642878
12.4985 1600642878
13.259 1600642878
18.0213 1600642878
12.9419 1600642878
9.3863 1600642878
12.8542 1600642878
13.437899999999999 1600642878
13.438 1600642878
18.0336 1600642878
13.7979 1600642878
12.0336 1600642878
13.2191 1600642878
6.805400000000001 1600642878
9.1015 1600642878
17.3909 1600642878
14.1502 1600642878
13.951600000000001 1600642878
12.7222 1600642878
14.572 1600642878
15.2147 1600642878
13.9893 1600642878
16.8464 1600642878
14.9538 1600642878
15.114099999999999 1600642878
13.2188 1600642878
14.4281 1600642878
12.7184 1600642878
16.569999999999997 1600642878
16.6891 1600642878
16.9518 1600642878
14.791500000000001 1600642878
15.2013 1600642878
14.7914 1600642878
16.5703 1600642878
13.51 1600642878
13.9604 1600642878
14.688 1600642878
15.940199999999999 1600642878
8.6031 1600642878
11.1699 1600642878
18.114099999999997 1600642878
13.2602 1600642878
15.7614 1600642878
13.7766 1600642878
14.5704 1600642878
15.3243 1600642878
15.821900000000001 1600642878
13.3244 1600642878
14.321900000000001 1600642878
9.7286 1600642878
15.23 1600642878
10.5661 1600642878
13.453100000000001 1600642878
19.328400000000002 1600642878
14.9597 1600642878
16.9665 1600642878
17.655700000000003 1600642878
17.6555 1600642878
18.183699999999998 1600642878
19.6669 1600642878
11.724400000000001 1600642878
13.1043 1600642878
13.4354 1600642878
11.0302 1600642878
13.9269 1600642878
11.1506 1600642878
13.105500000000001 1600642878
13.5984 1600642878
8.1026 1600642878
8.4908 1600642878
13.549900000000001 1600642878
13.5444 1600642878
16.3037 1600642878
15.1486 1600642878
13.931000000000001 1600642878
12.0084 1600642878
14.329600000000001 1600642878
14.9795 1600642878
17.8784 1600642878
9.8031 1600642878
16.953 1600642878
13.744299999999999 1600642878
14.8597 1600642878
15.242400000000002 1600642878
15.242500000000001 1600642878
17.2978 1600642878
14.5196 1600642878
14.6415 1600642878
14.6414 1600642878
14.7505 1600642878
16.0721 1600642878
18.5998 1600642878
16.913899999999998 1600642878
11.4679 1600642878
16.572599999999998 1600642878
16.9145 1600642878
11.8005 1600642878
17.304199999999998 1600642878
15.1318 1600642878
14.3224 1600642878
15.1259 1600642878
14.448500000000001 1600642878
13.742700000000001 1600642878
14.6389 1600642878
18.5037 1600642878
17.266800000000003 1600642878
13.676 1600642878
17.676599999999997 1600642878
14.3681 1600642878
14.3682 1600642878
19.5825 1600642878
11.3813 1600642878
12.5696 1600642878
12.6704 1600642878
11.3816 1600642878
13.9078 1600642878
12.2518 1600642878
16.4333 1600642878
14.2452 1600642878
14.2239 1600642878
14.9412 1600642878
14.0534 1600642878
14.172 1600642878
17.0357 1600642878
14.515600000000001 1600642878
9.6251 1600642878
14.8397 1600642878
15.522 1600642878
10.2844 1600642878
12.574300000000001 1600642878
14.9992 1600642878
15.314000000000002 1600642878
15.658900000000001 1600642878
13.1018 1600642878
15.583 1600642878
16.7788 1600642878
17.2903 1600642878
12.8841 1600642878
14.564 1600642878
15.8267 1600642878
14.7887 1600642878
14.7884 1600642878
19.075 1600642878
15.009400000000001 1600642878
15.4203 1600642878
16.207099999999997 1600642878
15.2677 1600642878
15.56 1600642878
16.574499999999997 1600642878
16.9819 1600642878
14.5318 1600642878
14.8467 1600642878
15.0064 1600642878
12.495800000000001 1600642878
15.1336 1600642878
18.903299999999998 1600642878
14.8305 1600642878
16.3465 1600642878
17.7968 1600642878
18.132700000000003 1600642878
18.132700000000003 1600642878
16.3463 1600642878
13.5578 1600642878
8.338000000000001 1600642878
10.3878 1600642878
11.108 1600642878
11.1083 1600642878
11.5663 1600642878
17.3284 1600642878
14.7431 1600642878
11.6695 1600642878
11.289200000000001 1600642878
12.201 1600642878
12.0095 1600642878
16.613599999999998 1600642878
12.8512 1600642878
13.608600000000001 1600642878
12.8768 1600642878
13.7502 1600642878
13.7501 1600642878
13.708400000000001 1600642878
17.6264 1600642878
13.3694 1600642878
14.5999 1600642878
15.1916 1600642878
14.7914 1600642878
16.3524 1600642878
18.0639 1600642878
12.7198 1600642878
12.5343 1600642878
13.0496 1600642878
13.5101 1600642878
14.2217 1600642878
16.206799999999998 1600642878
16.2505 1600642878
16.7336 1600642878
16.258399999999998 1600642878
16.4838 1600642878
13.6404 1600642878
16.5706 1600642878
18.4689 1600642878
13.7413 1600642878
14.579 1600642878
15.1312 1600642878
15.1312 1600642878
12.3102 1600642878
20.019199999999998 1600642878
14.9095 1600642878
14.9037 1600642878
15.687700000000001 1600642878
15.671899999999999 1600642878
15.6717 1600642878
16.709 1600642878
18.9228 1600642878
11.2819 1600642878
11.0032 1600642878
11.9885 1600642878
11.268 1600642878
12.2843 1600642878
15.1127 1600642878
14.2711 1600642878
15.0677 1600642878
9.9809 1600642878
12.625300000000001 1600642878
14.1856 1600642878
12.5795 1600642878
11.9334 1600642878
12.5196 1600642878
13.3889 1600642878
12.4967 1600642878
12.4403 1600642878
12.8074 1600642878
17.752499999999998 1600642878
15.4848 1600642878
13.0233 1600642878
15.659800000000002 1600642878
15.625000000000002 1600642878
16.913400000000003 1600642878
18.5209 1600642878
14.747499999999999 1600642878
14.894 1600642878
12.6942 1600642878
15.3225 1600642878
15.698500000000001 1600642878
16.276999999999997 1600642878
17.549799999999998 1600642878
12.2356 1600642878
13.1357 1600642878
10.8062 1600642878
12.9274 1600642878
13.1359 1600642878
15.107000000000001 1600642878
14.3218 1600642878
14.5059 1600642878
14.5058 1600642878
14.6366 1600642878
15.1258 1600642878
14.6034 1600642878
14.5169 1600642878
14.6758 1600642878
14.676 1600642878
15.637500000000001 1600642878
14.6705 1600642878
15.0316 1600642878
17.846999999999998 1600642878
12.3503 1600642878
12.5695 1600642878
12.5693 1600642878
13.467 1600642878
12.6042 1600642878
15.1509 1600642878
14.941199999999998 1600642878
14.2121 1600642878
12.4347 1600642878
12.7897 1600642878
7.315800000000001 1600642878
13.1998 1600642878
16.334999999999997 1600642878
11.4786 1600642878
13.05 1600642878
14.219 1600642878
11.5225 1600642878
12.101 1600642878
17.3567 1600642878
13.6128 1600642878
13.6127 1600642878
13.5868 1600642878
13.5675 1600642878
9.2495 1600642878
8.9628 1600642878
15.2234 1600642878
15.0572 1600642878
15.2232 1600642878
15.8268 1600642878
15.8267 1600642878
11.509500000000001 1600642878
17.458199999999998 1600642878
15.552000000000001 1600642878
15.964 1600642878
16.981099999999998 1600642878
8.754 1600642878
0.25939999999999996 1600642878
18.142200000000003 1600642878
13.4888 1600642878
12.2285 1600642878
13.514800000000001 1600642878
13.8801 1600642878
13.6728 1600642878
14.4965 1600642878
19.4131 1600642878
16.6036 1600642878
17.311799999999998 1600642878
13.9519 1600642878
17.6146 1600642878
17.812299999999997 1600642878
19.006 1600642878
11.5661 1600642878
11.6578 1600642878
11.6578 1600642878
12.868 1600642878
11.5665 1600642878
0.8022000000000001 1600642878
13.0488 1600642878
13.2905 1600642878
13.0441 1600642878
13.8329 1600642878
9.624400000000001 1600642878
13.8674 1600642878
16.3021 1600642878
13.7073 1600642878
15.2541 1600642878
14.139000000000001 1600642878
11.4289 1600642878
0.7193000000000002 1600642878
17.894299999999998 1600642878
15.2286 1600642878
15.615599999999999 1600642878
13.0658 1600642878
13.6142 1600642878
12.0176 1600642878
13.046100000000001 1600642878
17.5173 1600642878
14.5496 1600642878
12.7436 1600642878
15.1001 1600642878
15.548699999999998 1600642878
16.212999999999997 1600642878
18.800199999999997 1600642878
16.4545 1600642878
16.4843 1600642878
17.303099999999997 1600642878
14.4582 1600642878
14.3765 1600642878
16.8262 1600642878
14.6304 1600642878
12.2079 1600642878
14.9936 1600642878
11.7995 1600642878
7.250400000000001 1600642878
0.6263999999999998 1600642878
18.909000000000002 1600642878
10.409 1600642878
11.4414 1600642878
17.2028 1600642878
8.4126 1600642878
0.9012000000000001 1600642878
19.6249 1600642878
12.487 1600642878
12.8462 1600642878
13.3542 1600642878
12.971300000000001 1600642878
13.6439 1600642878
12.9712 1600642878
16.2972 1600642878
12.6899 1600642878
12.8472 1600642878
13.5982 1600642878
13.5447 1600642878
14.0516 1600642878
17.087899999999998 1600642878
13.1501 1600642878
13.9326 1600642878
14.2339 1600642878
14.021600000000001 1600642878
14.6277 1600642878
14.6979 1600642878
12.776200000000001 1600642878
13.565100000000001 1600642878
14.3133 1600642878
14.4054 1600642878
14.6995 1600642878
15.242200000000002 1600642878
16.38 1600642878
10.151200000000001 1600642878
12.988100000000001 1600642878
12.988199999999999 1600642878
12.9881 1600642878
0.6994000000000001 1600642878
16.952299999999997 1600642878
13.318900000000001 1600642878
15.795600000000002 1600642878
16.8733 1600642878
15.440700000000001 1600642878
15.4214 1600642878
15.388800000000002 1600642878
17.546899999999997 1600642878
14.8142 1600642878
14.8142 1600642878
9.2245 1600642878
13.0279 1600642878
13.2058 1600642878
18.1941 1600642878
18.3876 1600642878
14.6759 1600642878
16.154999999999998 1600642878
17.1666 1600642878
17.9432 1600642878
14.7554 1600642878
13.5683 1600642878
10.288 1600642878
11.1127 1600642878
11.381400000000001 1600642878
8.5192 1600642878
11.6851 1600642878
17.200599999999998 1600642878
14.9414 1600642878
14.223600000000001 1600642878
13.1668 1600642878
1.722 1600642878
9.2179 1600642878
16.4252 1600642878
12.6148 1600642878
13.3415 1600642878
14.930200000000001 1600642878
13.152700000000001 1600642878
15.1499 1600642878
13.5696 1600642878
16.2073 1600642878
13.8626 1600642878
14.5649 1600642878
15.6585 1600642878
8.4395 1600642878
0.48050000000000004 1600642878
17.004499999999997 1600642878
9.3796 1600642878
13.2788 1600642878
12.6578 1600642878
12.9172 1600642878
13.879 1600642878
14.3355 1600642878
