0.20780000000000004 1600649517
0.4314 1600649517
0.45909999999999995 1600649517
0.40369999999999995 1600649517
0.47450000000000003 1600649517
0.46720000000000006 1600649517
0.4296 1600649517
0.4417 1600649517
0.4372 1600649517
0.3927 1600649517
0.4701 1600649517
0.5049999999999999 1600649517
0.39159999999999995 1600649517
0.44870000000000004 1600649517
0.46840000000000004 1600649517
0.44549999999999995 1600649517
0.42269999999999996 1600649517
0.5171000000000001 1600649517
0.43560000000000004 1600649517
0.45559999999999995 1600649517
0.3663 1600649517
0.41109999999999997 1600649517
0.5126999999999999 1600649517
0.4198 1600649517
0.5136 1600649517
0.4714 1600649517
0.45120000000000005 1600649517
0.44090000000000007 1600649517
0.3844 1600649517
0.43019999999999997 1600649517
0.4842 1600649517
0.46399999999999997 1600649517
0.3773 1600649517
0.40409999999999996 1600649517
0.4476 1600649517
0.4106000000000001 1600649517
0.41050000000000003 1600649517
0.40119999999999995 1600649517
0.5198 1600649517
0.4904 1600649517
0.43440000000000006 1600649517
0.5147999999999999 1600649517
0.45209999999999995 1600649517
0.48510000000000003 1600649517
0.4166 1600649517
0.40870000000000006 1600649517
0.4243 1600649517
0.45699999999999996 1600649517
0.4207 1600649517
0.4419 1600649517
0.47319999999999995 1600649517
0.4144 1600649517
0.4123 1600649517
0.44059999999999994 1600649517
0.4605 1600649517
0.4226 1600649517
0.4559 1600649517
0.4806 1600649517
0.4503 1600649517
0.40730000000000005 1600649517
0.4708 1600649517
0.5331 1600649517
0.46229999999999993 1600649517
0.3757 1600649517
0.5836999999999999 1600649517
0.42819999999999997 1600649517
0.4494000000000001 1600649517
0.4416 1600649517
0.3834 1600649517
0.353 1600649517
0.46820000000000006 1600649517
0.38139999999999996 1600649517
0.4955 1600649517
0.4463 1600649517
0.37660000000000005 1600649517
0.45790000000000003 1600649517
0.45259999999999995 1600649517
0.4777 1600649517
0.4146 1600649517
0.4397 1600649517
0.4283 1600649517
0.464 1600649517
0.4416 1600649517
0.49529999999999996 1600649517
0.458 1600649517
0.4574 1600649517
0.464 1600649517
0.4641 1600649517
0.5033000000000001 1600649517
0.5771 1600649517
0.43520000000000003 1600649517
0.4113 1600649517
0.4759 1600649517
0.422 1600649517
0.45219999999999994 1600649517
0.44749999999999995 1600649517
0.5213000000000001 1600649517
0.42669999999999997 1600649517
0.4206 1600649517
0.43290000000000006 1600649517
0.4241 1600649517
0.5188999999999999 1600649517
0.3974 1600649517
0.4525 1600649517
0.4612 1600649517
0.6056999999999999 1600649517
0.47150000000000003 1600649517
0.4701 1600649517
0.45759999999999995 1600649517
0.4307 1600649517
0.4036 1600649517
0.5192000000000001 1600649517
0.4496 1600649517
0.5286 1600649517
0.4715 1600649517
0.4643 1600649517
0.44620000000000004 1600649517
0.4547 1600649517
0.44470000000000004 1600649517
0.48179999999999995 1600649517
0.41900000000000004 1600649517
0.41369999999999996 1600649517
0.4045 1600649517
0.3827 1600649517
0.5545 1600649517
0.4569 1600649517
0.4486 1600649517
0.40019999999999994 1600649517
0.5103 1600649517
0.42630000000000007 1600649517
0.39649999999999996 1600649517
0.4532 1600649517
0.39899999999999997 1600649517
0.5219 1600649517
0.43549999999999994 1600649517
0.4609 1600649517
0.4395 1600649517
0.41819999999999996 1600649517
0.43829999999999997 1600649517
0.4243 1600649517
0.48090000000000005 1600649517
0.4089 1600649517
0.5121 1600649517
0.41759999999999997 1600649517
0.41919999999999996 1600649517
0.3762 1600649517
0.4195 1600649517
0.4234 1600649517
0.42390000000000005 1600649517
0.5206000000000001 1600649517
0.46609999999999996 1600649517
0.4108 1600649517
0.5089999999999999 1600649517
0.4069 1600649517
0.4397 1600649517
0.41 1600649517
0.4757 1600649517
0.4986 1600649517
0.48120000000000007 1600649517
0.42939999999999995 1600649517
0.4219 1600649517
0.43060000000000004 1600649517
0.38589999999999997 1600649517
0.5206999999999999 1600649517
0.46810000000000007 1600649517
0.4338000000000001 1600649517
0.387 1600649517
0.42349999999999993 1600649517
0.5301 1600649517
0.45259999999999995 1600649517
0.4894 1600649517
0.4045 1600649517
0.42260000000000003 1600649517
0.45560000000000006 1600649517
0.4588 1600649517
0.42039999999999994 1600649517
0.417 1600649517
0.47429999999999994 1600649517
0.44099999999999995 1600649517
0.45640000000000003 1600649517
0.43260000000000004 1600649517
0.43549999999999994 1600649517
0.40840000000000004 1600649517
0.40119999999999995 1600649517
0.38009999999999994 1600649517
0.4763 1600649517
0.4325 1600649517
0.429 1600649517
0.5306 1600649517
0.4655 1600649517
0.48410000000000003 1600649517
0.4434 1600649517
0.46349999999999997 1600649517
0.3746 1600649517
0.42539999999999994 1600649517
0.43439999999999995 1600649517
0.40680000000000005 1600649517
0.5233 1600649517
0.4195 1600649517
0.4098 1600649517
0.45730000000000004 1600649517
0.43409999999999993 1600649517
0.5117999999999999 1600649517
0.42040000000000005 1600649517
0.4309 1600649517
0.4316 1600649517
0.5441 1600649517
0.44100000000000006 1600649517
0.44510000000000005 1600649517
0.39459999999999995 1600649517
0.41819999999999996 1600649517
0.39999999999999997 1600649517
0.436 1600649517
0.49989999999999996 1600649517
0.42040000000000005 1600649517
0.4202 1600649517
0.4695 1600649517
0.44780000000000003 1600649517
0.5414000000000001 1600649517
0.3887 1600649517
0.3977 1600649517
0.38839999999999997 1600649517
0.45249999999999996 1600649517
0.39339999999999997 1600649517
0.43820000000000003 1600649517
0.4477 1600649517
0.47600000000000003 1600649517
0.5424 1600649517
0.4371 1600649517
0.39730000000000004 1600649517
0.4627 1600649517
0.4374 1600649517
0.4871 1600649517
0.4246 1600649517
0.45980000000000004 1600649517
0.45630000000000004 1600649517
0.39580000000000004 1600649517
0.4479 1600649517
0.44170000000000004 1600649517
0.4783 1600649517
0.46740000000000004 1600649517
0.47959999999999997 1600649517
0.44000000000000006 1600649517
0.46190000000000003 1600649517
0.44 1600649517
0.5126999999999999 1600649517
0.45959999999999995 1600649517
0.5049000000000001 1600649517
0.40790000000000004 1600649517
0.4527 1600649517
0.4086 1600649517
0.4587 1600649517
0.4494 1600649517
0.4258 1600649517
0.3996 1600649517
0.40609999999999996 1600649517
0.40870000000000006 1600649517
0.46659999999999996 1600649517
0.412 1600649517
0.23179999999999995 1600649517
0.44789999999999996 1600649517
0.5105 1600649517
0.44680000000000003 1600649517
0.5033000000000001 1600649517
0.4226 1600649517
0.45890000000000003 1600649517
0.4644 1600649517
0.4368 1600649517
0.4554 1600649517
0.5445 1600649517
0.4027 1600649517
0.46920000000000006 1600649517
0.39870000000000005 1600649517
0.51 1600649517
0.41269999999999996 1600649517
0.4643 1600649517
0.3696 1600649517
0.39719999999999994 1600649517
0.3962 1600649517
0.4357 1600649517
0.37089999999999995 1600649517
0.4248 1600649517
0.42779999999999996 1600649517
0.4672 1600649517
0.4497 1600649517
0.47290000000000004 1600649517
0.44680000000000003 1600649517
0.39830000000000004 1600649517
0.42019999999999996 1600649517
0.4217 1600649517
0.401 1600649517
0.46210000000000007 1600649517
0.4482 1600649517
0.41829999999999995 1600649517
0.4658 1600649517
0.5387 1600649517
0.38130000000000003 1600649517
0.4879 1600649517
0.4663 1600649517
0.46 1600649517
0.5019 1600649517
0.38079999999999997 1600649517
0.543 1600649517
0.3973 1600649517
0.45720000000000005 1600649517
0.4666 1600649517
0.45189999999999997 1600649517
0.44289999999999996 1600649517
0.4245 1600649517
0.45740000000000003 1600649517
0.4347 1600649517
0.4491 1600649517
0.4588 1600649517
0.39580000000000004 1600649517
0.4294 1600649517
0.3869 1600649517
0.49189999999999995 1600649517
0.42700000000000005 1600649517
0.4398 1600649517
0.396 1600649517
0.41139999999999993 1600649517
0.39899999999999997 1600649517
0.4099 1600649517
0.40529999999999994 1600649517
0.3969 1600649517
0.3894 1600649517
0.4592 1600649517
0.45899999999999996 1600649517
0.48490000000000005 1600649517
0.4377 1600649517
0.3929 1600649517
0.5766 1600649517
0.44960000000000006 1600649517
0.4382 1600649517
0.43289999999999995 1600649517
0.5549000000000001 1600649517
0.40290000000000004 1600649517
0.4641 1600649517
0.40390000000000004 1600649517
0.4284 1600649517
0.4731 1600649517
0.5038 1600649517
0.3977 1600649517
0.5051000000000001 1600649517
0.5047 1600649517
0.43389999999999995 1600649517
0.4942 1600649517
0.42660000000000003 1600649517
0.387 1600649517
0.39980000000000004 1600649517
0.46460000000000007 1600649517
0.38789999999999997 1600649517
0.41219999999999996 1600649517
0.49429999999999996 1600649517
0.46299999999999997 1600649517
0.40870000000000006 1600649517
0.4381 1600649517
0.4338000000000001 1600649517
0.48979999999999996 1600649517
0.39139999999999997 1600649517
0.46149999999999997 1600649517
0.39399999999999996 1600649517
0.42240000000000005 1600649517
0.4570000000000001 1600649517
0.4262000000000001 1600649517
0.432 1600649517
0.46 1600649517
0.3904 1600649517
0.3851 1600649517
0.4624 1600649517
0.4606 1600649517
0.4376 1600649517
0.4059 1600649517
0.41350000000000003 1600649517
0.46540000000000004 1600649517
0.35239999999999994 1600649517
0.5397000000000001 1600649517
0.45250000000000007 1600649517
0.48340000000000005 1600649517
0.4561 1600649517
0.4986 1600649517
0.49860000000000004 1600649517
0.476 1600649517
0.4097 1600649517
0.45089999999999997 1600649517
0.3835 1600649517
0.4484 1600649517
0.3967 1600649517
0.41950000000000004 1600649517
0.42369999999999997 1600649517
0.4983 1600649517
0.4671 1600649517
0.48140000000000005 1600649517
0.462 1600649517
0.39990000000000003 1600649517
0.45430000000000004 1600649517
0.47269999999999995 1600649517
0.4081 1600649517
0.4507 1600649517
0.45699999999999996 1600649517
0.45449999999999996 1600649517
0.39670000000000005 1600649517
0.38770000000000004 1600649517
0.4111 1600649517
0.4275 1600649517
0.45749999999999996 1600649517
0.5025 1600649517
0.4832 1600649517
0.4275 1600649517
0.4405 1600649517
0.4541 1600649517
0.44739999999999996 1600649517
0.42579999999999996 1600649517
0.455 1600649517
0.516 1600649517
0.4309 1600649517
0.557 1600649517
0.4643999999999999 1600649517
0.46019999999999994 1600649517
0.41379999999999995 1600649517
0.4673999999999999 1600649517
0.488 1600649517
0.4827000000000001 1600649517
0.4189 1600649517
0.4562 1600649517
0.4092 1600649517
0.4495 1600649517
0.4571 1600649517
0.4118 1600649517
0.4635 1600649517
0.4234 1600649517
0.5927 1600649517
0.45820000000000005 1600649517
0.433 1600649517
0.42290000000000005 1600649517
0.4402 1600649517
0.43690000000000007 1600649517
0.4581 1600649517
0.4536 1600649517
0.4678999999999999 1600649517
0.44859999999999994 1600649517
0.4831 1600649517
0.36979999999999996 1600649517
0.3961 1600649517
0.458 1600649517
0.4161 1600649517
0.45189999999999997 1600649517
0.4514 1600649517
0.40499999999999997 1600649517
0.38010000000000005 1600649517
0.4503 1600649517
0.41490000000000005 1600649517
0.3784 1600649517
0.39640000000000003 1600649517
0.48640000000000005 1600649517
0.39569999999999994 1600649517
0.46779999999999994 1600649517
0.47200000000000003 1600649517
0.5066 1600649517
0.46349999999999997 1600649517
0.5421 1600649517
0.45849999999999996 1600649517
0.43110000000000004 1600649517
0.42560000000000003 1600649517
0.49160000000000004 1600649517
0.5198 1600649517
0.44760000000000005 1600649517
0.38070000000000004 1600649517
0.5074 1600649517
0.4521 1600649517
0.48979999999999996 1600649517
0.38549999999999995 1600649517
0.48160000000000003 1600649517
0.4656 1600649517
0.4649 1600649517
0.4843 1600649517
0.4038 1600649517
0.48080000000000006 1600649517
0.47080000000000005 1600649517
0.4622 1600649517
0.42649999999999993 1600649517
0.48199999999999993 1600649517
0.4678 1600649517
0.43130000000000007 1600649517
0.46889999999999993 1600649517
0.4243 1600649517
0.4608999999999999 1600649517
0.42090000000000005 1600649517
0.37660000000000005 1600649517
0.3952 1600649517
0.40970000000000006 1600649517
0.41590000000000005 1600649517
0.4695 1600649517
0.39370000000000005 1600649517
0.37779999999999997 1600649517
0.3488 1600649517
0.40830000000000005 1600649517
0.46130000000000004 1600649517
0.45320000000000005 1600649517
0.4413 1600649517
0.40070000000000006 1600649517
0.44950000000000007 1600649517
0.36850000000000005 1600649517
0.46290000000000003 1600649517
0.4644 1600649517
0.4511 1600649517
0.5263 1600649517
0.4127 1600649517
0.45840000000000003 1600649517
0.45080000000000003 1600649517
0.44959999999999994 1600649517
0.42030000000000006 1600649517
