1.4972 1600639298
1.4085 1600639298
1.6444999999999999 1600639298
1.6033000000000002 1600639298
1.5396999999999998 1600639298
1.5611000000000002 1600639298
1.6128 1600639298
1.6164999999999998 1600639298
1.2627000000000002 1600639298
1.613 1600639298
1.6261999999999999 1600639298
1.5918999999999999 1600639298
1.5602 1600639298
1.5396 1600639298
1.5352000000000001 1600639298
1.5271 1600639298
1.5935000000000001 1600639298
1.5928 1600639298
1.4085 1600639298
1.5688 1600639298
1.5003000000000002 1600639298
1.5003000000000002 1600639298
1.5789 1600639298
1.6166 1600639298
1.5567000000000002 1600639298
1.5598 1600639298
1.5107 1600639298
1.5840999999999998 1600639298
1.4489999999999998 1600639298
1.617 1600639298
1.5402999999999998 1600639298
1.6315 1600639298
1.5184000000000002 1600639298
1.5614 1600639298
1.4096000000000002 1600639298
1.638 1600639298
1.6056 1600639298
1.5604999999999998 1600639298
1.6185999999999998 1600639298
1.5163000000000002 1600639298
1.4998 1600639298
1.5968 1600639298
1.5831 1600639298
1.5642 1600639298
1.6444 1600639298
1.5844999999999998 1600639298
1.5156999999999998 1600639298
1.4872999999999998 1600639298
1.6057000000000001 1600639298
1.588 1600639298
1.5442999999999998 1600639298
1.5354 1600639298
1.5484 1600639298
1.6103999999999998 1600639298
1.5596999999999999 1600639298
1.592 1600639298
1.5331000000000001 1600639298
1.588 1600639298
1.5697999999999999 1600639298
1.5185 1600639298
1.4588 1600639298
1.5632000000000001 1600639298
1.5223 1600639298
1.5234999999999999 1600639298
1.6467999999999998 1600639298
1.5916000000000001 1600639298
1.5421999999999998 1600639298
1.6258 1600639298
1.4963000000000002 1600639298
1.52 1600639298
1.6402999999999999 1600639298
1.5008 1600639298
1.5682999999999998 1600639298
1.5688 1600639298
1.6183999999999998 1600639298
1.5709 1600639298
1.5920999999999998 1600639298
1.6155 1600639298
1.5345 1600639298
1.5516999999999999 1600639298
1.6176 1600639298
1.5749 1600639298
1.5337 1600639298
1.4942000000000002 1600639298
1.5434 1600639298
1.5777999999999999 1600639298
1.5943999999999998 1600639298
1.5409000000000002 1600639298
1.5352999999999999 1600639298
1.3279999999999998 1600639298
1.6048999999999998 1600639298
1.6179000000000001 1600639298
1.5760999999999998 1600639298
1.5884 1600639298
1.6480000000000001 1600639298
1.5252 1600639298
1.5329000000000002 1600639298
1.5991 1600639298
1.6400000000000001 1600639298
1.5179 1600639298
1.5318 1600639298
1.5337 1600639298
1.6393 1600639298
1.4094000000000002 1600639298
1.5764999999999998 1600639298
1.5324 1600639298
1.6219999999999999 1600639298
1.5903 1600639298
1.5400999999999998 1600639298
1.6018 1600639298
1.5318999999999998 1600639298
1.6164 1600639298
1.6437 1600639298
1.6456 1600639298
1.5995 1600639298
1.5478 1600639298
1.5929000000000002 1600639298
1.6105 1600639298
1.5093999999999999 1600639298
1.5689000000000002 1600639298
1.5293 1600639298
1.5857 1600639298
1.5896 1600639298
1.6582 1600639298
1.5935000000000001 1600639298
1.6370999999999998 1600639298
1.5379999999999998 1600639298
1.5627 1600639298
1.5929000000000002 1600639298
1.5916000000000001 1600639298
1.6025 1600639298
1.5695999999999999 1600639298
1.5722999999999998 1600639298
1.6029 1600639298
1.6028000000000002 1600639298
1.6166 1600639298
1.5739 1600639298
1.6139999999999999 1600639298
1.5028000000000001 1600639298
1.677 1600639298
1.5894 1600639298
1.5823 1600639298
1.608 1600639298
1.6208 1600639298
1.6492 1600639298
1.6046999999999998 1600639298
1.6132 1600639298
1.4792 1600639298
1.6150000000000002 1600639298
1.5551 1600639298
1.6442999999999999 1600639298
1.5617999999999999 1600639298
1.5346000000000002 1600639298
1.6051000000000002 1600639298
1.4950999999999999 1600639298
1.6236000000000002 1600639298
1.6277 1600639298
1.5772 1600639298
1.4845000000000002 1600639298
1.6138 1600639298
1.5743 1600639298
1.5297 1600639298
1.5171000000000001 1600639298
1.5772 1600639298
1.5653000000000001 1600639298
1.5105 1600639298
1.5888 1600639298
1.6530999999999998 1600639298
1.6425999999999998 1600639298
1.6162 1600639298
1.4987 1600639298
1.4987 1600639298
1.6368999999999998 1600639298
1.642 1600639298
1.5896 1600639298
1.54 1600639298
1.6131000000000002 1600639298
1.5325000000000002 1600639298
1.5647000000000002 1600639298
1.5675 1600639298
1.6012 1600639298
1.5687000000000002 1600639298
1.5743999999999998 1600639298
1.5776 1600639298
1.5404 1600639298
1.5525000000000002 1600639298
1.5581999999999998 1600639298
1.4434999999999998 1600639298
1.5352999999999999 1600639298
1.6136 1600639298
1.4847000000000001 1600639298
1.5429 1600639298
1.5286 1600639298
1.6277 1600639298
1.6178 1600639298
1.5741999999999998 1600639298
1.6046 1600639298
1.5499999999999998 1600639298
1.5983999999999998 1600639298
1.6477 1600639298
1.6538 1600639298
1.5675 1600639298
1.6436000000000002 1600639298
1.6168 1600639298
1.3925 1600639298
1.6543 1600639298
1.5977000000000001 1600639298
1.54 1600639298
1.6171000000000002 1600639298
1.5749 1600639298
1.5354 1600639298
1.5322 1600639298
1.5642 1600639298
1.6322999999999999 1600639298
1.4093 1600639298
1.5832000000000002 1600639298
1.4847000000000001 1600639298
1.5409000000000002 1600639298
1.5907 1600639298
1.6591 1600639298
1.6434000000000002 1600639298
1.5349 1600639298
1.5815000000000001 1600639298
1.6183999999999998 1600639298
1.6524999999999999 1600639298
1.5777999999999999 1600639298
1.5594999999999999 1600639298
1.488 1600639298
1.5615999999999999 1600639298
1.5950000000000002 1600639298
1.6425999999999998 1600639298
1.6576 1600639298
1.505 1600639298
1.5396 1600639298
1.4992 1600639298
1.5636999999999999 1600639298
1.512 1600639298
1.521 1600639298
1.5034999999999998 1600639298
1.5093999999999999 1600639298
1.6654 1600639298
1.4958 1600639298
1.5926999999999998 1600639298
1.5758 1600639298
1.5019 1600639298
1.5306000000000002 1600639298
1.4947 1600639298
1.5926 1600639298
1.4975 1600639298
1.5224000000000002 1600639298
1.5668000000000002 1600639298
1.6517 1600639298
1.5546000000000002 1600639298
1.6516000000000002 1600639298
1.6155 1600639298
1.5909 1600639298
1.6132 1600639298
1.5541 1600639298
1.5394999999999999 1600639298
1.5368 1600639298
1.6183 1600639298
1.5008 1600639298
1.4729 1600639298
1.6322 1600639298
1.5905 1600639298
1.5171999999999999 1600639298
1.5436999999999999 1600639298
1.5591 1600639298
1.5832000000000002 1600639298
1.5691000000000002 1600639298
1.5804 1600639298
1.5806 1600639298
1.5733000000000001 1600639298
1.6446999999999998 1600639298
1.6398000000000001 1600639298
1.5808 1600639298
1.5236 1600639298
1.5872000000000002 1600639298
1.5916000000000001 1600639298
1.5356999999999998 1600639298
1.5549 1600639298
1.6263999999999998 1600639298
1.6518000000000002 1600639298
1.6532 1600639298
1.6541000000000001 1600639298
1.5318999999999998 1600639298
1.5853000000000002 1600639298
1.5175999999999998 1600639298
1.5666000000000002 1600639298
1.5318999999999998 1600639298
1.5922 1600639298
1.6298 1600639298
1.6644 1600639298
1.5211000000000001 1600639298
1.5531000000000001 1600639298
1.6423999999999999 1600639298
1.5720999999999998 1600639298
1.5318999999999998 1600639298
1.4902000000000002 1600639298
1.569 1600639298
1.6027 1600639298
1.5257 1600639298
1.5884999999999998 1600639298
1.5728 1600639298
1.5147 1600639298
1.5367000000000002 1600639298
1.5587 1600639298
1.6159 1600639298
1.5768 1600639298
1.5516 1600639298
1.6261 1600639298
1.549 1600639298
1.6498 1600639298
1.5379 1600639298
1.3923999999999999 1600639298
1.5909 1600639298
1.56 1600639298
1.6053000000000002 1600639298
1.5697 1600639298
1.4775999999999998 1600639298
1.5705 1600639298
1.6145 1600639298
1.617 1600639298
1.6448999999999998 1600639298
1.6343999999999999 1600639298
1.5426000000000002 1600639298
1.5398 1600639298
1.3216 1600639298
1.5426000000000002 1600639298
1.5594000000000001 1600639298
1.4931 1600639298
1.6481 1600639298
1.5933000000000002 1600639298
1.52 1600639298
1.3281 1600639298
1.5813000000000001 1600639298
1.585 1600639298
1.642 1600639298
1.4386999999999999 1600639298
1.5485000000000002 1600639298
1.3352 1600639298
1.3367 1600639298
1.6543999999999999 1600639298
1.5404 1600639298
1.6309999999999998 1600639298
1.4935 1600639298
1.5572 1600639298
1.5179 1600639298
1.5230000000000001 1600639298
1.5051 1600639298
1.5596999999999999 1600639298
1.572 1600639298
1.5473 1600639298
1.6564 1600639298
1.6518000000000002 1600639298
1.6301999999999999 1600639298
1.5373999999999999 1600639298
1.6054 1600639298
1.447 1600639298
1.6164 1600639298
1.3216999999999999 1600639298
1.5333 1600639298
1.5821999999999998 1600639298
1.5785 1600639298
1.5916000000000001 1600639298
1.5918 1600639298
1.5274 1600639298
1.6061999999999999 1600639298
1.5615999999999999 1600639298
1.5958999999999999 1600639298
1.5857999999999999 1600639298
1.5303 1600639298
1.6044 1600639298
1.5356 1600639298
1.5825999999999998 1600639298
1.5337 1600639298
1.4162 1600639298
1.6381000000000001 1600639298
1.5097999999999998 1600639298
1.5693000000000001 1600639298
1.536 1600639298
1.5003000000000002 1600639298
1.5562 1600639298
1.5766 1600639298
1.6520000000000001 1600639298
1.6418 1600639298
1.6512000000000002 1600639298
1.6164 1600639298
1.4994 1600639298
1.6128 1600639298
1.5701999999999998 1600639298
1.5112 1600639298
1.5516999999999999 1600639298
1.5535 1600639298
1.5202 1600639298
1.5474 1600639298
1.5465 1600639298
1.5659 1600639298
1.5384000000000002 1600639298
1.5204 1600639298
1.5110000000000001 1600639298
1.5156999999999998 1600639298
1.5832000000000002 1600639298
1.568 1600639298
1.5659999999999998 1600639298
1.5665 1600639298
1.5693000000000001 1600639298
1.5405000000000002 1600639298
1.6120999999999999 1600639298
1.5348000000000002 1600639298
1.5727000000000002 1600639298
1.5049000000000001 1600639298
1.5663999999999998 1600639298
1.5888 1600639298
1.3216999999999999 1600639298
1.5596999999999999 1600639298
1.4398 1600639298
1.5678999999999998 1600639298
1.5339 1600639298
1.5674000000000001 1600639298
1.5917 1600639298
1.5102000000000002 1600639298
1.4958999999999998 1600639298
1.6516000000000002 1600639298
1.5768 1600639298
1.5605000000000002 1600639298
1.5449000000000002 1600639298
1.6008 1600639298
1.5945999999999998 1600639298
1.5772 1600639298
1.5590000000000002 1600639298
1.6002 1600639298
1.5358999999999998 1600639298
1.6490999999999998 1600639298
1.5267 1600639298
1.6435 1600639298
1.5337 1600639298
1.5103 1600639298
1.5541 1600639298
1.5998 1600639298
1.626 1600639298
1.3462 1600639298
1.5511 1600639298
1.6442999999999999 1600639298
1.5579999999999998 1600639298
1.6137000000000001 1600639298
1.568 1600639298
1.6187999999999998 1600639298
1.5785 1600639298
1.4923000000000002 1600639298
1.5636 1600639298
1.6482 1600639298
1.572 1600639298
1.5468000000000002 1600639298
1.6011000000000002 1600639298
1.5640999999999998 1600639298
1.5764 1600639298
1.5270000000000001 1600639298
1.6311 1600639298
1.5642999999999998 1600639298
1.5751 1600639298
1.5948000000000002 1600639298
1.5823999999999998 1600639298
1.5063 1600639298
1.6425999999999998 1600639298
1.5932 1600639298
1.5884999999999998 1600639298
1.5423 1600639298
1.5203000000000002 1600639298
1.5623 1600639298
1.5891000000000002 1600639298
1.5771000000000002 1600639298
1.5464000000000002 1600639298
1.6303999999999998 1600639298
1.6373000000000002 1600639298
1.5512000000000001 1600639298
1.5832000000000002 1600639298
1.5541 1600639298
1.5558 1600639298
1.5697 1600639298
1.5748000000000002 1600639298
1.5949 1600639298
1.6448999999999998 1600639298
1.6503 1600639298
1.5853000000000002 1600639298
1.52 1600639298
1.5789 1600639298
1.5484 1600639298
1.5316999999999998 1600639298
1.3199999999999998 1600639298
1.5851000000000002 1600639298
1.5896 1600639298
1.6149 1600639298
1.5341 1600639298
1.6061999999999999 1600639298
1.6438000000000001 1600639298
1.5840999999999998 1600639298
1.5777 1600639298
1.5474999999999999 1600639298
1.5832000000000002 1600639298
1.6431 1600639298
1.6513 1600639298
1.5363000000000002 1600639298
1.5503 1600639298
1.6417000000000002 1600639298
1.5767000000000002 1600639298
1.6248 1600639298
1.6493000000000002 1600639298
1.3212000000000002 1600639298
1.5853000000000002 1600639298
1.5518 1600639298
1.6103 1600639298
