1.0064000000000002 1600228091
1.0337999999999998 1600228091
0.5912000000000002 1600228091
1.0469 1600228091
0.7753000000000001 1600228091
0.9249999999999998 1600228091
0.9754999999999998 1600228091
0.6456 1600228091
1.0644 1600228091
1.0165000000000002 1600228091
0.7294999999999998 1600228091
0.7326999999999999 1600228091
1.056 1600228091
0.8465000000000003 1600228091
0.8969999999999998 1600228091
0.9209 1600228091
0.7610999999999999 1600228091
0.7584 1600228091
1.0066000000000002 1600228091
1.0335999999999999 1600228091
0.7532999999999999 1600228091
0.7957999999999998 1600228091
0.7629999999999999 1600228091
0.9915000000000003 1600228091
0.7705000000000002 1600228091
0.9327000000000001 1600228091
0.8727 1600228091
0.9447000000000001 1600228091
0.9615999999999998 1600228091
0.8409 1600228091
0.7341000000000002 1600228091
0.8551000000000002 1600228091
0.8963999999999999 1600228091
0.6055999999999999 1600228091
1.0095 1600228091
1.0276999999999998 1600228091
0.6139999999999999 1600228091
0.968 1600228091
0.7610999999999999 1600228091
0.7957999999999998 1600228091
0.7347000000000001 1600228091
1.0200999999999998 1600228091
0.7671000000000001 1600228091
0.7570000000000001 1600228091
0.9211999999999998 1600228091
1.0943999999999998 1600228091
0.9961000000000002 1600228091
0.7961 1600228091
0.9967999999999999 1600228091
0.7427000000000001 1600228091
0.6677000000000004 1600228091
0.9528000000000003 1600228091
0.8433999999999999 1600228091
0.9756 1600228091
0.8826 1600228091
0.7143000000000002 1600228091
0.7305000000000001 1600228091
1.0062000000000002 1600228091
1.1072000000000002 1600228091
0.883 1600228091
0.9758 1600228091
0.9942000000000002 1600228091
0.9431000000000003 1600228091
0.8519000000000001 1600228091
0.9194 1600228091
0.6480000000000001 1600228091
0.6114999999999999 1600228091
0.9737999999999998 1600228091
0.8656000000000001 1600228091
0.7707000000000002 1600228091
0.7277 1600228091
0.7283000000000004 1600228091
0.6139000000000001 1600228091
0.5697000000000001 1600228091
0.9750999999999999 1600228091
0.9925999999999999 1600228091
0.7618999999999998 1600228091
0.5905999999999998 1600228091
0.8610000000000002 1600228091
0.9815 1600228091
0.8410000000000002 1600228091
0.9746999999999999 1600228091
0.8916 1600228091
0.7681999999999998 1600228091
0.5722 1600228091
0.7343000000000002 1600228091
0.6739999999999999 1600228091
0.9428000000000001 1600228091
0.6768999999999998 1600228091
0.9781 1600228091
0.8553000000000002 1600228091
0.9592999999999998 1600228091
0.9775 1600228091
0.7949000000000002 1600228091
0.9546999999999999 1600228091
0.9486000000000003 1600228091
0.7025999999999999 1600228091
0.6677 1600228091
0.7618999999999998 1600228091
0.5785 1600228091
0.6772999999999998 1600228091
0.9750000000000001 1600228091
0.9009 1600228091
0.9809999999999999 1600228091
0.9786999999999999 1600228091
0.9872000000000001 1600228091
1.0274999999999999 1600228091
0.9011 1600228091
0.8721999999999999 1600228091
0.6568 1600228091
0.6760000000000002 1600228091
1.0353000000000003 1600228091
0.5901999999999998 1600228091
0.8818000000000001 1600228091
1.0000999999999998 1600228091
1.0061 1600228091
0.6659000000000002 1600228091
0.9735999999999998 1600228091
0.7902999999999998 1600228091
0.9939 1600228091
1.0038 1600228091
0.9443999999999999 1600228091
1.0553 1600228091
0.9487999999999999 1600228091
0.6894 1600228091
0.5897000000000001 1600228091
0.6711 1600228091
0.9951000000000003 1600228091
0.8024999999999998 1600228091
0.7294999999999998 1600228091
0.7279 1600228091
0.5893999999999999 1600228091
1.1067999999999998 1600228091
0.7608000000000001 1600228091
0.9767999999999999 1600228091
0.9868999999999999 1600228091
0.9750000000000001 1600228091
1.0899999999999999 1600228091
0.6819999999999999 1600228091
0.9547000000000003 1600228091
0.7961 1600228091
1.0346000000000002 1600228091
0.6637 1600228091
0.6057000000000001 1600228091
0.9649000000000001 1600228091
0.7046000000000001 1600228091
0.9563999999999999 1600228091
0.6638000000000002 1600228091
1.0057999999999998 1600228091
0.9259 1600228091
1.0813000000000001 1600228091
0.9546000000000001 1600228091
0.8108 1600228091
0.9192999999999998 1600228091
0.6406999999999998 1600228091
0.7050000000000001 1600228091
0.9784999999999999 1600228091
0.9782000000000002 1600228091
0.9750000000000001 1600228091
0.9869000000000003 1600228091
0.7037 1600228091
1.0057 1600228091
0.9253999999999998 1600228091
0.9788000000000001 1600228091
0.9196 1600228091
0.7155999999999998 1600228091
0.5907999999999998 1600228091
0.7881999999999998 1600228091
0.9195000000000002 1600228091
0.5487000000000002 1600228091
0.6570999999999998 1600228091
0.7959 1600228091
0.7408000000000001 1600228091
1.0327000000000002 1600228091
0.9289000000000001 1600228091
0.7808999999999999 1600228091
0.9750000000000001 1600228091
0.9537 1600228091
0.5794000000000001 1600228091
0.8702999999999999 1600228091
0.6865000000000001 1600228091
1.0333 1600228091
0.9502000000000002 1600228091
0.9887000000000001 1600228091
0.8829000000000002 1600228091
0.6032000000000002 1600228091
0.9569999999999999 1600228091
0.6642000000000001 1600228091
0.7955000000000001 1600228091
0.5489000000000002 1600228091
0.9257000000000004 1600228091
0.9811000000000001 1600228091
0.9037999999999999 1600228091
0.7025000000000001 1600228091
0.9209 1600228091
1.0333 1600228091
0.9182000000000001 1600228091
0.6938 1600228091
0.8656000000000001 1600228091
0.7608999999999999 1600228091
0.9571000000000001 1600228091
0.7298 1600228091
0.9133 1600228091
0.9516999999999998 1600228091
0.5713000000000004 1600228091
0.6568 1600228091
1.0825 1600228091
0.9740000000000002 1600228091
0.9434999999999998 1600228091
0.9035000000000002 1600228091
0.6680999999999999 1600228091
0.7677 1600228091
0.7707000000000002 1600228091
0.7765 1600228091
1.0091 1600228091
0.9946000000000002 1600228091
0.9742000000000002 1600228091
0.8759000000000001 1600228091
1.0488000000000004 1600228091
0.9977999999999998 1600228091
0.7608999999999999 1600228091
0.7741000000000002 1600228091
0.6470000000000002 1600228091
0.7289000000000003 1600228091
0.9575 1600228091
0.8479000000000001 1600228091
0.9155000000000002 1600228091
1.0331000000000001 1600228091
0.5724 1600228091
0.7033 1600228091
0.6467 1600228091
0.6642999999999999 1600228091
0.7408999999999999 1600228091
1.0028000000000001 1600228091
1.0062000000000002 1600228091
0.9754999999999998 1600228091
0.9670999999999998 1600228091
0.7416999999999998 1600228091
1.0063 1600228091
0.6873 1600228091
0.9367999999999999 1600228091
0.9257 1600228091
0.6031 1600228091
0.9773000000000001 1600228091
0.9748000000000001 1600228091
0.6770999999999998 1600228091
0.6574 1600228091
0.7271000000000001 1600228091
0.7959 1600228091
0.9188000000000001 1600228091
0.9641000000000002 1600228091
0.9548000000000001 1600228091
0.9338000000000002 1600228091
0.9548000000000001 1600228091
1.0078999999999998 1600228091
0.9486000000000003 1600228091
1.0059999999999998 1600228091
0.7955000000000001 1600228091
0.6654 1600228091
0.9645000000000001 1600228091
0.9752000000000001 1600228091
0.7759 1600228091
0.6892 1600228091
1.0793 1600228091
0.6575000000000002 1600228091
0.7902999999999998 1600228091
1.0059999999999998 1600228091
0.9775999999999998 1600228091
0.7296999999999998 1600228091
0.8109000000000002 1600228091
1.0059 1600228091
0.7138 1600228091
0.8807 1600228091
1.0823999999999998 1600228091
0.9884 1600228091
0.6846999999999999 1600228091
0.8504 1600228091
0.9013 1600228091
0.6572999999999998 1600228091
0.8988999999999998 1600228091
1.0207000000000002 1600228091
0.9790999999999999 1600228091
0.9578000000000002 1600228091
0.8689999999999998 1600228091
0.6547000000000001 1600228091
0.8412000000000002 1600228091
0.6858 1600228091
0.9434 1600228091
0.7427999999999999 1600228091
0.6764000000000001 1600228091
0.7033999999999998 1600228091
0.7612999999999999 1600228091
0.6221000000000001 1600228091
0.7399 1600228091
0.6221000000000001 1600228091
0.9129999999999998 1600228091
0.6057000000000001 1600228091
0.8607 1600228091
0.9889999999999999 1600228091
0.7677 1600228091
0.6677 1600228091
0.8609 1600228091
1.0791 1600228091
1.1080999999999999 1600228091
0.8376000000000001 1600228091
0.7677999999999998 1600228091
1.0567000000000002 1600228091
0.9443000000000001 1600228091
0.6640000000000001 1600228091
0.8761000000000001 1600228091
0.9779 1600228091
0.7759 1600228091
0.7315 1600228091
0.7530000000000001 1600228091
0.5728 1600228091
1.0828000000000002 1600228091
0.9889000000000001 1600228091
0.9563000000000001 1600228091
0.6960000000000002 1600228091
0.7401 1600228091
0.7734000000000001 1600228091
0.9531999999999998 1600228091
0.9300999999999999 1600228091
0.5781999999999998 1600228091
0.5911 1600228091
0.9504000000000001 1600228091
0.9870000000000001 1600228091
1.0009000000000001 1600228091
1.1063 1600228091
1.0551 1600228091
0.7608000000000001 1600228091
0.9186999999999999 1600228091
0.7742 1600228091
0.7443 1600228091
1.056 1600228091
0.7612999999999999 1600228091
0.9645999999999999 1600228091
0.5909 1600228091
0.8931 1600228091
0.7892000000000001 1600228091
0.9782000000000002 1600228091
1.0003000000000002 1600228091
0.9428999999999998 1600228091
0.7587999999999999 1600228091
1.0937000000000001 1600228091
0.7877999999999998 1600228091
0.9015 1600228091
0.5909 1600228091
0.9426999999999999 1600228091
0.9750000000000001 1600228091
1.0322999999999998 1600228091
1.0057999999999998 1600228091
1.0457999999999998 1600228091
0.7614000000000001 1600228091
0.9541 1600228091
0.9862000000000002 1600228091
1.0745999999999998 1600228091
0.9783 1600228091
0.6968999999999999 1600228091
1.0088 1600228091
1.1075 1600228091
0.7402000000000002 1600228091
1.0059999999999998 1600228091
1.0003000000000002 1600228091
0.7305000000000001 1600228091
0.7107999999999999 1600228091
0.8660999999999999 1600228091
1.0573000000000001 1600228091
0.9781 1600228091
0.9783 1600228091
0.7587999999999999 1600228091
1.0059 1600228091
0.7406000000000001 1600228091
0.9495999999999998 1600228091
0.5911 1600228091
0.7427000000000001 1600228091
0.9775999999999998 1600228091
0.7613000000000003 1600228091
1.0095999999999998 1600228091
1.08 1600228091
1.0795 1600228091
0.7677999999999998 1600228091
0.7955999999999999 1600228091
0.8742999999999999 1600228091
0.7641 1600228091
0.7168000000000001 1600228091
0.6469999999999998 1600228091
1.0055 1600228091
0.7957999999999998 1600228091
0.9586999999999999 1600228091
0.7618 1600228091
0.7955999999999999 1600228091
0.7578 1600228091
0.6665999999999999 1600228091
0.7959999999999998 1600228091
0.7614000000000001 1600228091
0.6568 1600228091
0.7614000000000001 1600228091
0.7174 1600228091
0.7425999999999999 1600228091
0.8721999999999999 1600228091
1.0325000000000002 1600228091
1.0819 1600228091
0.9540000000000002 1600228091
1.0059 1600228091
0.9954999999999998 1600228091
0.9874 1600228091
0.9569000000000001 1600228091
0.7692000000000001 1600228091
0.9815 1600228091
0.6819999999999999 1600228091
0.7616999999999998 1600228091
0.9401999999999999 1600228091
0.9418000000000002 1600228091
0.9571000000000001 1600228091
0.7532999999999999 1600228091
0.9780000000000002 1600228091
0.7671000000000001 1600228091
0.7286999999999999 1600228091
0.9188999999999998 1600228091
0.7490000000000001 1600228091
0.7957000000000001 1600228091
0.9424000000000001 1600228091
0.9546999999999999 1600228091
0.677 1600228091
0.9546000000000001 1600228091
0.9668999999999999 1600228091
0.7298999999999998 1600228091
0.9750999999999999 1600228091
0.8485999999999998 1600228091
0.9451 1600228091
0.6633999999999998 1600228091
0.8523999999999998 1600228091
0.9498000000000002 1600228091
0.9188999999999998 1600228091
0.9860000000000002 1600228091
0.6658 1600228091
0.7740999999999998 1600228091
0.9316 1600228091
1.1071 1600228091
0.9119000000000002 1600228091
0.9784999999999999 1600228091
0.7018 1600228091
0.6105 1600228091
0.9426999999999999 1600228091
1.0899 1600228091
0.7304000000000004 1600228091
0.9897999999999998 1600228091
0.944 1600228091
0.8727999999999998 1600228091
0.7738999999999998 1600228091
0.8607999999999998 1600228091
0.9594999999999998 1600228091
0.9441000000000002 1600228091
1.1059999999999999 1600228091
0.9952999999999999 1600228091
0.9788000000000001 1600228091
0.7126000000000001 1600228091
0.7608999999999999 1600228091
1.0285000000000002 1600228091
0.9878 1600228091
0.6962999999999999 1600228091
0.7610999999999999 1600228091
0.9493 1600228091
0.6577000000000002 1600228091
0.7338 1600228091
0.6675 1600228091
0.9443999999999999 1600228091
0.9491999999999998 1600228091
1.0293 1600228091
0.7961 1600228091
0.8519000000000001 1600228091
0.8525999999999998 1600228091
0.6469 1600228091
0.7610999999999999 1600228091
0.9794 1600228091
1.0095 1600228091
1.0292 1600228091
0.7957000000000001 1600228091
0.7067000000000001 1600228091
0.7803 1600228091
0.9207999999999998 1600228091
0.6640000000000001 1600228091
0.6951999999999998 1600228091
0.9447000000000001 1600228091
0.6951 1600228091
0.7585999999999999 1600228091
0.9782000000000002 1600228091
1.0350000000000001 1600228091
1.056 1600228091
0.9954999999999998 1600228091
0.9542000000000002 1600228091
0.7038000000000002 1600228091
0.6678999999999999 1600228091
0.9733 1600228091
0.8830999999999998 1600228091
0.9338000000000002 1600228091
0.8490000000000002 1600228091
0.9645000000000001 1600228091
0.7612000000000001 1600228091
0.7610999999999999 1600228091
0.6760000000000002 1600228091
0.9460999999999999 1600228091
0.6766999999999999 1600228091
1.0093 1600228091
0.6640000000000001 1600228091
0.9649999999999999 1600228091
0.8610000000000002 1600228091
1.0007000000000001 1600228091
0.8403 1600228091
0.9817 1600228091
1.0549 1600228091
