41.7082 1600637913
32.851 1600637913
49.8613 1600637913
46.4024 1600637913
45.7235 1600637913
35.367200000000004 1600637913
45.665600000000005 1600637913
36.8396 1600637913
39.4622 1600637913
37.972 1600637913
47.6017 1600637913
48.0258 1600637913
39.5483 1600637913
48.1889 1600637913
50.0024 1600637913
40.6177 1600637913
43.3775 1600637913
40.6177 1600637913
40.745799999999996 1600637913
45.756099999999996 1600637913
48.2729 1600637913
47.2691 1600637913
45.9126 1600637913
47.2368 1600637913
47.994099999999996 1600637913
50.278099999999995 1600637913
47.9942 1600637913
49.2275 1600637913
41.9249 1600637913
43.3928 1600637913
43.693 1600637913
48.0156 1600637913
49.5351 1600637913
45.337 1600637913
50.2777 1600637913
44.2116 1600637913
49.7825 1600637913
30.766099999999998 1600637913
29.6968 1600637913
32.0505 1600637913
40.8876 1600637913
35.0304 1600637913
42.5184 1600637913
35.543 1600637913
47.3125 1600637913
43.353500000000004 1600637913
44.567800000000005 1600637913
35.091300000000004 1600637913
44.5678 1600637913
48.687200000000004 1600637913
38.9946 1600637913
42.72 1600637913
50.295 1600637913
48.6869 1600637913
50.003 1600637913
31.4077 1600637913
43.1967 1600637913
47.2586 1600637913
47.258500000000005 1600637913
35.8474 1600637913
44.5318 1600637913
38.1323 1600637913
48.0644 1600637913
35.4111 1600637913
47.0766 1600637913
39.397800000000004 1600637913
49.8114 1600637913
39.6491 1600637913
41.3483 1600637913
45.2442 1600637913
44.969 1600637913
41.3412 1600637913
49.5587 1600637913
44.5678 1600637913
44.8364 1600637913
41.4365 1600637913
41.3857 1600637913
42.4789 1600637913
44.8356 1600637913
48.1117 1600637913
49.1451 1600637913
42.454 1600637913
47.1365 1600637913
35.2896 1600637913
48.1782 1600637913
42.410599999999995 1600637913
50.2343 1600637913
38.858 1600637913
50.263000000000005 1600637913
38.5936 1600637913
29.0108 1600637913
41.212900000000005 1600637913
45.4966 1600637913
42.7195 1600637913
40.1842 1600637913
29.011000000000003 1600637913
42.5179 1600637913
44.893 1600637913
45.2202 1600637913
47.2911 1600637913
29.3153 1600637913
47.2914 1600637913
40.4529 1600637913
35.5974 1600637913
45.4963 1600637913
35.032000000000004 1600637913
46.8232 1600637913
40.230000000000004 1600637913
47.4627 1600637913
42.9685 1600637913
48.8675 1600637913
50.2412 1600637913
47.4631 1600637913
46.6866 1600637913
50.2815 1600637913
44.892900000000004 1600637913
50.7924 1600637913
48.198699999999995 1600637913
39.3976 1600637913
42.1731 1600637913
43.0595 1600637913
49.0426 1600637913
44.5313 1600637913
34.6742 1600637913
47.980599999999995 1600637913
50.2953 1600637913
44.522 1600637913
30.913500000000003 1600637913
35.464 1600637913
42.801899999999996 1600637913
44.8931 1600637913
36.1637 1600637913
45.2534 1600637913
47.1363 1600637913
47.5499 1600637913
39.7741 1600637913
41.2456 1600637913
42.968399999999995 1600637913
45.958600000000004 1600637913
30.912000000000003 1600637913
49.2673 1600637913
41.227900000000005 1600637913
50.234 1600637913
42.7191 1600637913
44.5135 1600637913
47.028600000000004 1600637913
49.2871 1600637913
42.681200000000004 1600637913
44.2119 1600637913
44.7926 1600637913
50.2588 1600637913
48.2728 1600637913
44.7057 1600637913
49.3468 1600637913
30.061700000000002 1600637913
35.741 1600637913
48.0012 1600637913
44.2116 1600637913
50.3977 1600637913
48.8677 1600637913
16.1217 1600637913
40.6177 1600637913
34.8121 1600637913
44.53060000000001 1600637913
48.6534 1600637913
50.4831 1600637913
45.8948 1600637913
48.0843 1600637913
34.0618 1600637913
31.0624 1600637913
51.413000000000004 1600637913
47.497299999999996 1600637913
47.4971 1600637913
49.0747 1600637913
48.372299999999996 1600637913
42.0706 1600637913
10.2215 1600637913
47.7254 1600637913
35.8476 1600637913
43.5964 1600637913
30.1894 1600637913
45.7748 1600637913
48.553000000000004 1600637913
35.8453 1600637913
47.766799999999996 1600637913
47.1714 1600637913
35.521699999999996 1600637913
45.4788 1600637913
47.5165 1600637913
39.453399999999995 1600637913
46.8527 1600637913
49.906 1600637913
50.1827 1600637913
41.198699999999995 1600637913
31.056800000000003 1600637913
35.5216 1600637913
49.999 1600637913
40.722500000000004 1600637913
50.3957 1600637913
46.469699999999996 1600637913
47.4977 1600637913
40.0043 1600637913
39.0213 1600637913
41.0179 1600637913
33.9405 1600637913
40.330099999999995 1600637913
42.5447 1600637913
43.8109 1600637913
43.0266 1600637913
39.6272 1600637913
49.7281 1600637913
41.8791 1600637913
47.4623 1600637913
46.992000000000004 1600637913
26.6257 1600637913
33.923100000000005 1600637913
50.174600000000005 1600637913
47.497099999999996 1600637913
50.502900000000004 1600637913
42.5443 1600637913
35.9212 1600637913
47.4809 1600637913
49.2723 1600637913
36.722699999999996 1600637913
39.1643 1600637913
50.1827 1600637913
37.045100000000005 1600637913
45.3433 1600637913
49.2937 1600637913
41.338100000000004 1600637913
50.1747 1600637913
41.197799999999994 1600637913
40.8913 1600637913
43.0745 1600637913
43.2343 1600637913
45.775 1600637913
45.7604 1600637913
38.4608 1600637913
46.07 1600637913
47.4199 1600637913
25.1416 1600637913
44.332 1600637913
49.706900000000005 1600637913
43.9547 1600637913
35.587199999999996 1600637913
33.0432 1600637913
48.229 1600637913
47.1395 1600637913
47.1209 1600637913
50.1241 1600637913
47.1301 1600637913
38.4274 1600637913
49.856899999999996 1600637913
41.3739 1600637913
37.046099999999996 1600637913
45.7752 1600637913
47.365700000000004 1600637913
47.5165 1600637913
50.0604 1600637913
48.4683 1600637913
48.4161 1600637913
34.7211 1600637913
50.156400000000005 1600637913
47.5711 1600637913
49.2688 1600637913
35.882999999999996 1600637913
41.9092 1600637913
43.1915 1600637913
49.2722 1600637913
50.1558 1600637913
49.998999999999995 1600637913
46.5266 1600637913
29.045 1600637913
43.0215 1600637913
30.9095 1600637913
44.3247 1600637913
49.293 1600637913
36.2593 1600637913
44.3246 1600637913
50.4673 1600637913
45.7513 1600637913
29.285600000000002 1600637913
36.197399999999995 1600637913
45.111599999999996 1600637913
46.5389 1600637913
36.089999999999996 1600637913
50.1747 1600637913
41.198299999999996 1600637913
32.010200000000005 1600637913
34.8457 1600637913
40.4465 1600637913
45.763799999999996 1600637913
40.0039 1600637913
49.24 1600637913
42.443400000000004 1600637913
41.9587 1600637913
50.1741 1600637913
46.8527 1600637913
50.4673 1600637913
42.544399999999996 1600637913
45.7198 1600637913
47.757799999999996 1600637913
43.575399999999995 1600637913
36.2592 1600637913
50.327 1600637913
43.5757 1600637913
36.9064 1600637913
45.7956 1600637913
46.992999999999995 1600637913
35.9234 1600637913
50.4671 1600637913
41.1988 1600637913
39.6273 1600637913
41.929700000000004 1600637913
50.431200000000004 1600637913
41.735299999999995 1600637913
32.0075 1600637913
43.021499999999996 1600637913
49.8566 1600637913
32.03 1600637913
50.3754 1600637913
42.4401 1600637913
43.3044 1600637913
40.9885 1600637913
45.8103 1600637913
41.908300000000004 1600637913
47.3769 1600637913
33.1777 1600637913
49.2613 1600637913
36.260000000000005 1600637913
44.6132 1600637913
47.7066 1600637913
29.2456 1600637913
47.604 1600637913
48.7402 1600637913
36.2249 1600637913
40.690999999999995 1600637913
30.7106 1600637913
49.223099999999995 1600637913
41.8793 1600637913
33.647999999999996 1600637913
50.1448 1600637913
36.806599999999996 1600637913
49.92080000000001 1600637913
38.150800000000004 1600637913
50.508700000000005 1600637913
40.5465 1600637913
42.5521 1600637913
40.5809 1600637913
47.7832 1600637913
42.049 1600637913
50.211600000000004 1600637913
42.7563 1600637913
45.4016 1600637913
47.8691 1600637913
42.7706 1600637913
48.9659 1600637913
42.770399999999995 1600637913
48.9367 1600637913
50.126799999999996 1600637913
50.5415 1600637913
44.5509 1600637913
47.7997 1600637913
50.2117 1600637913
34.0757 1600637913
45.2371 1600637913
47.576499999999996 1600637913
29.7909 1600637913
47.6153 1600637913
49.9216 1600637913
35.501 1600637913
50.1513 1600637913
29.399099999999997 1600637913
32.149499999999996 1600637913
47.615700000000004 1600637913
32.0449 1600637913
49.0845 1600637913
35.8504 1600637913
41.263 1600637913
41.7033 1600637913
48.060700000000004 1600637913
46.4112 1600637913
45.237100000000005 1600637913
41.6093 1600637913
50.3215 1600637913
46.5616 1600637913
50.496 1600637913
41.631 1600637913
47.910000000000004 1600637913
34.8815 1600637913
50.0368 1600637913
35.5694 1600637913
34.8332 1600637913
48.1078 1600637913
36.2921 1600637913
40.4645 1600637913
43.5753 1600637913
40.0055 1600637913
49.7093 1600637913
36.9395 1600637913
44.5937 1600637913
40.5259 1600637913
50.3369 1600637913
40.8767 1600637913
40.1184 1600637913
46.068999999999996 1600637913
47.5675 1600637913
42.5509 1600637913
48.6163 1600637913
43.5672 1600637913
45.4014 1600637913
31.2051 1600637913
35.5901 1600637913
41.7814 1600637913
49.7988 1600637913
43.5683 1600637913
50.3888 1600637913
45.8548 1600637913
50.3215 1600637913
35.451 1600637913
36.9521 1600637913
42.4998 1600637913
47.1973 1600637913
38.7598 1600637913
35.434400000000004 1600637913
47.5119 1600637913
40.7849 1600637913
47.6147 1600637913
44.2942 1600637913
41.112700000000004 1600637913
47.5677 1600637913
42.254999999999995 1600637913
45.855199999999996 1600637913
48.2649 1600637913
47.868300000000005 1600637913
36.1079 1600637913
42.2942 1600637913
43.6781 1600637913
47.9583 1600637913
49.2838 1600637913
44.309799999999996 1600637913
45.855399999999996 1600637913
43.6768 1600637913
36.0974 1600637913
49.2076 1600637913
43.676500000000004 1600637913
47.8757 1600637913
46.9945 1600637913
50.3215 1600637913
46.8798 1600637913
39.577000000000005 1600637913
44.4046 1600637913
47.1971 1600637913
38.962 1600637913
41.2628 1600637913
43.4686 1600637913
43.2009 1600637913
47.7744 1600637913
49.9214 1600637913
44.106 1600637913
47.197 1600637913
41.544 1600637913
50.245200000000004 1600637913
47.5038 1600637913
42.4621 1600637913
46.823 1600637913
45.4246 1600637913
47.5323 1600637913
47.9099 1600637913
46.9125 1600637913
47.8947 1600637913
22.642400000000002 1600637913
50.1855 1600637913
42.5512 1600637913
38.796099999999996 1600637913
40.524 1600637913
46.4985 1600637913
40.5634 1600637913
50.4811 1600637913
39.1185 1600637913
49.0841 1600637913
42.2918 1600637913
39.954299999999996 1600637913
47.782500000000006 1600637913
42.0137 1600637913
48.9548 1600637913
39.7228 1600637913
42.786 1600637913
39.7644 1600637913
40.5808 1600637913
43.8996 1600637913
49.783 1600637913
45.2438 1600637913
43.7241 1600637913
49.279500000000006 1600637913
40.0834 1600637913
45.9657 1600637913
39.9179 1600637913
44.6911 1600637913
46.8138 1600637913
47.5943 1600637913
39.7639 1600637913
45.844 1600637913
48.011900000000004 1600637913
48.960699999999996 1600637913
38.974599999999995 1600637913
50.4815 1600637913
42.7644 1600637913
45.2417 1600637913
39.0966 1600637913
45.1457 1600637913
47.7826 1600637913
