17.031100000000002 1600355274
16.770500000000002 1600355274
3.7302999999999997 1600355274
5.4984 1600355274
13.8601 1600355274
16.1025 1600355274
16.0845 1600355274
17.530399999999997 1600355274
17.283399999999997 1600355274
15.993900000000002 1600355274
12.6848 1600355274
5.4979000000000005 1600355274
5.1658 1600355274
17.2168 1600355274
9.941600000000001 1600355274
12.6836 1600355274
12.4833 1600355274
16.069799999999997 1600355274
15.5214 1600355274
16.802 1600355274
17.778299999999998 1600355274
17.4462 1600355274
19.0643 1600355274
18.4943 1600355274
18.038999999999998 1600355274
22.771099999999997 1600355274
17.2166 1600355274
16.7172 1600355274
15.531 1600355274
17.620199999999997 1600355274
15.2735 1600355274
16.769399999999997 1600355274
3.7154 1600355274
5.4978 1600355274
16.917099999999998 1600355274
16.850099999999998 1600355274
16.6662 1600355274
15.1608 1600355274
17.051199999999998 1600355274
19.0644 1600355274
17.540799999999997 1600355274
13.8607 1600355274
13.6415 1600355274
16.5217 1600355274
16.316899999999997 1600355274
17.186999999999998 1600355274
17.0701 1600355274
16.0693 1600355274
17.202599999999997 1600355274
17.0305 1600355274
17.530199999999997 1600355274
15.9186 1600355274
19.0645 1600355274
2.6857 1600355274
17.604000000000003 1600355274
17.513299999999997 1600355274
16.7171 1600355274
17.186899999999998 1600355274
22.771099999999997 1600355274
16.316599999999998 1600355274
17.187800000000003 1600355274
17.1496 1600355274
9.9467 1600355274
15.5305 1600355274
17.6617 1600355274
17.5305 1600355274
15.5203 1600355274
19.534899999999997 1600355274
15.4966 1600355274
17.620099999999997 1600355274
15.1602 1600355274
17.030700000000003 1600355274
17.0307 1600355274
19.064500000000002 1600355274
18.619799999999998 1600355274
19.0643 1600355274
18.005599999999998 1600355274
15.0737 1600355274
15.5839 1600355274
17.0312 1600355274
17.6864 1600355274
17.313299999999998 1600355274
18.0055 1600355274
17.778399999999998 1600355274
15.5304 1600355274
15.5213 1600355274
17.1423 1600355274
16.9873 1600355274
19.5353 1600355274
16.952699999999997 1600355274
17.530399999999997 1600355274
17.513 1600355274
7.1744 1600355274
16.8846 1600355274
1.7401 1600355274
16.666099999999997 1600355274
17.6038 1600355274
19.0644 1600355274
16.5634 1600355274
3.6649000000000003 1600355274
13.9181 1600355274
15.4956 1600355274
17.187 1600355274
16.952499999999997 1600355274
15.591 1600355274
17.2342 1600355274
17.0512 1600355274
19.534999999999997 1600355274
3.6632 1600355274
3.6074 1600355274
17.555899999999998 1600355274
5.0293 1600355274
7.8105 1600355274
16.894299999999998 1600355274
17.72 1600355274
12.6837 1600355274
18.005399999999998 1600355274
18.6362 1600355274
17.7597 1600355274
17.7199 1600355274
17.775799999999997 1600355274
15.4961 1600355274
15.6094 1600355274
17.07 1600355274
17.0305 1600355274
16.9869 1600355274
16.894199999999998 1600355274
16.8845 1600355274
17.6617 1600355274
17.513299999999997 1600355274
17.6301 1600355274
17.186799999999998 1600355274
18.6195 1600355274
17.6861 1600355274
15.4891 1600355274
19.534899999999997 1600355274
16.769499999999997 1600355274
17.4458 1600355274
17.3613 1600355274
3.7309 1600355274
5.4616 1600355274
16.8844 1600355274
17.620199999999997 1600355274
17.3708 1600355274
17.3616 1600355274
19.534899999999997 1600355274
18.6364 1600355274
17.620099999999997 1600355274
21.220299999999998 1600355274
17.530399999999997 1600355274
17.4783 1600355274
16.8362 1600355274
16.6523 1600355274
15.5198 1600355274
16.9173 1600355274
17.6206 1600355274
17.5128 1600355274
17.530299999999997 1600355274
17.530299999999997 1600355274
16.894499999999997 1600355274
17.2535 1600355274
15.5212 1600355274
17.6863 1600355274
17.6275 1600355274
12.6838 1600355274
15.4964 1600355274
16.625 1600355274
16.659499999999998 1600355274
12.4088 1600355274
16.666099999999997 1600355274
17.719099999999997 1600355274
16.616600000000002 1600355274
19.5351 1600355274
15.0725 1600355274
16.836299999999998 1600355274
17.3613 1600355274
17.9451 1600355274
17.478199999999998 1600355274
17.443099999999998 1600355274
19.534999999999997 1600355274
17.361099999999997 1600355274
15.5304 1600355274
17.1867 1600355274
22.8865 1600355274
16.9169 1600355274
19.535300000000003 1600355274
15.5211 1600355274
16.916999999999998 1600355274
16.894599999999997 1600355274
16.8845 1600355274
16.8845 1600355274
18.6362 1600355274
16.8845 1600355274
16.837 1600355274
17.539399999999997 1600355274
18.039499999999997 1600355274
15.4954 1600355274
16.916999999999998 1600355274
17.6861 1600355274
18.6362 1600355274
15.0728 1600355274
16.521700000000003 1600355274
17.5129 1600355274
19.534899999999997 1600355274
18.9869 1600355274
19.534899999999997 1600355274
16.5216 1600355274
16.0237 1600355274
17.5818 1600355274
12.4071 1600355274
16.917199999999998 1600355274
17.7841 1600355274
16.8845 1600355274
18.6361 1600355274
10.4579 1600355274
15.074300000000001 1600355274
15.4969 1600355274
16.836299999999998 1600355274
17.3612 1600355274
17.530199999999997 1600355274
17.443199999999997 1600355274
17.3708 1600355274
19.0643 1600355274
18.6362 1600355274
23.6298 1600355274
17.778399999999998 1600355274
19.534999999999997 1600355274
0.27180000000000004 1600355274
19.5351 1600355274
17.3615 1600355274
15.4953 1600355274
15.5223 1600355274
15.2719 1600355274
16.917099999999998 1600355274
17.051599999999997 1600355274
13.8607 1600355274
19.534899999999997 1600355274
15.0726 1600355274
16.801299999999998 1600355274
17.63 1600355274
17.283299999999997 1600355274
17.283399999999997 1600355274
17.3132 1600355274
16.5633 1600355274
17.284399999999998 1600355274
17.741000000000003 1600355274
17.7841 1600355274
17.1429 1600355274
17.778499999999998 1600355274
19.0642 1600355274
17.7192 1600355274
17.736199999999997 1600355274
16.5215 1600355274
17.1522 1600355274
17.6204 1600355274
17.630200000000002 1600355274
16.5637 1600355274
17.2168 1600355274
6.5818 1600355274
17.6303 1600355274
16.4438 1600355274
17.051199999999998 1600355274
19.0643 1600355274
17.1418 1600355274
18.005399999999998 1600355274
17.051099999999998 1600355274
17.6862 1600355274
17.72 1600355274
17.5488 1600355274
17.7841 1600355274
17.775799999999997 1600355274
17.630200000000002 1600355274
17.630300000000002 1600355274
20.2668 1600355274
15.3625 1600355274
16.850099999999998 1600355274
16.769 1600355274
17.283499999999997 1600355274
18.4944 1600355274
18.4942 1600355274
17.1876 1600355274
17.371 1600355274
17.778399999999998 1600355274
18.005499999999998 1600355274
6.3074 1600355274
16.7172 1600355274
12.4057 1600355274
17.7841 1600355274
5.5218 1600355274
16.5216 1600355274
15.5839 1600355274
16.917199999999998 1600355274
17.6862 1600355274
16.884999999999998 1600355274
16.987 1600355274
17.5304 1600355274
20.269499999999997 1600355274
16.936999999999998 1600355274
16.894499999999997 1600355274
16.894499999999997 1600355274
16.8844 1600355274
15.5306 1600355274
15.4971 1600355274
15.2726 1600355274
17.512999999999998 1600355274
15.5841 1600355274
17.283299999999997 1600355274
17.7597 1600355274
17.0307 1600355274
12.6832 1600355274
15.5199 1600355274
16.987 1600355274
17.1867 1600355274
16.8846 1600355274
17.6501 1600355274
17.4885 1600355274
18.6362 1600355274
15.497 1600355274
18.6362 1600355274
17.468799999999998 1600355274
17.443199999999997 1600355274
17.436799999999998 1600355274
19.0644 1600355274
17.398799999999998 1600355274
17.2768 1600355274
15.4894 1600355274
16.8164 1600355274
16.7697 1600355274
12.4413 1600355274
17.7364 1600355274
6.3082 1600355274
15.4888 1600355274
5.4605999999999995 1600355274
12.4428 1600355274
15.2719 1600355274
16.8946 1600355274
16.885299999999997 1600355274
16.894499999999997 1600355274
15.2722 1600355274
15.0738 1600355274
16.987099999999998 1600355274
17.1423 1600355274
10.357899999999999 1600355274
17.399 1600355274
10.24 1600355274
17.5555 1600355274
12.4056 1600355274
15.1609 1600355274
15.5213 1600355274
17.488599999999998 1600355274
17.478599999999997 1600355274
17.031200000000002 1600355274
15.0727 1600355274
15.0727 1600355274
15.9946 1600355274
19.064799999999998 1600355274
17.1866 1600355274
17.186899999999998 1600355274
17.155099999999997 1600355274
17.0306 1600355274
17.171799999999998 1600355274
17.0154 1600355274
20.269599999999997 1600355274
17.0307 1600355274
17.155099999999997 1600355274
16.884500000000003 1600355274
18.005599999999998 1600355274
16.317899999999998 1600355274
16.023999999999997 1600355274
16.894599999999997 1600355274
17.171799999999998 1600355274
17.030700000000003 1600355274
16.987 1600355274
17.154999999999998 1600355274
15.0437 1600355274
16.5218 1600355274
16.936999999999998 1600355274
16.3186 1600355274
17.1275 1600355274
17.186999999999998 1600355274
12.4073 1600355274
17.620199999999997 1600355274
12.6814 1600355274
15.160499999999999 1600355274
16.601499999999998 1600355274
17.1877 1600355274
17.187199999999997 1600355274
17.2165 1600355274
17.7842 1600355274
15.5306 1600355274
15.5199 1600355274
16.8846 1600355274
17.371 1600355274
17.581599999999998 1600355274
16.849999999999998 1600355274
16.9243 1600355274
16.9245 1600355274
16.917099999999998 1600355274
17.395699999999998 1600355274
16.8363 1600355274
16.849899999999998 1600355274
5.1253 1600355274
17.581699999999998 1600355274
16.801699999999997 1600355274
17.6861 1600355274
3.6632000000000002 1600355274
17.4272 1600355274
5.0976 1600355274
12.6812 1600355274
12.4066 1600355274
16.0464 1600355274
16.8846 1600355274
17.530199999999997 1600355274
17.5305 1600355274
16.8369 1600355274
17.4885 1600355274
10.3583 1600355274
21.220299999999998 1600355274
17.478399999999997 1600355274
17.313299999999998 1600355274
17.7842 1600355274
16.801599999999997 1600355274
18.4944 1600355274
18.6362 1600355274
17.5488 1600355274
17.530199999999997 1600355274
3.9531 1600355274
17.3131 1600355274
17.7411 1600355274
19.0645 1600355274
17.283399999999997 1600355274
10.3569 1600355274
17.1881 1600355274
17.3709 1600355274
18.038999999999998 1600355274
18.4944 1600355274
17.3616 1600355274
17.313399999999998 1600355274
5.0873 1600355274
22.771099999999997 1600355274
6.582 1600355274
15.5309 1600355274
15.274000000000001 1600355274
17.6301 1600355274
12.4418 1600355274
17.446199999999997 1600355274
15.496 1600355274
16.6694 1600355274
17.127399999999998 1600355274
16.316899999999997 1600355274
12.4081 1600355274
0.5045 1600355274
17.0312 1600355274
17.171599999999998 1600355274
17.1496 1600355274
17.718999999999998 1600355274
17.186999999999998 1600355274
17.7841 1600355274
17.784100000000002 1600355274
17.7759 1600355274
17.7842 1600355274
17.776 1600355274
17.7759 1600355274
17.208799999999997 1600355274
17.1882 1600355274
17.7597 1600355274
17.7841 1600355274
17.1415 1600355274
15.5225 1600355274
15.0738 1600355274
15.993900000000002 1600355274
15.943800000000001 1600355274
15.9185 1600355274
16.894399999999997 1600355274
10.4442 1600355274
13.9039 1600355274
15.2721 1600355274
17.412899999999997 1600355274
16.0461 1600355274
17.468799999999998 1600355274
15.4968 1600355274
5.4444 1600355274
15.2745 1600355274
17.0312 1600355274
16.8018 1600355274
16.770699999999998 1600355274
17.6617 1600355274
16.7176 1600355274
17.6616 1600355274
17.2538 1600355274
19.0644 1600355274
19.0645 1600355274
17.72 1600355274
17.7201 1600355274
19.064500000000002 1600355274
19.535200000000003 1600355274
17.7759 1600355274
18.005399999999998 1600355274
17.0701 1600355274
16.023799999999998 1600355274
16.8018 1600355274
17.5133 1600355274
17.445999999999998 1600355274
17.7362 1600355274
16.6666 1600355274
16.317800000000002 1600355274
3.8476 1600355274
0.768 1600355274
16.894399999999997 1600355274
13.8613 1600355274
19.5351 1600355274
12.6811 1600355274
