91.4457 1600519900
91.4457 1600519900
91.4456 1600519900
91.4458 1600519900
91.4462 1600519900
88.36710000000001 1600519900
88.3676 1600519900
88.36760000000001 1600519900
88.36749999999999 1600519900
88.3674 1600519900
89.1022 1600519900
89.10199999999999 1600519900
89.10170000000001 1600519900
89.1018 1600519900
89.1024 1600519900
93.9104 1600519900
93.9104 1600519900
93.9107 1600519900
93.91080000000001 1600519900
93.9111 1600519900
91.1914 1600519900
91.1917 1600519900
91.1919 1600519900
91.1919 1600519900
91.1915 1600519900
89.1304 1600519900
89.1305 1600519900
89.1301 1600519900
89.1298 1600519900
89.1303 1600519900
93.1293 1600519900
93.1288 1600519900
93.1297 1600519900
93.1293 1600519900
93.1288 1600519900
84.53 1600519900
84.5296 1600519900
84.52980000000001 1600519900
84.53 1600519900
84.5299 1600519900
85.412 1600519900
85.41250000000001 1600519900
85.4123 1600519900
85.4121 1600519900
85.4127 1600519900
96.3002 1600519900
96.3 1600519900
96.2997 1600519900
96.3002 1600519900
96.2998 1600519900
89.6375 1600519900
89.6374 1600519900
89.63730000000001 1600519900
89.6376 1600519900
89.6374 1600519900
91.1109 1600519900
91.11030000000001 1600519900
91.11059999999999 1600519900
91.1108 1600519900
91.1108 1600519900
89.7929 1600519900
89.7932 1600519900
89.7929 1600519900
89.79260000000001 1600519900
89.7931 1600519900
82.8459 1600519900
82.84609999999999 1600519900
82.8457 1600519900
82.84599999999999 1600519900
82.8465 1600519900
89.11500000000001 1600519900
89.1152 1600519900
89.1149 1600519900
89.1146 1600519900
89.11510000000001 1600519900
87.4116 1600519900
87.4121 1600519900
87.4124 1600519900
87.4124 1600519900
87.41250000000001 1600519900
85.5796 1600519900
85.5801 1600519900
85.58 1600519900
85.5801 1600519900
85.5804 1600519900
89.7522 1600519900
89.7523 1600519900
89.75200000000001 1600519900
89.7519 1600519900
89.7517 1600519900
87.082 1600519900
87.0819 1600519900
87.0815 1600519900
87.08200000000001 1600519900
87.0817 1600519900
91.199 1600519900
91.1989 1600519900
91.1994 1600519900
91.19930000000001 1600519900
91.1997 1600519900
93.2491 1600519900
93.249 1600519900
93.24889999999999 1600519900
93.2492 1600519900
93.249 1600519900
90.5406 1600519900
90.5403 1600519900
90.5401 1600519900
90.54039999999999 1600519900
90.5408 1600519900
87.96039999999999 1600519900
87.9604 1600519900
87.9608 1600519900
87.9606 1600519900
87.9612 1600519900
89.5891 1600519900
89.5887 1600519900
89.589 1600519900
89.58890000000001 1600519900
89.58930000000001 1600519900
89.7643 1600519900
89.7641 1600519900
89.7646 1600519900
89.7646 1600519900
89.7645 1600519900
93.8028 1600519900
93.8036 1600519900
93.80319999999999 1600519900
93.80380000000001 1600519900
93.8037 1600519900
91.248 1600519900
91.24810000000001 1600519900
91.2474 1600519900
91.2483 1600519900
91.24849999999999 1600519900
91.2878 1600519900
91.28750000000001 1600519900
91.2876 1600519900
91.28750000000001 1600519900
91.2881 1600519900
88.6849 1600519900
88.6853 1600519900
88.6856 1600519900
88.68560000000001 1600519900
88.6861 1600519900
91.4602 1600519900
91.4607 1600519900
91.4607 1600519900
91.46050000000001 1600519900
91.461 1600519900
87.0636 1600519900
87.0634 1600519900
87.063 1600519900
87.063 1600519900
87.0631 1600519900
90.5165 1600519900
90.5166 1600519900
90.5162 1600519900
90.5159 1600519900
90.5165 1600519900
90.09309999999999 1600519900
90.09299999999999 1600519900
90.0932 1600519900
90.0934 1600519900
90.0937 1600519900
93.8063 1600519900
93.8065 1600519900
93.80579999999999 1600519900
93.8063 1600519900
93.80640000000001 1600519900
96.1794 1600519900
96.1784 1600519900
96.1794 1600519900
96.1794 1600519900
96.1794 1600519900
84.43090000000001 1600519900
84.4308 1600519900
84.43119999999999 1600519900
84.43130000000001 1600519900
84.43130000000001 1600519900
91.3924 1600519900
91.39240000000001 1600519900
91.3922 1600519900
91.39189999999999 1600519900
91.39290000000001 1600519900
92.15570000000001 1600519900
92.156 1600519900
92.15589999999999 1600519900
92.1553 1600519900
92.15559999999999 1600519900
91.4409 1600519900
91.44099999999999 1600519900
91.4408 1600519900
91.4408 1600519900
91.44069999999999 1600519900
90.2303 1600519900
90.2303 1600519900
90.2301 1600519900
90.23 1600519900
90.2301 1600519900
91.3444 1600519900
91.3442 1600519900
91.3445 1600519900
92.0468 1600519900
92.0468 1600519900
91.5041 1600519900
91.5047 1600519900
91.5044 1600519900
91.5047 1600519900
91.5046 1600519900
93.10990000000001 1600519900
93.1099 1600519900
93.1102 1600519900
93.10969999999999 1600519900
93.1105 1600519900
92.2109 1600519900
92.2106 1600519900
92.21 1600519900
92.2105 1600519900
92.2103 1600519900
91.152 1600519900
91.152 1600519900
91.1524 1600519900
91.1522 1600519900
91.15259999999999 1600519900
95.6527 1600519900
95.6527 1600519900
95.6527 1600519900
95.65259999999999 1600519900
95.6535 1600519900
90.8343 1600519900
90.834 1600519900
90.8335 1600519900
90.8335 1600519900
90.8344 1600519900
92.3575 1600519900
92.3574 1600519900
92.3576 1600519900
92.3577 1600519900
92.35749999999999 1600519900
89.8563 1600519900
89.8562 1600519900
89.8559 1600519900
89.856 1600519900
89.8566 1600519900
90.2367 1600519900
90.2367 1600519900
90.2365 1600519900
90.2368 1600519900
90.2367 1600519900
87.4966 1600519900
87.4967 1600519900
87.4969 1600519900
87.49719999999999 1600519900
87.49719999999999 1600519900
84.89099999999999 1600519900
84.8905 1600519900
84.8908 1600519900
84.8907 1600519900
84.8913 1600519900
91.84870000000001 1600519900
91.8491 1600519900
91.849 1600519900
91.84899999999999 1600519900
91.8489 1600519900
93.4786 1600519900
93.4781 1600519900
93.4786 1600519900
93.4786 1600519900
93.4785 1600519900
92.0887 1600519900
92.0883 1600519900
92.0886 1600519900
92.0883 1600519900
92.0888 1600519900
87.07900000000001 1600519900
87.0784 1600519900
87.0787 1600519900
87.0787 1600519900
87.0791 1600519900
91.2195 1600519900
91.21979999999999 1600519900
91.2202 1600519900
91.22019999999999 1600519900
91.22000000000001 1600519900
90.79870000000001 1600519900
90.7988 1600519900
90.79889999999999 1600519900
90.7989 1600519900
90.7988 1600519900
88.6494 1600519900
88.64920000000001 1600519900
88.6492 1600519900
88.6491 1600519900
88.64930000000001 1600519900
87.0759 1600519900
87.0758 1600519900
87.0758 1600519900
87.0761 1600519900
87.0764 1600519900
89.9054 1600519900
89.9055 1600519900
89.905 1600519900
89.90520000000001 1600519900
89.90549999999999 1600519900
91.87349999999999 1600519900
91.8741 1600519900
91.8736 1600519900
91.8738 1600519900
91.8742 1600519900
91.7682 1600519900
91.76849999999999 1600519900
91.7683 1600519900
91.7679 1600519900
91.7687 1600519900
90.58409999999999 1600519900
90.5837 1600519900
90.5839 1600519900
90.5837 1600519900
90.5844 1600519900
90.80619999999999 1600519900
90.8065 1600519900
90.8064 1600519900
90.8065 1600519900
90.8061 1600519900
83.38889999999999 1600519900
83.38889999999999 1600519900
83.3883 1600519900
83.389 1600519900
83.3896 1600519900
93.35629999999999 1600519900
93.35640000000001 1600519900
93.3559 1600519900
93.3561 1600519900
93.3568 1600519900
85.31750000000001 1600519900
85.3169 1600519900
85.3171 1600519900
85.3173 1600519900
85.31750000000001 1600519900
91.048 1600519900
91.0479 1600519900
91.048 1600519900
91.0481 1600519900
91.04790000000001 1600519900
93.6651 1600519900
93.6649 1600519900
93.665 1600519900
93.6651 1600519900
93.66550000000001 1600519900
90.8135 1600519900
90.8133 1600519900
90.81320000000001 1600519900
90.8131 1600519900
90.813 1600519900
17.681199999999997 1600519900
17.6817 1600519900
17.6816 1600519900
17.6817 1600519900
17.6813 1600519900
91.9281 1600519900
91.9281 1600519900
91.9284 1600519900
91.9284 1600519900
91.92790000000001 1600519900
91.4396 1600519900
91.4396 1600519900
91.4393 1600519900
91.43870000000001 1600519900
91.43950000000001 1600519900
82.547 1600519900
82.5476 1600519900
82.54750000000001 1600519900
82.5477 1600519900
82.5475 1600519900
89.4987 1600519900
89.4989 1600519900
89.4989 1600519900
89.4991 1600519900
89.4989 1600519900
90.5439 1600519900
90.5433 1600519900
90.5437 1600519900
90.54350000000001 1600519900
90.5437 1600519900
85.25280000000001 1600519900
85.25290000000001 1600519900
85.25290000000001 1600519900
85.25330000000001 1600519900
85.25359999999999 1600519900
92.761 1600519900
92.7607 1600519900
92.7607 1600519900
92.7608 1600519900
92.76089999999999 1600519900
88.2489 1600519900
88.24910000000001 1600519900
88.2496 1600519900
88.2496 1600519900
88.2499 1600519900
79.9245 1600519900
79.92479999999999 1600519900
79.9247 1600519900
79.9242 1600519900
79.9246 1600519900
92.0792 1600519900
92.0789 1600519900
92.0791 1600519900
92.07860000000001 1600519900
92.079 1600519900
90.87750000000001 1600519900
90.8773 1600519900
90.8772 1600519900
90.8772 1600519900
90.8772 1600519900
88.2413 1600519900
88.2415 1600519900
88.2409 1600519900
88.2415 1600519900
88.24159999999999 1600519900
95.3105 1600519900
95.3105 1600519900
95.3107 1600519900
95.31020000000001 1600519900
95.31099999999999 1600519900
90.5488 1600519900
90.5488 1600519900
90.54860000000001 1600519900
90.54860000000001 1600519900
90.5483 1600519900
91.4378 1600519900
91.4376 1600519900
91.43780000000001 1600519900
91.4374 1600519900
91.438 1600519900
93.2886 1600519900
93.7825 1600519900
93.2891 1600519900
93.2889 1600519900
93.289 1600519900
91.58940000000001 1600519900
91.58959999999999 1600519900
91.5896 1600519900
91.5897 1600519900
91.59009999999999 1600519900
90.5498 1600519900
90.5503 1600519900
90.5505 1600519900
90.5502 1600519900
90.5507 1600519900
95.3313 1600519900
95.33130000000001 1600519900
95.3307 1600519900
95.33080000000001 1600519900
95.3313 1600519900
89.4261 1600519900
89.4265 1600519900
89.4268 1600519900
89.4268 1600519900
89.4271 1600519900
92.93960000000001 1600519900
92.94 1600519900
92.93939999999999 1600519900
92.9393 1600519900
92.9401 1600519900
90.3592 1600519900
90.3594 1600519900
90.3586 1600519900
90.3593 1600519900
90.3598 1600519900
90.3034 1600519900
90.30330000000001 1600519900
90.3034 1600519900
90.3035 1600519900
90.30330000000001 1600519900
91.9148 1600519900
91.9148 1600519900
91.9146 1600519900
91.9149 1600519900
91.9151 1600519900
89.9889 1600519900
89.98910000000001 1600519900
89.9892 1600519900
89.989 1600519900
89.9893 1600519900
94.01 1600519900
94.00980000000001 1600519900
94.0103 1600519900
94.0117 1600519900
94.01050000000001 1600519900
92.738 1600519900
92.7382 1600519900
92.7376 1600519900
92.7378 1600519900
92.7386 1600519900
93.3746 1600519900
93.3742 1600519900
93.3745 1600519900
93.3744 1600519900
93.3747 1600519900
92.32679999999999 1600519900
92.32730000000001 1600519900
92.3271 1600519900
92.3271 1600519900
92.3275 1600519900
91.8567 1600519900
91.857 1600519900
91.85709999999999 1600519900
91.857 1600519900
91.8576 1600519900
92.64750000000001 1600519900
92.6476 1600519900
92.647 1600519900
92.6474 1600519900
92.6476 1600519900
93.0903 1600519900
93.0905 1600519900
93.0902 1600519900
93.0903 1600519900
93.0907 1600519900
91.2275 1600519900
91.2274 1600519900
91.2272 1600519900
91.2274 1600519900
91.22789999999999 1600519900
91.431 1600519900
91.4308 1600519900
91.4304 1600519900
91.4308 1600519900
91.43100000000001 1600519900
90.061 1600519900
90.0605 1600519900
90.0605 1600519900
90.0605 1600519900
90.0608 1600519900
96.1165 1600519900
96.1157 1600519900
96.11619999999999 1600519900
96.1162 1600519900
96.11659999999999 1600519900
96.8225 1600519900
96.82260000000001 1600519900
96.8225 1600519900
96.62299999999999 1600519900
96.8226 1600519900
88.3816 1600519900
88.3813 1600519900
88.38090000000001 1600519900
88.3815 1600519900
88.3819 1600519900
92.3915 1600519900
92.3911 1600519900
92.39150000000001 1600519900
92.3917 1600519900
92.39139999999999 1600519900
91.7715 1600519900
91.7713 1600519900
91.7713 1600519900
91.7718 1600519900
91.7719 1600519900
90.6815 1600519900
90.6814 1600519900
90.6813 1600519900
90.6815 1600519900
90.682 1600519900
91.256 1600519900
91.2556 1600519900
91.2555 1600519900
91.2552 1600519900
91.2552 1600519900
89.1749 1600519900
89.17490000000001 1600519900
89.1749 1600519900
89.173 1600519900
89.17349999999999 1600519900
91.455 1600519900
91.4546 1600519900
91.4544 1600519900
91.45450000000001 1600519900
91.4546 1600519900
94.4144 1600519900
94.4147 1600519900
94.4143 1600519900
94.41409999999999 1600519900
94.4149 1600519900
91.0516 1600519900
91.0517 1600519900
91.05160000000001 1600519900
91.051 1600519900
91.0514 1600519900
94.1986 1600519900
94.1984 1600519900
94.1984 1600519900
94.1982 1600519900
94.199 1600519900
89.4625 1600519900
89.4623 1600519900
89.4621 1600519900
89.4622 1600519900
89.46260000000001 1600519900
92.13260000000001 1600519900
92.1328 1600519900
92.1327 1600519900
92.1328 1600519900
92.13300000000001 1600519900
92.684 1600519900
92.68400000000001 1600519900
92.68419999999999 1600519900
92.6842 1600519900
92.68390000000001 1600519900
93.269 1600519900
93.2689 1600519900
93.269 1600519900
92.4738 1600519900
92.4738 1600519900
92.8403 1600519900
92.8399 1600519900
92.8406 1600519900
92.84060000000001 1600519900
92.8409 1600519900
94.43660000000001 1600519900
94.4371 1600519900
94.4371 1600519900
94.4373 1600519900
94.43769999999999 1600519900
91.73689999999999 1600519900
91.7365 1600519900
91.7363 1600519900
91.73689999999999 1600519900
91.73700000000001 1600519900
96.51440000000001 1600519900
96.5143 1600519900
96.5147 1600519900
96.5149 1600519900
96.51520000000001 1600519900
90.5471 1600519900
90.54700000000001 1600519900
90.5469 1600519900
90.547 1600519900
90.5477 1600519900
91.4893 1600519900
91.4896 1600519900
91.48970000000001 1600519900
91.4897 1600519900
91.4902 1600519900
96.75330000000001 1600519900
96.7534 1600519900
96.7533 1600519900
96.7535 1600519900
96.754 1600519900
90.2263 1600519900
90.22619999999999 1600519900
90.2259 1600519900
90.226 1600519900
90.2261 1600519900
90.3561 1600519900
90.3559 1600519900
90.3563 1600519900
90.3563 1600519900
90.3563 1600519900
91.4867 1600519900
91.4867 1600519900
91.48649999999999 1600519900
91.4868 1600519900
91.4872 1600519900
90.4438 1600519900
90.4432 1600519900
90.4433 1600519900
90.4433 1600519900
90.444 1600519900
90.8355 1600519900
90.8359 1600519900
90.8353 1600519900
90.8358 1600519900
90.8361 1600519900
91.42620000000001 1600519900
91.426 1600519900
91.426 1600519900
91.42580000000001 1600519900
91.4263 1600519900
90.3625 1600519900
90.3627 1600519900
90.3625 1600519900
90.3624 1600519900
90.36250000000001 1600519900
89.34179999999999 1600519900
89.3417 1600519900
89.34129999999999 1600519900
89.34140000000001 1600519900
89.3418 1600519900
91.2644 1600519900
91.2642 1600519900
91.2646 1600519900
91.2647 1600519900
91.26440000000001 1600519900
93.9697 1600519900
93.9692 1600519900
93.97 1600519900
93.97000000000001 1600519900
93.9703 1600519900
85.58359999999999 1600519900
85.5835 1600519900
85.5836 1600519900
85.5837 1600519900
85.5835 1600519900
90.4204 1600519900
90.4205 1600519900
90.42020000000001 1600519900
90.4202 1600519900
90.42020000000001 1600519900
94.7414 1600519900
94.74180000000001 1600519900
94.7419 1600519900
94.7416 1600519900
94.74220000000001 1600519900
92.0839 1600519900
92.0842 1600519900
92.08449999999999 1600519900
92.0844 1600519900
92.0847 1600519900
89.8509 1600519900
89.85130000000001 1600519900
89.8511 1600519900
89.851 1600519900
89.8517 1600519900
90.361 1600519900
90.3609 1600519900
90.3609 1600519900
90.361 1600519900
90.3609 1600519900
91.4518 1600519900
91.45129999999999 1600519900
91.45169999999999 1600519900
91.4517 1600519900
91.4517 1600519900
91.25019999999999 1600519900
91.24969999999999 1600519900
91.2503 1600519900
91.25 1600519900
91.2504 1600519900
90.7026 1600519900
90.7028 1600519900
90.7025 1600519900
90.70230000000001 1600519900
90.703 1600519900
10.9637 1600519900
10.9633 1600519900
10.963799999999999 1600519900
10.9635 1600519900
10.9639 1600519900
88.8099 1600519900
88.8094 1600519900
88.809 1600519900
88.81 1600519900
88.8101 1600519900
91.79320000000001 1600519900
91.793 1600519900
91.7928 1600519900
91.7929 1600519900
91.79339999999999 1600519900
87.22120000000001 1600519900
87.22109999999999 1600519900
87.2209 1600519900
87.2214 1600519900
87.22170000000001 1600519900
91.34570000000001 1600519900
91.3451 1600519900
91.3451 1600519900
91.345 1600519900
91.345 1600519900
90.1809 1600519900
90.18079999999999 1600519900
90.18119999999999 1600519900
90.1811 1600519900
90.18140000000001 1600519900
90.8031 1600519900
90.80330000000001 1600519900
90.8031 1600519900
90.803 1600519900
90.8032 1600519900
91.3892 1600519900
91.3893 1600519900
91.389 1600519900
91.3887 1600519900
91.3896 1600519900
91.6725 1600519900
91.6724 1600519900
91.67190000000001 1600519900
91.6726 1600519900
91.6725 1600519900
93.9056 1600519900
93.9055 1600519900
93.9061 1600519900
93.9061 1600519900
93.9062 1600519900
91.5004 1600519900
91.5003 1600519900
91.5 1600519900
91.5001 1600519900
91.5003 1600519900
90.8166 1600519900
90.8165 1600519900
90.8168 1600519900
90.81660000000001 1600519900
90.8163 1600519900
90.8097 1600519900
90.8091 1600519900
90.80900000000001 1600519900
90.8093 1600519900
90.8096 1600519900
93.42399999999999 1600519900
93.42370000000001 1600519900
93.4239 1600519900
93.4243 1600519900
93.4246 1600519900
91.9223 1600519900
91.9225 1600519900
91.9227 1600519900
91.9227 1600519900
91.9225 1600519900
94.376 1600519900
94.3763 1600519900
94.3763 1600519900
94.3762 1600519900
94.3767 1600519900
91.2873 1600519900
91.2875 1600519900
91.287 1600519900
91.28750000000001 1600519900
91.2884 1600519900
95.0454 1600519900
95.0457 1600519900
95.04560000000001 1600519900
95.0463 1600519900
95.0467 1600519900
89.3622 1600519900
89.3622 1600519900
89.3617 1600519900
89.3624 1600519900
89.3632 1600519900
93.19069999999999 1600519900
93.19080000000001 1600519900
93.19080000000001 1600519900
93.1907 1600519900
93.1909 1600519900
92.093 1600519900
92.0935 1600519900
92.0927 1600519900
92.0925 1600519900
92.0931 1600519900
96.75189999999999 1600519900
96.7505 1600519900
96.7517 1600519900
96.75179999999999 1600519900
96.7504 1600519900
89.4278 1600519900
89.4281 1600519900
89.4284 1600519900
89.4284 1600519900
89.4284 1600519900
90.2388 1600519900
90.2395 1600519900
90.23910000000001 1600519900
90.2394 1600519900
90.2398 1600519900
93.2289 1600519900
93.2291 1600519900
93.22879999999999 1600519900
93.2293 1600519900
93.2296 1600519900
91.60600000000001 1600519900
91.6059 1600519900
91.6065 1600519900
91.6062 1600519900
91.6065 1600519900
91.1653 1600519900
91.1652 1600519900
91.16550000000001 1600519900
91.1648 1600519900
91.1657 1600519900
86.9816 1600519900
86.9817 1600519900
86.9813 1600519900
86.9811 1600519900
86.9818 1600519900
90.14450000000001 1600519900
90.14450000000001 1600519900
90.1446 1600519900
90.14489999999999 1600519900
90.14529999999999 1600519900
91.9244 1600519900
91.9243 1600519900
91.9239 1600519900
91.9239 1600519900
91.9241 1600519900
90.8077 1600519900
90.8078 1600519900
90.8074 1600519900
90.8079 1600519900
90.8082 1600519900
91.2913 1600519900
91.2914 1600519900
91.2918 1600519900
91.2925 1600519900
91.2919 1600519900
91.60770000000001 1600519900
91.60780000000001 1600519900
91.6075 1600519900
91.6076 1600519900
91.60820000000001 1600519900
88.1322 1600519900
88.13119999999999 1600519900
88.13300000000001 1600519900
88.1322 1600519900
88.1314 1600519900
95.0444 1600519900
95.0445 1600519900
95.0443 1600519900
95.04469999999999 1600519900
95.04440000000001 1600519900
87.6481 1600519900
87.6485 1600519900
87.6485 1600519900
87.648 1600519900
87.6485 1600519900
81.42519999999999 1600519900
81.4248 1600519900
81.4248 1600519900
81.4248 1600519900
81.4254 1600519900
91.6091 1600519900
91.6092 1600519900
91.61040000000001 1600519900
91.6093 1600519900
91.6106 1600519900
90.8043 1600519900
90.8042 1600519900
90.8049 1600519900
90.8048 1600519900
90.8048 1600519900
93.268 1600519900
93.2675 1600519900
93.268 1600519900
93.26780000000001 1600519900
93.2682 1600519900
90.55229999999999 1600519900
90.5523 1600519900
90.5525 1600519900
90.5527 1600519900
90.5526 1600519900
89.5188 1600519900
89.5175 1600519900
89.5189 1600519900
89.5183 1600519900
89.5176 1600519900
93.08840000000001 1600519900
93.0873 1600519900
93.0881 1600519900
93.0888 1600519900
93.0891 1600519900
90.4186 1600519900
90.4175 1600519900
90.4177 1600519900
90.41860000000001 1600519900
90.4188 1600519900
91.0437 1600519900
91.04360000000001 1600519900
91.0434 1600519900
91.0443 1600519900
91.04480000000001 1600519900
91.73360000000001 1600519900
91.733 1600519900
91.7336 1600519900
91.7333 1600519900
91.7338 1600519900
90.2286 1600519900
90.22909999999999 1600519900
90.2286 1600519900
90.229 1600519900
90.2293 1600519900
88.2433 1600519900
88.2433 1600519900
88.2431 1600519900
88.2432 1600519900
88.24310000000001 1600519900
96.81240000000001 1600519900
96.8117 1600519900
96.81160000000001 1600519900
96.81200000000001 1600519900
96.8123 1600519900
89.3266 1600519900
89.3253 1600519900
89.3254 1600519900
89.3271 1600519900
89.3264 1600519900
92.8823 1600519900
92.8818 1600519900
92.8824 1600519900
92.8819 1600519900
92.88250000000001 1600519900
91.1502 1600519900
91.1502 1600519900
91.1505 1600519900
91.15060000000001 1600519900
91.1511 1600519900
94.4483 1600519900
94.44890000000001 1600519900
94.44879999999999 1600519900
94.44860000000001 1600519900
94.4487 1600519900
95.97569999999999 1600519900
95.9756 1600519900
95.97720000000001 1600519900
95.9771 1600519900
95.97630000000001 1600519900
91.92660000000001 1600519900
91.92620000000001 1600519900
91.9254 1600519900
91.9262 1600519900
91.9264 1600519900
91.30869999999999 1600519900
91.3087 1600519900
91.3087 1600519900
91.30879999999999 1600519900
91.3093 1600519900
93.9041 1600519900
93.9041 1600519900
93.9041 1600519900
93.47680000000001 1600519900
93.477 1600519900
90.73179999999999 1600519900
90.7315 1600519900
90.7317 1600519900
90.73140000000001 1600519900
90.732 1600519900
91.43469999999999 1600519900
91.4346 1600519900
91.4345 1600519900
91.4344 1600519900
91.4349 1600519900
87.7152 1600519900
87.7151 1600519900
87.71640000000001 1600519900
87.7164 1600519900
87.71570000000001 1600519900
90.6502 1600519900
90.6503 1600519900
90.6494 1600519900
90.64999999999999 1600519900
90.6503 1600519900
94.6177 1600519900
94.6172 1600519900
94.61720000000001 1600519900
94.4346 1600519900
94.17739999999999 1600519900
94.0631 1600519900
94.06299999999999 1600519900
94.062 1600519900
94.0626 1600519900
94.06190000000001 1600519900
94.3154 1600519900
94.7235 1600519900
95.4407 1600519900
95.44109999999999 1600519900
95.4405 1600519900
93.2914 1600519900
93.292 1600519900
93.2916 1600519900
92.5594 1600519900
93.2921 1600519900
91.45320000000001 1600519900
91.453 1600519900
91.45270000000001 1600519900
91.4529 1600519900
91.4535 1600519900
92.6798 1600519900
92.6804 1600519900
92.6805 1600519900
92.67999999999999 1600519900
92.68050000000001 1600519900
93.196 1600519900
93.1957 1600519900
93.196 1600519900
93.1959 1600519900
93.1964 1600519900
82.774 1600519900
82.775 1600519900
82.7751 1600519900
82.7752 1600519900
82.77390000000001 1600519900
87.6137 1600519900
87.6146 1600519900
87.6146 1600519900
87.61420000000001 1600519900
87.6149 1600519900
95.336 1600519900
95.3352 1600519900
95.3355 1600519900
95.3352 1600519900
95.3353 1600519900
94.5202 1600519900
94.5195 1600519900
94.5194 1600519900
94.51989999999999 1600519900
94.5201 1600519900
92.0861 1600519900
92.0865 1600519900
92.0854 1600519900
92.08539999999999 1600519900
92.0861 1600519900
88.892 1600519900
88.89229999999999 1600519900
88.8921 1600519900
88.89229999999999 1600519900
88.8923 1600519900
91.8476 1600519900
91.84729999999999 1600519900
91.8473 1600519900
91.84750000000001 1600519900
91.8477 1600519900
94.4132 1600519900
94.41260000000001 1600519900
94.4132 1600519900
94.413 1600519900
94.4135 1600519900
91.3146 1600519900
91.31450000000001 1600519900
91.3146 1600519900
91.3154 1600519900
91.3157 1600519900
95.34370000000001 1600519900
95.3427 1600519900
95.34219999999999 1600519900
95.3442 1600519900
95.343 1600519900
90.7251 1600519900
90.72470000000001 1600519900
90.7253 1600519900
90.7252 1600519900
90.7253 1600519900
94.50580000000001 1600519900
94.5061 1600519900
94.50580000000001 1600519900
94.5057 1600519900
94.5056 1600519900
90.2348 1600519900
90.2348 1600519900
90.23530000000001 1600519900
90.2351 1600519900
90.2355 1600519900
89.1551 1600519900
89.1549 1600519900
89.15469999999999 1600519900
89.1547 1600519900
89.15480000000001 1600519900
90.0631 1600519900
90.0627 1600519900
90.06330000000001 1600519900
90.0628 1600519900
90.06280000000001 1600519900
91.8099 1600519900
91.8097 1600519900
91.8092 1600519900
91.8092 1600519900
91.80940000000001 1600519900
89.0055 1600519900
89.00450000000001 1600519900
89.00619999999999 1600519900
89.0053 1600519900
89.0044 1600519900
80.39450000000001 1600519900
80.3939 1600519900
80.3944 1600519900
80.3943 1600519900
80.395 1600519900
94.7591 1600519900
94.759 1600519900
94.7587 1600519900
94.759 1600519900
94.75919999999999 1600519900
91.4489 1600519900
91.449 1600519900
91.4485 1600519900
91.4484 1600519900
91.44890000000001 1600519900
89.4599 1600519900
89.4599 1600519900
89.4596 1600519900
89.4601 1600519900
89.4605 1600519900
90.11269999999999 1600519900
90.1127 1600519900
90.11269999999999 1600519900
90.113 1600519900
90.1127 1600519900
95.4978 1600519900
95.499 1600519900
95.4982 1600519900
95.49799999999999 1600519900
95.4984 1600519900
91.21860000000001 1600519900
91.2181 1600519900
91.2189 1600519900
91.2178 1600519900
91.2177 1600519900
94.2147 1600519900
94.2159 1600519900
94.2159 1600519900
94.21629999999999 1600519900
94.21509999999999 1600519900
89.8196 1600519900
89.8188 1600519900
89.81920000000001 1600519900
89.81909999999999 1600519900
89.8193 1600519900
94.5101 1600519900
94.5105 1600519900
94.50959999999999 1600519900
94.509 1600519900
94.50930000000001 1600519900
91.3873 1600519900
91.3876 1600519900
91.3877 1600519900
91.3878 1600519900
91.3882 1600519900
94.19709999999999 1600519900
94.1968 1600519900
94.1964 1600519900
94.1966 1600519900
94.19730000000001 1600519900
12.4017 1600519900
12.401800000000001 1600519900
12.401200000000001 1600519900
12.4015 1600519900
12.401700000000002 1600519900
91.32000000000001 1600519900
91.3191 1600519900
91.3191 1600519900
91.319 1600519900
91.31989999999999 1600519900
91.8749 1600519900
91.87570000000001 1600519900
91.87559999999999 1600519900
91.8765 1600519900
91.87570000000001 1600519900
90.42219999999999 1600519900
90.4216 1600519900
90.4216 1600519900
90.4222 1600519900
90.4226 1600519900
92.4542 1600519900
92.4531 1600519900
92.4533 1600519900
92.4536 1600519900
92.45370000000001 1600519900
92.14789999999999 1600519900
92.1483 1600519900
92.1481 1600519900
92.1481 1600519900
92.14850000000001 1600519900
90.87849999999999 1600519900
90.8796 1600519900
90.8793 1600519900
90.8789 1600519900
90.8791 1600519900
96.7665 1600519900
96.7486 1600519900
96.7842 1600519900
96.7663 1600519900
96.7843 1600519900
89.9561 1600519900
89.95620000000001 1600519900
89.9558 1600519900
89.9563 1600519900
89.95630000000001 1600519900
85.3072 1600519900
85.3082 1600519900
85.30850000000001 1600519900
85.3084 1600519900
85.3073 1600519900
82.7764 1600519900
82.77629999999999 1600519900
82.7767 1600519900
82.7768 1600519900
82.7768 1600519900
92.16059999999999 1600519900
92.1608 1600519900
92.1604 1600519900
92.1609 1600519900
92.1611 1600519900
91.9762 1600519900
91.97630000000001 1600519900
91.9772 1600519900
91.9761 1600519900
91.97590000000001 1600519900
94.01339999999999 1600519900
94.0129 1600519900
94.0129 1600519900
94.0133 1600519900
94.0131 1600519900
89.516 1600519900
89.51599999999999 1600519900
89.5155 1600519900
89.516 1600519900
89.5158 1600519900
95.98280000000001 1600519900
95.9829 1600519900
95.98310000000001 1600519900
95.9828 1600519900
95.9827 1600519900
91.735 1600519900
91.735 1600519900
91.7346 1600519900
91.7352 1600519900
91.7352 1600519900
95.4955 1600519900
95.4955 1600519900
95.4958 1600519900
95.49549999999999 1600519900
95.49579999999999 1600519900
92.13090000000001 1600519900
92.1307 1600519900
92.1313 1600519900
92.1311 1600519900
92.1316 1600519900
95.144 1600519900
95.1446 1600519900
95.144 1600519900
95.1442 1600519900
95.144 1600519900
6.3285 1600519900
6.3281 1600519900
6.1556 1600519900
6.3286999999999995 1600519900
6.329000000000001 1600519900
17.097199999999997 1600519900
17.0976 1600519900
17.0977 1600519900
17.0975 1600519900
17.0979 1600519900
92.7407 1600519900
92.7399 1600519900
92.7402 1600519900
92.7392 1600519900
92.73989999999999 1600519900
91.38419999999999 1600519900
91.3847 1600519900
91.3841 1600519900
91.38440000000001 1600519900
91.3849 1600519900
92.7361 1600519900
92.73599999999999 1600519900
92.7367 1600519900
92.7355 1600519900
92.7357 1600519900
89.1763 1600519900
89.1764 1600519900
89.176 1600519900
89.1764 1600519900
89.1767 1600519900
91.3242 1600519900
91.3228 1600519900
91.32379999999999 1600519900
91.3245 1600519900
91.32300000000001 1600519900
93.6664 1600519900
93.66720000000001 1600519900
93.6671 1600519900
93.667 1600519900
93.6672 1600519900
90.3574 1600519900
90.3578 1600519900
90.3579 1600519900
90.3579 1600519900
90.358 1600519900
94.0648 1600519900
94.0639 1600519900
94.0648 1600519900
94.06450000000001 1600519900
94.06490000000001 1600519900
92.9208 1600519900
92.9209 1600519900
92.92099999999999 1600519900
92.921 1600519900
92.92150000000001 1600519900
90.8009 1600519900
90.8013 1600519900
90.8006 1600519900
90.8019 1600519900
90.8022 1600519900
92.0153 1600519900
92.01559999999999 1600519900
92.0154 1600519900
92.0148 1600519900
92.01570000000001 1600519900
96.41329999999999 1600519900
96.41460000000001 1600519900
96.4144 1600519900
96.4144 1600519900
96.4148 1600519900
96.8058 1600519900
96.8237 1600519900
96.6427 1600519900
96.80999999999999 1600519900
96.80590000000001 1600519900
89.9937 1600519900
89.9935 1600519900
89.9939 1600519900
89.9938 1600519900
89.9943 1600519900
96.4701 1600519900
96.4701 1600519900
96.47040000000001 1600519900
96.4699 1600519900
96.47059999999999 1600519900
94.35419999999999 1600519900
94.3536 1600519900
94.35419999999999 1600519900
94.354 1600519900
94.3545 1600519900
91.0492 1600519900
91.0493 1600519900
91.04979999999999 1600519900
91.04979999999999 1600519900
91.0492 1600519900
90.1468 1600519900
90.146 1600519900
90.1471 1600519900
90.1473 1600519900
90.1463 1600519900
92.9223 1600519900
92.9238 1600519900
92.9233 1600519900
92.9226 1600519900
92.92450000000001 1600519900
93.1113 1600519900
93.11330000000001 1600519900
93.1134 1600519900
93.1123 1600519900
93.11160000000001 1600519900
92.7179 1600519900
92.7179 1600519900
92.7175 1600519900
92.7173 1600519900
92.71780000000001 1600519900
93.1615 1600519900
93.1617 1600519900
92.2413 1600519900
93.1615 1600519900
90.9931 1600519900
89.8482 1600519900
89.8499 1600519900
89.84989999999999 1600519900
89.8492 1600519900
89.8486 1600519900
97.0732 1600519900
97.05319999999999 1600519900
97.0719 1600519900
97.0717 1600519900
97.0727 1600519900
85.2059 1600519900
85.20570000000001 1600519900
85.2054 1600519900
85.20530000000001 1600519900
85.2061 1600519900
91.533 1600519900
91.531 1600519900
91.532 1600519900
91.53059999999999 1600519900
91.5327 1600519900
91.84490000000001 1600519900
91.8444 1600519900
91.8456 1600519900
91.8461 1600519900
91.84490000000001 1600519900
91.9441 1600519900
91.9442 1600519900
91.94369999999999 1600519900
91.94390000000001 1600519900
91.94430000000001 1600519900
91.8273 1600519900
91.8274 1600519900
91.82730000000001 1600519900
91.827 1600519900
91.82730000000001 1600519900
90.0653 1600519900
90.0652 1600519900
90.06479999999999 1600519900
90.0655 1600519900
90.06519999999999 1600519900
92.8994 1600519900
92.8988 1600519900
92.8985 1600519900
92.89869999999999 1600519900
92.899 1600519900
89.513 1600519900
89.5145 1600519900
89.5145 1600519900
89.51400000000001 1600519900
89.5132 1600519900
93.10560000000001 1600519900
93.10600000000001 1600519900
93.1061 1600519900
93.1061 1600519900
93.1059 1600519900
92.3937 1600519900
92.39370000000001 1600519900
92.3927 1600519900
92.3927 1600519900
92.39370000000001 1600519900
88.4827 1600519900
88.4827 1600519900
88.4822 1600519900
88.4828 1600519900
88.4825 1600519900
91.462 1600519900
91.46220000000001 1600519900
91.4627 1600519900
91.4628 1600519900
91.4632 1600519900
91.62870000000001 1600519900
91.6288 1600519900
91.6277 1600519900
91.62870000000001 1600519900
91.628 1600519900
96.7979 1600519900
96.6994 1600519900
96.7979 1600519900
96.7979 1600519900
96.7981 1600519900
92.15119999999999 1600519900
92.1497 1600519900
92.1507 1600519900
92.14959999999999 1600519900
92.1499 1600519900
93.1087 1600519900
93.1084 1600519900
93.1084 1600519900
93.1086 1600519900
93.1082 1600519900
88.8866 1600519900
88.88719999999999 1600519900
88.8869 1600519900
88.8872 1600519900
88.88749999999999 1600519900
90.6469 1600519900
90.648 1600519900
90.6481 1600519900
90.647 1600519900
90.6485 1600519900
93.443 1600519900
93.4427 1600519900
93.4425 1600519900
93.4429 1600519900
93.4432 1600519900
90.3073 1600519900
90.3071 1600519900
90.3073 1600519900
90.3075 1600519900
90.3078 1600519900
87.021 1600519900
87.0228 1600519900
87.0229 1600519900
87.02080000000001 1600519900
87.02239999999999 1600519900
90.99480000000001 1600519900
90.994 1600519900
90.9939 1600519900
90.9944 1600519900
90.9944 1600519900
90.2247 1600519900
90.2245 1600519900
90.22409999999999 1600519900
90.2242 1600519900
90.22460000000001 1600519900
90.7974 1600519900
90.7972 1600519900
90.79729999999999 1600519900
90.797 1600519900
90.79719999999999 1600519900
90.006 1600519900
90.00720000000001 1600519900
90.0073 1600519900
90.0063 1600519900
90.0066 1600519900
97.0257 1600519900
97.02579999999999 1600519900
97.0258 1600519900
97.027 1600519900
97.0261 1600519900
92.49300000000001 1600519900
92.4931 1600519900
92.4932 1600519900
92.4932 1600519900
92.49300000000001 1600519900
92.3088 1600519900
92.30890000000001 1600519900
92.30829999999999 1600519900
92.3087 1600519900
92.309 1600519900
88.6812 1600519900
88.6815 1600519900
88.6821 1600519900
88.68130000000001 1600519900
88.6824 1600519900
87.06840000000001 1600519900
87.0686 1600519900
87.06779999999999 1600519900
87.0679 1600519900
87.069 1600519900
90.3166 1600519900
90.3167 1600519900
90.3168 1600519900
90.31760000000001 1600519900
90.3178 1600519900
92.88350000000001 1600519900
92.88380000000001 1600519900
92.8838 1600519900
92.88310000000001 1600519900
92.8836 1600519900
93.4808 1600519900
93.4807 1600519900
93.4808 1600519900
93.4808 1600519900
93.4804 1600519900
91.0107 1600519900
91.0108 1600519900
91.0093 1600519900
91.0095 1600519900
91.0105 1600519900
90.7945 1600519900
90.7959 1600519900
90.795 1600519900
90.795 1600519900
90.795 1600519900
93.358 1600519900
93.3579 1600519900
93.3582 1600519900
93.3583 1600519900
93.35849999999999 1600519900
90.9226 1600519900
90.9224 1600519900
90.92280000000001 1600519900
90.9227 1600519900
90.9233 1600519900
94.3827 1600519900
94.3816 1600519900
94.38170000000001 1600519900
94.3825 1600519900
94.3827 1600519900
91.38640000000001 1600519900
91.3861 1600519900
91.3864 1600519900
91.38589999999999 1600519900
91.3864 1600519900
91.4598 1600519900
91.46090000000001 1600519900
91.4599 1600519900
91.461 1600519900
91.4597 1600519900
92.2086 1600519900
92.2089 1600519900
92.2085 1600519900
92.2085 1600519900
92.2092 1600519900
96.0557 1600519900
96.05550000000001 1600519900
96.05550000000001 1600519900
96.0557 1600519900
96.0554 1600519900
84.7203 1600519900
84.7201 1600519900
84.7205 1600519900
84.71990000000001 1600519900
84.7205 1600519900
88.9534 1600519900
88.953 1600519900
88.9527 1600519900
88.9532 1600519900
88.9535 1600519900
90.9849 1600519900
90.99130000000001 1600519900
90.9846 1600519900
90.9842 1600519900
90.9912 1600519900
88.0604 1600519900
88.0608 1600519900
88.0587 1600519900
88.05860000000001 1600519900
88.0599 1600519900
88.0621 1600519900
88.06230000000001 1600519900
88.0623 1600519900
88.0624 1600519900
88.0621 1600519900
91.1988 1600519900
91.1982 1600519900
91.1985 1600519900
91.1985 1600519900
91.1992 1600519900
92.3768 1600519900
92.37650000000001 1600519900
92.3776 1600519900
92.377 1600519900
92.3778 1600519900
87.71340000000001 1600519900
87.7134 1600519900
87.71260000000001 1600519900
87.7124 1600519900
87.7138 1600519900
90.0089 1600519900
90.0079 1600519900
90.0086 1600519900
90.0086 1600519900
90.009 1600519900
93.5518 1600519900
93.5509 1600519900
93.55109999999999 1600519900
93.5522 1600519900
93.55069999999999 1600519900
92.754 1600519900
92.75420000000001 1600519900
92.75450000000001 1600519900
92.75359999999999 1600519900
92.75479999999999 1600519900
90.1793 1600519900
90.178 1600519900
90.17970000000001 1600519900
90.17830000000001 1600519900
90.1785 1600519900
90.3524 1600519900
90.3524 1600519900
90.35239999999999 1600519900
90.35350000000001 1600519900
90.3535 1600519900
83.9211 1600519900
83.9208 1600519900
83.9208 1600519900
83.92099999999999 1600519900
83.9212 1600519900
89.5039 1600519900
89.504 1600519900
89.5045 1600519900
89.5047 1600519900
89.5048 1600519900
91.5528 1600519900
91.5541 1600519900
91.554 1600519900
91.5536 1600519900
91.5534 1600519900
96.5284 1600519900
96.5286 1600519900
96.5283 1600519900
96.52850000000001 1600519900
96.52900000000001 1600519900
88.8402 1600519900
88.84140000000001 1600519900
88.84140000000001 1600519900
88.84049999999999 1600519900
88.8417 1600519900
92.8974 1600519900
92.8973 1600519900
92.89699999999999 1600519900
92.8971 1600519900
92.8972 1600519900
91.0424 1600519900
91.042 1600519900
91.0418 1600519900
91.04220000000001 1600519900
91.0425 1600519900
90.5401 1600519900
90.5406 1600519900
90.5404 1600519900
90.5406 1600519900
90.5404 1600519900
91.8516 1600519900
91.85180000000001 1600519900
91.8519 1600519900
91.8514 1600519900
91.8522 1600519900
85.1279 1600519900
85.1276 1600519900
85.1281 1600519900
85.128 1600519900
85.1276 1600519900
91.1675 1600519900
91.167 1600519900
91.1664 1600519900
91.1666 1600519900
91.16760000000001 1600519900
93.12989999999999 1600519900
93.12979999999999 1600519900
93.1289 1600519900
93.1299 1600519900
93.12979999999999 1600519900
86.47380000000001 1600519900
86.47409999999999 1600519900
86.47409999999999 1600519900
86.474 1600519900
86.4739 1600519900
92.8418 1600519900
92.8418 1600519900
92.842 1600519900
92.842 1600519900
92.8422 1600519900
91.7728 1600519900
91.7734 1600519900
91.7734 1600519900
91.773 1600519900
91.7734 1600519900
87.2785 1600519900
87.2782 1600519900
87.2779 1600519900
87.2778 1600519900
87.2789 1600519900
93.785 1600519900
94.19239999999999 1600519900
93.3549 1600519900
94.1927 1600519900
92.5916 1600519900
92.8464 1600519900
92.84500000000001 1600519900
92.84599999999999 1600519900
92.8468 1600519900
92.8454 1600519900
91.7693 1600519900
91.7701 1600519900
91.7701 1600519900
91.7699 1600519900
91.7701 1600519900
89.6902 1600519900
89.6909 1600519900
89.68929999999999 1600519900
89.689 1600519900
89.6901 1600519900
90.3844 1600519900
90.38419999999999 1600519900
90.38369999999999 1600519900
90.3855 1600519900
90.3848 1600519900
95.358 1600519900
95.3573 1600519900
95.35730000000001 1600519900
95.3579 1600519900
95.35810000000001 1600519900
96.7183 1600519900
96.71849999999999 1600519900
96.7193 1600519900
96.71860000000001 1600519900
96.7202 1600519900
90.9814 1600519900
90.9815 1600519900
90.9812 1600519900
90.9812 1600519900
90.98140000000001 1600519900
86.2598 1600519900
86.261 1600519900
86.2599 1600519900
86.2599 1600519900
86.2598 1600519900
91.46730000000001 1600519900
91.4673 1600519900
91.4666 1600519900
91.4665 1600519900
91.4676 1600519900
91.24770000000001 1600519900
91.24879999999999 1600519900
91.2489 1600519900
91.2488 1600519900
91.2483 1600519900
96.97109999999999 1600519900
97.0773 1600519900
97.0758 1600519900
97.07610000000001 1600519900
97.077 1600519900
83.9127 1600519900
83.9128 1600519900
83.9127 1600519900
83.9132 1600519900
83.91340000000001 1600519900
94.1166 1600519900
94.116 1600519900
94.1153 1600519900
94.1151 1600519900
94.1162 1600519900
91.1571 1600519900
91.15690000000001 1600519900
91.15610000000001 1600519900
91.1562 1600519900
91.15719999999999 1600519900
92.1853 1600519900
92.1854 1600519900
92.1858 1600519900
92.1857 1600519900
92.1861 1600519900
90.22200000000001 1600519900
90.223 1600519900
90.2219 1600519900
90.223 1600519900
90.223 1600519900
92.7594 1600519900
92.7591 1600519900
92.75930000000001 1600519900
92.75909999999999 1600519900
92.75980000000001 1600519900
91.6267 1600519900
91.62650000000001 1600519900
91.6266 1600519900
91.62650000000001 1600519900
91.62650000000001 1600519900
91.4908 1600519900
91.49119999999999 1600519900
91.4914 1600519900
91.4909 1600519900
91.4915 1600519900
92.7769 1600519900
92.7785 1600519900
92.77629999999999 1600519900
92.778 1600519900
92.778 1600519900
87.1643 1600519900
87.16470000000001 1600519900
87.1631 1600519900
87.16510000000001 1600519900
87.1635 1600519900
91.79520000000001 1600519900
91.795 1600519900
91.7946 1600519900
91.79469999999999 1600519900
91.7949 1600519900
88.8887 1600519900
88.8886 1600519900
88.8889 1600519900
88.88850000000001 1600519900
88.8891 1600519900
13.2564 1600519900
13.2563 1600519900
13.256400000000001 1600519900
13.2561 1600519900
13.2562 1600519900
91.3431 1600519900
91.3433 1600519900
91.3436 1600519900
91.343 1600519900
91.3435 1600519900
92.7204 1600519900
92.7193 1600519900
92.7205 1600519900
92.7209 1600519900
92.71940000000001 1600519900
11.3079 1600519900
11.3065 1600519900
11.3068 1600519900
11.3073 1600519900
11.307300000000001 1600519900
87.7946 1600519900
87.79509999999999 1600519900
87.7937 1600519900
87.79350000000001 1600519900
87.7945 1600519900
93.1976 1600519900
93.1974 1600519900
93.1977 1600519900
93.197 1600519900
93.197 1600519900
95.0244 1600519900
95.02510000000001 1600519900
95.0246 1600519900
95.0246 1600519900
95.0251 1600519900
90.2273 1600519900
90.2276 1600519900
90.22739999999999 1600519900
90.2276 1600519900
90.228 1600519900
91.15480000000001 1600519900
91.1549 1600519900
91.155 1600519900
91.1543 1600519900
91.1552 1600519900
92.7578 1600519900
92.7581 1600519900
92.7581 1600519900
92.75750000000001 1600519900
92.7578 1600519900
89.768 1600519900
89.7672 1600519900
89.7684 1600519900
89.7667 1600519900
89.7683 1600519900
92.4712 1600519900
92.4722 1600519900
92.4725 1600519900
92.47149999999999 1600519900
92.4726 1600519900
87.5531 1600519900
87.5536 1600519900
87.55380000000001 1600519900
87.5538 1600519900
87.5538 1600519900
89.858 1600519900
89.8585 1600519900
89.8573 1600519900
89.8575 1600519900
89.8581 1600519900
14.8742 1600519900
14.8745 1600519900
14.8742 1600519900
14.8743 1600519900
14.875200000000001 1600519900
90.7236 1600519900
90.72330000000001 1600519900
90.7231 1600519900
90.7234 1600519900
90.724 1600519900
89.1534 1600519900
89.1524 1600519900
89.15180000000001 1600519900
89.1517 1600519900
89.1525 1600519900
89.8788 1600519900
89.8794 1600519900
89.8791 1600519900
89.8794 1600519900
89.8796 1600519900
89.9546 1600519900
89.95439999999999 1600519900
89.9545 1600519900
89.95410000000001 1600519900
89.9544 1600519900
94.0798 1600519900
94.0797 1600519900
94.0798 1600519900
94.0793 1600519900
94.0803 1600519900
92.6255 1600519900
92.6258 1600519900
92.6264 1600519900
93.64280000000001 1600519900
94.01450000000001 1600519900
91.4474 1600519900
91.4462 1600519900
91.446 1600519900
91.44709999999999 1600519900
91.4469 1600519900
93.589 1600519900
93.5885 1600519900
93.58789999999999 1600519900
93.5882 1600519900
93.58850000000001 1600519900
92.8478 1600519900
92.8476 1600519900
92.8489 1600519900
92.8493 1600519900
92.84870000000001 1600519900
90.269 1600519900
90.2689 1600519900
90.2693 1600519900
90.2693 1600519900
90.26920000000001 1600519900
92.07719999999999 1600519900
92.0776 1600519900
92.0769 1600519900
92.0767 1600519900
92.07730000000001 1600519900
88.9961 1600519900
88.99560000000001 1600519900
88.99600000000001 1600519900
88.9959 1600519900
88.9962 1600519900
92.3336 1600519900
92.33409999999999 1600519900
92.33319999999999 1600519900
92.3331 1600519900
92.3343 1600519900
89.00800000000001 1600519900
89.0073 1600519900
89.0074 1600519900
89.00750000000001 1600519900
89.0073 1600519900
89.88860000000001 1600519900
89.88860000000001 1600519900
89.88850000000001 1600519900
89.8883 1600519900
89.8885 1600519900
91.196 1600519900
91.1948 1600519900
91.19460000000001 1600519900
91.1954 1600519900
91.1947 1600519900
91.47030000000001 1600519900
91.4705 1600519900
91.4714 1600519900
91.4717 1600519900
91.472 1600519900
88.72 1600519900
88.7208 1600519900
88.72099999999999 1600519900
88.7211 1600519900
88.72030000000001 1600519900
91.488 1600519900
91.4882 1600519900
91.4883 1600519900
91.4883 1600519900
91.48880000000001 1600519900
91.5059 1600519900
91.5064 1600519900
91.50659999999999 1600519900
91.506 1600519900
91.50619999999999 1600519900
86.8843 1600519900
86.884 1600519900
86.8841 1600519900
86.8837 1600519900
86.88419999999999 1600519900
93.3871 1600519900
93.3865 1600519900
93.3859 1600519900
93.3858 1600519900
93.38629999999999 1600519900
89.1777 1600519900
89.1783 1600519900
89.1785 1600519900
89.17750000000001 1600519900
89.1794 1600519900
92.3358 1600519900
92.3355 1600519900
92.3356 1600519900
92.3351 1600519900
92.336 1600519900
93.0122 1600519900
93.0123 1600519900
93.0117 1600519900
93.01219999999999 1600519900
93.0123 1600519900
88.64020000000001 1600519900
88.6412 1600519900
88.64139999999999 1600519900
88.6399 1600519900
88.6405 1600519900
93.1922 1600519900
93.1927 1600519900
93.1927 1600519900
93.1927 1600519900
93.1926 1600519900
89.00189999999999 1600519900
89.0022 1600519900
89.0026 1600519900
89.0021 1600519900
89.0023 1600519900
90.9796 1600519900
90.9796 1600519900
90.98 1600519900
90.9799 1600519900
90.9797 1600519900
91.92949999999999 1600519900
91.9295 1600519900
91.9294 1600519900
91.9296 1600519900
91.9301 1600519900
91.5465 1600519900
91.54690000000001 1600519900
91.5476 1600519900
91.5478 1600519900
91.5479 1600519900
96.60810000000001 1600519900
96.6067 1600519900
96.6067 1600519900
96.6086 1600519900
96.6069 1600519900
88.6835 1600519900
88.68350000000001 1600519900
88.6837 1600519900
88.6844 1600519900
88.6851 1600519900
90.8758 1600519900
90.87559999999999 1600519900
90.8754 1600519900
90.8758 1600519900
90.876 1600519900
92.60900000000001 1600519900
92.609 1600519900
92.6081 1600519900
92.6091 1600519900
92.6078 1600519900
90.94409999999999 1600519900
90.94420000000001 1600519900
90.9431 1600519900
90.9433 1600519900
90.9446 1600519900
90.92150000000001 1600519900
90.9207 1600519900
90.9208 1600519900
90.9198 1600519900
90.9203 1600519900
91.4333 1600519900
91.4324 1600519900
91.43220000000001 1600519900
91.4323 1600519900
91.433 1600519900
93.6457 1600519900
93.6455 1600519900
93.6455 1600519900
93.6453 1600519900
93.6463 1600519900
90.54520000000001 1600519900
90.5451 1600519900
90.5448 1600519900
90.54570000000001 1600519900
90.5459 1600519900
86.6072 1600519900
86.60730000000001 1600519900
86.607 1600519900
86.60820000000001 1600519900
86.60759999999999 1600519900
89.2209 1600519900
89.2209 1600519900
89.2208 1600519900
89.2208 1600519900
89.2213 1600519900
92.1877 1600519900
92.1886 1600519900
92.1892 1600519900
92.189 1600519900
92.1878 1600519900
90.0941 1600519900
90.0925 1600519900
90.0933 1600519900
90.09230000000001 1600519900
90.0946 1600519900
89.4039 1600519900
89.4037 1600519900
89.40339999999999 1600519900
89.40419999999999 1600519900
89.40440000000001 1600519900
91.674 1600519900
91.6741 1600519900
91.67389999999999 1600519900
91.67360000000001 1600519900
91.674 1600519900
90.1169 1600519900
90.11720000000001 1600519900
90.1163 1600519900
90.1161 1600519900
90.1173 1600519900
95.5621 1600519900
95.5621 1600519900
95.5623 1600519900
95.5623 1600519900
95.5621 1600519900
92.3372 1600519900
92.3374 1600519900
92.3374 1600519900
92.33739999999999 1600519900
92.3372 1600519900
93.59020000000001 1600519900
93.5906 1600519900
93.5905 1600519900
93.59039999999999 1600519900
93.59039999999999 1600519900
92.3282 1600519900
92.3285 1600519900
92.3285 1600519900
92.3286 1600519900
92.32910000000001 1600519900
92.4894 1600519900
92.4895 1600519900
92.48840000000001 1600519900
92.48910000000001 1600519900
92.48949999999999 1600519900
93.82469999999999 1600519900
93.8315 1600519900
93.8247 1600519900
93.82440000000001 1600519900
93.8321 1600519900
89.88239999999999 1600519900
89.8824 1600519900
89.8828 1600519900
89.8834 1600519900
89.8837 1600519900
92.491 1600519900
92.4909 1600519900
91.2663 1600519900
91.2664 1600519900
92.4913 1600519900
91.82549999999999 1600519900
91.8258 1600519900
91.8258 1600519900
91.8253 1600519900
91.82560000000001 1600519900
91.09360000000001 1600519900
91.0941 1600519900
91.0938 1600519900
91.0941 1600519900
91.0944 1600519900
90.3011 1600519900
90.30160000000001 1600519900
90.302 1600519900
90.3015 1600519900
90.3015 1600519900
92.4169 1600519900
92.4162 1600519900
92.41640000000001 1600519900
92.4171 1600519900
92.41720000000001 1600519900
89.88640000000001 1600519900
89.88719999999999 1600519900
89.8861 1600519900
89.8854 1600519900
89.8865 1600519900
89.9915 1600519900
89.9902 1600519900
89.99199999999999 1600519900
89.9906 1600519900
89.99080000000001 1600519900
87.3587 1600519900
87.3582 1600519900
87.35799999999999 1600519900
87.35889999999999 1600519900
87.3591 1600519900
96.04020000000001 1600519900
94.87710000000001 1600519900
95.8913 1600519900
96.0394 1600519900
96.0399 1600519900
83.3758 1600519900
83.3745 1600519900
83.37620000000001 1600519900
83.3747 1600519900
83.3771 1600519900
90.815 1600519900
90.8145 1600519900
90.8144 1600519900
90.8151 1600519900
90.815 1600519900
88.31269999999999 1600519900
88.3127 1600519900
88.313 1600519900
88.3125 1600519900
88.3125 1600519900
88.99730000000001 1600519900
88.9977 1600519900
88.99770000000001 1600519900
88.9971 1600519900
88.9977 1600519900
90.3544 1600519900
90.3541 1600519900
90.3546 1600519900
90.3548 1600519900
90.355 1600519900
93.34299999999999 1600519900
93.3425 1600519900
93.3423 1600519900
93.3429 1600519900
93.3431 1600519900
89.1802 1600519900
89.18050000000001 1600519900
89.1805 1600519900
89.1802 1600519900
89.1802 1600519900
88.6473 1600519900
88.64789999999999 1600519900
88.6477 1600519900
88.6479 1600519900
88.6482 1600519900
91.3931 1600519900
91.3938 1600519900
91.394 1600519900
91.3941 1600519900
91.3929 1600519900
90.1484 1600519900
90.1481 1600519900
90.1486 1600519900
90.14890000000001 1600519900
90.14909999999999 1600519900
92.2064 1600519900
92.20729999999999 1600519900
92.20620000000001 1600519900
92.2073 1600519900
92.2076 1600519900
87.6181 1600519900
87.6181 1600519900
87.6174 1600519900
87.61739999999999 1600519900
87.6182 1600519900
91.32610000000001 1600519900
91.3262 1600519900
91.3259 1600519900
91.326 1600519900
91.3257 1600519900
92.2038 1600519900
92.2038 1600519900
92.204 1600519900
92.2033 1600519900
92.2042 1600519900
90.98310000000001 1600519900
90.9831 1600519900
90.9829 1600519900
90.9831 1600519900
90.9826 1600519900
96.52770000000001 1600519900
96.5266 1600519900
96.5275 1600519900
96.527 1600519900
96.52690000000001 1600519900
91.50750000000001 1600519900
91.50750000000001 1600519900
91.50789999999999 1600519900
91.5077 1600519900
91.508 1600519900
87.8118 1600519900
87.8121 1600519900
87.81150000000001 1600519900
87.81219999999999 1600519900
87.81240000000001 1600519900
93.1941 1600519900
93.1947 1600519900
93.1946 1600519900
93.1946 1600519900
93.19460000000001 1600519900
94.1759 1600519900
93.7811 1600519900
93.7813 1600519900
93.78150000000001 1600519900
93.7817 1600519900
92.93740000000001 1600519900
92.9379 1600519900
92.93780000000001 1600519900
92.937 1600519900
92.93820000000001 1600519900
90.9239 1600519900
90.9243 1600519900
90.9239 1600519900
90.9251 1600519900
90.925 1600519900
91.43589999999999 1600519900
91.4357 1600519900
91.4362 1600519900
91.43610000000001 1600519900
91.4365 1600519900
90.0959 1600519900
90.0969 1600519900
90.0971 1600519900
90.09570000000001 1600519900
90.097 1600519900
91.503 1600519900
91.5029 1600519900
91.50319999999999 1600519900
91.5028 1600519900
91.5033 1600519900
88.12960000000001 1600519900
88.1296 1600519900
88.1296 1600519900
88.1294 1600519900
88.13 1600519900
92.41420000000001 1600519900
92.4152 1600519900
92.414 1600519900
92.4144 1600519900
92.41460000000001 1600519900
91.7916 1600519900
91.7913 1600519900
91.7913 1600519900
91.7916 1600519900
91.792 1600519900
92.18020000000001 1600519900
92.1803 1600519900
92.1803 1600519900
92.1805 1600519900
92.1811 1600519900
93.2492 1600519900
93.2491 1600519900
93.2493 1600519900
93.2489 1600519900
93.2495 1600519900
91.4555 1600519900
91.45660000000001 1600519900
91.4564 1600519900
91.45649999999999 1600519900
91.4568 1600519900
92.3388 1600519900
91.1493 1600519900
91.1495 1600519900
92.3386 1600519900
92.3387 1600519900
92.8437 1600519900
92.8439 1600519900
92.8434 1600519900
92.8438 1600519900
92.84360000000001 1600519900
91.1476 1600519900
91.1481 1600519900
91.1483 1600519900
91.14779999999999 1600519900
91.14850000000001 1600519900
89.4811 1600519900
89.4812 1600519900
89.48089999999999 1600519900
89.4806 1600519900
89.4812 1600519900
90.88040000000001 1600519900
90.88040000000001 1600519900
90.8812 1600519900
90.8819 1600519900
90.8811 1600519900
90.06830000000001 1600519900
90.0684 1600519900
90.06869999999999 1600519900
90.0686 1600519900
90.0691 1600519900
88.6386 1600519900
88.6387 1600519900
88.63839999999999 1600519900
88.6383 1600519900
88.6385 1600519900
89.9958 1600519900
89.9953 1600519900
89.9964 1600519900
89.99510000000001 1600519900
89.9952 1600519900
91.3168 1600519900
91.31750000000001 1600519900
91.3164 1600519900
91.3179 1600519900
91.3169 1600519900
91.444 1600519900
91.4445 1600519900
91.44460000000001 1600519900
91.4442 1600519900
91.4446 1600519900
92.3252 1600519900
92.32499999999999 1600519900
92.32530000000001 1600519900
92.3257 1600519900
92.3259 1600519900
93.1276 1600519900
93.12740000000001 1600519900
93.12809999999999 1600519900
93.12809999999999 1600519900
93.1284 1600519900
91.6341 1600519900
91.634 1600519900
91.63520000000001 1600519900
91.6346 1600519900
91.635 1600519900
91.4689 1600519900
91.4693 1600519900
91.4694 1600519900
91.4692 1600519900
91.46910000000001 1600519900
88.7473 1600519900
88.7473 1600519900
88.74730000000001 1600519900
88.7465 1600519900
88.7467 1600519900
88.9349 1600519900
88.9361 1600519900
88.9352 1600519900
88.9361 1600519900
88.9364 1600519900
