8.5934 1600650036
7.939800000000001 1600650036
8.4267 1600650036
8.0985 1600650036
8.426400000000001 1600650036
9.0816 1600650036
9.784 1600650036
8.2231 1600650036
11.6822 1600650036
8.3564 1600650036
8.356100000000001 1600650036
10.348600000000001 1600650036
8.0982 1600650036
10.046000000000001 1600650036
8.4153 1600650036
8.5707 1600650036
10.624600000000001 1600650036
7.825 1600650036
10.994 1600650036
8.1122 1600650036
8.106200000000001 1600650036
8.4473 1600650036
8.2262 1600650036
8.4205 1600650036
8.3324 1600650036
8.3564 1600650036
8.1399 1600650036
8.293800000000001 1600650036
8.312100000000001 1600650036
8.5867 1600650036
9.1791 1600650036
8.289900000000001 1600650036
8.9997 1600650036
8.5542 1600650036
8.6167 1600650036
7.9759 1600650036
8.616700000000002 1600650036
8.3971 1600650036
9.9421 1600650036
9.0202 1600650036
9.1117 1600650036
8.485700000000001 1600650036
10.1578 1600650036
7.9564 1600650036
10.0954 1600650036
7.9542 1600650036
8.1781 1600650036
3.9712 1600650036
8.212100000000001 1600650036
8.4115 1600650036
10.1706 1600650036
8.4036 1600650036
10.5991 1600650036
8.1782 1600650036
10.5989 1600650036
8.433200000000001 1600650036
8.4857 1600650036
8.6377 1600650036
8.485800000000001 1600650036
8.582600000000001 1600650036
8.3972 1600650036
7.1431 1600650036
10.570500000000001 1600650036
8.0132 1600650036
8.404200000000001 1600650036
8.0129 1600650036
8.1554 1600650036
8.6311 1600650036
10.530800000000001 1600650036
8.3458 1600650036
10.9216 1600650036
8.1556 1600650036
8.0132 1600650036
8.3552 1600650036
8.3459 1600650036
9.991900000000001 1600650036
8.3626 1600650036
8.013200000000001 1600650036
8.0127 1600650036
10.2224 1600650036
8.3457 1600650036
8.4633 1600650036
6.2072 1600650036
7.9293 1600650036
8.0919 1600650036
10.4905 1600650036
8.4036 1600650036
8.4342 1600650036
8.684000000000001 1600650036
8.3459 1600650036
8.3459 1600650036
9.9933 1600650036
8.3458 1600650036
8.3978 1600650036
8.0916 1600650036
8.321 1600650036
8.3972 1600650036
9.579 1600650036
9.559000000000001 1600650036
8.3971 1600650036
8.3459 1600650036
9.5998 1600650036
7.6892000000000005 1600650036
8.346 1600650036
8.3146 1600650036
8.3552 1600650036
7.3878 1600650036
8.358500000000001 1600650036
10.801400000000001 1600650036
8.352500000000001 1600650036
7.3395 1600650036
8.0226 1600650036
8.0058 1600650036
9.4733 1600650036
8.065 1600650036
8.4449 1600650036
10.6514 1600650036
8.3526 1600650036
8.4039 1600650036
8.352500000000001 1600650036
9.112 1600650036
7.6696 1600650036
8.0409 1600650036
10.0045 1600650036
8.352500000000001 1600650036
9.595500000000001 1600650036
10.0737 1600650036
8.352400000000001 1600650036
8.0411 1600650036
8.6376 1600650036
9.5568 1600650036
7.647 1600650036
7.9482 1600650036
9.607000000000001 1600650036
8.282 1600650036
9.607000000000001 1600650036
9.612200000000001 1600650036
8.013300000000001 1600650036
9.5692 1600650036
7.9907 1600650036
8.3523 1600650036
8.6373 1600650036
9.5936 1600650036
8.3459 1600650036
8.4137 1600650036
10.343300000000001 1600650036
8.413400000000001 1600650036
8.664900000000001 1600650036
8.3458 1600650036
8.5777 1600650036
8.5778 1600650036
8.8223 1600650036
8.3459 1600650036
8.9095 1600650036
10.531 1600650036
8.5535 1600650036
8.5533 1600650036
8.6376 1600650036
7.990400000000001 1600650036
8.050500000000001 1600650036
8.6376 1600650036
8.2318 1600650036
10.530600000000002 1600650036
8.5775 1600650036
7.6469000000000005 1600650036
8.8415 1600650036
8.0131 1600650036
8.5968 1600650036
8.5816 1600650036
8.6841 1600650036
8.863700000000001 1600650036
8.013 1600650036
8.8571 1600650036
7.3273 1600650036
10.4907 1600650036
7.928 1600650036
10.4758 1600650036
8.2973 1600650036
8.4862 1600650036
10.5305 1600650036
8.3461 1600650036
8.867 1600650036
8.346 1600650036
8.847000000000001 1600650036
8.3459 1600650036
8.9269 1600650036
8.3453 1600650036
8.4061 1600650036
11.1468 1600650036
7.7568 1600650036
8.3974 1600650036
8.488000000000001 1600650036
8.4859 1600650036
8.8572 1600650036
8.4856 1600650036
8.5777 1600650036
8.5778 1600650036
8.6677 1600650036
7.696000000000001 1600650036
4.8351 1600650036
10.094800000000001 1600650036
8.160300000000001 1600650036
8.0129 1600650036
8.5174 1600650036
8.4991 1600650036
9.5806 1600650036
8.0134 1600650036
8.2925 1600650036
10.3695 1600650036
8.658 1600650036
11.161200000000001 1600650036
8.485800000000001 1600650036
8.4857 1600650036
8.8599 1600650036
8.4858 1600650036
8.844800000000001 1600650036
8.4857 1600650036
8.8573 1600650036
8.8489 1600650036
8.3459 1600650036
7.3271 1600650036
8.345 1600650036
11.5685 1600650036
8.8571 1600650036
9.5402 1600650036
8.3458 1600650036
8.3459 1600650036
8.8573 1600650036
8.3142 1600650036
8.8621 1600650036
8.3459 1600650036
8.4277 1600650036
8.5998 1600650036
7.5152 1600650036
11.3329 1600650036
8.4858 1600650036
8.4857 1600650036
8.658100000000001 1600650036
11.086400000000001 1600650036
7.313 1600650036
5.2652 1600650036
7.6472 1600650036
7.3609 1600650036
8.4701 1600650036
11.0747 1600650036
8.140600000000001 1600650036
11.4677 1600650036
8.8225 1600650036
8.1277 1600650036
8.3587 1600650036
10.3652 1600650036
7.0 1600650036
8.3526 1600650036
10.7852 1600650036
8.4332 1600650036
8.6166 1600650036
8.344899999999999 1600650036
8.1076 1600650036
9.062000000000001 1600650036
8.524 1600650036
8.4857 1600650036
9.956700000000001 1600650036
10.209900000000001 1600650036
8.2059 1600650036
8.4136 1600650036
11.0808 1600650036
8.4158 1600650036
7.3555 1600650036
10.318000000000001 1600650036
8.7466 1600650036
8.4114 1600650036
8.2717 1600650036
8.3973 1600650036
8.822600000000001 1600650036
8.8033 1600650036
8.4037 1600650036
8.8229 1600650036
7.1467 1600650036
8.8571 1600650036
7.5287 1600650036
11.299000000000001 1600650036
7.528700000000001 1600650036
11.700700000000001 1600650036
8.3973 1600650036
8.403500000000001 1600650036
10.043000000000001 1600650036
7.5286 1600650036
8.4998 1600650036
8.764000000000001 1600650036
8.4994 1600650036
10.307 1600650036
8.4856 1600650036
7.9259 1600650036
8.42 1600650036
7.712400000000001 1600650036
8.646700000000001 1600650036
10.0143 1600650036
8.5813 1600650036
8.3899 1600650036
8.496500000000001 1600650036
8.6181 1600650036
8.866200000000001 1600650036
8.838000000000001 1600650036
9.8299 1600650036
11.329600000000001 1600650036
8.6179 1600650036
11.0365 1600650036
8.7382 1600650036
11.6875 1600650036
7.6122000000000005 1600650036
8.6179 1600650036
9.0298 1600650036
8.6178 1600650036
8.869900000000001 1600650036
8.389700000000001 1600650036
10.2096 1600650036
8.8659 1600650036
8.9856 1600650036
8.3899 1600650036
9.83 1600650036
7.039300000000001 1600650036
7.379499999999999 1600650036
11.063300000000002 1600650036
6.7875000000000005 1600650036
10.414200000000001 1600650036
7.0121 1600650036
8.2696 1600650036
8.8658 1600650036
10.2996 1600650036
8.3566 1600650036
8.805900000000001 1600650036
9.0271 1600650036
8.3899 1600650036
9.6783 1600650036
10.2575 1600650036
7.2649 1600650036
11.518500000000001 1600650036
8.806000000000001 1600650036
8.8056 1600650036
9.0276 1600650036
11.063 1600650036
7.7097999999999995 1600650036
9.0318 1600650036
8.3912 1600650036
8.3912 1600650036
10.257800000000001 1600650036
8.3911 1600650036
7.7097 1600650036
8.0923 1600650036
10.5648 1600650036
8.475200000000001 1600650036
10.5294 1600650036
11.514700000000001 1600650036
8.6981 1600650036
9.520100000000001 1600650036
8.703299999999999 1600650036
8.424800000000001 1600650036
7.926200000000001 1600650036
8.866200000000001 1600650036
8.2915 1600650036
9.027700000000001 1600650036
8.530399999999998 1600650036
9.83 1600650036
8.627 1600650036
9.83 1600650036
8.4965 1600650036
10.383700000000001 1600650036
8.291599999999999 1600650036
8.4179 1600650036
8.4964 1600650036
7.8955 1600650036
8.4674 1600650036
11.3588 1600650036
8.8658 1600650036
8.4163 1600650036
8.742700000000001 1600650036
8.7006 1600650036
8.817400000000001 1600650036
9.0326 1600650036
8.7453 1600650036
8.7032 1600650036
8.866 1600650036
8.2327 1600650036
8.4964 1600650036
8.4965 1600650036
8.9707 1600650036
9.9344 1600650036
8.4962 1600650036
10.029000000000002 1600650036
8.702 1600650036
9.83 1600650036
7.9655000000000005 1600650036
8.380700000000001 1600650036
10.0466 1600650036
8.7021 1600650036
8.804300000000001 1600650036
8.7426 1600650036
8.3267 1600650036
8.5067 1600650036
8.866000000000001 1600650036
11.3589 1600650036
8.8241 1600650036
8.5069 1600650036
8.7383 1600650036
9.929 1600650036
7.9656 1600650036
8.1827 1600650036
9.928700000000001 1600650036
8.3899 1600650036
8.6289 1600650036
8.182500000000001 1600650036
9.8299 1600650036
9.8297 1600650036
8.182500000000001 1600650036
10.0792 1600650036
8.308300000000001 1600650036
8.627 1600650036
8.496 1600650036
8.700000000000001 1600650036
9.120800000000001 1600650036
7.3644 1600650036
8.308200000000001 1600650036
8.866200000000001 1600650036
8.2243 1600650036
8.5122 1600650036
8.7453 1600650036
9.9342 1600650036
8.229800000000001 1600650036
11.3589 1600650036
8.738100000000001 1600650036
11.4328 1600650036
8.1829 1600650036
8.2299 1600650036
8.2547 1600650036
9.5 1600650036
8.4961 1600650036
7.8955 1600650036
8.711 1600650036
9.83 1600650036
8.4961 1600650036
8.005 1600650036
9.9021 1600650036
8.23 1600650036
8.4963 1600650036
8.229800000000001 1600650036
9.589699999999999 1600650036
8.6332 1600650036
8.4178 1600650036
8.4177 1600650036
8.5012 1600650036
8.4162 1600650036
11.084000000000001 1600650036
8.5061 1600650036
8.703100000000001 1600650036
8.004900000000001 1600650036
8.389800000000001 1600650036
10.1156 1600650036
8.3909 1600650036
8.7425 1600650036
8.614700000000001 1600650036
8.3908 1600650036
11.0798 1600650036
11.6571 1600650036
8.614500000000001 1600650036
8.39 1600650036
9.9342 1600650036
8.0048 1600650036
8.3902 1600650036
8.4962 1600650036
8.7428 1600650036
9.500200000000001 1600650036
8.4959 1600650036
9.495800000000001 1600650036
8.6066 1600650036
8.7032 1600650036
8.3911 1600650036
8.004900000000001 1600650036
8.506 1600650036
10.482800000000001 1600650036
7.6446 1600650036
8.7429 1600650036
8.2542 1600650036
7.9071 1600650036
8.6292 1600650036
10.5679 1600650036
7.9069 1600650036
10.5675 1600650036
8.162700000000001 1600650036
10.1233 1600650036
8.162500000000001 1600650036
8.3247 1600650036
8.3991 1600650036
10.693200000000001 1600650036
8.3911 1600650036
8.742700000000001 1600650036
8.599300000000001 1600650036
8.7452 1600650036
8.391 1600650036
8.162700000000001 1600650036
10.3268 1600650036
11.6925 1600650036
8.4176 1600650036
11.3941 1600650036
8.4176 1600650036
8.601 1600650036
9.876000000000001 1600650036
8.614600000000001 1600650036
8.7034 1600650036
8.4175 1600650036
8.5112 1600650036
8.5008 1600650036
10.418800000000001 1600650036
