12.6797 1600222085
9.3896 1600222085
13.5648 1600222085
18.510199999999998 1600222085
18.5463 1600222085
12.7682 1600222085
9.595099999999999 1600222085
11.511299999999999 1600222085
15.953 1600222085
14.0014 1600222085
18.546499999999998 1600222085
3.6878 1600222085
14.035699999999999 1600222085
5.1096 1600222085
11.586 1600222085
12.7639 1600222085
18.5364 1600222085
13.447299999999998 1600222085
3.5553 1600222085
13.568999999999999 1600222085
20.6294 1600222085
20.1832 1600222085
13.6859 1600222085
7.036700000000001 1600222085
13.4718 1600222085
2.4421999999999997 1600222085
14.8494 1600222085
7.345 1600222085
15.7954 1600222085
7.600499999999999 1600222085
14.876999999999999 1600222085
18.5135 1600222085
8.328299999999999 1600222085
7.6469 1600222085
12.4909 1600222085
3.7091000000000003 1600222085
14.0022 1600222085
21.5096 1600222085
21.9005 1600222085
5.537 1600222085
8.328299999999999 1600222085
9.580499999999999 1600222085
14.6661 1600222085
5.8215 1600222085
18.5134 1600222085
14.8217 1600222085
3.4612999999999996 1600222085
9.583100000000002 1600222085
16.3551 1600222085
21.8888 1600222085
8.306999999999999 1600222085
18.509999999999998 1600222085
6.1097 1600222085
20.979599999999998 1600222085
6.1416 1600222085
6.5058 1600222085
11.5124 1600222085
6.1178 1600222085
11.629199999999999 1600222085
3.5930999999999997 1600222085
16.3755 1600222085
15.7961 1600222085
12.678899999999999 1600222085
18.509999999999998 1600222085
12.729 1600222085
21.8639 1600222085
5.0849 1600222085
12.734599999999999 1600222085
18.5136 1600222085
5.0682 1600222085
3.6885000000000003 1600222085
6.7542 1600222085
20.173299999999998 1600222085
18.9624 1600222085
7.0395 1600222085
8.3292 1600222085
14.0297 1600222085
13.085999999999999 1600222085
18.9533 1600222085
7.051200000000001 1600222085
10.8539 1600222085
19.4114 1600222085
4.7751 1600222085
13.296 1600222085
6.1096 1600222085
9.595199999999998 1600222085
13.9043 1600222085
17.1414 1600222085
18.866699999999998 1600222085
18.5225 1600222085
3.5126 1600222085
6.387700000000001 1600222085
6.5113 1600222085
21.7622 1600222085
18.9531 1600222085
13.9998 1600222085
7.922899999999999 1600222085
1.3255 1600222085
13.191799999999999 1600222085
7.9225 1600222085
14.849699999999999 1600222085
1.6128999999999998 1600222085
18.8675 1600222085
6.503299999999999 1600222085
3.9987000000000004 1600222085
21.5627 1600222085
9.5978 1600222085
6.6669 1600222085
10.9405 1600222085
7.602099999999999 1600222085
12.742999999999999 1600222085
12.984200000000001 1600222085
15.880699999999997 1600222085
14.864799999999999 1600222085
12.9023 1600222085
6.6428 1600222085
15.918599999999998 1600222085
13.9253 1600222085
16.7 1600222085
13.070599999999999 1600222085
4.0175 1600222085
13.8896 1600222085
6.8258 1600222085
16.6917 1600222085
18.5367 1600222085
18.5104 1600222085
14.849 1600222085
13.085799999999999 1600222085
19.1359 1600222085
18.962699999999998 1600222085
18.5103 1600222085
14.068299999999999 1600222085
14.848799999999999 1600222085
7.892 1600222085
14.8493 1600222085
18.7198 1600222085
8.3296 1600222085
7.8921 1600222085
17.022199999999998 1600222085
18.8675 1600222085
12.523499999999999 1600222085
6.9931 1600222085
8.3289 1600222085
13.1038 1600222085
15.897099999999998 1600222085
14.1494 1600222085
14.028400000000001 1600222085
15.880699999999997 1600222085
18.653 1600222085
8.3524 1600222085
14.1299 1600222085
18.6399 1600222085
14.1579 1600222085
8.3701 1600222085
4.0334 1600222085
9.519300000000001 1600222085
16.3549 1600222085
18.5369 1600222085
5.7553 1600222085
9.7324 1600222085
9.732099999999999 1600222085
12.524099999999999 1600222085
14.198799999999999 1600222085
17.2522 1600222085
14.8487 1600222085
15.5285 1600222085
12.7638 1600222085
13.907900000000001 1600222085
15.491299999999999 1600222085
14.0022 1600222085
16.915499999999998 1600222085
15.880499999999998 1600222085
15.9282 1600222085
5.0584 1600222085
14.1299 1600222085
6.7520999999999995 1600222085
7.980700000000001 1600222085
5.0449 1600222085
11.5886 1600222085
8.007399999999999 1600222085
14.8597 1600222085
14.1007 1600222085
5.0142 1600222085
12.687299999999999 1600222085
14.864999999999998 1600222085
14.8494 1600222085
3.3830999999999998 1600222085
14.864999999999998 1600222085
3.6402 1600222085
3.7211999999999996 1600222085
18.9626 1600222085
5.1049 1600222085
5.3043 1600222085
18.5364 1600222085
21.4356 1600222085
5.2634 1600222085
5.7515 1600222085
6.7417 1600222085
18.2183 1600222085
7.9226 1600222085
8.3735 1600222085
8.2838 1600222085
10.9498 1600222085
11.5124 1600222085
11.5122 1600222085
6.7406 1600222085
12.764299999999999 1600222085
7.036700000000001 1600222085
8.328299999999999 1600222085
21.436999999999998 1600222085
1.6481 1600222085
9.582799999999999 1600222085
18.505599999999998 1600222085
7.3662 1600222085
18.9626 1600222085
5.5359 1600222085
7.384899999999999 1600222085
21.906 1600222085
15.918199999999999 1600222085
9.590699999999998 1600222085
10.9398 1600222085
7.3854 1600222085
12.7349 1600222085
12.7641 1600222085
18.5362 1600222085
14.8491 1600222085
8.003599999999999 1600222085
8.6832 1600222085
8.644599999999999 1600222085
9.7873 1600222085
9.2421 1600222085
14.0686 1600222085
9.419899999999998 1600222085
13.438500000000001 1600222085
14.8647 1600222085
5.8742 1600222085
14.8598 1600222085
8.028 1600222085
12.764 1600222085
1.3854000000000002 1600222085
3.3348999999999998 1600222085
5.1226 1600222085
18.962799999999998 1600222085
9.379399999999999 1600222085
14.051699999999999 1600222085
11.2405 1600222085
14.877400000000002 1600222085
11.5 1600222085
14.8489 1600222085
21.5627 1600222085
21.8899 1600222085
8.328199999999999 1600222085
9.5775 1600222085
11.5862 1600222085
12.5802 1600222085
13.8364 1600222085
21.8892 1600222085
21.6206 1600222085
14.002699999999999 1600222085
12.5665 1600222085
6.1104 1600222085
14.0015 1600222085
11.511199999999999 1600222085
13.5931 1600222085
14.849499999999999 1600222085
12.7638 1600222085
14.878499999999999 1600222085
18.3785 1600222085
5.1544 1600222085
21.5627 1600222085
15.919 1600222085
3.5100999999999996 1600222085
14.8766 1600222085
5.1547 1600222085
18.5106 1600222085
18.8666 1600222085
5.5828 1600222085
9.585899999999999 1600222085
5.8226 1600222085
12.6863 1600222085
21.508599999999998 1600222085
19.1358 1600222085
8.5383 1600222085
6.28 1600222085
14.027999999999999 1600222085
15.9284 1600222085
21.900399999999998 1600222085
6.5706 1600222085
19.3726 1600222085
15.9711 1600222085
6.7407 1600222085
11.5002 1600222085
11.511099999999999 1600222085
20.9168 1600222085
12.678899999999999 1600222085
17.0804 1600222085
6.7524 1600222085
18.641 1600222085
21.9006 1600222085
3.4047 1600222085
7.6004 1600222085
7.3853 1600222085
7.894000000000001 1600222085
13.522499999999999 1600222085
13.6787 1600222085
7.9799999999999995 1600222085
13.613399999999999 1600222085
7.9014 1600222085
13.630099999999999 1600222085
20.8207 1600222085
7.9804 1600222085
8.3735 1600222085
20.393 1600222085
18.867 1600222085
8.6374 1600222085
15.942899999999998 1600222085
8.6373 1600222085
9.5517 1600222085
14.455499999999999 1600222085
19.400299999999998 1600222085
9.582799999999999 1600222085
21.900299999999998 1600222085
7.3859 1600222085
14.027999999999999 1600222085
4.7653 1600222085
14.849499999999999 1600222085
18.9636 1600222085
5.058 1600222085
7.3458 1600222085
9.2601 1600222085
21.7622 1600222085
10.9391 1600222085
11.8894 1600222085
9.4034 1600222085
12.7637 1600222085
19.3724 1600222085
11.5852 1600222085
5.0448 1600222085
9.5952 1600222085
5.1357 1600222085
21.9145 1600222085
21.901799999999998 1600222085
21.7622 1600222085
10.939599999999999 1600222085
11.5853 1600222085
12.735 1600222085
5.1351 1600222085
12.7637 1600222085
11.585199999999999 1600222085
21.5627 1600222085
3.6258 1600222085
9.5671 1600222085
4.4706 1600222085
19.0513 1600222085
11.8911 1600222085
5.0118 1600222085
15.880599999999998 1600222085
14.009 1600222085
20.1755 1600222085
21.5083 1600222085
5.5828 1600222085
15.945699999999999 1600222085
6.5467 1600222085
12.6868 1600222085
21.889 1600222085
21.5107 1600222085
14.0697 1600222085
15.9423 1600222085
15.943099999999998 1600222085
14.2807 1600222085
8.7356 1600222085
17.0822 1600222085
9.583100000000002 1600222085
18.953699999999998 1600222085
21.900299999999998 1600222085
5.7929 1600222085
5.0579 1600222085
18.5106 1600222085
17.1432 1600222085
18.8671 1600222085
3.6402 1600222085
21.9006 1600222085
18.5368 1600222085
5.0438 1600222085
5.583 1600222085
5.1052 1600222085
15.9575 1600222085
5.5828 1600222085
7.8838 1600222085
13.327399999999999 1600222085
21.7621 1600222085
5.7533 1600222085
9.5947 1600222085
9.186599999999999 1600222085
9.579799999999999 1600222085
14.8651 1600222085
9.2279 1600222085
18.9624 1600222085
14.5054 1600222085
10.129100000000001 1600222085
12.277899999999999 1600222085
5.8211 1600222085
14.878499999999999 1600222085
14.002099999999999 1600222085
18.5135 1600222085
12.7237 1600222085
10.147499999999999 1600222085
3.4048 1600222085
12.729 1600222085
6.2802 1600222085
15.1843 1600222085
6.2788 1600222085
18.5366 1600222085
14.887799999999999 1600222085
14.069799999999999 1600222085
8.5366 1600222085
6.642 1600222085
3.4973 1600222085
15.953199999999999 1600222085
11.952100000000002 1600222085
17.0219 1600222085
21.534 1600222085
14.8878 1600222085
6.6534 1600222085
8.453600000000002 1600222085
6.7555 1600222085
19.372999999999998 1600222085
14.372 1600222085
7.573099999999999 1600222085
15.9454 1600222085
17.2167 1600222085
4.0163 1600222085
18.9622 1600222085
17.1422 1600222085
5.1353 1600222085
5.8763000000000005 1600222085
8.3288 1600222085
19.2924 1600222085
7.067200000000001 1600222085
17.0821 1600222085
7.1107 1600222085
13.5316 1600222085
9.5964 1600222085
8.3293 1600222085
9.5337 1600222085
6.111 1600222085
20.1836 1600222085
9.518799999999999 1600222085
0.018799999999999928 1600222085
9.5953 1600222085
6.1619 1600222085
9.594999999999999 1600222085
18.4356 1600222085
13.6859 1600222085
11.8912 1600222085
6.7406 1600222085
13.8363 1600222085
21.901899999999998 1600222085
11.586599999999999 1600222085
14.0022 1600222085
6.7406 1600222085
14.1367 1600222085
14.0517 1600222085
4.0163 1600222085
14.0285 1600222085
14.145199999999999 1600222085
15.2355 1600222085
3.4042000000000003 1600222085
15.2549 1600222085
8.369900000000001 1600222085
14.145199999999999 1600222085
9.0106 1600222085
6.278499999999999 1600222085
21.5469 1600222085
19.136 1600222085
9.0287 1600222085
11.8896 1600222085
14.7793 1600222085
14.0281 1600222085
14.2282 1600222085
16.6906 1600222085
14.1271 1600222085
6.3394 1600222085
14.8769 1600222085
6.338900000000001 1600222085
6.5746 1600222085
15.2555 1600222085
7.384699999999999 1600222085
15.3021 1600222085
21.8645 1600222085
10.457799999999999 1600222085
7.9439 1600222085
3.4966 1600222085
14.8894 1600222085
10.295599999999999 1600222085
16.4865 1600222085
11.8881 1600222085
18.5464 1600222085
21.8887 1600222085
12.7925 1600222085
6.6107 1600222085
14.1298 1600222085
12.7638 1600222085
9.158299999999999 1600222085
13.6772 1600222085
10.499099999999999 1600222085
3.5545999999999998 1600222085
7.9812 1600222085
13.8361 1600222085
21.902 1600222085
18.8686 1600222085
11.8895 1600222085
