12.496699999999999 1600227166
12.5276 1600227166
12.4973 1600227166
14.430399999999999 1600227166
16.2593 1600227166
15.4772 1600227166
15.2791 1600227166
17.1025 1600227166
17.4859 1600227166
17.4983 1600227166
17.9222 1600227166
17.4984 1600227166
19.5369 1600227166
19.5243 1600227166
14.4637 1600227166
15.2793 1600227166
15.2635 1600227166
15.0982 1600227166
16.348499999999998 1600227166
22.1224 1600227166
16.5997 1600227166
17.4862 1600227166
18.6513 1600227166
19.5473 1600227166
15.477599999999999 1600227166
18.4026 1600227166
18.5784 1600227166
18.5783 1600227166
18.9349 1600227166
19.037499999999998 1600227166
19.486 1600227166
19.5371 1600227166
20.5107 1600227166
5.9349 1600227166
22.2088 1600227166
20.4815 1600227166
19.5234 1600227166
15.4772 1600227166
17.4852 1600227166
6.0973 1600227166
11.1077 1600227166
18.9081 1600227166
12.1126 1600227166
17.3854 1600227166
12.1129 1600227166
12.3903 1600227166
19.5471 1600227166
12.428899999999999 1600227166
14.463899999999999 1600227166
19.5471 1600227166
22.2084 1600227166
5.9346 1600227166
4.5596 1600227166
8.023599999999998 1600227166
12.506 1600227166
14.463899999999999 1600227166
18.908099999999997 1600227166
4.5404 1600227166
4.540500000000001 1600227166
18.6636 1600227166
4.6106 1600227166
7.3722 1600227166
22.2089 1600227166
8.234 1600227166
8.1804 1600227166
8.8128 1600227166
12.288499999999999 1600227166
17.487000000000002 1600227166
18.7092 1600227166
12.2888 1600227166
12.4811 1600227166
12.4973 1600227166
13.3764 1600227166
13.5389 1600227166
18.2559 1600227166
20.4748 1600227166
15.4769 1600227166
13.5084 1600227166
20.423 1600227166
13.447 1600227166
20.474899999999998 1600227166
13.4789 1600227166
16.9127 1600227166
16.9129 1600227166
8.2446 1600227166
20.474899999999998 1600227166
4.6105 1600227166
21.7465 1600227166
22.2086 1600227166
6.2993999999999994 1600227166
8.244399999999999 1600227166
8.3512 1600227166
18.195899999999998 1600227166
8.4094 1600227166
8.437100000000001 1600227166
8.4096 1600227166
9.6757 1600227166
12.1128 1600227166
14.1783 1600227166
14.1396 1600227166
14.4649 1600227166
15.848399999999998 1600227166
21.3372 1600227166
16.9156 1600227166
19.2723 1600227166
19.0372 1600227166
22.2091 1600227166
15.4769 1600227166
9.6759 1600227166
16.915499999999998 1600227166
18.5781 1600227166
18.7092 1600227166
22.2086 1600227166
8.4094 1600227166
4.8789 1600227166
11.105599999999999 1600227166
11.774899999999999 1600227166
14.0475 1600227166
18.651 1600227166
19.037399999999998 1600227166
5.2158999999999995 1600227166
11.9993 1600227166
12.3564 1600227166
14.9072 1600227166
17.3886 1600227166
17.3502 1600227166
15.4768 1600227166
16.9145 1600227166
22.1208 1600227166
17.4862 1600227166
18.3562 1600227166
19.0332 1600227166
19.0332 1600227166
20.5108 1600227166
22.2086 1600227166
18.4024 1600227166
5.975099999999999 1600227166
7.962 1600227166
9.3353 1600227166
18.4631 1600227166
20.4765 1600227166
5.2158 1600227166
22.2086 1600227166
18.4028 1600227166
8.7674 1600227166
8.7866 1600227166
9.0252 1600227166
15.049 1600227166
11.1054 1600227166
11.8516 1600227166
12.081 1600227166
12.1128 1600227166
12.2898 1600227166
17.7703 1600227166
14.4639 1600227166
12.29 1600227166
12.4979 1600227166
13.1933 1600227166
14.5193 1600227166
15.7277 1600227166
16.5981 1600227166
16.9147 1600227166
18.4629 1600227166
20.5109 1600227166
18.5702 1600227166
19.6556 1600227166
5.2158 1600227166
6.2469 1600227166
17.386499999999998 1600227166
19.6694 1600227166
17.4983 1600227166
22.208099999999998 1600227166
7.961599999999999 1600227166
4.5403 1600227166
18.6511 1600227166
20.4758 1600227166
22.2083 1600227166
14.5181 1600227166
22.2071 1600227166
8.0245 1600227166
14.4391 1600227166
16.915399999999998 1600227166
17.3854 1600227166
18.0609 1600227166
0.10370000000000001 1600227166
8.0475 1600227166
18.9082 1600227166
19.0332 1600227166
17.3853 1600227166
17.4869 1600227166
19.0557 1600227166
19.547 1600227166
21.7465 1600227166
19.5373 1600227166
18.6512 1600227166
18.6511 1600227166
20.716 1600227166
19.5471 1600227166
20.288 1600227166
20.2479 1600227166
22.2072 1600227166
17.4859 1600227166
18.5701 1600227166
18.4635 1600227166
18.9081 1600227166
19.547 1600227166
19.5471 1600227166
5.4341 1600227166
19.6362 1600227166
20.4756 1600227166
21.746299999999998 1600227166
11.850299999999999 1600227166
22.2086 1600227166
18.9082 1600227166
19.5369 1600227166
19.6557 1600227166
13.3093 1600227166
20.2474 1600227166
20.4765 1600227166
13.309199999999999 1600227166
21.7472 1600227166
14.518799999999999 1600227166
14.9872 1600227166
21.9416 1600227166
15.7278 1600227166
17.4983 1600227166
18.709 1600227166
18.9081 1600227166
18.935 1600227166
5.934699999999999 1600227166
19.537 1600227166
18.9349 1600227166
18.7092 1600227166
20.461 1600227166
20.5108 1600227166
9.3357 1600227166
18.935299999999998 1600227166
14.908199999999999 1600227166
22.2086 1600227166
17.3853 1600227166
18.7092 1600227166
18.9352 1600227166
19.547 1600227166
19.558699999999998 1600227166
19.558799999999998 1600227166
19.537 1600227166
12.5275 1600227166
13.4813 1600227166
22.2084 1600227166
14.4644 1600227166
14.463899999999999 1600227166
15.7279 1600227166
13.4812 1600227166
16.5982 1600227166
17.7206 1600227166
17.3853 1600227166
5.9345 1600227166
5.434 1600227166
15.866599999999998 1600227166
5.9752 1600227166
22.2084 1600227166
6.0082 1600227166
6.0168 1600227166
6.9139 1600227166
9.0107 1600227166
9.335799999999999 1600227166
16.5981 1600227166
19.537 1600227166
8.9961 1600227166
9.0251 1600227166
12.5274 1600227166
12.5061 1600227166
18.1582 1600227166
12.5275 1600227166
14.4649 1600227166
6.464499999999999 1600227166
15.7277 1600227166
5.975 1600227166
7.7881 1600227166
11.7151 1600227166
12.498199999999999 1600227166
4.4916 1600227166
7.6338 1600227166
15.2779 1600227166
15.7277 1600227166
15.7278 1600227166
18.7092 1600227166
9.0249 1600227166
15.7278 1600227166
4.7143 1600227166
4.7866 1600227166
17.4999 1600227166
5.4606 1600227166
7.3704 1600227166
6.0971 1600227166
5.9361 1600227166
6.9372 1600227166
6.7005 1600227166
9.0259 1600227166
13.2179 1600227166
15.7277 1600227166
6.7256 1600227166
15.776399999999999 1600227166
16.596799999999998 1600227166
17.4862 1600227166
9.6763 1600227166
6.8229999999999995 1600227166
8.3517 1600227166
6.8232 1600227166
6.7257 1600227166
18.6511 1600227166
6.7881 1600227166
7.3706 1600227166
12.5287 1600227166
14.464 1600227166
14.218 1600227166
15.7278 1600227166
7.3705 1600227166
19.547 1600227166
7.9625 1600227166
7.3705 1600227166
13.4818 1600227166
7.9617 1600227166
8.8374 1600227166
5.9998 1600227166
8.8374 1600227166
9.1805 1600227166
9.3356 1600227166
9.0253 1600227166
10.1973 1600227166
17.4861 1600227166
10.1656 1600227166
10.1466 1600227166
11.1057 1600227166
12.381499999999999 1600227166
14.465 1600227166
11.339 1600227166
18.935 1600227166
12.3568 1600227166
12.357 1600227166
12.5275 1600227166
14.4648 1600227166
15.728 1600227166
12.5275 1600227166
14.4395 1600227166
14.4639 1600227166
6.463900000000001 1600227166
6.662 1600227166
6.788 1600227166
15.7276 1600227166
11.1058 1600227166
6.7246999999999995 1600227166
8.118599999999999 1600227166
13.5806 1600227166
14.518 1600227166
7.5831 1600227166
7.599 1600227166
6.7249 1600227166
7.115 1600227166
7.3701 1600227166
7.1151 1600227166
10.8726 1600227166
15.7276 1600227166
16.5981 1600227166
7.9618 1600227166
9.0251 1600227166
5.9998000000000005 1600227166
6.041399999999999 1600227166
4.4016 1600227166
4.5849 1600227166
4.8101 1600227166
5.9584 1600227166
4.8275 1600227166
5.593999999999999 1600227166
5.975 1600227166
8.6223 1600227166
5.9998000000000005 1600227166
17.4989 1600227166
8.6141 1600227166
12.3574 1600227166
12.506 1600227166
16.5971 1600227166
6.0279 1600227166
12.2362 1600227166
11.1078 1600227166
12.5284 1600227166
15.2371 1600227166
18.7091 1600227166
14.465 1600227166
5.958799999999999 1600227166
6.9609 1600227166
6.6842999999999995 1600227166
15.7368 1600227166
6.7005 1600227166
7.5988999999999995 1600227166
10.2246 1600227166
7.9618 1600227166
12.1143 1600227166
14.1785 1600227166
14.2174 1600227166
16.5983 1600227166
7.9619 1600227166
17.104 1600227166
8.2342 1600227166
11.7113 1600227166
17.486 1600227166
18.709 1600227166
9.0259 1600227166
11.105699999999999 1600227166
22.2086 1600227166
9.026 1600227166
11.107 1600227166
14.6228 1600227166
15.7277 1600227166
19.031 1600227166
4.81 1600227166
8.2444 1600227166
13.1103 1600227166
16.5982 1600227166
5.4994 1600227166
5.9927 1600227166
7.9635 1600227166
11.0668 1600227166
15.7277 1600227166
18.709 1600227166
8.2451 1600227166
17.4988 1600227166
5.9355 1600227166
6.194299999999999 1600227166
6.194 1600227166
6.734100000000001 1600227166
8.3775 1600227166
9.7213 1600227166
14.164299999999999 1600227166
10.1724 1600227166
11.7289 1600227166
6.1938 1600227166
11.111 1600227166
14.506 1600227166
6.7131 1600227166
6.795299999999999 1600227166
15.512 1600227166
19.5654 1600227166
6.9374 1600227166
22.215 1600227166
9.3586 1600227166
11.4269 1600227166
11.110999999999999 1600227166
18.2207 1600227166
12.1005 1600227166
6.8472 1600227166
9.043 1600227166
4.8129 1600227166
13.3718 1600227166
11.805299999999999 1600227166
4.8128 1600227166
16.612 1600227166
5.7357 1600227166
9.7095 1600227166
22.2148 1600227166
4.5416 1600227166
5.2707999999999995 1600227166
5.7656 1600227166
12.5283 1600227166
6.3184 1600227166
8.3885 1600227166
11.111 1600227166
6.723999999999999 1600227166
11.110899999999999 1600227166
11.8514 1600227166
15.5119 1600227166
6.3183 1600227166
7.4178 1600227166
12.498099999999999 1600227166
5.7657 1600227166
6.149699999999999 1600227166
6.8271999999999995 1600227166
7.983499999999999 1600227166
8.7233 1600227166
7.992699999999999 1600227166
7.983700000000001 1600227166
8.619 1600227166
9.5443 1600227166
12.5066 1600227166
9.3596 1600227166
6.8274 1600227166
14.4641 1600227166
12.5068 1600227166
8.2678 1600227166
14.464599999999999 1600227166
16.6108 1600227166
6.202699999999999 1600227166
6.7032 1600227166
7.992699999999999 1600227166
6.7033000000000005 1600227166
7.1392999999999995 1600227166
7.3115 1600227166
7.603 1600227166
11.8054 1600227166
12.4976 1600227166
12.469199999999999 1600227166
14.506 1600227166
7.9925999999999995 1600227166
15.512 1600227166
8.2701 1600227166
9.0029 1600227166
9.3361 1600227166
12.5293 1600227166
15.511899999999999 1600227166
9.0428 1600227166
16.3868 1600227166
11.8052 1600227166
