0.0464 1600635479
0.06430000000000002 1600635479
0.041200000000000014 1600635479
0.041200000000000014 1600635479
0.043899999999999995 1600635479
0.06170000000000003 1600635479
0.057499999999999996 1600635479
0.0403 1600635479
0.04810000000000003 1600635479
0.07240000000000002 1600635479
0.04980000000000001 1600635479
0.05670000000000003 1600635479
0.0494 1600635479
0.06709999999999999 1600635479
0.05230000000000001 1600635479
0.053700000000000025 1600635479
0.08340000000000003 1600635479
0.05230000000000001 1600635479
0.06390000000000001 1600635479
0.0655 1600635479
0.043800000000000006 1600635479
0.045999999999999985 1600635479
0.04039999999999999 1600635479
0.07719999999999999 1600635479
0.058499999999999996 1600635479
0.06309999999999999 1600635479
0.043399999999999994 1600635479
0.06030000000000002 1600635479
0.03670000000000001 1600635479
0.053100000000000036 1600635479
0.0923 1600635479
0.0368 1600635479
0.052200000000000024 1600635479
0.053200000000000025 1600635479
0.06330000000000002 1600635479
0.0499 1600635479
0.054300000000000015 1600635479
0.05120000000000002 1600635479
0.08550000000000002 1600635479
0.04560000000000003 1600635479
0.07019999999999998 1600635479
0.05099999999999999 1600635479
0.06730000000000003 1600635479
0.0494 1600635479
0.03650000000000003 1600635479
0.04930000000000001 1600635479
0.04560000000000003 1600635479
0.05249999999999999 1600635479
0.06790000000000002 1600635479
0.07030000000000003 1600635479
0.030899999999999983 1600635479
0.07040000000000002 1600635479
0.041200000000000014 1600635479
0.04810000000000003 1600635479
0.05030000000000001 1600635479
0.07400000000000001 1600635479
0.05070000000000002 1600635479
0.06359999999999999 1600635479
0.07490000000000002 1600635479
0.044499999999999984 1600635479
0.04830000000000001 1600635479
0.04360000000000003 1600635479
0.06570000000000004 1600635479
0.09410000000000002 1600635479
0.05499999999999999 1600635479
0.06259999999999999 1600635479
0.0509 1600635479
0.07269999999999999 1600635479
0.053700000000000025 1600635479
0.06070000000000003 1600635479
0.04720000000000002 1600635479
0.04949999999999999 1600635479
0.06109999999999999 1600635479
0.05010000000000003 1600635479
0.067 1600635479
0.0665 1600635479
0.0696 1600635479
0.042100000000000026 1600635479
0.07050000000000001 1600635479
0.0494 1600635479
0.039000000000000035 1600635479
0.053200000000000025 1600635479
0.052200000000000024 1600635479
0.07190000000000002 1600635479
0.05049999999999999 1600635479
0.03650000000000003 1600635479
0.031299999999999994 1600635479
0.03789999999999999 1600635479
0.0771 1600635479
0.06020000000000003 1600635479
0.0938 1600635479
0.05070000000000002 1600635479
0.029600000000000015 1600635479
0.053100000000000036 1600635479
0.05870000000000003 1600635479
0.05030000000000001 1600635479
0.05840000000000001 1600635479
0.06 1600635479
0.053300000000000014 1600635479
0.044800000000000006 1600635479
0.055300000000000016 1600635479
0.043800000000000006 1600635479
0.07769999999999999 1600635479
0.06380000000000002 1600635479
0.03810000000000002 1600635479
0.043800000000000006 1600635479
0.05970000000000003 1600635479
0.0902 1600635479
0.05359999999999998 1600635479
0.0826 1600635479
0.05670000000000003 1600635479
0.07680000000000003 1600635479
0.040200000000000014 1600635479
0.03739999999999999 1600635479
0.0751 1600635479
0.06640000000000001 1600635479
0.05840000000000001 1600635479
0.056400000000000006 1600635479
0.04149999999999998 1600635479
0.062 1600635479
0.05099999999999999 1600635479
0.07840000000000003 1600635479
0.05670000000000003 1600635479
0.0635 1600635479
0.044800000000000006 1600635479
0.04810000000000003 1600635479
0.068 1600635479
0.04570000000000002 1600635479
0.055900000000000005 1600635479
0.07400000000000001 1600635479
0.04370000000000002 1600635479
0.05680000000000002 1600635479
0.041600000000000026 1600635479
0.040600000000000025 1600635479
0.05780000000000002 1600635479
0.051100000000000034 1600635479
0.054900000000000004 1600635479
0.05099999999999999 1600635479
0.042300000000000004 1600635479
0.052600000000000036 1600635479
0.056400000000000006 1600635479
0.06109999999999999 1600635479
0.05070000000000002 1600635479
0.056400000000000006 1600635479
0.06790000000000002 1600635479
0.0826 1600635479
0.05459999999999998 1600635479
0.04920000000000002 1600635479
0.055900000000000005 1600635479
0.0726 1600635479
0.052100000000000035 1600635479
0.05449999999999999 1600635479
0.05630000000000002 1600635479
0.07690000000000002 1600635479
0.06890000000000002 1600635479
0.04089999999999999 1600635479
0.04610000000000003 1600635479
0.04720000000000002 1600635479
0.04849999999999999 1600635479
0.07719999999999999 1600635479
0.0635 1600635479
0.07140000000000002 1600635479
0.03360000000000002 1600635479
0.07100000000000001 1600635479
0.052600000000000036 1600635479
0.059 1600635479
0.06890000000000002 1600635479
0.054200000000000026 1600635479
0.043899999999999995 1600635479
0.040200000000000014 1600635479
0.07550000000000001 1600635479
0.04770000000000002 1600635479
0.05570000000000003 1600635479
0.0726 1600635479
0.0741 1600635479
0.051600000000000035 1600635479
0.07169999999999999 1600635479
0.07140000000000002 1600635479
0.0403 1600635479
0.0403 1600635479
0.051700000000000024 1600635479
0.0484 1600635479
0.07830000000000004 1600635479
0.05770000000000003 1600635479
0.07519999999999999 1600635479
0.03470000000000001 1600635479
0.06370000000000003 1600635479
0.07419999999999999 1600635479
0.046499999999999986 1600635479
0.041100000000000025 1600635479
0.041800000000000004 1600635479
0.052600000000000036 1600635479
0.09129999999999999 1600635479
0.0826 1600635479
0.06840000000000002 1600635479
0.04470000000000002 1600635479
0.06009999999999999 1600635479
0.058599999999999985 1600635479
0.04349999999999998 1600635479
0.0827 1600635479
0.053100000000000036 1600635479
0.05080000000000001 1600635479
0.05049999999999999 1600635479
0.03600000000000003 1600635479
0.0731 1600635479
0.04530000000000001 1600635479
0.054400000000000004 1600635479
0.05680000000000002 1600635479
0.06020000000000003 1600635479
0.0867 1600635479
0.06740000000000002 1600635479
0.06630000000000003 1600635479
0.03720000000000001 1600635479
0.0801 1600635479
0.06430000000000002 1600635479
0.043800000000000006 1600635479
0.04849999999999999 1600635479
0.050600000000000034 1600635479
0.042899999999999994 1600635479
0.06130000000000002 1600635479
0.08279999999999998 1600635479
0.066 1600635479
0.07340000000000002 1600635479
0.09439999999999998 1600635479
0.05399999999999999 1600635479
0.0615 1600635479
0.05740000000000001 1600635479
0.06609999999999999 1600635479
0.0398 1600635479
0.04370000000000002 1600635479
0.04670000000000002 1600635479
0.0524 1600635479
0.046999999999999986 1600635479
0.05230000000000001 1600635479
0.06380000000000002 1600635479
0.06330000000000002 1600635479
0.05180000000000001 1600635479
0.06240000000000001 1600635479
0.0676 1600635479
0.04870000000000002 1600635479
0.04680000000000001 1600635479
0.045899999999999996 1600635479
0.057999999999999996 1600635479
0.0479 1600635479
0.0514 1600635479
0.07329999999999998 1600635479
0.03049999999999997 1600635479
0.04730000000000001 1600635479
0.07280000000000003 1600635479
0.05259999999999998 1600635479
0.041700000000000015 1600635479
0.04509999999999997 1600635479
0.03799999999999998 1600635479
0.05409999999999998 1600635479
0.05519999999999997 1600635479
0.04109999999999997 1600635479
0.0645 1600635479
0.0711 1600635479
0.0489 1600635479
0.04820000000000002 1600635479
0.07840000000000003 1600635479
0.0494 1600635479
0.09239999999999998 1600635479
0.07480000000000003 1600635479
0.05870000000000003 1600635479
0.056400000000000006 1600635479
0.06830000000000003 1600635479
0.06619999999999998 1600635479
0.07319999999999999 1600635479
0.04560000000000003 1600635479
0.061 1600635479
0.0791 1600635479
0.07019999999999998 1600635479
0.0655 1600635479
0.07929999999999998 1600635479
0.05620000000000003 1600635479
0.0811 1600635479
0.08679999999999999 1600635479
0.0928 1600635479
0.04999999999999999 1600635479
0.05459999999999998 1600635479
0.08190000000000003 1600635479
0.052800000000000014 1600635479
0.05520000000000003 1600635479
0.04470000000000002 1600635479
0.0529 1600635479
0.04620000000000002 1600635479
0.0826 1600635479
0.04780000000000001 1600635479
0.05680000000000002 1600635479
0.04860000000000003 1600635479
0.04930000000000001 1600635479
0.058499999999999996 1600635479
0.04960000000000003 1600635479
0.05920000000000003 1600635479
0.05070000000000002 1600635479
0.05520000000000003 1600635479
0.04610000000000003 1600635479
0.04630000000000001 1600635479
0.03500000000000003 1600635479
0.05880000000000002 1600635479
0.054300000000000015 1600635479
0.06709999999999999 1600635479
0.044800000000000006 1600635479
0.05609999999999998 1600635479
0.0408 1600635479
0.06030000000000002 1600635479
0.058099999999999985 1600635479
0.0479 1600635479
0.04710000000000003 1600635479
0.04710000000000003 1600635479
0.07590000000000002 1600635479
0.1018 1600635479
0.0489 1600635479
0.07540000000000002 1600635479
0.06540000000000001 1600635479
0.07929999999999998 1600635479
0.06709999999999999 1600635479
0.05409999999999998 1600635479
0.041200000000000014 1600635479
0.08450000000000002 1600635479
0.07919999999999999 1600635479
0.04830000000000001 1600635479
0.05070000000000002 1600635479
0.040600000000000025 1600635479
0.07340000000000002 1600635479
0.04860000000000003 1600635479
0.06730000000000003 1600635479
0.04410000000000003 1600635479
0.05099999999999999 1600635479
0.0464 1600635479
0.053300000000000014 1600635479
0.03539999999999999 1600635479
0.0539 1600635479
0.04930000000000001 1600635479
0.0489 1600635479
0.03589999999999999 1600635479
0.04520000000000002 1600635479
0.04999999999999999 1600635479
0.04089999999999999 1600635479
0.06969999999999998 1600635479
0.052800000000000014 1600635479
0.08050000000000002 1600635479
0.04360000000000003 1600635479
0.07290000000000002 1600635479
0.06990000000000002 1600635479
0.07750000000000001 1600635479
0.05020000000000002 1600635479
0.0827 1600635479
0.05130000000000001 1600635479
0.06630000000000003 1600635479
0.07340000000000002 1600635479
0.044800000000000006 1600635479
0.04770000000000002 1600635479
0.053200000000000025 1600635479
0.07719999999999999 1600635479
0.056499999999999995 1600635479
0.04970000000000002 1600635479
0.07500000000000001 1600635479
0.06690000000000002 1600635479
0.07569999999999999 1600635479
0.05070000000000002 1600635479
0.0635 1600635479
0.03520000000000001 1600635479
0.06540000000000001 1600635479
0.051700000000000024 1600635479
0.04860000000000003 1600635479
0.05719999999999997 1600635479
0.0716 1600635479
0.0524 1600635479
0.04949999999999999 1600635479
0.07369999999999999 1600635479
0.044999999999999984 1600635479
0.08710000000000001 1600635479
0.05740000000000001 1600635479
0.04039999999999999 1600635479
0.0539 1600635479
0.0484 1600635479
0.06540000000000001 1600635479
0.052100000000000035 1600635479
0.051100000000000034 1600635479
0.05120000000000002 1600635479
0.0524 1600635479
0.05509999999999998 1600635479
0.04970000000000002 1600635479
0.04660000000000003 1600635479
0.10170000000000001 1600635479
0.07250000000000001 1600635479
0.045899999999999996 1600635479
0.046499999999999986 1600635479
0.045399999999999996 1600635479
0.07200000000000001 1600635479
0.03400000000000003 1600635479
0.061 1600635479
0.07130000000000003 1600635479
0.07390000000000002 1600635479
0.050600000000000034 1600635479
0.04530000000000001 1600635479
0.0675 1600635479
0.05740000000000001 1600635479
0.039000000000000035 1600635479
0.0736 1600635479
0.04770000000000002 1600635479
0.0675 1600635479
0.0695 1600635479
0.06540000000000001 1600635479
0.07440000000000002 1600635479
0.06040000000000001 1600635479
0.0519 1600635479
0.053200000000000025 1600635479
0.058099999999999985 1600635479
0.039000000000000035 1600635479
0.0696 1600635479
0.032899999999999985 1600635479
0.0494 1600635479
0.054800000000000015 1600635479
0.0807 1600635479
0.03660000000000002 1600635479
0.04930000000000001 1600635479
0.06159999999999999 1600635479
0.08279999999999998 1600635479
0.05149999999999999 1600635479
0.0373 1600635479
0.04870000000000002 1600635479
0.045399999999999996 1600635479
0.05449999999999999 1600635479
0.054700000000000026 1600635479
0.07119999999999999 1600635479
0.04910000000000003 1600635479
0.06140000000000001 1600635479
0.06440000000000001 1600635479
0.06430000000000002 1600635479
0.053200000000000025 1600635479
0.07740000000000002 1600635479
0.04360000000000003 1600635479
0.04410000000000003 1600635479
0.07319999999999999 1600635479
0.042300000000000004 1600635479
0.06370000000000003 1600635479
0.03489999999999999 1600635479
0.066 1600635479
0.07130000000000003 1600635479
0.056999999999999995 1600635479
0.052600000000000036 1600635479
0.0373 1600635479
0.05130000000000001 1600635479
0.0368 1600635479
0.05180000000000001 1600635479
0.0701 1600635479
0.04039999999999999 1600635479
0.04149999999999998 1600635479
0.056499999999999995 1600635479
0.06990000000000002 1600635479
0.045399999999999996 1600635479
0.04360000000000003 1600635479
0.022699999999999998 1600635479
0.04470000000000002 1600635479
0.04749999999999999 1600635479
0.0821 1600635479
0.06140000000000001 1600635479
0.058099999999999985 1600635479
0.10189999999999999 1600635479
0.057999999999999996 1600635479
0.07800000000000001 1600635479
0.05630000000000002 1600635479
0.0539 1600635479
0.05830000000000002 1600635479
0.06080000000000002 1600635479
0.06830000000000003 1600635479
0.0615 1600635479
0.06 1600635479
0.07769999999999999 1600635479
0.050600000000000034 1600635479
0.10139999999999999 1600635479
0.04870000000000002 1600635479
0.08190000000000003 1600635479
0.07830000000000004 1600635479
0.06270000000000003 1600635479
0.0368 1600635479
0.055999999999999994 1600635479
0.041200000000000014 1600635479
0.040600000000000025 1600635479
0.03600000000000003 1600635479
0.06640000000000001 1600635479
0.054700000000000026 1600635479
0.04980000000000001 1600635479
0.06659999999999999 1600635479
0.053200000000000025 1600635479
0.0776 1600635479
0.052800000000000014 1600635479
0.05180000000000001 1600635479
0.0524 1600635479
0.04730000000000001 1600635479
0.06440000000000001 1600635479
0.0746 1600635479
0.04720000000000002 1600635479
0.07140000000000002 1600635479
0.06180000000000002 1600635479
0.04249999999999998 1600635479
0.058499999999999996 1600635479
0.08650000000000002 1600635479
0.07550000000000001 1600635479
0.0686 1600635479
0.04970000000000002 1600635479
0.0695 1600635479
0.04849999999999999 1600635479
0.06819999999999998 1600635479
0.055999999999999994 1600635479
0.0756 1600635479
0.05559999999999998 1600635479
0.05080000000000001 1600635479
0.04310000000000003 1600635479
