0.10310000000000002 1600225292
1.1619 1600225292
0.5481 1600225292
0.5593 1600225292
0.5747 1600225292
0.6779999999999999 1600225292
1.1952 1600225292
1.1868 1600225292
0.9952000000000001 1600225292
0.9158999999999999 1600225292
1.1113 1600225292
1.034 1600225292
1.1887 1600225292
0.7709999999999999 1600225292
0.6469 1600225292
0.5971 1600225292
0.8680000000000001 1600225292
1.1863 1600225292
0.9641 1600225292
1.0217 1600225292
0.553 1600225292
1.1751 1600225292
0.49240000000000006 1600225292
1.1619 1600225292
0.956 1600225292
1.0281 1600225292
0.9326000000000001 1600225292
0.5611 1600225292
1.1371 1600225292
1.0572 1600225292
1.0339 1600225292
0.9051 1600225292
0.5565 1600225292
0.9938 1600225292
0.6759 1600225292
0.8150999999999999 1600225292
1.1942 1600225292
1.1618 1600225292
0.8756999999999999 1600225292
0.8409 1600225292
0.6681999999999999 1600225292
1.116 1600225292
1.1 1600225292
0.44600000000000006 1600225292
0.5835 1600225292
0.7047000000000001 1600225292
1.1408 1600225292
0.6547000000000001 1600225292
1.1109 1600225292
0.6787000000000001 1600225292
1.1907 1600225292
0.5666 1600225292
0.9963 1600225292
1.1883 1600225292
1.1408 1600225292
0.9668000000000001 1600225292
0.6086 1600225292
0.9421999999999999 1600225292
0.602 1600225292
1.1229 1600225292
1.1624 1600225292
0.4809 1600225292
1.1008 1600225292
1.1655 1600225292
0.7075 1600225292
0.8897999999999999 1600225292
1.0145 1600225292
0.6848000000000001 1600225292
0.9259999999999999 1600225292
0.863 1600225292
0.96 1600225292
0.9776 1600225292
0.9123000000000001 1600225292
1.19 1600225292
1.1933 1600225292
0.9443999999999999 1600225292
1.0725 1600225292
1.1179000000000001 1600225292
0.6699999999999999 1600225292
1.0357 1600225292
0.49540000000000006 1600225292
0.9951000000000001 1600225292
1.1634 1600225292
0.5504 1600225292
0.5242 1600225292
0.5064 1600225292
0.6377999999999999 1600225292
0.8553999999999999 1600225292
0.6433 1600225292
0.5005000000000001 1600225292
0.905 1600225292
1.1643000000000001 1600225292
0.491 1600225292
0.5539000000000001 1600225292
0.6537999999999999 1600225292
0.8286 1600225292
0.9710000000000001 1600225292
1.1674 1600225292
0.4414 1600225292
0.5720000000000001 1600225292
1.2095 1600225292
1.1857 1600225292
1.1004 1600225292
0.8626 1600225292
0.5336 1600225292
0.46420000000000006 1600225292
1.1861 1600225292
1.1859 1600225292
1.1162 1600225292
1.0142 1600225292
0.599 1600225292
1.0104 1600225292
1.0959 1600225292
1.1105 1600225292
0.41580000000000006 1600225292
0.9286000000000001 1600225292
0.7970999999999999 1600225292
0.56 1600225292
0.6147 1600225292
0.8008 1600225292
0.619 1600225292
1.2139 1600225292
0.4849 1600225292
1.1634 1600225292
0.9619 1600225292
0.6383000000000001 1600225292
0.4414 1600225292
0.9933000000000001 1600225292
1.1633 1600225292
0.6073000000000001 1600225292
1.1865 1600225292
0.5555 1600225292
1.1863 1600225292
0.5592 1600225292
1.1884000000000001 1600225292
0.8903000000000001 1600225292
0.8009 1600225292
0.4285 1600225292
1.0406 1600225292
0.6537 1600225292
0.9591000000000001 1600225292
0.9361999999999999 1600225292
0.8866 1600225292
0.6037 1600225292
0.8783000000000001 1600225292
0.9685999999999999 1600225292
0.9839 1600225292
0.9817 1600225292
0.8580000000000001 1600225292
0.4861 1600225292
1.055 1600225292
0.5822 1600225292
0.9744999999999999 1600225292
0.873 1600225292
0.8458000000000001 1600225292
0.498 1600225292
0.4646 1600225292
0.6365000000000001 1600225292
1.0286 1600225292
0.8159000000000001 1600225292
1.2049 1600225292
0.8483 1600225292
0.9046000000000001 1600225292
0.4808 1600225292
1.1811 1600225292
0.5489 1600225292
0.7136 1600225292
1.1777 1600225292
0.7965 1600225292
1.0969 1600225292
1.1293 1600225292
0.9562999999999999 1600225292
0.7055 1600225292
1.1149 1600225292
0.47320000000000007 1600225292
1.0298 1600225292
1.0594000000000001 1600225292
1.1196 1600225292
1.1904 1600225292
0.5932000000000001 1600225292
1.1866 1600225292
0.8551 1600225292
0.9075 1600225292
0.599 1600225292
0.8559000000000001 1600225292
1.0727 1600225292
0.9650000000000001 1600225292
0.43420000000000003 1600225292
1.075 1600225292
0.9844999999999999 1600225292
1.1897 1600225292
1.1856 1600225292
0.9668000000000001 1600225292
0.7302 1600225292
0.9698 1600225292
0.7055 1600225292
0.5517 1600225292
0.8449 1600225292
0.5515 1600225292
0.9669000000000001 1600225292
1.1858 1600225292
1.0256 1600225292
1.1221 1600225292
1.0184 1600225292
0.6415 1600225292
0.633 1600225292
0.9521 1600225292
0.49470000000000003 1600225292
0.8778999999999999 1600225292
1.1614 1600225292
1.1162 1600225292
0.9826999999999999 1600225292
1.162 1600225292
0.9057 1600225292
0.6431 1600225292
1.1629 1600225292
1.028 1600225292
0.5737 1600225292
0.4274 1600225292
0.7977000000000001 1600225292
0.8632 1600225292
0.9835 1600225292
1.1937 1600225292
1.1672 1600225292
1.1418 1600225292
0.4942 1600225292
0.7047000000000001 1600225292
1.162 1600225292
1.1622 1600225292
0.4981 1600225292
0.9318 1600225292
0.9665999999999999 1600225292
1.0739 1600225292
1.1104 1600225292
1.1858 1600225292
1.1197 1600225292
1.1874 1600225292
1.1914 1600225292
1.2175 1600225292
1.0202 1600225292
0.8685 1600225292
0.5008 1600225292
1.0175 1600225292
0.6446000000000001 1600225292
0.7054 1600225292
1.1868 1600225292
1.1292 1600225292
0.5525 1600225292
0.6195 1600225292
1.0198 1600225292
1.1107 1600225292
0.6391 1600225292
0.9321999999999999 1600225292
1.1618 1600225292
0.9384000000000001 1600225292
1.1332 1600225292
1.2166 1600225292
0.8412999999999999 1600225292
1.0212 1600225292
0.9145000000000001 1600225292
0.6321000000000001 1600225292
0.5744 1600225292
0.5588 1600225292
0.6658999999999999 1600225292
1.1340000000000001 1600225292
0.9808000000000001 1600225292
1.0232 1600225292
1.0269 1600225292
1.1623 1600225292
0.9052 1600225292
0.9388000000000001 1600225292
1.1855 1600225292
1.0755000000000001 1600225292
0.6937 1600225292
0.6575 1600225292
1.1411 1600225292
1.0399 1600225292
0.9803 1600225292
1.111 1600225292
1.1619 1600225292
1.1621 1600225292
1.0718 1600225292
1.0435 1600225292
0.9160999999999999 1600225292
0.6314 1600225292
1.0445 1600225292
1.0529 1600225292
0.9670000000000001 1600225292
1.2138 1600225292
1.1615 1600225292
0.8751 1600225292
0.7966 1600225292
1.1340000000000001 1600225292
0.48240000000000005 1600225292
1.0556 1600225292
0.5495 1600225292
0.9390000000000001 1600225292
0.8724000000000001 1600225292
1.1862 1600225292
0.5582 1600225292
1.1631 1600225292
1.0293 1600225292
0.9309000000000001 1600225292
1.0162 1600225292
0.5477 1600225292
0.5436 1600225292
0.47740000000000005 1600225292
1.1194 1600225292
1.1163 1600225292
0.8868 1600225292
0.6227 1600225292
0.9052 1600225292
0.8014000000000001 1600225292
0.5019 1600225292
0.5597 1600225292
1.1618 1600225292
0.9376 1600225292
1.2181 1600225292
0.8634 1600225292
0.9522999999999999 1600225292
0.42080000000000006 1600225292
0.8561000000000001 1600225292
0.9879 1600225292
1.1114 1600225292
1.1864000000000001 1600225292
0.7067000000000001 1600225292
1.1115 1600225292
0.8101 1600225292
1.19 1600225292
0.553 1600225292
0.6191 1600225292
0.7979 1600225292
0.8458000000000001 1600225292
0.5656 1600225292
0.5269 1600225292
1.0018 1600225292
1.1112 1600225292
0.6753 1600225292
0.9884999999999999 1600225292
0.7973000000000001 1600225292
1.1353 1600225292
0.6024 1600225292
1.1006 1600225292
1.1202 1600225292
1.1157 1600225292
0.548 1600225292
0.8555999999999999 1600225292
0.9332 1600225292
0.8635999999999999 1600225292
1.1861 1600225292
0.748 1600225292
1.1016 1600225292
0.5791000000000001 1600225292
1.1962 1600225292
1.1625 1600225292
1.0289 1600225292
1.1115 1600225292
0.7325999999999999 1600225292
0.9863 1600225292
0.9505000000000001 1600225292
0.4175 1600225292
0.8408 1600225292
0.48140000000000005 1600225292
1.0255 1600225292
1.0209 1600225292
0.994 1600225292
0.8302 1600225292
0.7253000000000001 1600225292
0.9890000000000001 1600225292
1.2136 1600225292
1.0547 1600225292
1.1675 1600225292
1.1643000000000001 1600225292
1.0316 1600225292
0.21410000000000007 1600225292
0.474 1600225292
0.8994 1600225292
0.6262 1600225292
1.162 1600225292
1.1889 1600225292
0.9316 1600225292
0.9993000000000001 1600225292
1.0291 1600225292
0.5618 1600225292
0.6436 1600225292
1.1861 1600225292
0.5577 1600225292
0.9184000000000001 1600225292
1.1937 1600225292
1.1937 1600225292
1.1123 1600225292
1.101 1600225292
0.9732000000000001 1600225292
0.687 1600225292
1.1944 1600225292
1.0025 1600225292
0.6342000000000001 1600225292
0.5398000000000001 1600225292
0.8829 1600225292
0.4867 1600225292
0.5161 1600225292
1.1340000000000001 1600225292
1.2135 1600225292
0.45199999999999996 1600225292
1.0403 1600225292
0.546 1600225292
0.9461999999999999 1600225292
1.1019 1600225292
0.5518000000000001 1600225292
1.1426 1600225292
0.5479 1600225292
0.5311 1600225292
1.0295 1600225292
1.1889 1600225292
1.015 1600225292
0.5533 1600225292
0.27280000000000004 1600225292
0.6555 1600225292
0.4424 1600225292
1.1023 1600225292
0.9670000000000001 1600225292
1.163 1600225292
0.8560000000000001 1600225292
1.0282 1600225292
1.1865 1600225292
0.9735 1600225292
0.9420999999999999 1600225292
0.9668000000000001 1600225292
0.6188 1600225292
1.1631 1600225292
0.911 1600225292
1.1366 1600225292
0.6212 1600225292
0.5994 1600225292
1.1856 1600225292
0.7068000000000001 1600225292
1.215 1600225292
1.0985 1600225292
0.6518999999999999 1600225292
0.4325 1600225292
0.9312 1600225292
1.0092 1600225292
0.6545000000000001 1600225292
1.0827 1600225292
0.9944999999999999 1600225292
0.4718 1600225292
0.5586 1600225292
1.1858 1600225292
0.8844000000000001 1600225292
0.5622 1600225292
1.1868 1600225292
1.0777 1600225292
0.4758 1600225292
0.9360999999999999 1600225292
0.8805000000000001 1600225292
0.9373 1600225292
0.5998 1600225292
0.6414 1600225292
1.0256 1600225292
0.9224000000000001 1600225292
0.819 1600225292
0.867 1600225292
0.6324000000000001 1600225292
1.1619 1600225292
1.1859 1600225292
0.604 1600225292
0.5933 1600225292
0.9364000000000001 1600225292
0.6320000000000001 1600225292
0.5452 1600225292
0.5481 1600225292
0.9685999999999999 1600225292
0.5004000000000001 1600225292
0.8022 1600225292
0.4335 1600225292
0.575 1600225292
0.8916 1600225292
1.0747 1600225292
0.6547000000000001 1600225292
1.2186 1600225292
0.8748 1600225292
0.5559000000000001 1600225292
0.8207 1600225292
1.1252 1600225292
1.1849 1600225292
0.549 1600225292
0.6496999999999999 1600225292
0.9340999999999999 1600225292
0.9503999999999999 1600225292
0.45640000000000003 1600225292
0.5566 1600225292
0.6429 1600225292
1.2047 1600225292
1.2146 1600225292
1.1944 1600225292
0.4337 1600225292
1.1676 1600225292
0.9158 1600225292
1.0833 1600225292
1.162 1600225292
0.8631 1600225292
1.1631 1600225292
0.6971 1600225292
0.8595999999999999 1600225292
0.9597 1600225292
0.9955 1600225292
1.1932 1600225292
1.1942 1600225292
0.4336 1600225292
0.8057000000000001 1600225292
0.8216000000000001 1600225292
0.6773 1600225292
