0.1443 1600636348
0.11329999999999998 1600636348
0.189 1600636348
0.1548 1600636348
0.143 1600636348
0.10710000000000003 1600636348
0.1719 1600636348
0.1966 1600636348
0.18589999999999998 1600636348
0.1992 1600636348
0.15100000000000002 1600636348
0.1679 1600636348
0.1457 1600636348
0.16920000000000002 1600636348
0.17760000000000004 1600636348
0.15450000000000003 1600636348
0.1465 1600636348
0.19120000000000004 1600636348
0.12279999999999999 1600636348
0.1472 1600636348
0.19559999999999997 1600636348
0.14150000000000001 1600636348
0.1885 1600636348
0.16260000000000002 1600636348
0.1374 1600636348
0.15810000000000002 1600636348
0.19730000000000003 1600636348
0.18370000000000003 1600636348
0.19130000000000003 1600636348
0.22089999999999999 1600636348
0.2607 1600636348
0.1331 1600636348
0.1444 1600636348
0.11989999999999998 1600636348
0.12260000000000001 1600636348
0.15950000000000003 1600636348
0.12110000000000001 1600636348
0.14529999999999998 1600636348
0.14750000000000002 1600636348
0.19330000000000003 1600636348
0.2854 1600636348
0.2178 1600636348
0.1184 1600636348
0.1894 1600636348
0.1824 1600636348
0.11820000000000003 1600636348
0.176 1600636348
0.1461 1600636348
0.1486 1600636348
0.16760000000000003 1600636348
0.2348 1600636348
0.11830000000000002 1600636348
0.2534 1600636348
0.1538 1600636348
0.1371 1600636348
0.18230000000000002 1600636348
0.15169999999999997 1600636348
0.1542 1600636348
0.14450000000000002 1600636348
0.1461 1600636348
0.14090000000000003 1600636348
0.17470000000000002 1600636348
0.192 1600636348
0.1476 1600636348
0.17149999999999999 1600636348
0.18930000000000002 1600636348
0.1405 1600636348
0.16210000000000002 1600636348
0.19240000000000002 1600636348
0.1472 1600636348
0.1431 1600636348
0.19490000000000002 1600636348
0.1442 1600636348
0.19039999999999999 1600636348
0.1694 1600636348
0.1377 1600636348
0.1663 1600636348
0.14640000000000003 1600636348
0.14400000000000002 1600636348
0.17880000000000001 1600636348
0.137 1600636348
0.16100000000000003 1600636348
0.1447 1600636348
0.22400000000000003 1600636348
0.1911 1600636348
0.14640000000000003 1600636348
0.14490000000000003 1600636348
0.1325 1600636348
0.19420000000000004 1600636348
0.17049999999999998 1600636348
0.1834 1600636348
0.17360000000000003 1600636348
0.1854 1600636348
0.20430000000000004 1600636348
0.14440000000000003 1600636348
0.1365 1600636348
0.1355 1600636348
0.2223 1600636348
0.15950000000000003 1600636348
0.2086 1600636348
0.1739 1600636348
0.12680000000000002 1600636348
0.16550000000000004 1600636348
0.11420000000000002 1600636348
0.18570000000000003 1600636348
0.1194 1600636348
0.11860000000000004 1600636348
0.14430000000000004 1600636348
0.14600000000000002 1600636348
0.11860000000000004 1600636348
0.1527 1600636348
0.18880000000000002 1600636348
0.12530000000000002 1600636348
0.13280000000000003 1600636348
0.1894 1600636348
0.1518 1600636348
0.18880000000000002 1600636348
0.15450000000000003 1600636348
0.2167 1600636348
0.14240000000000003 1600636348
0.16920000000000002 1600636348
0.13170000000000004 1600636348
0.1456 1600636348
0.15700000000000003 1600636348
0.19120000000000004 1600636348
0.12780000000000002 1600636348
0.16570000000000001 1600636348
0.16850000000000004 1600636348
0.1788 1600636348
0.1824 1600636348
0.12930000000000003 1600636348
0.1345 1600636348
0.2006 1600636348
0.18730000000000002 1600636348
0.11980000000000002 1600636348
0.1856 1600636348
0.1698 1600636348
0.12840000000000001 1600636348
0.2162 1600636348
0.1285 1600636348
0.14 1600636348
0.13180000000000003 1600636348
0.2081 1600636348
0.12040000000000001 1600636348
0.16960000000000003 1600636348
0.1829 1600636348
0.16860000000000003 1600636348
0.19090000000000001 1600636348
0.1612 1600636348
0.14090000000000003 1600636348
0.12780000000000002 1600636348
0.14030000000000004 1600636348
0.178 1600636348
0.1431 1600636348
0.17520000000000002 1600636348
0.13080000000000003 1600636348
0.1834 1600636348
0.1362 1600636348
0.13290000000000002 1600636348
0.12720000000000004 1600636348
0.16970000000000002 1600636348
0.1594 1600636348
0.14200000000000002 1600636348
0.187 1600636348
0.10700000000000001 1600636348
0.2345 1600636348
0.18580000000000002 1600636348
0.16600000000000004 1600636348
0.1325 1600636348
0.20190000000000002 1600636348
0.14750000000000002 1600636348
0.14140000000000003 1600636348
0.15889999999999999 1600636348
0.17510000000000003 1600636348
0.13580000000000003 1600636348
0.2208 1600636348
0.18530000000000002 1600636348
0.1764 1600636348
0.1326 1600636348
0.1351 1600636348
0.19580000000000003 1600636348
0.14529999999999998 1600636348
0.1648 1600636348
0.1441 1600636348
0.1573 1600636348
0.16570000000000001 1600636348
0.14529999999999998 1600636348
0.15200000000000002 1600636348
0.17510000000000003 1600636348
0.18830000000000002 1600636348
0.1416 1600636348
0.189 1600636348
0.18770000000000003 1600636348
0.16700000000000004 1600636348
0.1321 1600636348
0.1799 1600636348
0.14440000000000003 1600636348
0.137 1600636348
0.2037 1600636348
0.1891 1600636348
0.1436 1600636348
0.18070000000000003 1600636348
0.18280000000000002 1600636348
0.1371 1600636348
0.20190000000000002 1600636348
0.1511 1600636348
0.14190000000000003 1600636348
0.17060000000000003 1600636348
0.181 1600636348
0.1361 1600636348
0.26030000000000003 1600636348
0.2127 1600636348
0.1325 1600636348
0.13290000000000002 1600636348
0.11320000000000002 1600636348
0.1699 1600636348
0.13269999999999998 1600636348
0.14629999999999999 1600636348
0.17970000000000003 1600636348
0.15550000000000003 1600636348
0.18570000000000003 1600636348
0.23970000000000002 1600636348
0.1336 1600636348
0.1583 1600636348
0.1441 1600636348
0.26130000000000003 1600636348
0.16760000000000003 1600636348
0.18260000000000004 1600636348
0.1336 1600636348
0.12980000000000003 1600636348
0.1421 1600636348
0.1486 1600636348
0.1461 1600636348
0.1683 1600636348
0.14840000000000003 1600636348
0.1516 1600636348
0.19530000000000003 1600636348
0.20330000000000004 1600636348
0.1471 1600636348
0.1457 1600636348
0.14190000000000003 1600636348
0.14300000000000002 1600636348
0.16710000000000003 1600636348
0.11270000000000002 1600636348
0.1356 1600636348
0.19630000000000003 1600636348
0.1477 1600636348
0.1946 1600636348
0.14300000000000002 1600636348
0.16100000000000003 1600636348
0.1758 1600636348
0.136 1600636348
0.1396 1600636348
0.1276 1600636348
0.20700000000000002 1600636348
0.14490000000000003 1600636348
0.1586 1600636348
0.1812 1600636348
0.11810000000000001 1600636348
0.14470000000000002 1600636348
0.1423 1600636348
0.2394 1600636348
0.22450000000000003 1600636348
0.13530000000000003 1600636348
0.13309999999999997 1600636348
0.12620000000000003 1600636348
0.17629999999999998 1600636348
0.11889999999999998 1600636348
0.1813 1600636348
0.16660000000000003 1600636348
0.1361 1600636348
0.15000000000000002 1600636348
0.1863 1600636348
0.11820000000000003 1600636348
0.1574 1600636348
0.1395 1600636348
0.14930000000000002 1600636348
0.13640000000000002 1600636348
0.15740000000000004 1600636348
0.1457 1600636348
0.14619999999999997 1600636348
0.1431 1600636348
0.14290000000000003 1600636348
0.16910000000000003 1600636348
0.1517 1600636348
0.1371 1600636348
0.18270000000000003 1600636348
0.13530000000000003 1600636348
0.1327 1600636348
0.1755 1600636348
0.16190000000000002 1600636348
0.1975 1600636348
0.18239999999999998 1600636348
0.1462 1600636348
0.14280000000000004 1600636348
0.19120000000000004 1600636348
0.1294 1600636348
0.13640000000000002 1600636348
0.1936 1600636348
0.14700000000000002 1600636348
0.2319 1600636348
0.1976 1600636348
0.14900000000000002 1600636348
0.19220000000000004 1600636348
0.1345 1600636348
0.22400000000000003 1600636348
0.1878 1600636348
0.1835 1600636348
0.19980000000000003 1600636348
0.26100000000000007 1600636348
0.1199 1600636348
0.13490000000000002 1600636348
0.16760000000000003 1600636348
0.20440000000000003 1600636348
0.20350000000000001 1600636348
0.2076 1600636348
0.17579999999999998 1600636348
0.13170000000000004 1600636348
0.14940000000000003 1600636348
0.16700000000000004 1600636348
0.18910000000000002 1600636348
0.1365 1600636348
0.1447 1600636348
0.14690000000000003 1600636348
0.2173 1600636348
0.14080000000000004 1600636348
0.1653 1600636348
0.1274 1600636348
0.13830000000000003 1600636348
0.1457 1600636348
0.1245 1600636348
0.1659 1600636348
0.14609999999999998 1600636348
0.1885 1600636348
0.1946 1600636348
0.19780000000000003 1600636348
0.17689999999999997 1600636348
0.12570000000000003 1600636348
0.1437 1600636348
0.15090000000000003 1600636348
0.17010000000000003 1600636348
0.12680000000000002 1600636348
0.18730000000000002 1600636348
0.25320000000000004 1600636348
0.13599999999999998 1600636348
0.2608 1600636348
0.1906 1600636348
0.21650000000000003 1600636348
0.1527 1600636348
0.2299 1600636348
0.1724 1600636348
0.20800000000000002 1600636348
0.1404 1600636348
0.1578 1600636348
0.1367 1600636348
0.16300000000000003 1600636348
0.1431 1600636348
0.11820000000000003 1600636348
0.1935 1600636348
0.20850000000000002 1600636348
0.1266 1600636348
0.20390000000000003 1600636348
0.135 1600636348
0.2228 1600636348
0.182 1600636348
0.13280000000000003 1600636348
0.17820000000000003 1600636348
0.1281 1600636348
0.20009999999999997 1600636348
0.1725 1600636348
0.11970000000000003 1600636348
0.1597 1600636348
0.12970000000000004 1600636348
0.1194 1600636348
0.14590000000000003 1600636348
0.19590000000000002 1600636348
0.18680000000000002 1600636348
0.1985 1600636348
0.1725 1600636348
0.14490000000000003 1600636348
0.1457 1600636348
0.2126 1600636348
0.1432 1600636348
0.25310000000000005 1600636348
0.1438 1600636348
0.1482 1600636348
0.1811 1600636348
0.20779999999999998 1600636348
0.14250000000000002 1600636348
0.16860000000000003 1600636348
0.1154 1600636348
0.2001 1600636348
0.25249999999999995 1600636348
0.1442 1600636348
0.14130000000000004 1600636348
0.14700000000000002 1600636348
0.19830000000000003 1600636348
0.1473 1600636348
0.19030000000000002 1600636348
0.1567 1600636348
0.1922 1600636348
0.23160000000000003 1600636348
0.1174 1600636348
0.16900000000000004 1600636348
0.14440000000000003 1600636348
0.2218 1600636348
0.1886 1600636348
0.1995 1600636348
0.19580000000000003 1600636348
0.18820000000000003 1600636348
0.1341 1600636348
0.14650000000000002 1600636348
0.2308 1600636348
0.1335 1600636348
0.2 1600636348
0.12890000000000001 1600636348
0.19010000000000002 1600636348
0.1456 1600636348
0.15050000000000002 1600636348
0.1633 1600636348
0.11010000000000003 1600636348
0.14679999999999999 1600636348
0.1386 1600636348
0.1441 1600636348
0.14430000000000004 1600636348
0.1407 1600636348
0.1609 1600636348
0.1789 1600636348
0.16960000000000003 1600636348
0.28640000000000004 1600636348
0.14450000000000002 1600636348
0.1276 1600636348
0.10650000000000004 1600636348
0.135 1600636348
0.1545 1600636348
0.18370000000000003 1600636348
0.2688 1600636348
0.2242 1600636348
0.1548 1600636348
0.19230000000000003 1600636348
0.16200000000000003 1600636348
0.176 1600636348
0.14679999999999999 1600636348
0.1481 1600636348
0.13780000000000003 1600636348
0.12770000000000004 1600636348
0.14650000000000002 1600636348
0.14629999999999999 1600636348
0.18849999999999997 1600636348
0.192 1600636348
0.2248 1600636348
0.1609 1600636348
0.1633 1600636348
0.23170000000000002 1600636348
0.23470000000000002 1600636348
0.17000000000000004 1600636348
0.18539999999999998 1600636348
0.1734 1600636348
0.1995 1600636348
0.1365 1600636348
0.14330000000000004 1600636348
0.14900000000000002 1600636348
0.11180000000000001 1600636348
0.16810000000000003 1600636348
0.14780000000000001 1600636348
0.1724 1600636348
0.23470000000000002 1600636348
0.14790000000000003 1600636348
0.188 1600636348
0.18730000000000002 1600636348
0.13430000000000003 1600636348
0.1498 1600636348
0.10610000000000003 1600636348
0.1703 1600636348
0.20550000000000002 1600636348
0.176 1600636348
0.1306 1600636348
0.18720000000000003 1600636348
0.14350000000000002 1600636348
0.13930000000000003 1600636348
0.16570000000000001 1600636348
0.11480000000000001 1600636348
0.19070000000000004 1600636348
0.1447 1600636348
0.23349999999999999 1600636348
0.2243 1600636348
0.1815 1600636348
0.2 1600636348
0.15340000000000004 1600636348
0.17770000000000002 1600636348
0.16920000000000002 1600636348
0.1689 1600636348
0.1381 1600636348
0.2856 1600636348
0.1693 1600636348
0.12490000000000001 1600636348
0.14180000000000004 1600636348
0.25300000000000006 1600636348
0.20140000000000002 1600636348
0.11249999999999999 1600636348
0.18880000000000002 1600636348
0.15450000000000003 1600636348
0.19490000000000002 1600636348
0.28909999999999997 1600636348
0.189 1600636348
0.1744 1600636348
0.14480000000000004 1600636348
0.16850000000000004 1600636348
0.2012 1600636348
0.13540000000000002 1600636348
0.1889 1600636348
0.12970000000000004 1600636348
