0.007299999999999862 1600344337
0.3445999999999998 1600344337
0.40549999999999997 1600344337
0.7247999999999999 1600344337
0.21999999999999997 1600344337
0.7384 1600344337
0.34419999999999984 1600344337
0.7701 1600344337
0.5347 1600344337
0.40559999999999996 1600344337
0.5350999999999999 1600344337
0.006000000000000005 1600344337
0.7384999999999999 1600344337
0.3979999999999999 1600344337
0.7233999999999998 1600344337
0.0042999999999999705 1600344337
0.7707999999999999 1600344337
0.00529999999999986 1600344337
0.7206999999999999 1600344337
0.7381 1600344337
0.8119999999999998 1600344337
0.5916999999999999 1600344337
0.6734 1600344337
0.0038999999999997925 1600344337
0.7246999999999999 1600344337
0.7205999999999999 1600344337
0.3443999999999998 1600344337
0.7427000000000001 1600344337
0.5912999999999999 1600344337
0.5919999999999999 1600344337
0.7267999999999999 1600344337
0.7709999999999999 1600344337
0.0036999999999998145 1600344337
0.0040999999999999925 1600344337
0.4053 1600344337
0.3486999999999998 1600344337
0.007199999999999873 1600344337
0.5914999999999999 1600344337
0.7246999999999999 1600344337
0.5916000000000001 1600344337
0.7706999999999999 1600344337
0.7716999999999998 1600344337
0.5916999999999999 1600344337
0.7504 1600344337
0.004999999999999893 1600344337
0.6745999999999999 1600344337
0.5350999999999999 1600344337
0.0045999999999999375 1600344337
0.7589999999999999 1600344337
0.7706 1600344337
0.3444999999999998 1600344337
0.7247999999999999 1600344337
0.5347999999999999 1600344337
0.34429999999999983 1600344337
0.7383 1600344337
0.005399999999999849 1600344337
0.7382 1600344337
0.006999999999999895 1600344337
0.7793999999999999 1600344337
0.4052 1600344337
0.494 1600344337
0.7227999999999999 1600344337
0.5348999999999999 1600344337
0.4937999999999998 1600344337
0.5920999999999998 1600344337
0.7379 1600344337
0.5915999999999999 1600344337
0.7821 1600344337
0.5348999999999999 1600344337
0.7118 1600344337
0.7410999999999999 1600344337
0.34419999999999984 1600344337
0.6700999999999999 1600344337
0.7246999999999999 1600344337
0.22019999999999995 1600344337
0.0036999999999998145 1600344337
0.7705 1600344337
0.7382 1600344337
0.5347999999999999 1600344337
0.7484 1600344337
0.12839999999999985 1600344337
0.5918999999999999 1600344337
0.12839999999999985 1600344337
0.5918999999999999 1600344337
0.21989999999999998 1600344337
0.004899999999999904 1600344337
0.7706 1600344337
0.16569999999999996 1600344337
0.0043999999999999595 1600344337
0.6698999999999999 1600344337
0.7703 1600344337
0.005399999999999849 1600344337
0.7246999999999999 1600344337
0.4936999999999998 1600344337
0.3443999999999998 1600344337
0.7708999999999999 1600344337
0.005899999999999794 1600344337
0.0038999999999997925 1600344337
0.13259999999999983 1600344337
0.7288999999999999 1600344337
0.3445999999999998 1600344337
0.3443999999999998 1600344337
0.20679999999999987 1600344337
0.5349999999999999 1600344337
0.5916999999999999 1600344337
0.006000000000000005 1600344337
0.7249999999999999 1600344337
0.7384 1600344337
0.5915999999999999 1600344337
0.7245999999999999 1600344337
0.12829999999999986 1600344337
0.7419 1600344337
0.5915999999999999 1600344337
0.7402 1600344337
0.7117 1600344337
0.7382 1600344337
0.0036999999999998145 1600344337
0.20689999999999986 1600344337
0.7707999999999999 1600344337
0.5347999999999999 1600344337
0.7203999999999999 1600344337
0.40559999999999996 1600344337
0.7383 1600344337
0.7408999999999999 1600344337
0.0038999999999997925 1600344337
0.7262 1600344337
0.6696 1600344337
0.5347999999999999 1600344337
0.7706 1600344337
0.12849999999999984 1600344337
0.5924999999999998 1600344337
0.7247999999999999 1600344337
0.5916999999999999 1600344337
0.4054 1600344337
0.3443999999999998 1600344337
0.20689999999999986 1600344337
0.7384 1600344337
0.7247999999999999 1600344337
0.005099999999999882 1600344337
0.7249000000000001 1600344337
0.20689999999999986 1600344337
0.4052 1600344337
0.7119 1600344337
0.006299999999999972 1600344337
0.7706999999999999 1600344337
0.7205999999999999 1600344337
0.6699999999999999 1600344337
0.6697000000000002 1600344337
0.7158 1600344337
0.4054 1600344337
0.007799999999999807 1600344337
0.0040000000000000036 1600344337
0.7702 1600344337
0.5351999999999999 1600344337
0.40549999999999997 1600344337
0.6699999999999999 1600344337
0.7259 1600344337
0.005599999999999827 1600344337
0.5995999999999999 1600344337
0.5348999999999999 1600344337
0.4054 1600344337
0.7704 1600344337
0.6700999999999999 1600344337
0.41059999999999985 1600344337
0.34429999999999983 1600344337
0.005099999999999882 1600344337
0.7706 1600344337
0.4937999999999998 1600344337
0.7244999999999999 1600344337
0.0041999999999999815 1600344337
0.738 1600344337
0.34409999999999985 1600344337
0.7384 1600344337
0.7707999999999999 1600344337
0.005799999999999805 1600344337
0.7379 1600344337
0.7763 1600344337
0.4052 1600344337
0.5918999999999999 1600344337
0.7385999999999999 1600344337
0.004999999999999893 1600344337
0.7384999999999999 1600344337
0.5913999999999999 1600344337
0.7381 1600344337
0.34429999999999983 1600344337
0.007599999999999829 1600344337
0.738 1600344337
0.12849999999999984 1600344337
0.6699999999999999 1600344337
0.2528999999999999 1600344337
0.3447 1600344337
0.5919999999999999 1600344337
0.21999999999999997 1600344337
0.20679999999999987 1600344337
0.3982999999999999 1600344337
0.20669999999999988 1600344337
0.2530999999999999 1600344337
0.12839999999999985 1600344337
0.5919999999999999 1600344337
0.3444999999999998 1600344337
0.7721 1600344337
0.34419999999999984 1600344337
0.39849999999999985 1600344337
0.7704 1600344337
0.006599999999999939 1600344337
0.3443999999999998 1600344337
0.7533999999999998 1600344337
0.7706999999999999 1600344337
0.1299999999999999 1600344337
0.7381 1600344337
0.49329999999999985 1600344337
0.5915999999999999 1600344337
0.7383 1600344337
0.4062999999999999 1600344337
0.0044999999999999485 1600344337
0.8070999999999999 1600344337
0.7705 1600344337
0.7386999999999999 1600344337
0.5915999999999999 1600344337
0.7706 1600344337
0.4053 1600344337
0.5350999999999999 1600344337
0.7246999999999999 1600344337
0.5916999999999999 1600344337
0.7424 1600344337
0.1299999999999999 1600344337
0.5348999999999999 1600344337
0.6700999999999999 1600344337
0.3443999999999998 1600344337
0.5345 1600344337
0.7384 1600344337
0.5346 1600344337
0.7246999999999999 1600344337
0.4054 1600344337
0.5350999999999999 1600344337
0.0037999999999998035 1600344337
0.7381 1600344337
0.3448000000000002 1600344337
0.12129999999999996 1600344337
0.7245999999999999 1600344337
0.0035999999999998256 1600344337
0.6697 1600344337
0.7486999999999999 1600344337
0.5347999999999999 1600344337
0.7332999999999998 1600344337
0.4050999999999998 1600344337
0.7247999999999999 1600344337
0.2068000000000001 1600344337
0.3447 1600344337
0.5915999999999999 1600344337
0.712 1600344337
0.7486999999999999 1600344337
0.005599999999999827 1600344337
0.6698999999999999 1600344337
0.7284999999999999 1600344337
0.7706 1600344337
0.0039000000000000146 1600344337
0.4054 1600344337
0.1299999999999999 1600344337
0.7247999999999999 1600344337
0.4935999999999998 1600344337
0.005399999999999849 1600344337
0.5915999999999999 1600344337
0.5347999999999999 1600344337
0.7351999999999999 1600344337
0.5914999999999999 1600344337
0.34419999999999984 1600344337
0.21999999999999997 1600344337
0.7248999999999999 1600344337
0.0040000000000000036 1600344337
0.7383 1600344337
0.7706 1600344337
0.5350999999999999 1600344337
0.1288999999999998 1600344337
0.005899999999999794 1600344337
0.4052 1600344337
0.5349999999999999 1600344337
0.12839999999999985 1600344337
0.7499 1600344337
0.12839999999999985 1600344337
0.5348999999999999 1600344337
0.5348999999999999 1600344337
0.34419999999999984 1600344337
0.20689999999999986 1600344337
0.004999999999999893 1600344337
0.7708999999999999 1600344337
0.738 1600344337
0.20699999999999985 1600344337
0.6710999999999998 1600344337
0.2299 1600344337
0.12129999999999996 1600344337
0.20699999999999985 1600344337
0.7382 1600344337
0.1298999999999999 1600344337
0.7289999999999999 1600344337
0.007799999999999807 1600344337
0.5916999999999999 1600344337
0.7706 1600344337
0.7203999999999999 1600344337
0.20689999999999986 1600344337
0.4053 1600344337
0.4936999999999998 1600344337
0.7416999999999998 1600344337
0.4053 1600344337
0.5934999999999999 1600344337
0.7251999999999998 1600344337
0.0046999999999999265 1600344337
0.5347999999999999 1600344337
0.8076999999999999 1600344337
0.7249999999999999 1600344337
0.6698999999999999 1600344337
0.4937999999999998 1600344337
0.6700999999999999 1600344337
0.5347 1600344337
0.5919999999999999 1600344337
0.5349999999999999 1600344337
0.3443999999999998 1600344337
0.6699999999999999 1600344337
0.4054 1600344337
0.7775999999999998 1600344337
0.5916999999999999 1600344337
0.7247999999999999 1600344337
0.6700999999999999 1600344337
0.12119999999999997 1600344337
0.5070999999999999 1600344337
0.4053 1600344337
0.7304999999999999 1600344337
0.7384 1600344337
0.12829999999999986 1600344337
0.12109999999999999 1600344337
0.6699999999999999 1600344337
0.7381 1600344337
0.0040999999999999925 1600344337
0.7306999999999999 1600344337
0.20709999999999984 1600344337
0.20679999999999987 1600344337
0.5350999999999999 1600344337
0.7117 1600344337
0.7529999999999999 1600344337
0.5913999999999999 1600344337
0.7248999999999999 1600344337
0.3447 1600344337
0.1299999999999999 1600344337
0.20669999999999988 1600344337
0.7430999999999999 1600344337
0.6698 1600344337
0.7439 1600344337
0.6698 1600344337
0.0046999999999999265 1600344337
0.6698 1600344337
0.7429999999999999 1600344337
0.20689999999999986 1600344337
0.5916999999999999 1600344337
0.3443999999999998 1600344337
0.40549999999999997 1600344337
0.7705 1600344337
0.005699999999999816 1600344337
0.007799999999999807 1600344337
0.7384999999999999 1600344337
0.7383 1600344337
0.4103999999999999 1600344337
0.7205999999999999 1600344337
0.007699999999999818 1600344337
0.7377999999999998 1600344337
0.5914999999999999 1600344337
0.3444999999999998 1600344337
0.7244999999999999 1600344337
0.5346 1600344337
0.7248999999999999 1600344337
0.0044999999999999485 1600344337
0.738 1600344337
0.3444999999999998 1600344337
0.7381 1600344337
0.6771999999999998 1600344337
0.5917999999999999 1600344337
0.34419999999999984 1600344337
0.5920999999999998 1600344337
0.7706999999999999 1600344337
0.0047999999999999154 1600344337
0.2067000000000001 1600344337
0.7246999999999999 1600344337
0.6698999999999999 1600344337
0.4935999999999998 1600344337
0.7247999999999999 1600344337
0.5348999999999999 1600344337
0.7206999999999999 1600344337
0.0038999999999997925 1600344337
0.5915999999999999 1600344337
0.7383 1600344337
0.7706 1600344337
0.34429999999999983 1600344337
0.7377999999999998 1600344337
0.0045999999999999375 1600344337
0.5347999999999999 1600344337
0.7248999999999999 1600344337
0.4934999999999998 1600344337
0.7702 1600344337
0.35209999999999986 1600344337
0.12979999999999992 1600344337
0.7248999999999999 1600344337
0.3980999999999999 1600344337
0.5918999999999999 1600344337
0.5348999999999999 1600344337
0.13019999999999987 1600344337
0.0042999999999999705 1600344337
0.7974999999999999 1600344337
0.4053 1600344337
0.007799999999999807 1600344337
0.3448 1600344337
0.4936999999999998 1600344337
0.5352999999999999 1600344337
0.7501 1600344337
0.12129999999999996 1600344337
0.1299999999999999 1600344337
0.7384999999999999 1600344337
0.12849999999999984 1600344337
0.7384 1600344337
0.7502 1600344337
0.7118 1600344337
0.7288999999999999 1600344337
0.5916999999999999 1600344337
0.12849999999999984 1600344337
0.2104999999999999 1600344337
0.7121 1600344337
0.41059999999999985 1600344337
0.4935999999999998 1600344337
0.5919999999999999 1600344337
0.005599999999999827 1600344337
0.7430999999999999 1600344337
0.5917999999999999 1600344337
0.7248999999999999 1600344337
0.7704 1600344337
0.006699999999999928 1600344337
0.20689999999999986 1600344337
0.4942 1600344337
0.7750999999999999 1600344337
0.004999999999999893 1600344337
0.7247999999999999 1600344337
0.5919999999999999 1600344337
0.5915999999999999 1600344337
0.7397999999999998 1600344337
0.4934999999999998 1600344337
0.7248999999999999 1600344337
0.5575999999999999 1600344337
0.4103999999999999 1600344337
0.7705 1600344337
0.005099999999999882 1600344337
0.7624 1600344337
0.7381 1600344337
0.7710999999999999 1600344337
0.5348999999999999 1600344337
0.004999999999999893 1600344337
0.7705 1600344337
0.3447 1600344337
0.6698999999999999 1600344337
0.2529999999999999 1600344337
0.6699999999999999 1600344337
0.7244999999999999 1600344337
0.3444999999999998 1600344337
0.4935999999999998 1600344337
0.7407999999999999 1600344337
0.20689999999999986 1600344337
0.7319 1600344337
0.7706999999999999 1600344337
0.5347 1600344337
0.5917999999999999 1600344337
0.7204999999999999 1600344337
0.20669999999999988 1600344337
0.7251000000000001 1600344337
0.7705 1600344337
0.6698 1600344337
0.6699999999999999 1600344337
0.5915999999999999 1600344337
0.6007 1600344337
0.20689999999999986 1600344337
0.0047999999999999154 1600344337
0.7706 1600344337
0.20700000000000007 1600344337
0.7381 1600344337
0.0043999999999999595 1600344337
0.7705 1600344337
0.0035999999999998256 1600344337
0.7204999999999999 1600344337
0.4053 1600344337
0.7384 1600344337
0.7704 1600344337
0.6698 1600344337
0.7248999999999999 1600344337
0.20689999999999986 1600344337
0.7313999999999998 1600344337
0.6699999999999999 1600344337
0.7247999999999999 1600344337
0.5348999999999999 1600344337
0.7249999999999999 1600344337
0.0045999999999999375 1600344337
0.7245999999999999 1600344337
0.7706999999999999 1600344337
0.5914999999999999 1600344337
0.7203999999999999 1600344337
0.5964999999999998 1600344337
0.34419999999999984 1600344337
0.7285999999999999 1600344337
0.5918999999999999 1600344337
0.7703 1600344337
0.0034999999999998366 1600344337
0.5349999999999999 1600344337
0.5917999999999999 1600344337
0.7205999999999999 1600344337
0.5912999999999999 1600344337
0.12959999999999994 1600344337
0.6698 1600344337
0.4101999999999999 1600344337
