30.584600000000002 1600567159
33.629999999999995 1600567159
39.2314 1600567159
39.5892 1600567159
28.279 1600567159
38.9404 1600567159
34.9179 1600567159
34.7773 1600567159
37.9882 1600567159
38.4218 1600567159
28.980700000000002 1600567159
39.4067 1600567159
34.897600000000004 1600567159
36.000699999999995 1600567159
35.3243 1600567159
36.650800000000004 1600567159
38.388099999999994 1600567159
38.085300000000004 1600567159
37.589 1600567159
34.9484 1600567159
35.6735 1600567159
34.7261 1600567159
39.476 1600567159
37.587799999999994 1600567159
38.0507 1600567159
28.261200000000002 1600567159
39.2755 1600567159
32.7074 1600567159
39.5859 1600567159
38.088 1600567159
38.9443 1600567159
39.0376 1600567159
35.76 1600567159
39.5835 1600567159
38.560700000000004 1600567159
38.984 1600567159
39.6332 1600567159
38.642900000000004 1600567159
36.7685 1600567159
36.074400000000004 1600567159
32.633 1600567159
39.3833 1600567159
36.9017 1600567159
39.2791 1600567159
26.0058 1600567159
34.4092 1600567159
33.251400000000004 1600567159
29.6965 1600567159
18.0518 1600567159
35.7089 1600567159
38.2106 1600567159
26.108 1600567159
39.4378 1600567159
28.772000000000002 1600567159
32.479 1600567159
35.8075 1600567159
38.209 1600567159
28.512500000000003 1600567159
12.916200000000002 1600567159
37.4406 1600567159
25.9463 1600567159
28.7702 1600567159
26.8186 1600567159
35.8103 1600567159
39.5585 1600567159
34.7996 1600567159
31.123800000000003 1600567159
38.860299999999995 1600567159
37.0009 1600567159
35.3902 1600567159
39.5621 1600567159
31.1625 1600567159
39.0353 1600567159
36.595800000000004 1600567159
38.159600000000005 1600567159
37.7295 1600567159
39.5646 1600567159
36.549499999999995 1600567159
36.181200000000004 1600567159
35.633700000000005 1600567159
38.2522 1600567159
38.0864 1600567159
39.7018 1600567159
36.7707 1600567159
37.1164 1600567159
39.3821 1600567159
38.9356 1600567159
38.6766 1600567159
34.3864 1600567159
35.089600000000004 1600567159
37.623200000000004 1600567159
39.1695 1600567159
38.8096 1600567159
38.252300000000005 1600567159
36.2367 1600567159
38.9366 1600567159
38.862500000000004 1600567159
32.4131 1600567159
39.2867 1600567159
33.815200000000004 1600567159
34.801199999999994 1600567159
32.325900000000004 1600567159
31.4065 1600567159
29.7792 1600567159
39.281 1600567159
38.676 1600567159
24.4186 1600567159
33.2873 1600567159
38.2072 1600567159
36.3016 1600567159
38.980000000000004 1600567159
33.7809 1600567159
36.7638 1600567159
39.2856 1600567159
29.346400000000003 1600567159
39.7145 1600567159
38.6103 1600567159
38.2461 1600567159
35.8085 1600567159
34.2876 1600567159
23.007 1600567159
37.4074 1600567159
36.056599999999996 1600567159
39.7127 1600567159
39.2316 1600567159
39.558 1600567159
39.667300000000004 1600567159
39.7064 1600567159
39.71 1600567159
39.3509 1600567159
39.2778 1600567159
39.4037 1600567159
30.0731 1600567159
39.0326 1600567159
38.7282 1600567159
26.5526 1600567159
24.0164 1600567159
39.0405 1600567159
39.5661 1600567159
39.5608 1600567159
39.7133 1600567159
39.668499999999995 1600567159
39.709 1600567159
39.704100000000004 1600567159
33.756499999999996 1600567159
39.5843 1600567159
34.192499999999995 1600567159
39.6225 1600567159
26.7515 1600567159
38.6451 1600567159
39.035000000000004 1600567159
39.711600000000004 1600567159
36.1238 1600567159
39.2753 1600567159
33.9432 1600567159
38.2139 1600567159
35.8072 1600567159
34.973800000000004 1600567159
35.9101 1600567159
35.1297 1600567159
39.6318 1600567159
29.3476 1600567159
38.5233 1600567159
39.5832 1600567159
36.8074 1600567159
34.1916 1600567159
38.4694 1600567159
38.9838 1600567159
38.6935 1600567159
29.4221 1600567159
38.4208 1600567159
39.4372 1600567159
34.7814 1600567159
39.282 1600567159
39.7053 1600567159
37.4041 1600567159
39.6349 1600567159
37.6225 1600567159
39.628299999999996 1600567159
38.5033 1600567159
33.3241 1600567159
38.939 1600567159
28.834200000000003 1600567159
39.6323 1600567159
39.6356 1600567159
39.137 1600567159
36.0361 1600567159
31.282500000000002 1600567159
38.6466 1600567159
35.807700000000004 1600567159
30.1594 1600567159
37.116099999999996 1600567159
38.3651 1600567159
38.9829 1600567159
36.896100000000004 1600567159
39.586600000000004 1600567159
36.632600000000004 1600567159
39.2845 1600567159
30.068900000000003 1600567159
36.037800000000004 1600567159
38.5916 1600567159
36.9916 1600567159
36.5964 1600567159
36.993500000000004 1600567159
38.522600000000004 1600567159
38.406800000000004 1600567159
37.2188 1600567159
39.7088 1600567159
39.2839 1600567159
31.774900000000002 1600567159
37.2943 1600567159
38.524100000000004 1600567159
8.484399999999999 1600567159
38.941900000000004 1600567159
32.4781 1600567159
39.6236 1600567159
33.814499999999995 1600567159
38.9818 1600567159
39.5882 1600567159
25.4696 1600567159
33.5464 1600567159
28.8639 1600567159
34.3879 1600567159
34.2022 1600567159
35.7759 1600567159
38.248200000000004 1600567159
31.9951 1600567159
39.3514 1600567159
36.7652 1600567159
39.4797 1600567159
32.9548 1600567159
33.7589 1600567159
39.4028 1600567159
38.083800000000004 1600567159
38.5557 1600567159
36.9879 1600567159
39.707100000000004 1600567159
7.6285 1600567159
39.558699999999995 1600567159
36.237899999999996 1600567159
39.6207 1600567159
33.7211 1600567159
28.3991 1600567159
38.9803 1600567159
37.5918 1600567159
39.3837 1600567159
38.343 1600567159
38.246500000000005 1600567159
39.2331 1600567159
39.2828 1600567159
28.3538 1600567159
39.4057 1600567159
39.4769 1600567159
37.7522 1600567159
27.4493 1600567159
34.2408 1600567159
37.4058 1600567159
37.6457 1600567159
39.565599999999996 1600567159
36.897400000000005 1600567159
32.7057 1600567159
37.998 1600567159
39.634800000000006 1600567159
39.7051 1600567159
33.723800000000004 1600567159
32.2891 1600567159
34.7778 1600567159
36.990500000000004 1600567159
25.9536 1600567159
38.5618 1600567159
16.6412 1600567159
16.7345 1600567159
38.5595 1600567159
37.676 1600567159
39.7012 1600567159
36.9729 1600567159
27.009500000000003 1600567159
39.2344 1600567159
38.4715 1600567159
28.3212 1600567159
38.809999999999995 1600567159
39.5672 1600567159
38.3873 1600567159
3.6217 1600567159
39.2744 1600567159
36.881 1600567159
37.7316 1600567159
39.7075 1600567159
30.089100000000002 1600567159
39.622099999999996 1600567159
39.6241 1600567159
39.5863 1600567159
30.0177 1600567159
31.011100000000003 1600567159
39.539 1600567159
38.3084 1600567159
38.862 1600567159
38.554 1600567159
39.565200000000004 1600567159
37.641400000000004 1600567159
38.3414 1600567159
38.983200000000004 1600567159
24.051000000000002 1600567159
30.069200000000002 1600567159
31.1616 1600567159
34.0734 1600567159
37.1492 1600567159
37.59 1600567159
32.2372 1600567159
38.362500000000004 1600567159
39.5402 1600567159
33.9434 1600567159
38.825599999999994 1600567159
31.698800000000002 1600567159
37.1158 1600567159
36.0003 1600567159
32.1663 1600567159
38.0912 1600567159
37.4077 1600567159
32.7885 1600567159
37.4065 1600567159
18.0155 1600567159
36.3088 1600567159
36.042 1600567159
27.0429 1600567159
31.197400000000002 1600567159
36.1845 1600567159
38.8951 1600567159
11.0248 1600567159
39.5872 1600567159
36.0371 1600567159
30.160400000000003 1600567159
36.9932 1600567159
36.3409 1600567159
39.384 1600567159
39.276 1600567159
37.7515 1600567159
36.9909 1600567159
35.998599999999996 1600567159
33.1218 1600567159
37.5923 1600567159
34.6577 1600567159
38.0894 1600567159
39.0381 1600567159
37.9204 1600567159
31.7741 1600567159
39.5627 1600567159
38.2506 1600567159
38.5914 1600567159
38.249399999999994 1600567159
38.138600000000004 1600567159
37.7299 1600567159
38.2454 1600567159
38.5554 1600567159
37.0651 1600567159
35.944900000000004 1600567159
35.8737 1600567159
39.274100000000004 1600567159
37.7277 1600567159
37.869 1600567159
39.277300000000004 1600567159
35.388799999999996 1600567159
39.3857 1600567159
37.0491 1600567159
27.2158 1600567159
38.8767 1600567159
39.478300000000004 1600567159
33.8788 1600567159
37.3544 1600567159
34.0828 1600567159
36.5002 1600567159
32.5764 1600567159
37.6753 1600567159
37.404199999999996 1600567159
37.2956 1600567159
39.2003 1600567159
32.8867 1600567159
37.0452 1600567159
39.4032 1600567159
33.977799999999995 1600567159
38.405499999999996 1600567159
35.193200000000004 1600567159
38.2861 1600567159
36.7149 1600567159
38.3439 1600567159
36.140299999999996 1600567159
36.9876 1600567159
39.5886 1600567159
39.585100000000004 1600567159
38.7624 1600567159
34.9194 1600567159
38.086 1600567159
38.211299999999994 1600567159
33.878 1600567159
33.976400000000005 1600567159
39.4941 1600567159
39.540299999999995 1600567159
38.877 1600567159
31.2768 1600567159
39.5624 1600567159
39.4026 1600567159
29.4187 1600567159
36.8623 1600567159
39.5829 1600567159
30.192 1600567159
33.7596 1600567159
34.9007 1600567159
38.7283 1600567159
39.039 1600567159
39.17 1600567159
34.8989 1600567159
38.5022 1600567159
38.7642 1600567159
38.2074 1600567159
37.2919 1600567159
39.5413 1600567159
35.6742 1600567159
30.091900000000003 1600567159
38.5576 1600567159
36.716300000000004 1600567159
37.9199 1600567159
39.4541 1600567159
38.8966 1600567159
35.467 1600567159
38.3832 1600567159
38.941199999999995 1600567159
39.666799999999995 1600567159
35.5128 1600567159
36.0561 1600567159
39.5659 1600567159
39.0139 1600567159
37.9214 1600567159
39.252700000000004 1600567159
12.8214 1600567159
38.9343 1600567159
36.358599999999996 1600567159
34.4099 1600567159
22.541 1600567159
24.1827 1600567159
39.4552 1600567159
34.7252 1600567159
0.8103 1600567159
39.286699999999996 1600567159
20.1722 1600567159
37.7305 1600567159
36.8943 1600567159
39.255900000000004 1600567159
37.2886 1600567159
39.4527 1600567159
39.5568 1600567159
22.747 1600567159
37.9034 1600567159
38.6402 1600567159
34.2219 1600567159
37.9535 1600567159
37.2836 1600567159
33.055499999999995 1600567159
36.531099999999995 1600567159
38.8781 1600567159
27.9295 1600567159
30.6063 1600567159
38.5232 1600567159
19.3917 1600567159
38.3844 1600567159
35.1295 1600567159
36.715 1600567159
36.0578 1600567159
36.972 1600567159
28.1737 1600567159
39.703900000000004 1600567159
38.3867 1600567159
37.9504 1600567159
36.6302 1600567159
39.2515 1600567159
30.775100000000002 1600567159
25.9253 1600567159
35.1939 1600567159
37.8713 1600567159
39.631899999999995 1600567159
35.4929 1600567159
39.2734 1600567159
39.2541 1600567159
32.482800000000005 1600567159
38.5243 1600567159
37.566 1600567159
38.2529 1600567159
39.4777 1600567159
37.295300000000005 1600567159
29.5442 1600567159
38.9348 1600567159
38.470600000000005 1600567159
39.4756 1600567159
39.4565 1600567159
38.0872 1600567159
37.4011 1600567159
38.939499999999995 1600567159
34.1269 1600567159
39.455400000000004 1600567159
38.5616 1600567159
36.5011 1600567159
36.9662 1600567159
38.3631 1600567159
34.1935 1600567159
38.2059 1600567159
37.9916 1600567159
31.126399999999997 1600567159
37.870000000000005 1600567159
31.9932 1600567159
39.2718 1600567159
39.701 1600567159
37.9968 1600567159
38.933 1600567159
