24.0579 1600356379
26.0466 1600356379
30.1869 1600356379
30.8602 1600356379
31.079 1600356379
25.6285 1600356379
30.0441 1600356379
19.5408 1600356379
31.0765 1600356379
22.2916 1600356379
21.625 1600356379
23.1178 1600356379
13.9649 1600356379
25.6322 1600356379
23.1222 1600356379
25.0981 1600356379
25.6287 1600356379
28.0363 1600356379
28.952 1600356379
27.6837 1600356379
31.076700000000002 1600356379
25.0172 1600356379
22.009900000000002 1600356379
23.9146 1600356379
30.8131 1600356379
23.8459 1600356379
28.3556 1600356379
23.5522 1600356379
14.9741 1600356379
25.0983 1600356379
24.6966 1600356379
28.3552 1600356379
29.8835 1600356379
31.0764 1600356379
29.8764 1600356379
16.1005 1600356379
19.1657 1600356379
29.9695 1600356379
20.4964 1600356379
30.6265 1600356379
31.351999999999997 1600356379
24.8083 1600356379
22.5575 1600356379
22.5543 1600356379
31.017500000000002 1600356379
24.316399999999998 1600356379
25.619 1600356379
22.454 1600356379
27.5191 1600356379
28.1764 1600356379
28.3673 1600356379
28.8733 1600356379
23.9786 1600356379
30.500899999999998 1600356379
22.5575 1600356379
26.4181 1600356379
25.6287 1600356379
28.9522 1600356379
28.4933 1600356379
19.0672 1600356379
29.7183 1600356379
24.040399999999998 1600356379
23.4952 1600356379
25.619 1600356379
16.8279 1600356379
29.5948 1600356379
28.7211 1600356379
31.351899999999997 1600356379
26.0263 1600356379
30.6252 1600356379
31.351200000000002 1600356379
18.4238 1600356379
25.8901 1600356379
21.046499999999998 1600356379
29.7181 1600356379
28.9522 1600356379
25.137 1600356379
30.0524 1600356379
20.642500000000002 1600356379
28.0265 1600356379
28.9528 1600356379
31.352 1600356379
28.9684 1600356379
30.7478 1600356379
18.741 1600356379
30.9139 1600356379
31.351999999999997 1600356379
22.7514 1600356379
22.5563 1600356379
29.9254 1600356379
31.026 1600356379
14.9742 1600356379
31.351999999999997 1600356379
15.8722 1600356379
18.0728 1600356379
19.799 1600356379
28.0678 1600356379
30.1819 1600356379
30.6171 1600356379
30.5168 1600356379
31.2275 1600356379
31.180600000000002 1600356379
25.4997 1600356379
21.9516 1600356379
24.8148 1600356379
25.0126 1600356379
26.9301 1600356379
30.6925 1600356379
23.313299999999998 1600356379
26.1057 1600356379
29.8457 1600356379
31.4272 1600356379
26.1065 1600356379
24.2707 1600356379
26.726 1600356379
28.6555 1600356379
16.9574 1600356379
29.7574 1600356379
28.3051 1600356379
30.7863 1600356379
21.6836 1600356379
30.9087 1600356379
18.1439 1600356379
21.2187 1600356379
22.908 1600356379
26.7795 1600356379
29.9437 1600356379
26.720200000000002 1600356379
22.9079 1600356379
26.814 1600356379
27.6236 1600356379
30.7532 1600356379
27.5918 1600356379
20.7803 1600356379
30.6887 1600356379
17.5412 1600356379
19.473200000000002 1600356379
30.7531 1600356379
26.1637 1600356379
20.450400000000002 1600356379
21.035700000000002 1600356379
25.791 1600356379
27.1085 1600356379
29.8608 1600356379
27.1083 1600356379
22.7229 1600356379
28.2222 1600356379
29.8607 1600356379
30.0476 1600356379
27.1083 1600356379
31.227400000000003 1600356379
20.2524 1600356379
29.8608 1600356379
27.1086 1600356379
21.683500000000002 1600356379
31.2276 1600356379
28.6566 1600356379
23.676000000000002 1600356379
17.5411 1600356379
21.3585 1600356379
24.595 1600356379
29.7147 1600356379
27.6106 1600356379
31.497799999999998 1600356379
28.7304 1600356379
24.6526 1600356379
29.8806 1600356379
30.7197 1600356379
21.4747 1600356379
24.4285 1600356379
30.7195 1600356379
27.944 1600356379
30.7194 1600356379
29.7572 1600356379
26.1064 1600356379
18.059 1600356379
26.8139 1600356379
29.8109 1600356379
30.581500000000002 1600356379
29.7155 1600356379
30.7526 1600356379
15.9589 1600356379
31.4273 1600356379
30.7528 1600356379
17.5409 1600356379
19.3186 1600356379
21.3458 1600356379
22.907700000000002 1600356379
31.227500000000003 1600356379
22.5987 1600356379
26.1063 1600356379
28.0056 1600356379
28.7982 1600356379
29.997 1600356379
30.9084 1600356379
28.7427 1600356379
17.5321 1600356379
30.9086 1600356379
20.8647 1600356379
26.1455 1600356379
31.359499999999997 1600356379
31.004900000000003 1600356379
21.808 1600356379
27.0269 1600356379
26.6955 1600356379
30.5273 1600356379
21.9838 1600356379
30.3952 1600356379
22.9552 1600356379
24.998 1600356379
26.2734 1600356379
27.2973 1600356379
29.7931 1600356379
26.0179 1600356379
27.7998 1600356379
25.950400000000002 1600356379
28.571 1600356379
27.2973 1600356379
28.2467 1600356379
30.1773 1600356379
17.3941 1600356379
31.1783 1600356379
28.4536 1600356379
28.976 1600356379
17.9543 1600356379
22.3326 1600356379
30.273600000000002 1600356379
25.950300000000002 1600356379
31.1288 1600356379
22.6718 1600356379
29.3791 1600356379
17.9296 1600356379
29.8488 1600356379
30.5616 1600356379
16.1952 1600356379
18.8686 1600356379
24.7291 1600356379
30.5445 1600356379
30.886400000000002 1600356379
18.8677 1600356379
21.176000000000002 1600356379
28.3773 1600356379
28.6712 1600356379
21.9172 1600356379
23.1373 1600356379
24.0066 1600356379
24.7293 1600356379
18.4244 1600356379
30.3308 1600356379
23.9355 1600356379
22.0986 1600356379
23.889 1600356379
27.2967 1600356379
27.994 1600356379
29.1767 1600356379
21.0455 1600356379
29.1392 1600356379
21.762900000000002 1600356379
26.8477 1600356379
30.886400000000002 1600356379
24.729400000000002 1600356379
31.3892 1600356379
26.7033 1600356379
21.7466 1600356379
27.2975 1600356379
28.5015 1600356379
28.2284 1600356379
18.386300000000002 1600356379
28.4541 1600356379
28.976 1600356379
15.3124 1600356379
19.4974 1600356379
29.9888 1600356379
29.139 1600356379
19.5041 1600356379
1.2153 1600356379
19.6599 1600356379
30.6118 1600356379
21.2252 1600356379
31.1289 1600356379
25.569200000000002 1600356379
22.5574 1600356379
31.308200000000003 1600356379
22.3784 1600356379
24.998 1600356379
20.525000000000002 1600356379
24.728 1600356379
25.6507 1600356379
30.9947 1600356379
25.6207 1600356379
27.6086 1600356379
29.1585 1600356379
27.9881 1600356379
23.0008 1600356379
28.6892 1600356379
22.9059 1600356379
23.7938 1600356379
25.6679 1600356379
24.587600000000002 1600356379
29.139400000000002 1600356379
28.3863 1600356379
28.6712 1600356379
19.6478 1600356379
30.964 1600356379
28.7317 1600356379
31.3906 1600356379
28.4239 1600356379
19.2786 1600356379
30.619500000000002 1600356379
19.7422 1600356379
30.4329 1600356379
20.8655 1600356379
24.0309 1600356379
26.2884 1600356379
25.4486 1600356379
21.6647 1600356379
27.9392 1600356379
28.4236 1600356379
28.7703 1600356379
30.7377 1600356379
24.3045 1600356379
28.732400000000002 1600356379
20.3387 1600356379
28.5051 1600356379
22.1345 1600356379
30.89 1600356379
22.6946 1600356379
31.0505 1600356379
22.8541 1600356379
31.400199999999998 1600356379
23.8454 1600356379
29.8621 1600356379
31.058400000000002 1600356379
22.703500000000002 1600356379
24.819200000000002 1600356379
26.2745 1600356379
25.0458 1600356379
24.4593 1600356379
29.5249 1600356379
28.0353 1600356379
25.2375 1600356379
26.2042 1600356379
28.0535 1600356379
29.924 1600356379
26.2042 1600356379
17.903200000000002 1600356379
29.8792 1600356379
30.9517 1600356379
15.7422 1600356379
30.9514 1600356379
21.0455 1600356379
20.9424 1600356379
23.315 1600356379
28.944200000000002 1600356379
28.0534 1600356379
31.014000000000003 1600356379
23.465600000000002 1600356379
24.8181 1600356379
25.7516 1600356379
15.9907 1600356379
24.7246 1600356379
19.3205 1600356379
24.3991 1600356379
25.0033 1600356379
27.9393 1600356379
27.9393 1600356379
30.9255 1600356379
25.026 1600356379
28.8988 1600356379
29.9235 1600356379
25.0261 1600356379
30.1642 1600356379
23.942 1600356379
30.7921 1600356379
24.8181 1600356379
27.9431 1600356379
27.5178 1600356379
30.6139 1600356379
27.5795 1600356379
19.28 1600356379
29.9666 1600356379
30.9598 1600356379
24.648 1600356379
21.464100000000002 1600356379
26.8598 1600356379
24.9219 1600356379
21.0461 1600356379
26.2244 1600356379
14.7878 1600356379
26.2118 1600356379
19.9539 1600356379
27.666900000000002 1600356379
22.4502 1600356379
21.8694 1600356379
30.1064 1600356379
30.7114 1600356379
24.3985 1600356379
16.089100000000002 1600356379
26.5772 1600356379
26.577 1600356379
28.4956 1600356379
21.869 1600356379
30.4986 1600356379
23.8459 1600356379
21.7714 1600356379
28.7296 1600356379
26.6971 1600356379
30.6156 1600356379
31.4473 1600356379
27.0146 1600356379
20.0284 1600356379
26.5947 1600356379
22.3719 1600356379
30.6161 1600356379
26.8042 1600356379
31.2236 1600356379
23.6185 1600356379
29.7137 1600356379
18.4957 1600356379
31.2558 1600356379
20.1847 1600356379
29.7136 1600356379
19.5734 1600356379
21.433500000000002 1600356379
25.622600000000002 1600356379
30.654 1600356379
20.4075 1600356379
29.9662 1600356379
22.5834 1600356379
30.5718 1600356379
22.5835 1600356379
22.6357 1600356379
31.2558 1600356379
29.5095 1600356379
24.4652 1600356379
31.238100000000003 1600356379
25.000600000000002 1600356379
22.6139 1600356379
28.2268 1600356379
20.7105 1600356379
26.779 1600356379
30.6541 1600356379
27.348300000000002 1600356379
31.199 1600356379
27.5702 1600356379
30.616 1600356379
22.1372 1600356379
27.4017 1600356379
15.551400000000001 1600356379
29.966 1600356379
24.4447 1600356379
30.6359 1600356379
17.5402 1600356379
22.368 1600356379
28.0562 1600356379
27.6585 1600356379
31.256100000000004 1600356379
23.7127 1600356379
29.0045 1600356379
29.9662 1600356379
30.521 1600356379
19.4353 1600356379
30.5211 1600356379
16.355900000000002 1600356379
22.4182 1600356379
20.2382 1600356379
25.628500000000003 1600356379
29.714100000000002 1600356379
30.4878 1600356379
23.4523 1600356379
29.3723 1600356379
24.6388 1600356379
17.5398 1600356379
31.3334 1600356379
30.6159 1600356379
27.9782 1600356379
18.1704 1600356379
24.2393 1600356379
29.7135 1600356379
26.0229 1600356379
26.779 1600356379
28.7297 1600356379
17.8098 1600356379
31.1147 1600356379
28.596700000000002 1600356379
18.8639 1600356379
25.1497 1600356379
22.5834 1600356379
28.0868 1600356379
26.7792 1600356379
18.3752 1600356379
30.4877 1600356379
30.6541 1600356379
26.3378 1600356379
18.8638 1600356379
29.7138 1600356379
30.4879 1600356379
29.9662 1600356379
20.1856 1600356379
30.7526 1600356379
19.4632 1600356379
24.3731 1600356379
26.5548 1600356379
30.6337 1600356379
29.714000000000002 1600356379
19.451 1600356379
28.8856 1600356379
24.7178 1600356379
24.1678 1600356379
28.0546 1600356379
29.9938 1600356379
30.501 1600356379
