22.014999999999997 1600226241
29.261200000000002 1600226241
30.1586 1600226241
22.289 1600226241
26.727800000000002 1600226241
21.733700000000002 1600226241
29.195600000000002 1600226241
25.1106 1600226241
30.263 1600226241
23.052200000000003 1600226241
28.369200000000003 1600226241
27.2609 1600226241
25.0224 1600226241
30.697400000000002 1600226241
25.947200000000002 1600226241
31.003600000000002 1600226241
26.102600000000002 1600226241
22.9939 1600226241
17.518700000000003 1600226241
26.0913 1600226241
27.9067 1600226241
29.195600000000002 1600226241
29.252200000000002 1600226241
24.1496 1600226241
20.091700000000003 1600226241
29.7298 1600226241
25.939400000000003 1600226241
30.0085 1600226241
25.015800000000002 1600226241
20.0349 1600226241
26.8941 1600226241
29.1999 1600226241
15.5435 1600226241
29.1954 1600226241
23.0195 1600226241
27.334400000000002 1600226241
22.8429 1600226241
23.5096 1600226241
30.2578 1600226241
23.53 1600226241
19.8606 1600226241
25.951700000000002 1600226241
30.0089 1600226241
19.2815 1600226241
25.8991 1600226241
26.0131 1600226241
26.7716 1600226241
28.9926 1600226241
22.9353 1600226241
26.7469 1600226241
29.5226 1600226241
30.875300000000003 1600226241
30.228499999999997 1600226241
29.5252 1600226241
28.9927 1600226241
30.7341 1600226241
23.9975 1600226241
31.0613 1600226241
21.7005 1600226241
25.3917 1600226241
27.627000000000002 1600226241
26.065 1600226241
17.9282 1600226241
29.5229 1600226241
29.251900000000003 1600226241
30.482100000000003 1600226241
26.050900000000002 1600226241
19.639100000000003 1600226241
29.8867 1600226241
23.059800000000003 1600226241
30.910500000000003 1600226241
27.334600000000002 1600226241
27.6949 1600226241
30.4296 1600226241
31.061500000000002 1600226241
25.8203 1600226241
21.256500000000003 1600226241
28.6828 1600226241
25.078200000000002 1600226241
26.0648 1600226241
29.069000000000003 1600226241
30.2578 1600226241
26.805600000000002 1600226241
25.3922 1600226241
29.2014 1600226241
26.0131 1600226241
30.910700000000002 1600226241
29.535700000000002 1600226241
28.9925 1600226241
25.9479 1600226241
30.7151 1600226241
26.6982 1600226241
30.3103 1600226241
26.6983 1600226241
4.3481000000000005 1600226241
22.9351 1600226241
20.0721 1600226241
22.8703 1600226241
27.3319 1600226241
30.0078 1600226241
27.514000000000003 1600226241
30.677300000000002 1600226241
24.3331 1600226241
29.224700000000002 1600226241
24.3383 1600226241
25.823700000000002 1600226241
30.759600000000002 1600226241
26.5852 1600226241
28.7176 1600226241
25.4921 1600226241
31.0198 1600226241
30.4805 1600226241
26.9111 1600226241
19.3032 1600226241
30.5764 1600226241
27.0377 1600226241
17.1003 1600226241
23.684 1600226241
28.8331 1600226241
30.150000000000002 1600226241
20.4797 1600226241
28.090300000000003 1600226241
29.2839 1600226241
30.6098 1600226241
22.8216 1600226241
29.301000000000002 1600226241
22.672 1600226241
30.106900000000003 1600226241
24.8637 1600226241
30.8272 1600226241
30.1 1600226241
17.6639 1600226241
30.3882 1600226241
17.6643 1600226241
27.0547 1600226241
30.9724 1600226241
19.8383 1600226241
29.1157 1600226241
22.7125 1600226241
29.0592 1600226241
30.1994 1600226241
30.5999 1600226241
22.160400000000003 1600226241
27.7699 1600226241
22.6447 1600226241
30.907999999999998 1600226241
24.7173 1600226241
28.4268 1600226241
29.3606 1600226241
30.479599999999998 1600226241
19.8379 1600226241
29.4495 1600226241
22.6718 1600226241
26.6015 1600226241
29.7569 1600226241
30.677300000000002 1600226241
29.8568 1600226241
24.5093 1600226241
30.677300000000002 1600226241
29.767400000000002 1600226241
30.3503 1600226241
22.1084 1600226241
24.0514 1600226241
30.3504 1600226241
24.4765 1600226241
26.4494 1600226241
24.026300000000003 1600226241
30.7868 1600226241
29.8669 1600226241
24.6432 1600226241
25.8409 1600226241
17.34 1600226241
29.264599999999998 1600226241
25.2345 1600226241
27.680300000000003 1600226241
30.4799 1600226241
19.065700000000003 1600226241
30.9083 1600226241
28.0908 1600226241
24.6341 1600226241
30.3881 1600226241
18.979100000000003 1600226241
23.762700000000002 1600226241
28.090400000000002 1600226241
20.0949 1600226241
30.6388 1600226241
19.468999999999998 1600226241
27.435200000000002 1600226241
22.7863 1600226241
30.677000000000003 1600226241
25.9511 1600226241
28.384800000000002 1600226241
21.8795 1600226241
25.611 1600226241
30.0695 1600226241
29.7486 1600226241
27.3488 1600226241
22.704700000000003 1600226241
24.6869 1600226241
28.770400000000002 1600226241
30.5468 1600226241
28.273200000000003 1600226241
21.8272 1600226241
29.2073 1600226241
30.692800000000002 1600226241
29.9582 1600226241
30.9327 1600226241
28.273600000000002 1600226241
20.677300000000002 1600226241
29.723100000000002 1600226241
30.59 1600226241
17.4097 1600226241
23.4815 1600226241
30.8499 1600226241
23.2174 1600226241
27.190700000000003 1600226241
28.5582 1600226241
29.764200000000002 1600226241
30.854599999999998 1600226241
26.0675 1600226241
23.058500000000002 1600226241
28.2878 1600226241
24.487000000000002 1600226241
29.2121 1600226241
31.200100000000003 1600226241
29.764200000000002 1600226241
24.457800000000002 1600226241
29.6963 1600226241
24.718 1600226241
30.305500000000002 1600226241
25.1946 1600226241
27.4555 1600226241
27.0411 1600226241
27.1982 1600226241
30.7255 1600226241
28.9826 1600226241
18.2573 1600226241
27.0411 1600226241
20.4764 1600226241
24.096 1600226241
28.982300000000002 1600226241
30.1055 1600226241
30.776000000000003 1600226241
25.9495 1600226241
28.2744 1600226241
30.6929 1600226241
25.473999999999997 1600226241
26.4003 1600226241
30.2806 1600226241
30.3963 1600226241
24.418200000000002 1600226241
30.3964 1600226241
27.513 1600226241
27.446499999999997 1600226241
17.9819 1600226241
30.849700000000002 1600226241
19.7464 1600226241
22.641399999999997 1600226241
28.982200000000002 1600226241
30.2802 1600226241
24.418200000000002 1600226241
21.7086 1600226241
30.508000000000003 1600226241
24.1693 1600226241
31.0679 1600226241
27.192600000000002 1600226241
26.2926 1600226241
21.1965 1600226241
26.5023 1600226241
17.0455 1600226241
28.2737 1600226241
26.2395 1600226241
23.3307 1600226241
25.710800000000003 1600226241
29.154700000000002 1600226241
28.4477 1600226241
26.1371 1600226241
30.306700000000003 1600226241
23.3003 1600226241
28.274 1600226241
27.585900000000002 1600226241
30.5352 1600226241
27.5214 1600226241
29.6963 1600226241
25.433500000000002 1600226241
29.6963 1600226241
25.9235 1600226241
23.660600000000002 1600226241
27.512900000000002 1600226241
30.308500000000002 1600226241
27.3304 1600226241
28.316100000000002 1600226241
19.1126 1600226241
28.9917 1600226241
28.181800000000003 1600226241
29.7422 1600226241
15.908399999999999 1600226241
28.181800000000003 1600226241
30.5581 1600226241
29.7405 1600226241
30.7221 1600226241
29.613300000000002 1600226241
30.1504 1600226241
30.611800000000002 1600226241
24.4842 1600226241
28.8864 1600226241
30.544800000000002 1600226241
19.3673 1600226241
25.355800000000002 1600226241
30.0931 1600226241
28.4888 1600226241
25.355800000000002 1600226241
30.240000000000002 1600226241
24.5244 1600226241
26.7044 1600226241
28.922 1600226241
30.3825 1600226241
31.1539 1600226241
29.0885 1600226241
16.973399999999998 1600226241
26.3897 1600226241
29.7419 1600226241
20.5318 1600226241
26.4588 1600226241
30.7546 1600226241
27.116400000000002 1600226241
28.9786 1600226241
30.8044 1600226241
28.9346 1600226241
20.398300000000003 1600226241
30.793400000000002 1600226241
21.7196 1600226241
16.1083 1600226241
26.0568 1600226241
22.941000000000003 1600226241
28.066399999999998 1600226241
31.017500000000002 1600226241
28.3591 1600226241
25.1399 1600226241
29.8681 1600226241
22.2024 1600226241
29.9478 1600226241
24.5809 1600226241
28.5078 1600226241
30.9266 1600226241
21.4403 1600226241
24.9383 1600226241
30.2941 1600226241
28.6571 1600226241
16.8035 1600226241
24.9576 1600226241
30.611600000000003 1600226241
25.5884 1600226241
27.6907 1600226241
19.5969 1600226241
27.6279 1600226241
30.1495 1600226241
28.489 1600226241
21.3929 1600226241
29.259800000000002 1600226241
16.7936 1600226241
25.5378 1600226241
15.1481 1600226241
26.047400000000003 1600226241
28.3824 1600226241
17.2188 1600226241
30.084 1600226241
26.035 1600226241
18.401 1600226241
21.3155 1600226241
28.723300000000002 1600226241
29.2406 1600226241
17.628500000000003 1600226241
21.076800000000002 1600226241
22.8049 1600226241
30.0839 1600226241
30.6442 1600226241
23.316300000000002 1600226241
30.7103 1600226241
20.1654 1600226241
29.2377 1600226241
30.035300000000003 1600226241
23.7085 1600226241
20.3979 1600226241
25.9541 1600226241
30.7936 1600226241
25.7673 1600226241
20.3978 1600226241
30.7935 1600226241
24.348200000000002 1600226241
26.759900000000002 1600226241
28.8828 1600226241
30.203100000000003 1600226241
21.7925 1600226241
28.7988 1600226241
24.484 1600226241
30.362 1600226241
26.1037 1600226241
25.8582 1600226241
20.622600000000002 1600226241
26.1015 1600226241
30.0712 1600226241
29.5763 1600226241
23.8119 1600226241
30.7944 1600226241
27.5991 1600226241
30.528200000000002 1600226241
22.5197 1600226241
30.969900000000003 1600226241
24.828400000000002 1600226241
30.146700000000003 1600226241
27.4511 1600226241
31.056 1600226241
27.3828 1600226241
28.9631 1600226241
21.8958 1600226241
28.861800000000002 1600226241
28.811400000000003 1600226241
24.642000000000003 1600226241
28.8368 1600226241
30.6618 1600226241
24.415300000000002 1600226241
27.1493 1600226241
22.046200000000002 1600226241
27.110100000000003 1600226241
28.6839 1600226241
27.3776 1600226241
28.6389 1600226241
30.3273 1600226241
22.937600000000003 1600226241
30.3183 1600226241
28.567700000000002 1600226241
16.7513 1600226241
30.568900000000003 1600226241
28.5673 1600226241
22.589100000000002 1600226241
30.3185 1600226241
24.308200000000003 1600226241
31.072300000000002 1600226241
25.8474 1600226241
27.1901 1600226241
28.1854 1600226241
29.1167 1600226241
28.308300000000003 1600226241
29.2922 1600226241
19.4038 1600226241
20.4191 1600226241
30.5044 1600226241
29.052300000000002 1600226241
28.9117 1600226241
30.1502 1600226241
30.8136 1600226241
24.0597 1600226241
26.441899999999997 1600226241
26.993299999999998 1600226241
27.8414 1600226241
28.8705 1600226241
30.1463 1600226241
28.8638 1600226241
30.094199999999997 1600226241
29.945700000000002 1600226241
28.2101 1600226241
21.71 1600226241
29.184700000000003 1600226241
30.6202 1600226241
21.421100000000003 1600226241
29.1099 1600226241
17.721400000000003 1600226241
23.442800000000002 1600226241
19.1734 1600226241
26.1979 1600226241
29.945500000000003 1600226241
24.4175 1600226241
30.969900000000003 1600226241
25.671200000000002 1600226241
28.796300000000002 1600226241
30.470200000000002 1600226241
24.550800000000002 1600226241
19.7193 1600226241
28.686600000000002 1600226241
29.21 1600226241
30.1463 1600226241
30.3194 1600226241
19.7188 1600226241
21.759800000000002 1600226241
30.778200000000002 1600226241
20.264 1600226241
31.0711 1600226241
24.4153 1600226241
26.645200000000003 1600226241
28.8806 1600226241
29.184700000000003 1600226241
28.6388 1600226241
24.357400000000002 1600226241
15.0583 1600226241
30.9408 1600226241
24.8749 1600226241
29.1371 1600226241
21.0756 1600226241
30.0776 1600226241
28.567500000000003 1600226241
22.698300000000003 1600226241
24.4725 1600226241
30.511400000000002 1600226241
22.4039 1600226241
29.8988 1600226241
24.6418 1600226241
29.549999999999997 1600226241
28.645200000000003 1600226241
19.0168 1600226241
28.9318 1600226241
30.5077 1600226241
