19.6586 1600356057
29.1707 1600356057
34.4983 1600356057
35.0666 1600356057
35.847899999999996 1600356057
35.0415 1600356057
22.3172 1600356057
35.7582 1600356057
28.6136 1600356057
31.0839 1600356057
26.5378 1600356057
30.7697 1600356057
31.017300000000002 1600356057
36.005199999999995 1600356057
30.7177 1600356057
26.8471 1600356057
34.6517 1600356057
34.4668 1600356057
31.014000000000003 1600356057
36.0047 1600356057
34.644299999999994 1600356057
31.013700000000004 1600356057
36.8228 1600356057
36.016099999999994 1600356057
31.0136 1600356057
25.2234 1600356057
33.105999999999995 1600356057
31.826100000000004 1600356057
36.4139 1600356057
31.6647 1600356057
25.0399 1600356057
34.153499999999994 1600356057
34.808699999999995 1600356057
11.3864 1600356057
27.498 1600356057
31.088 1600356057
36.0907 1600356057
31.618500000000004 1600356057
29.0637 1600356057
35.8907 1600356057
30.451600000000003 1600356057
36.1062 1600356057
23.9814 1600356057
30.3547 1600356057
36.3966 1600356057
36.8093 1600356057
15.5759 1600356057
33.1753 1600356057
27.1495 1600356057
36.0046 1600356057
31.8462 1600356057
34.316700000000004 1600356057
20.435100000000002 1600356057
34.1617 1600356057
27.9471 1600356057
35.757999999999996 1600356057
30.6715 1600356057
27.893 1600356057
34.632 1600356057
31.373800000000003 1600356057
21.995700000000003 1600356057
36.004799999999996 1600356057
31.710700000000003 1600356057
26.9602 1600356057
36.7806 1600356057
30.6716 1600356057
34.6436 1600356057
32.3222 1600356057
8.8354 1600356057
26.5435 1600356057
36.8085 1600356057
33.140699999999995 1600356057
28.761300000000002 1600356057
28.674300000000002 1600356057
31.035500000000003 1600356057
34.4219 1600356057
27.5474 1600356057
36.8093 1600356057
29.8577 1600356057
25.2075 1600356057
34.099999999999994 1600356057
35.8483 1600356057
31.013700000000004 1600356057
29.2197 1600356057
31.375 1600356057
33.6939 1600356057
35.3335 1600356057
31.742400000000004 1600356057
34.4923 1600356057
34.067 1600356057
24.0238 1600356057
36.004799999999996 1600356057
31.3746 1600356057
27.2119 1600356057
29.508000000000003 1600356057
34.466699999999996 1600356057
27.0679 1600356057
34.0464 1600356057
36.316900000000004 1600356057
36.7097 1600356057
34.8687 1600356057
30.8306 1600356057
26.861700000000003 1600356057
34.923899999999996 1600356057
13.748899999999999 1600356057
36.7323 1600356057
19.5185 1600356057
28.317 1600356057
34.992399999999996 1600356057
28.3171 1600356057
31.9905 1600356057
29.3348 1600356057
35.7169 1600356057
30.245900000000002 1600356057
33.2432 1600356057
17.4164 1600356057
34.555899999999994 1600356057
35.581199999999995 1600356057
30.1356 1600356057
36.6345 1600356057
35.0038 1600356057
34.4783 1600356057
30.607200000000002 1600356057
33.8981 1600356057
27.1214 1600356057
35.7543 1600356057
30.6122 1600356057
33.3121 1600356057
16.7196 1600356057
36.6729 1600356057
36.2996 1600356057
33.011199999999995 1600356057
28.823600000000003 1600356057
26.921 1600356057
35.7168 1600356057
23.262 1600356057
30.2462 1600356057
35.003899999999994 1600356057
34.312599999999996 1600356057
34.0597 1600356057
30.1722 1600356057
31.4779 1600356057
36.1424 1600356057
34.8103 1600356057
34.394600000000004 1600356057
35.199099999999994 1600356057
19.2272 1600356057
34.430299999999995 1600356057
35.7782 1600356057
20.7132 1600356057
25.2166 1600356057
16.0929 1600356057
29.4507 1600356057
34.771499999999996 1600356057
23.4237 1600356057
33.8206 1600356057
35.2112 1600356057
28.0197 1600356057
35.5678 1600356057
31.362000000000002 1600356057
34.4781 1600356057
20.367800000000003 1600356057
35.6564 1600356057
26.8151 1600356057
35.6382 1600356057
27.1704 1600356057
26.5364 1600356057
35.003899999999994 1600356057
36.6291 1600356057
25.1932 1600356057
29.4004 1600356057
36.2611 1600356057
27.7393 1600356057
34.9029 1600356057
35.693200000000004 1600356057
27.1997 1600356057
20.368000000000002 1600356057
30.521700000000003 1600356057
36.6271 1600356057
30.9018 1600356057
31.5174 1600356057
31.4778 1600356057
34.728899999999996 1600356057
26.6101 1600356057
34.7712 1600356057
24.364 1600356057
35.012299999999996 1600356057
27.2512 1600356057
35.2114 1600356057
29.3122 1600356057
30.396800000000002 1600356057
33.2132 1600356057
36.9142 1600356057
34.4825 1600356057
30.3215 1600356057
32.9389 1600356057
36.6725 1600356057
32.6773 1600356057
29.3124 1600356057
31.5073 1600356057
35.2611 1600356057
36.5445 1600356057
34.078199999999995 1600356057
36.1644 1600356057
36.8694 1600356057
26.5396 1600356057
19.915 1600356057
35.3175 1600356057
26.0213 1600356057
36.7564 1600356057
30.9498 1600356057
27.9591 1600356057
31.771200000000004 1600356057
24.1111 1600356057
33.322399999999995 1600356057
27.7712 1600356057
33.4043 1600356057
35.6874 1600356057
30.1297 1600356057
25.811700000000002 1600356057
36.253899999999994 1600356057
30.2328 1600356057
34.5732 1600356057
35.4484 1600356057
25.811700000000002 1600356057
35.4794 1600356057
34.1129 1600356057
31.463800000000003 1600356057
22.899900000000002 1600356057
36.4204 1600356057
33.822199999999995 1600356057
36.2786 1600356057
30.357100000000003 1600356057
29.962400000000002 1600356057
34.0614 1600356057
20.5197 1600356057
27.8273 1600356057
33.779999999999994 1600356057
34.6224 1600356057
35.0739 1600356057
27.7713 1600356057
31.257300000000004 1600356057
34.632 1600356057
35.7027 1600356057
31.394000000000002 1600356057
36.4852 1600356057
31.394 1600356057
34.2598 1600356057
33.9756 1600356057
20.5198 1600356057
36.2536 1600356057
33.1509 1600356057
34.750899999999994 1600356057
20.5199 1600356057
26.961000000000002 1600356057
36.430699999999995 1600356057
34.693 1600356057
31.671300000000002 1600356057
34.2568 1600356057
20.8702 1600356057
36.054 1600356057
36.0746 1600356057
31.047400000000003 1600356057
33.9758 1600356057
36.319399999999995 1600356057
20.8705 1600356057
34.0442 1600356057
34.678999999999995 1600356057
20.892300000000002 1600356057
36.8527 1600356057
34.6788 1600356057
30.4904 1600356057
34.412800000000004 1600356057
25.7863 1600356057
35.3215 1600356057
34.622 1600356057
19.7683 1600356057
34.6224 1600356057
28.6761 1600356057
28.2361 1600356057
28.459600000000002 1600356057
24.7341 1600356057
36.222300000000004 1600356057
30.021 1600356057
27.6662 1600356057
35.418800000000005 1600356057
27.3073 1600356057
33.2876 1600356057
27.2075 1600356057
36.3824 1600356057
34.455299999999994 1600356057
29.1412 1600356057
33.8223 1600356057
34.9826 1600356057
28.395400000000002 1600356057
34.9086 1600356057
33.121500000000005 1600356057
34.632 1600356057
27.421300000000002 1600356057
36.394600000000004 1600356057
34.6219 1600356057
36.4509 1600356057
24.8306 1600356057
36.7571 1600356057
27.924 1600356057
35.8733 1600356057
30.415200000000002 1600356057
34.381299999999996 1600356057
37.1524 1600356057
34.3813 1600356057
36.3051 1600356057
30.706400000000002 1600356057
30.325400000000002 1600356057
33.8812 1600356057
36.1945 1600356057
34.4232 1600356057
19.3731 1600356057
35.0461 1600356057
25.3976 1600356057
33.7041 1600356057
18.8446 1600356057
35.7754 1600356057
29.9467 1600356057
27.7411 1600356057
33.2972 1600356057
26.6841 1600356057
33.0126 1600356057
36.4056 1600356057
17.9797 1600356057
28.768800000000002 1600356057
30.8156 1600356057
36.682399999999994 1600356057
25.2175 1600356057
32.2577 1600356057
34.2187 1600356057
14.4364 1600356057
36.6842 1600356057
20.7864 1600356057
35.1656 1600356057
20.753500000000003 1600356057
29.5824 1600356057
35.775499999999994 1600356057
28.0642 1600356057
30.6112 1600356057
30.7228 1600356057
34.6312 1600356057
25.2176 1600356057
34.607 1600356057
36.6782 1600356057
30.6114 1600356057
21.3814 1600356057
35.581599999999995 1600356057
27.9239 1600356057
24.9324 1600356057
30.7066 1600356057
24.3369 1600356057
35.898599999999995 1600356057
23.9983 1600356057
32.5685 1600356057
31.3341 1600356057
26.9526 1600356057
35.776 1600356057
30.706300000000002 1600356057
36.7811 1600356057
30.706200000000003 1600356057
33.7605 1600356057
21.381500000000003 1600356057
37.1442 1600356057
35.5815 1600356057
33.7087 1600356057
15.406200000000002 1600356057
19.7424 1600356057
34.5532 1600356057
31.775299999999998 1600356057
34.6115 1600356057
35.6149 1600356057
27.843600000000002 1600356057
35.8983 1600356057
29.5679 1600356057
19.9127 1600356057
32.3213 1600356057
36.782 1600356057
30.415100000000002 1600356057
20.8789 1600356057
34.5149 1600356057
36.55 1600356057
25.6111 1600356057
33.881 1600356057
36.5462 1600356057
27.2831 1600356057
34.2078 1600356057
33.7164 1600356057
35.8733 1600356057
27.2831 1600356057
31.383800000000004 1600356057
19.8087 1600356057
36.7936 1600356057
31.3301 1600356057
34.5884 1600356057
34.593199999999996 1600356057
24.586100000000002 1600356057
36.352999999999994 1600356057
29.866600000000002 1600356057
30.7056 1600356057
30.7259 1600356057
35.208 1600356057
34.911899999999996 1600356057
24.2358 1600356057
36.33 1600356057
36.6803 1600356057
34.6285 1600356057
23.9922 1600356057
28.4007 1600356057
18.0076 1600356057
28.8623 1600356057
34.0603 1600356057
22.704 1600356057
35.704899999999995 1600356057
29.5275 1600356057
34.7712 1600356057
29.099800000000002 1600356057
34.6351 1600356057
26.812800000000003 1600356057
34.7712 1600356057
34.5835 1600356057
26.689500000000002 1600356057
34.770599999999995 1600356057
26.919600000000003 1600356057
36.1641 1600356057
28.610300000000002 1600356057
36.2785 1600356057
24.8942 1600356057
17.8196 1600356057
36.887100000000004 1600356057
29.5427 1600356057
34.6637 1600356057
29.1 1600356057
30.2615 1600356057
31.900700000000004 1600356057
31.4402 1600356057
36.4799 1600356057
34.6639 1600356057
34.355399999999996 1600356057
36.5852 1600356057
26.5895 1600356057
34.030899999999995 1600356057
27.3003 1600356057
31.927000000000003 1600356057
19.3916 1600356057
32.9947 1600356057
26.9192 1600356057
34.6273 1600356057
34.6445 1600356057
35.7307 1600356057
30.680500000000002 1600356057
36.3653 1600356057
27.212 1600356057
34.354299999999995 1600356057
35.651799999999994 1600356057
34.1067 1600356057
24.4343 1600356057
35.382799999999996 1600356057
30.7773 1600356057
34.389500000000005 1600356057
34.946600000000004 1600356057
27.066000000000003 1600356057
34.972100000000005 1600356057
36.2476 1600356057
20.1654 1600356057
28.3241 1600356057
35.6754 1600356057
30.3958 1600356057
36.8872 1600356057
25.4475 1600356057
27.5273 1600356057
34.6284 1600356057
20.7396 1600356057
27.055600000000002 1600356057
34.480199999999996 1600356057
34.809 1600356057
20.590700000000002 1600356057
31.1398 1600356057
28.296 1600356057
34.7458 1600356057
29.2363 1600356057
35.553799999999995 1600356057
29.2204 1600356057
31.324300000000004 1600356057
35.121199999999995 1600356057
26.9585 1600356057
34.746 1600356057
34.8088 1600356057
30.885 1600356057
35.6389 1600356057
36.1562 1600356057
28.285500000000003 1600356057
33.1036 1600356057
24.9604 1600356057
32.9383 1600356057
34.808899999999994 1600356057
34.770599999999995 1600356057
20.1464 1600356057
29.9307 1600356057
33.042899999999996 1600356057
35.6665 1600356057
34.483 1600356057
36.6034 1600356057
34.4064 1600356057
36.8375 1600356057
34.0184 1600356057
37.0543 1600356057
34.5661 1600356057
