0.7155999999999999 1600214507
0.1606 1600214507
0.5485 1600214507
0.288 1600214507
0.3899 1600214507
0.007000000000000006 1600214507
0.08349999999999999 1600214507
0.17020000000000002 1600214507
0.005299999999999999 1600214507
0.11929999999999999 1600214507
0.5482 1600214507
0.6185 1600214507
0.7533000000000001 1600214507
0.0059000000000000025 1600214507
0.3897 1600214507
0.8121 1600214507
0.2878 1600214507
0.7533000000000001 1600214507
0.5478000000000001 1600214507
0.7542 1600214507
0.005500000000000005 1600214507
0.7453000000000001 1600214507
0.2879 1600214507
0.7452000000000001 1600214507
0.6719999999999999 1600214507
0.004200000000000009 1600214507
0.1056 1600214507
0.7453000000000001 1600214507
0.2874 1600214507
0.6416 1600214507
0.556 1600214507
0.45349999999999996 1600214507
0.2956 1600214507
0.1603 1600214507
0.7825 1600214507
0.1604 1600214507
0.8363 1600214507
0.08340000000000002 1600214507
0.7457 1600214507
0.2878 1600214507
0.0058 1600214507
0.8361000000000001 1600214507
0.49100000000000005 1600214507
0.7377 1600214507
0.7822 1600214507
0.004600000000000007 1600214507
0.2879 1600214507
0.7446999999999999 1600214507
0.6414 1600214507
0.1604 1600214507
0.288 1600214507
0.3939 1600214507
0.005299999999999999 1600214507
0.6079 1600214507
0.1612 1600214507
0.0040000000000000036 1600214507
0.8358000000000001 1600214507
0.1191 1600214507
0.5511999999999999 1600214507
0.288 1600214507
0.28759999999999997 1600214507
0.813 1600214507
0.7455 1600214507
0.6414000000000001 1600214507
0.16010000000000002 1600214507
0.7454000000000001 1600214507
0.6107 1600214507
0.45339999999999997 1600214507
0.1599 1600214507
0.3895 1600214507
0.6052 1600214507
0.3898 1600214507
0.7536 1600214507
0.2877 1600214507
0.15999999999999998 1600214507
0.5481 1600214507
0.8118000000000001 1600214507
0.004100000000000006 1600214507
0.7455 1600214507
0.2878 1600214507
0.005299999999999999 1600214507
0.7451000000000001 1600214507
0.4532 1600214507
0.4967 1600214507
0.1599 1600214507
0.49089999999999995 1600214507
0.7447999999999999 1600214507
0.005299999999999999 1600214507
0.5734999999999999 1600214507
0.605 1600214507
0.004900000000000002 1600214507
0.8360000000000001 1600214507
0.7451000000000001 1600214507
0.1601 1600214507
0.782 1600214507
0.1183 1600214507
0.2879 1600214507
0.7152000000000001 1600214507
0.007300000000000001 1600214507
0.11839999999999999 1600214507
0.288 1600214507
0.8118000000000001 1600214507
0.1598 1600214507
0.7458 1600214507
0.007000000000000006 1600214507
0.7155 1600214507
0.2875 1600214507
0.49089999999999995 1600214507
0.4913 1600214507
0.4533 1600214507
0.812 1600214507
0.49110000000000004 1600214507
0.6051 1600214507
0.5478000000000001 1600214507
0.007500000000000007 1600214507
0.7448 1600214507
0.7378 1600214507
0.6414000000000001 1600214507
0.605 1600214507
0.7455 1600214507
0.0063 1600214507
0.5737000000000001 1600214507
0.7538 1600214507
0.7377 1600214507
0.6059000000000001 1600214507
0.1599 1600214507
0.6412 1600214507
0.6725000000000001 1600214507
0.548 1600214507
0.7476 1600214507
0.7457 1600214507
0.1601 1600214507
0.7453000000000001 1600214507
0.0068000000000000005 1600214507
0.7457 1600214507
0.45359999999999995 1600214507
0.5484 1600214507
0.10579999999999999 1600214507
0.456 1600214507
0.2882 1600214507
0.16010000000000002 1600214507
0.2934 1600214507
0.005299999999999999 1600214507
0.7821 1600214507
0.3899 1600214507
0.1598 1600214507
0.006100000000000008 1600214507
0.7455 1600214507
0.7156 1600214507
0.5479 1600214507
0.288 1600214507
0.49079999999999996 1600214507
0.7453000000000001 1600214507
0.004799999999999999 1600214507
0.8146 1600214507
0.49089999999999995 1600214507
0.548 1600214507
0.7463000000000001 1600214507
0.7182 1600214507
0.6716 1600214507
0.5481 1600214507
0.7453000000000001 1600214507
0.006699999999999998 1600214507
0.15999999999999998 1600214507
0.1096 1600214507
0.005500000000000005 1600214507
0.49100000000000005 1600214507
0.004600000000000007 1600214507
0.7531000000000001 1600214507
0.8130999999999999 1600214507
0.7451000000000001 1600214507
0.7844 1600214507
0.8117000000000001 1600214507
0.2877 1600214507
0.38939999999999997 1600214507
0.1191 1600214507
0.006100000000000008 1600214507
0.7824 1600214507
0.7157 1600214507
0.288 1600214507
0.2877 1600214507
0.5736 1600214507
0.29059999999999997 1600214507
0.004299999999999998 1600214507
0.782 1600214507
0.007000000000000006 1600214507
0.08390000000000002 1600214507
0.2887 1600214507
0.004299999999999998 1600214507
0.8363 1600214507
0.2879 1600214507
0.6052000000000001 1600214507
0.2875 1600214507
0.7451000000000001 1600214507
0.005100000000000007 1600214507
0.8360000000000001 1600214507
0.7451000000000001 1600214507
0.8398000000000001 1600214507
0.7453000000000001 1600214507
0.6413 1600214507
0.3896 1600214507
0.1599 1600214507
0.2878 1600214507
0.7618 1600214507
0.49069999999999997 1600214507
0.5484 1600214507
0.005100000000000007 1600214507
0.605 1600214507
0.7153 1600214507
0.7821 1600214507
0.5736000000000001 1600214507
0.548 1600214507
0.1598 1600214507
0.49579999999999996 1600214507
0.7457 1600214507
0.1599 1600214507
0.49089999999999995 1600214507
0.5484 1600214507
0.5482 1600214507
0.15999999999999998 1600214507
0.7452000000000001 1600214507
0.004100000000000006 1600214507
0.7454000000000001 1600214507
0.6049 1600214507
0.2879 1600214507
0.7451000000000001 1600214507
0.7454000000000001 1600214507
0.5737000000000001 1600214507
0.8358000000000001 1600214507
0.548 1600214507
0.004699999999999996 1600214507
0.7452000000000001 1600214507
0.004900000000000002 1600214507
0.2892 1600214507
0.2878 1600214507
0.812 1600214507
0.3895 1600214507
0.6133000000000001 1600214507
0.005100000000000007 1600214507
0.38939999999999997 1600214507
0.1598 1600214507
0.8118000000000001 1600214507
0.006100000000000008 1600214507
0.8117000000000001 1600214507
0.006400000000000003 1600214507
0.5483 1600214507
0.0835 1600214507
0.184 1600214507
0.7455 1600214507
0.2879 1600214507
0.1598 1600214507
0.297 1600214507
0.0040000000000000036 1600214507
0.7455 1600214507
0.7461 1600214507
0.1602 1600214507
0.003699999999999995 1600214507
0.7822 1600214507
0.8513 1600214507
0.7152999999999999 1600214507
0.7152999999999999 1600214507
0.7511 1600214507
0.6805 1600214507
0.3896 1600214507
0.8352999999999999 1600214507
0.0068000000000000005 1600214507
0.8359 1600214507
0.003500000000000003 1600214507
0.6717 1600214507
0.7155999999999999 1600214507
0.006400000000000003 1600214507
0.8357000000000001 1600214507
0.45380000000000004 1600214507
0.3896 1600214507
0.6720999999999999 1600214507
0.49069999999999997 1600214507
0.5485 1600214507
0.49089999999999995 1600214507
0.7452000000000001 1600214507
0.005199999999999996 1600214507
0.288 1600214507
0.3898 1600214507
0.7459 1600214507
0.005100000000000007 1600214507
0.49069999999999997 1600214507
0.7390000000000001 1600214507
0.5737000000000001 1600214507
0.5482 1600214507
0.8355999999999999 1600214507
0.6048 1600214507
0.8354999999999999 1600214507
0.004299999999999998 1600214507
0.004100000000000006 1600214507
0.8358000000000001 1600214507
0.6049 1600214507
0.7453000000000001 1600214507
0.2876 1600214507
0.6413 1600214507
0.8358000000000001 1600214507
0.2874 1600214507
0.8360000000000001 1600214507
0.0040000000000000036 1600214507
0.8115000000000001 1600214507
0.45349999999999996 1600214507
0.6716 1600214507
0.7456 1600214507
0.6046 1600214507
0.7378 1600214507
0.004500000000000004 1600214507
0.8359000000000001 1600214507
0.8117000000000001 1600214507
0.8386 1600214507
0.7454000000000001 1600214507
0.8355999999999999 1600214507
0.8439000000000001 1600214507
0.6717000000000001 1600214507
0.8359000000000001 1600214507
0.0039000000000000007 1600214507
0.7156 1600214507
0.6048 1600214507
0.7822 1600214507
0.2879 1600214507
0.3895 1600214507
0.5481 1600214507
0.5483 1600214507
0.3897 1600214507
0.005500000000000005 1600214507
0.2879 1600214507
0.29359999999999997 1600214507
0.16010000000000002 1600214507
0.49069999999999997 1600214507
0.2878 1600214507
0.7456 1600214507
0.5482 1600214507
0.3895 1600214507
0.7452000000000001 1600214507
0.7507 1600214507
0.49069999999999997 1600214507
0.1599 1600214507
0.7457 1600214507
0.1241 1600214507
0.004299999999999998 1600214507
0.6413000000000001 1600214507
0.7456 1600214507
0.007300000000000001 1600214507
0.7533000000000001 1600214507
0.7823 1600214507
0.45359999999999995 1600214507
0.7452000000000001 1600214507
0.548 1600214507
0.38989999999999997 1600214507
0.5483 1600214507
0.004699999999999996 1600214507
0.8117000000000001 1600214507
0.8359000000000001 1600214507
0.6718000000000001 1600214507
0.1193 1600214507
0.7457 1600214507
0.2878 1600214507
0.16010000000000002 1600214507
0.0040000000000000036 1600214507
0.8121 1600214507
0.6053 1600214507
0.15999999999999998 1600214507
0.8360000000000001 1600214507
0.288 1600214507
0.8117000000000001 1600214507
0.6051000000000001 1600214507
0.7454000000000001 1600214507
0.1604 1600214507
0.7454000000000001 1600214507
0.4906 1600214507
0.5746 1600214507
0.1599 1600214507
0.00470000000000001 1600214507
0.8360000000000001 1600214507
0.8357000000000001 1600214507
0.38939999999999997 1600214507
0.738 1600214507
0.2879 1600214507
0.11920000000000001 1600214507
0.5737000000000001 1600214507
0.45339999999999997 1600214507
0.15990000000000001 1600214507
0.6717 1600214507
0.836 1600214507
0.8385999999999999 1600214507
0.6715 1600214507
0.8357 1600214507
0.2877 1600214507
0.8355999999999999 1600214507
0.5732999999999999 1600214507
0.6413 1600214507
0.8356 1600214507
0.0040000000000000036 1600214507
0.738 1600214507
0.6045999999999999 1600214507
0.8360000000000001 1600214507
0.7456999999999999 1600214507
0.2877 1600214507
0.7154 1600214507
0.003599999999999992 1600214507
0.8356 1600214507
0.6049 1600214507
0.004299999999999998 1600214507
0.8360000000000001 1600214507
0.7451 1600214507
0.8118000000000001 1600214507
0.8375999999999999 1600214507
0.7819 1600214507
0.8360000000000001 1600214507
0.5733999999999999 1600214507
0.8353999999999999 1600214507
0.004500000000000004 1600214507
0.8356 1600214507
0.004600000000000007 1600214507
0.8119 1600214507
0.4533 1600214507
0.004400000000000001 1600214507
0.8358 1600214507
0.8358 1600214507
0.45339999999999997 1600214507
0.8361000000000001 1600214507
0.004199999999999995 1600214507
0.8360000000000001 1600214507
0.5734999999999999 1600214507
0.8356 1600214507
0.007300000000000001 1600214507
0.6717 1600214507
0.8360000000000001 1600214507
0.7152 1600214507
0.6051 1600214507
0.8356 1600214507
0.003799999999999998 1600214507
0.7155 1600214507
0.7382 1600214507
0.39590000000000003 1600214507
0.2876 1600214507
0.7455999999999999 1600214507
0.004500000000000004 1600214507
0.605 1600214507
0.8358 1600214507
0.8357 1600214507
0.2877 1600214507
0.8357 1600214507
0.0068000000000000005 1600214507
0.2874 1600214507
0.7452000000000001 1600214507
0.2877 1600214507
0.7153 1600214507
0.7484 1600214507
0.605 1600214507
0.5479 1600214507
0.8360000000000001 1600214507
0.49079999999999996 1600214507
0.7053 1600214507
0.15999999999999998 1600214507
0.3902 1600214507
0.2878 1600214507
0.4611 1600214507
0.5483 1600214507
0.49089999999999995 1600214507
0.782 1600214507
0.11920000000000001 1600214507
0.0883 1600214507
0.0050000000000000044 1600214507
0.7782 1600214507
0.2879 1600214507
0.605 1600214507
0.004400000000000001 1600214507
0.5483 1600214507
0.2879 1600214507
0.2877 1600214507
0.45369999999999994 1600214507
0.08340000000000002 1600214507
0.5737000000000001 1600214507
0.004199999999999995 1600214507
0.7455 1600214507
0.2876 1600214507
0.7456 1600214507
0.6052000000000001 1600214507
0.15999999999999998 1600214507
0.3901 1600214507
0.0039000000000000007 1600214507
0.7452000000000001 1600214507
0.7888000000000001 1600214507
0.1598 1600214507
0.7823 1600214507
0.5484 1600214507
0.49079999999999996 1600214507
0.004600000000000007 1600214507
0.5489999999999999 1600214507
0.6413 1600214507
0.8117000000000001 1600214507
0.0050000000000000044 1600214507
0.8357 1600214507
0.5479 1600214507
0.745 1600214507
0.49079999999999996 1600214507
0.7453000000000001 1600214507
0.7453000000000001 1600214507
0.6413000000000001 1600214507
0.6415 1600214507
0.6050000000000001 1600214507
0.007400000000000004 1600214507
0.288 1600214507
0.7449 1600214507
0.8357000000000001 1600214507
0.3888 1600214507
0.6514000000000001 1600214507
0.3891 1600214507
0.5821000000000001 1600214507
