55.6232 1600637467
56.208299999999994 1600637467
40.870400000000004 1600637467
48.9644 1600637467
47.6945 1600637467
50.3553 1600637467
41.4522 1600637467
55.968 1600637467
41.238 1600637467
49.6065 1600637467
42.237700000000004 1600637467
46.7747 1600637467
51.565799999999996 1600637467
48.86 1600637467
51.049 1600637467
49.129799999999996 1600637467
50.9717 1600637467
53.1581 1600637467
54.5763 1600637467
43.1366 1600637467
55.3359 1600637467
49.5398 1600637467
5.8933 1600637467
49.3883 1600637467
51.9985 1600637467
54.193 1600637467
39.8871 1600637467
54.1931 1600637467
47.6558 1600637467
52.691900000000004 1600637467
38.3183 1600637467
43.2967 1600637467
55.1475 1600637467
43.0768 1600637467
53.803 1600637467
49.1013 1600637467
42.5176 1600637467
55.914100000000005 1600637467
54.8128 1600637467
47.586999999999996 1600637467
53.0927 1600637467
48.0638 1600637467
41.1522 1600637467
52.924800000000005 1600637467
46.6901 1600637467
55.9136 1600637467
52.282399999999996 1600637467
50.9864 1600637467
39.4056 1600637467
55.0707 1600637467
46.236200000000004 1600637467
51.4953 1600637467
45.783300000000004 1600637467
53.513200000000005 1600637467
48.7136 1600637467
55.1473 1600637467
48.6805 1600637467
55.9369 1600637467
50.1528 1600637467
37.5247 1600637467
49.9962 1600637467
37.3804 1600637467
51.4832 1600637467
52.6586 1600637467
53.5129 1600637467
37.2911 1600637467
54.2016 1600637467
55.414 1600637467
55.9685 1600637467
40.8819 1600637467
54.1921 1600637467
54.430800000000005 1600637467
55.1231 1600637467
41.7111 1600637467
55.232099999999996 1600637467
45.702600000000004 1600637467
55.898700000000005 1600637467
47.263200000000005 1600637467
49.715 1600637467
52.6729 1600637467
39.339999999999996 1600637467
54.1926 1600637467
54.3817 1600637467
49.2385 1600637467
54.3817 1600637467
50.1152 1600637467
52.191900000000004 1600637467
38.2159 1600637467
41.2383 1600637467
53.1483 1600637467
54.5048 1600637467
33.5823 1600637467
51.8309 1600637467
50.1396 1600637467
54.2042 1600637467
51.9848 1600637467
37.3801 1600637467
54.3819 1600637467
55.5163 1600637467
35.951299999999996 1600637467
56.208 1600637467
34.2832 1600637467
50.9045 1600637467
38.3189 1600637467
41.8685 1600637467
48.8964 1600637467
48.203900000000004 1600637467
51.0305 1600637467
50.3062 1600637467
52.564699999999995 1600637467
54.428399999999996 1600637467
55.1474 1600637467
56.2081 1600637467
53.049600000000005 1600637467
40.8701 1600637467
51.2894 1600637467
44.692 1600637467
49.4143 1600637467
55.2473 1600637467
50.3159 1600637467
56.0443 1600637467
54.3005 1600637467
55.968 1600637467
41.5458 1600637467
47.4962 1600637467
42.886199999999995 1600637467
40.7545 1600637467
49.7172 1600637467
47.5377 1600637467
55.0703 1600637467
35.7031 1600637467
48.8698 1600637467
49.7158 1600637467
39.953 1600637467
51.266999999999996 1600637467
54.524300000000004 1600637467
45.6418 1600637467
44.7425 1600637467
39.8331 1600637467
48.205400000000004 1600637467
50.140100000000004 1600637467
52.9259 1600637467
55.623999999999995 1600637467
54.3816 1600637467
47.741 1600637467
48.8312 1600637467
50.761700000000005 1600637467
52.010600000000004 1600637467
38.1711 1600637467
52.6544 1600637467
47.852399999999996 1600637467
54.547 1600637467
49.473 1600637467
55.4743 1600637467
53.0916 1600637467
34.419799999999995 1600637467
54.744 1600637467
51.541199999999996 1600637467
54.1928 1600637467
41.378 1600637467
55.5302 1600637467
55.7375 1600637467
55.720400000000005 1600637467
45.8804 1600637467
55.5306 1600637467
50.4878 1600637467
42.490300000000005 1600637467
51.426300000000005 1600637467
55.7127 1600637467
47.753499999999995 1600637467
35.9327 1600637467
53.060300000000005 1600637467
49.697900000000004 1600637467
47.9622 1600637467
52.836200000000005 1600637467
55.5306 1600637467
56.0052 1600637467
48.8286 1600637467
56.1231 1600637467
48.828399999999995 1600637467
50.904900000000005 1600637467
51.471000000000004 1600637467
33.5826 1600637467
51.1218 1600637467
41.8992 1600637467
51.122 1600637467
54.389500000000005 1600637467
51.121700000000004 1600637467
52.4454 1600637467
54.7436 1600637467
54.5768 1600637467
52.594100000000005 1600637467
38.679899999999996 1600637467
55.590900000000005 1600637467
50.0277 1600637467
54.5843 1600637467
52.070100000000004 1600637467
55.7375 1600637467
52.0687 1600637467
54.1132 1600637467
41.8055 1600637467
54.7613 1600637467
41.8179 1600637467
56.0599 1600637467
43.6677 1600637467
52.076499999999996 1600637467
37.402100000000004 1600637467
55.061600000000006 1600637467
43.6731 1600637467
48.856899999999996 1600637467
44.9928 1600637467
54.1301 1600637467
55.6777 1600637467
44.844500000000004 1600637467
51.216100000000004 1600637467
48.3801 1600637467
55.2952 1600637467
49.7256 1600637467
50.1377 1600637467
51.9883 1600637467
53.0302 1600637467
55.644600000000004 1600637467
39.3007 1600637467
50.5375 1600637467
54.124700000000004 1600637467
49.720400000000005 1600637467
54.13 1600637467
39.949600000000004 1600637467
54.4382 1600637467
48.8724 1600637467
50.4364 1600637467
49.709700000000005 1600637467
36.487100000000005 1600637467
49.845 1600637467
51.0118 1600637467
53.061 1600637467
52.4289 1600637467
54.1471 1600637467
34.6349 1600637467
39.4932 1600637467
54.2932 1600637467
46.2582 1600637467
54.3878 1600637467
48.5064 1600637467
49.2792 1600637467
37.0171 1600637467
54.9055 1600637467
49.279399999999995 1600637467
50.1374 1600637467
55.7124 1600637467
52.8729 1600637467
50.5603 1600637467
51.2228 1600637467
54.476 1600637467
55.7126 1600637467
50.555299999999995 1600637467
41.9471 1600637467
53.5532 1600637467
53.765 1600637467
41.9464 1600637467
49.7676 1600637467
39.481300000000005 1600637467
46.745599999999996 1600637467
54.2641 1600637467
54.1306 1600637467
48.7155 1600637467
54.3718 1600637467
42.2717 1600637467
48.0083 1600637467
54.6537 1600637467
46.712 1600637467
49.9871 1600637467
42.332499999999996 1600637467
50.5311 1600637467
54.4761 1600637467
43.815400000000004 1600637467
55.0557 1600637467
50.5124 1600637467
55.7295 1600637467
45.969 1600637467
37.8258 1600637467
50.6376 1600637467
54.4045 1600637467
48.8285 1600637467
55.5306 1600637467
49.9003 1600637467
45.3773 1600637467
53.060100000000006 1600637467
48.743700000000004 1600637467
53.0445 1600637467
55.6702 1600637467
49.9007 1600637467
42.2332 1600637467
50.1174 1600637467
36.036500000000004 1600637467
55.558800000000005 1600637467
43.488 1600637467
38.822500000000005 1600637467
50.463300000000004 1600637467
54.6706 1600637467
48.0828 1600637467
51.0213 1600637467
55.548 1600637467
51.406 1600637467
54.113 1600637467
54.335699999999996 1600637467
55.4775 1600637467
48.9868 1600637467
55.170100000000005 1600637467
43.550799999999995 1600637467
46.2779 1600637467
45.0855 1600637467
49.721 1600637467
49.7096 1600637467
54.337399999999995 1600637467
47.2652 1600637467
53.4825 1600637467
48.196000000000005 1600637467
53.0884 1600637467
54.7378 1600637467
48.6871 1600637467
55.2302 1600637467
39.138400000000004 1600637467
54.5203 1600637467
55.7126 1600637467
39.2503 1600637467
50.3881 1600637467
48.8581 1600637467
48.810300000000005 1600637467
54.23 1600637467
49.026599999999995 1600637467
56.1636 1600637467
52.8329 1600637467
41.8029 1600637467
49.9527 1600637467
40.842800000000004 1600637467
45.9744 1600637467
54.3108 1600637467
43.8715 1600637467
55.296099999999996 1600637467
47.5854 1600637467
55.7637 1600637467
49.3517 1600637467
49.1289 1600637467
53.4761 1600637467
54.0309 1600637467
46.5247 1600637467
55.4465 1600637467
51.0289 1600637467
54.2021 1600637467
41.4501 1600637467
50.2406 1600637467
54.6267 1600637467
35.555 1600637467
55.3701 1600637467
41.8306 1600637467
47.6931 1600637467
49.1259 1600637467
55.1759 1600637467
37.6424 1600637467
47.3285 1600637467
51.8352 1600637467
52.833200000000005 1600637467
47.1777 1600637467
51.8352 1600637467
54.7035 1600637467
54.1836 1600637467
40.8098 1600637467
54.9788 1600637467
56.1513 1600637467
41.8305 1600637467
46.7735 1600637467
49.579899999999995 1600637467
53.2462 1600637467
54.5775 1600637467
41.5927 1600637467
46.7739 1600637467
52.833 1600637467
52.3594 1600637467
54.6031 1600637467
54.5301 1600637467
48.7248 1600637467
54.9392 1600637467
53.3296 1600637467
39.6892 1600637467
54.873799999999996 1600637467
42.0059 1600637467
51.4571 1600637467
19.0398 1600637467
50.860600000000005 1600637467
54.112300000000005 1600637467
55.3697 1600637467
42.002900000000004 1600637467
52.8331 1600637467
42.1794 1600637467
46.2343 1600637467
51.385799999999996 1600637467
54.2004 1600637467
50.663799999999995 1600637467
47.9223 1600637467
54.112899999999996 1600637467
50.3046 1600637467
35.371300000000005 1600637467
50.2879 1600637467
54.212500000000006 1600637467
42.0807 1600637467
54.877 1600637467
51.835300000000004 1600637467
41.852 1600637467
54.0376 1600637467
54.3817 1600637467
37.449000000000005 1600637467
56.1839 1600637467
37.3091 1600637467
54.6477 1600637467
46.5983 1600637467
41.449799999999996 1600637467
49.1277 1600637467
54.4766 1600637467
46.135200000000005 1600637467
56.1659 1600637467
52.3593 1600637467
54.4748 1600637467
55.4336 1600637467
47.3827 1600637467
55.782599999999995 1600637467
54.0308 1600637467
37.25 1600637467
53.8234 1600637467
41.4505 1600637467
45.5999 1600637467
54.5775 1600637467
55.7078 1600637467
48.7855 1600637467
51.0266 1600637467
53.7678 1600637467
54.0312 1600637467
54.112100000000005 1600637467
25.927300000000002 1600637467
38.888099999999994 1600637467
54.2382 1600637467
41.7384 1600637467
55.368700000000004 1600637467
42.6011 1600637467
17.123700000000003 1600637467
46.4097 1600637467
49.351400000000005 1600637467
47.5857 1600637467
55.3852 1600637467
42.1805 1600637467
56.183600000000006 1600637467
54.1998 1600637467
46.1385 1600637467
44.4816 1600637467
33.8855 1600637467
55.368700000000004 1600637467
46.7727 1600637467
49.2477 1600637467
48.5966 1600637467
51.0272 1600637467
55.2924 1600637467
56.1513 1600637467
52.359500000000004 1600637467
49.8908 1600637467
40.1584 1600637467
48.597100000000005 1600637467
55.344100000000005 1600637467
49.1252 1600637467
30.729799999999997 1600637467
49.136900000000004 1600637467
51.8714 1600637467
51.4568 1600637467
54.1126 1600637467
38.999700000000004 1600637467
54.6087 1600637467
50.602799999999995 1600637467
41.6404 1600637467
53.116800000000005 1600637467
54.4277 1600637467
43.6614 1600637467
48.9164 1600637467
42.8115 1600637467
54.5077 1600637467
37.220400000000005 1600637467
42.899100000000004 1600637467
52.359300000000005 1600637467
56.0112 1600637467
49.580200000000005 1600637467
47.6931 1600637467
49.713 1600637467
54.112500000000004 1600637467
50.304700000000004 1600637467
54.1124 1600637467
55.565799999999996 1600637467
44.4812 1600637467
41.592 1600637467
51.0287 1600637467
55.4388 1600637467
41.592099999999995 1600637467
54.1127 1600637467
48.406800000000004 1600637467
54.488 1600637467
54.350100000000005 1600637467
38.2244 1600637467
56.1552 1600637467
54.3009 1600637467
49.498000000000005 1600637467
51.328 1600637467
49.4767 1600637467
56.076499999999996 1600637467
50.5568 1600637467
54.3661 1600637467
