33.8816 1600637166
32.9365 1600637166
40.0523 1600637166
32.5373 1600637166
36.7566 1600637166
26.2584 1600637166
37.67 1600637166
39.125499999999995 1600637166
36.0207 1600637166
36.908 1600637166
40.7105 1600637166
39.08 1600637166
26.098300000000002 1600637166
36.6222 1600637166
37.1995 1600637166
27.2237 1600637166
38.1434 1600637166
37.938 1600637166
39.155100000000004 1600637166
28.225399999999997 1600637166
33.460300000000004 1600637166
39.1556 1600637166
39.7761 1600637166
35.345600000000005 1600637166
39.7753 1600637166
40.302 1600637166
37.2585 1600637166
31.563500000000005 1600637166
36.020599999999995 1600637166
37.1459 1600637166
37.9065 1600637166
36.0203 1600637166
37.9378 1600637166
4.257999999999999 1600637166
28.6304 1600637166
39.0295 1600637166
38.511 1600637166
28.4569 1600637166
38.265100000000004 1600637166
39.994800000000005 1600637166
40.3495 1600637166
31.5689 1600637166
40.558299999999996 1600637166
34.1348 1600637166
36.8979 1600637166
33.747099999999996 1600637166
36.7603 1600637166
38.7239 1600637166
36.9077 1600637166
38.0244 1600637166
39.735099999999996 1600637166
30.6272 1600637166
40.2821 1600637166
30.249600000000004 1600637166
35.702400000000004 1600637166
30.0287 1600637166
33.8814 1600637166
35.9533 1600637166
38.416000000000004 1600637166
29.958 1600637166
37.258399999999995 1600637166
35.9992 1600637166
38.8525 1600637166
39.9949 1600637166
31.6336 1600637166
40.343199999999996 1600637166
38.8284 1600637166
40.689299999999996 1600637166
29.9563 1600637166
36.025600000000004 1600637166
39.7088 1600637166
26.6443 1600637166
40.519999999999996 1600637166
28.256099999999996 1600637166
31.624299999999998 1600637166
37.1455 1600637166
31.577900000000003 1600637166
32.8914 1600637166
39.1571 1600637166
34.944700000000005 1600637166
27.233500000000003 1600637166
33.8816 1600637166
39.530899999999995 1600637166
35.931400000000004 1600637166
26.4024 1600637166
27.339 1600637166
35.354 1600637166
36.04 1600637166
27.8718 1600637166
35.0404 1600637166
37.0738 1600637166
29.7926 1600637166
13.2914 1600637166
37.3232 1600637166
40.6081 1600637166
37.2002 1600637166
31.138599999999997 1600637166
40.7581 1600637166
31.972700000000003 1600637166
33.8507 1600637166
36.1417 1600637166
38.5119 1600637166
34.1353 1600637166
29.1022 1600637166
38.3198 1600637166
40.316199999999995 1600637166
34.029 1600637166
36.1307 1600637166
28.64 1600637166
33.5097 1600637166
27.3418 1600637166
39.6604 1600637166
40.3096 1600637166
40.6085 1600637166
29.1757 1600637166
33.949 1600637166
31.176300000000005 1600637166
37.259499999999996 1600637166
33.9227 1600637166
37.2545 1600637166
33.420300000000005 1600637166
36.5336 1600637166
38.524899999999995 1600637166
30.075800000000005 1600637166
40.039500000000004 1600637166
38.3664 1600637166
31.563 1600637166
33.923 1600637166
39.1565 1600637166
33.8159 1600637166
35.9535 1600637166
31.5355 1600637166
38.205 1600637166
40.2948 1600637166
23.9052 1600637166
35.053599999999996 1600637166
39.0347 1600637166
36.420100000000005 1600637166
38.5355 1600637166
39.4471 1600637166
40.6086 1600637166
33.8813 1600637166
34.406600000000005 1600637166
39.276 1600637166
27.6526 1600637166
36.0382 1600637166
40.7254 1600637166
37.3921 1600637166
37.1451 1600637166
39.708 1600637166
28.2068 1600637166
36.0387 1600637166
37.9377 1600637166
29.6742 1600637166
36.7639 1600637166
27.9112 1600637166
33.9484 1600637166
31.6333 1600637166
37.1449 1600637166
39.995200000000004 1600637166
38.2695 1600637166
33.2931 1600637166
40.803399999999996 1600637166
37.1646 1600637166
34.5966 1600637166
35.5303 1600637166
39.4023 1600637166
37.5488 1600637166
40.4568 1600637166
33.198 1600637166
38.3863 1600637166
27.978800000000003 1600637166
39.761199999999995 1600637166
34.0684 1600637166
38.7372 1600637166
40.1207 1600637166
34.187400000000004 1600637166
40.9249 1600637166
27.2739 1600637166
31.084899999999998 1600637166
36.8205 1600637166
34.6108 1600637166
36.0025 1600637166
30.0952 1600637166
22.4401 1600637166
36.0165 1600637166
37.047799999999995 1600637166
36.8504 1600637166
39.439 1600637166
31.629599999999996 1600637166
40.1221 1600637166
30.294799999999995 1600637166
33.4613 1600637166
37.144999999999996 1600637166
37.3482 1600637166
39.738699999999994 1600637166
36.4565 1600637166
32.6691 1600637166
39.2307 1600637166
37.635 1600637166
38.2707 1600637166
33.096900000000005 1600637166
32.331 1600637166
33.5428 1600637166
36.7648 1600637166
39.402499999999996 1600637166
36.5511 1600637166
40.2545 1600637166
33.543 1600637166
31.208 1600637166
37.233999999999995 1600637166
38.260600000000004 1600637166
39.537600000000005 1600637166
39.7994 1600637166
38.2573 1600637166
33.1462 1600637166
24.3574 1600637166
40.029700000000005 1600637166
33.7889 1600637166
36.5571 1600637166
31.3086 1600637166
40.4227 1600637166
38.3306 1600637166
34.9209 1600637166
27.2938 1600637166
38.318799999999996 1600637166
32.3072 1600637166
39.186299999999996 1600637166
31.735100000000003 1600637166
33.9698 1600637166
34.9722 1600637166
38.5198 1600637166
38.3395 1600637166
25.9147 1600637166
34.5206 1600637166
40.435199999999995 1600637166
29.6642 1600637166
35.2538 1600637166
36.8536 1600637166
28.971 1600637166
36.8479 1600637166
38.2928 1600637166
38.3799 1600637166
34.7035 1600637166
38.270399999999995 1600637166
39.5379 1600637166
39.663000000000004 1600637166
30.904799999999998 1600637166
34.4319 1600637166
28.491300000000003 1600637166
33.638200000000005 1600637166
35.1622 1600637166
38.5507 1600637166
39.9692 1600637166
40.8876 1600637166
34.406299999999995 1600637166
33.5899 1600637166
38.0276 1600637166
25.365499999999997 1600637166
34.610499999999995 1600637166
39.6625 1600637166
37.4823 1600637166
39.663000000000004 1600637166
35.2177 1600637166
40.600500000000004 1600637166
37.165600000000005 1600637166
26.776500000000002 1600637166
38.0317 1600637166
37.1658 1600637166
40.383399999999995 1600637166
38.165 1600637166
40.7776 1600637166
29.6916 1600637166
36.6092 1600637166
29.6456 1600637166
33.2868 1600637166
30.142899999999997 1600637166
32.1154 1600637166
31.458900000000003 1600637166
34.7055 1600637166
33.6734 1600637166
37.053999999999995 1600637166
37.1279 1600637166
39.813500000000005 1600637166
37.0471 1600637166
34.738899999999994 1600637166
38.3185 1600637166
38.858999999999995 1600637166
40.7654 1600637166
38.9848 1600637166
35.8699 1600637166
33.6378 1600637166
40.095099999999995 1600637166
34.307300000000005 1600637166
40.4244 1600637166
36.4122 1600637166
34.696400000000004 1600637166
37.2629 1600637166
38.1767 1600637166
40.308899999999994 1600637166
38.4028 1600637166
24.815199999999997 1600637166
32.0175 1600637166
40.4988 1600637166
37.5634 1600637166
33.7601 1600637166
34.5207 1600637166
37.4656 1600637166
39.621700000000004 1600637166
33.6524 1600637166
40.4586 1600637166
36.2406 1600637166
26.6731 1600637166
35.3586 1600637166
36.8681 1600637166
25.819499999999998 1600637166
40.28 1600637166
27.927599999999998 1600637166
37.6348 1600637166
41.0369 1600637166
39.9436 1600637166
28.1255 1600637166
34.343599999999995 1600637166
40.4354 1600637166
29.651200000000003 1600637166
25.819499999999998 1600637166
30.862800000000004 1600637166
38.211600000000004 1600637166
39.1289 1600637166
31.734300000000005 1600637166
40.5655 1600637166
37.4311 1600637166
23.2519 1600637166
37.0623 1600637166
39.2098 1600637166
29.1062 1600637166
39.721000000000004 1600637166
29.5901 1600637166
31.510800000000003 1600637166
33.6406 1600637166
39.3275 1600637166
34.1463 1600637166
40.4698 1600637166
37.31 1600637166
28.634900000000002 1600637166
31.589400000000005 1600637166
32.6869 1600637166
37.8045 1600637166
36.2715 1600637166
34.8307 1600637166
38.9863 1600637166
39.3401 1600637166
40.0306 1600637166
34.8408 1600637166
35.171 1600637166
40.030899999999995 1600637166
36.7618 1600637166
32.7848 1600637166
36.1266 1600637166
37.5781 1600637166
29.769 1600637166
33.5389 1600637166
35.912600000000005 1600637166
40.5629 1600637166
37.430800000000005 1600637166
38.3623 1600637166
33.666199999999996 1600637166
40.5791 1600637166
33.5844 1600637166
35.7917 1600637166
35.3826 1600637166
36.4738 1600637166
36.2624 1600637166
31.007799999999996 1600637166
37.0723 1600637166
38.3022 1600637166
39.598600000000005 1600637166
38.3643 1600637166
36.761 1600637166
29.554000000000002 1600637166
34.942099999999996 1600637166
40.0584 1600637166
28.7487 1600637166
33.932700000000004 1600637166
37.0625 1600637166
40.431000000000004 1600637166
35.018100000000004 1600637166
31.022599999999997 1600637166
36.5319 1600637166
19.419600000000003 1600637166
37.414699999999996 1600637166
39.336800000000004 1600637166
30.6073 1600637166
37.400099999999995 1600637166
40.4699 1600637166
32.7943 1600637166
39.234500000000004 1600637166
36.235099999999996 1600637166
39.460100000000004 1600637166
40.0901 1600637166
40.603500000000004 1600637166
32.7942 1600637166
38.590199999999996 1600637166
34.4353 1600637166
38.538 1600637166
39.871 1600637166
29.943400000000004 1600637166
34.3125 1600637166
32.3962 1600637166
40.0143 1600637166
33.0587 1600637166
35.018299999999996 1600637166
33.6661 1600637166
34.6559 1600637166
39.2093 1600637166
35.321 1600637166
34.8306 1600637166
37.2215 1600637166
36.5972 1600637166
40.448 1600637166
37.4729 1600637166
40.9639 1600637166
34.6492 1600637166
25.1348 1600637166
32.9671 1600637166
35.780300000000004 1600637166
35.371700000000004 1600637166
38.1336 1600637166
39.4059 1600637166
32.2932 1600637166
36.795 1600637166
24.469900000000003 1600637166
34.555099999999996 1600637166
39.4039 1600637166
35.1557 1600637166
37.061 1600637166
36.4899 1600637166
27.4527 1600637166
36.4897 1600637166
39.9908 1600637166
30.2081 1600637166
36.9724 1600637166
40.7265 1600637166
38.2855 1600637166
30.683799999999998 1600637166
25.9003 1600637166
32.060700000000004 1600637166
40.145399999999995 1600637166
37.7845 1600637166
32.133799999999994 1600637166
37.4478 1600637166
39.407399999999996 1600637166
40.1282 1600637166
31.8585 1600637166
33.5839 1600637166
38.5359 1600637166
39.4861 1600637166
33.5834 1600637166
38.2669 1600637166
31.927100000000003 1600637166
40.5604 1600637166
28.581 1600637166
33.2895 1600637166
37.2592 1600637166
34.0141 1600637166
38.3623 1600637166
26.9694 1600637166
30.033099999999997 1600637166
38.8245 1600637166
39.5089 1600637166
34.649499999999996 1600637166
34.434599999999996 1600637166
39.726400000000005 1600637166
35.0951 1600637166
28.0944 1600637166
38.8455 1600637166
36.9388 1600637166
34.0415 1600637166
39.740899999999996 1600637166
40.2442 1600637166
35.2725 1600637166
40.532199999999996 1600637166
36.5297 1600637166
37.6776 1600637166
26.764100000000003 1600637166
38.546800000000005 1600637166
27.6491 1600637166
39.1406 1600637166
36.5958 1600637166
40.0572 1600637166
38.7095 1600637166
31.983 1600637166
39.3257 1600637166
28.3034 1600637166
37.836 1600637166
31.699400000000004 1600637166
39.8533 1600637166
39.216899999999995 1600637166
33.583 1600637166
35.977999999999994 1600637166
40.5331 1600637166
40.876999999999995 1600637166
33.6698 1600637166
31.0731 1600637166
33.4929 1600637166
36.7597 1600637166
39.7593 1600637166
37.2132 1600637166
40.6823 1600637166
36.4028 1600637166
40.9522 1600637166
36.2939 1600637166
