60.602000000000004 1600346172
40.6141 1600346172
48.495200000000004 1600346172
63.6034 1600346172
60.9728 1600346172
63.1507 1600346172
53.6845 1600346172
64.05 1600346172
67.902 1600346172
54.6398 1600346172
60.974199999999996 1600346172
48.4883 1600346172
64.51570000000001 1600346172
68.53920000000001 1600346172
55.7166 1600346172
57.3834 1600346172
52.6878 1600346172
68.1468 1600346172
59.4878 1600346172
63.1503 1600346172
63.0144 1600346172
63.6248 1600346172
65.5245 1600346172
63.6036 1600346172
64.5158 1600346172
66.4596 1600346172
67.3705 1600346172
64.51570000000001 1600346172
67.2864 1600346172
58.0104 1600346172
56.1481 1600346172
58.009800000000006 1600346172
57.3761 1600346172
64.061 1600346172
60.974999999999994 1600346172
62.204299999999996 1600346172
63.0176 1600346172
67.5303 1600346172
48.258300000000006 1600346172
62.6648 1600346172
67.2854 1600346172
68.7305 1600346172
63.6024 1600346172
54.1564 1600346172
31.0522 1600346172
64.65060000000001 1600346172
64.05030000000001 1600346172
55.7148 1600346172
68.8738 1600346172
65.5505 1600346172
53.9934 1600346172
65.0819 1600346172
68.52130000000001 1600346172
56.1508 1600346172
37.8777 1600346172
56.1512 1600346172
57.3804 1600346172
68.8747 1600346172
67.1984 1600346172
63.601800000000004 1600346172
58.0094 1600346172
66.6602 1600346172
42.8015 1600346172
51.0552 1600346172
42.097500000000004 1600346172
51.038 1600346172
59.4951 1600346172
53.9903 1600346172
60.3264 1600346172
54.669 1600346172
59.4902 1600346172
64.5147 1600346172
54.638200000000005 1600346172
65.9936 1600346172
68.8719 1600346172
68.3342 1600346172
56.1487 1600346172
45.8966 1600346172
57.381099999999996 1600346172
68.5042 1600346172
60.3268 1600346172
54.4499 1600346172
64.5149 1600346172
59.4854 1600346172
60.9725 1600346172
55.7163 1600346172
68.546 1600346172
67.58720000000001 1600346172
62.3027 1600346172
61.828100000000006 1600346172
68.5459 1600346172
67.5864 1600346172
43.766 1600346172
56.153 1600346172
68.335 1600346172
56.951 1600346172
45.880399999999995 1600346172
60.9759 1600346172
60.4995 1600346172
61.831700000000005 1600346172
64.5435 1600346172
60.6691 1600346172
48.2513 1600346172
53.5877 1600346172
64.51559999999999 1600346172
68.71940000000001 1600346172
55.7179 1600346172
45.6941 1600346172
61.8445 1600346172
52.6484 1600346172
61.2784 1600346172
64.5148 1600346172
65.2313 1600346172
68.5465 1600346172
52.6878 1600346172
54.155 1600346172
67.24459999999999 1600346172
67.7282 1600346172
53.9915 1600346172
67.6567 1600346172
62.670899999999996 1600346172
57.3763 1600346172
64.1015 1600346172
59.4885 1600346172
46.5531 1600346172
64.1022 1600346172
45.4537 1600346172
63.1557 1600346172
58.0112 1600346172
53.686 1600346172
67.5641 1600346172
59.4893 1600346172
49.204299999999996 1600346172
60.6749 1600346172
63.0139 1600346172
62.3014 1600346172
63.0259 1600346172
52.5447 1600346172
67.57950000000001 1600346172
68.3353 1600346172
68.16120000000001 1600346172
60.728 1600346172
60.498599999999996 1600346172
61.830600000000004 1600346172
63.0149 1600346172
68.71979999999999 1600346172
51.0392 1600346172
63.600699999999996 1600346172
68.5104 1600346172
60.975899999999996 1600346172
53.993300000000005 1600346172
60.7277 1600346172
63.604400000000005 1600346172
65.5504 1600346172
64.0492 1600346172
67.3101 1600346172
68.3349 1600346172
54.154199999999996 1600346172
68.8731 1600346172
57.377900000000004 1600346172
58.009800000000006 1600346172
55.4413 1600346172
61.9001 1600346172
63.600699999999996 1600346172
66.6602 1600346172
68.3355 1600346172
68.5952 1600346172
60.617000000000004 1600346172
66.60000000000001 1600346172
64.8047 1600346172
58.0107 1600346172
67.5587 1600346172
62.8542 1600346172
68.6011 1600346172
61.8288 1600346172
54.6707 1600346172
65.52420000000001 1600346172
41.0843 1600346172
68.1507 1600346172
64.048 1600346172
60.3251 1600346172
67.7497 1600346172
67.3069 1600346172
22.9975 1600346172
61.8283 1600346172
64.0505 1600346172
7.2258 1600346172
63.6004 1600346172
44.7031 1600346172
67.5948 1600346172
16.167199999999998 1600346172
57.3931 1600346172
24.4858 1600346172
46.049600000000005 1600346172
64.05030000000001 1600346172
48.0568 1600346172
56.953900000000004 1600346172
60.4992 1600346172
66.46000000000001 1600346172
57.3801 1600346172
66.46000000000001 1600346172
63.0151 1600346172
60.4469 1600346172
46.6708 1600346172
60.9758 1600346172
66.4598 1600346172
68.336 1600346172
61.832 1600346172
27.6479 1600346172
62.852 1600346172
67.7043 1600346172
62.664699999999996 1600346172
65.0809 1600346172
67.96560000000001 1600346172
43.769400000000005 1600346172
63.0156 1600346172
65.1982 1600346172
67.1984 1600346172
68.3357 1600346172
65.0519 1600346172
48.4874 1600346172
47.7721 1600346172
68.87270000000001 1600346172
66.6594 1600346172
48.2511 1600346172
60.662600000000005 1600346172
47.398700000000005 1600346172
62.6661 1600346172
54.027899999999995 1600346172
62.852199999999996 1600346172
60.662200000000006 1600346172
65.99520000000001 1600346172
48.3496 1600346172
66.46000000000001 1600346172
54.669900000000005 1600346172
49.614799999999995 1600346172
61.831900000000005 1600346172
57.384 1600346172
60.9758 1600346172
64.10180000000001 1600346172
68.5213 1600346172
68.87310000000001 1600346172
48.4862 1600346172
55.7211 1600346172
68.5947 1600346172
64.5146 1600346172
53.5168 1600346172
56.1523 1600346172
64.1053 1600346172
56.1486 1600346172
57.379599999999996 1600346172
67.57910000000001 1600346172
59.4895 1600346172
32.8103 1600346172
68.33550000000001 1600346172
53.9908 1600346172
53.9527 1600346172
60.331900000000005 1600346172
63.0153 1600346172
60.3271 1600346172
62.8532 1600346172
53.952799999999996 1600346172
31.4229 1600346172
62.237500000000004 1600346172
66.6602 1600346172
37.8742 1600346172
60.978100000000005 1600346172
55.4439 1600346172
48.105399999999996 1600346172
66.6598 1600346172
61.828199999999995 1600346172
68.5947 1600346172
64.0494 1600346172
30.315299999999997 1600346172
64.5154 1600346172
65.232 1600346172
68.5946 1600346172
65.1987 1600346172
54.6712 1600346172
65.1986 1600346172
46.0475 1600346172
55.4429 1600346172
63.620000000000005 1600346172
55.717 1600346172
64.10210000000001 1600346172
68.00410000000001 1600346172
67.3043 1600346172
65.0809 1600346172
63.601400000000005 1600346172
63.0143 1600346172
54.6735 1600346172
56.1475 1600346172
64.5151 1600346172
63.6041 1600346172
66.7938 1600346172
63.6013 1600346172
67.9062 1600346172
66.4597 1600346172
62.854400000000005 1600346172
55.7164 1600346172
68.71940000000001 1600346172
65.2322 1600346172
67.3578 1600346172
46.1561 1600346172
56.969500000000004 1600346172
66.66 1600346172
68.7198 1600346172
56.9519 1600346172
57.3766 1600346172
62.2066 1600346172
60.5009 1600346172
61.859899999999996 1600346172
62.8517 1600346172
61.8284 1600346172
62.8523 1600346172
48.0585 1600346172
60.715599999999995 1600346172
67.3587 1600346172
64.0509 1600346172
62.6646 1600346172
63.6052 1600346172
65.0813 1600346172
56.1522 1600346172
51.0676 1600346172
51.0546 1600346172
47.774100000000004 1600346172
60.6618 1600346172
51.0377 1600346172
64.5167 1600346172
66.6597 1600346172
68.3356 1600346172
58.0126 1600346172
53.9933 1600346172
63.1576 1600346172
60.6357 1600346172
54.6698 1600346172
66.65950000000001 1600346172
67.4701 1600346172
60.4452 1600346172
66.5925 1600346172
64.1109 1600346172
52.6884 1600346172
53.684799999999996 1600346172
55.7196 1600346172
68.5023 1600346172
63.0141 1600346172
63.6198 1600346172
31.926000000000002 1600346172
58.01 1600346172
64.0513 1600346172
62.3018 1600346172
63.1516 1600346172
63.6037 1600346172
64.5443 1600346172
67.58760000000001 1600346172
64.5159 1600346172
63.6045 1600346172
68.3355 1600346172
64.1112 1600346172
54.0636 1600346172
55.443200000000004 1600346172
68.5382 1600346172
64.5149 1600346172
61.8325 1600346172
62.8523 1600346172
68.5382 1600346172
61.8299 1600346172
56.047799999999995 1600346172
64.5157 1600346172
63.604 1600346172
63.0156 1600346172
66.5548 1600346172
66.45960000000001 1600346172
49.21 1600346172
63.0152 1600346172
51.0388 1600346172
54.0657 1600346172
48.4932 1600346172
64.0497 1600346172
0.8937999999999999 1600346172
60.7322 1600346172
54.364999999999995 1600346172
63.619600000000005 1600346172
48.252 1600346172
65.2319 1600346172
68.5963 1600346172
54.1564 1600346172
57.3761 1600346172
67.8952 1600346172
2.8224 1600346172
59.487 1600346172
21.261999999999997 1600346172
64.6637 1600346172
63.601 1600346172
34.8388 1600346172
64.547 1600346172
42.801100000000005 1600346172
60.5004 1600346172
55.1712 1600346172
63.150200000000005 1600346172
63.0142 1600346172
64.051 1600346172
68.52149999999999 1600346172
67.2844 1600346172
45.8975 1600346172
48.2528 1600346172
63.6045 1600346172
68.335 1600346172
68.8729 1600346172
54.0282 1600346172
51.0371 1600346172
55.4406 1600346172
55.7192 1600346172
49.616099999999996 1600346172
57.382 1600346172
60.6285 1600346172
63.0138 1600346172
60.327999999999996 1600346172
66.6599 1600346172
64.5153 1600346172
66.6598 1600346172
52.6987 1600346172
47.1964 1600346172
52.6505 1600346172
55.4471 1600346172
60.7159 1600346172
68.5476 1600346172
60.4998 1600346172
54.6721 1600346172
62.6652 1600346172
67.3465 1600346172
62.205999999999996 1600346172
56.149699999999996 1600346172
67.98920000000001 1600346172
64.04950000000001 1600346172
68.5211 1600346172
67.8952 1600346172
65.2324 1600346172
55.7169 1600346172
60.3301 1600346172
67.53 1600346172
68.5944 1600346172
62.8521 1600346172
57.3793 1600346172
62.6668 1600346172
68.3355 1600346172
62.8519 1600346172
54.2955 1600346172
56.1484 1600346172
53.587 1600346172
59.4895 1600346172
57.3813 1600346172
55.720400000000005 1600346172
67.22710000000001 1600346172
63.0143 1600346172
60.9757 1600346172
57.382000000000005 1600346172
54.6698 1600346172
62.2385 1600346172
61.828 1600346172
64.7675 1600346172
12.8846 1600346172
47.7607 1600346172
68.3348 1600346172
62.3016 1600346172
63.6009 1600346172
68.7198 1600346172
66.5926 1600346172
64.1019 1600346172
62.206 1600346172
64.7714 1600346172
56.9512 1600346172
63.601200000000006 1600346172
61.830400000000004 1600346172
66.9028 1600346172
49.2047 1600346172
63.1566 1600346172
54.6695 1600346172
57.3789 1600346172
67.4699 1600346172
60.6088 1600346172
58.0098 1600346172
64.1026 1600346172
60.974599999999995 1600346172
62.2357 1600346172
68.3354 1600346172
67.5606 1600346172
62.2048 1600346172
64.55170000000001 1600346172
64.0519 1600346172
54.451800000000006 1600346172
63.607099999999996 1600346172
66.4593 1600346172
67.2778 1600346172
67.17880000000001 1600346172
67.536 1600346172
67.9647 1600346172
52.6471 1600346172
49.204899999999995 1600346172
51.0484 1600346172
54.0638 1600346172
68.71990000000001 1600346172
55.4405 1600346172
62.3016 1600346172
64.1019 1600346172
62.237500000000004 1600346172
4.7137 1600346172
55.4406 1600346172
62.675200000000004 1600346172
46.150999999999996 1600346172
61.8292 1600346172
59.4857 1600346172
