5.9313 1600632484
4.6315 1600632484
2.9309000000000003 1600632484
4.7633 1600632484
4.105300000000001 1600632484
4.1054 1600632484
4.1610000000000005 1600632484
5.332400000000001 1600632484
4.160900000000001 1600632484
4.323300000000001 1600632484
4.307300000000001 1600632484
4.8898 1600632484
4.890200000000001 1600632484
4.8900999999999994 1600632484
5.384100000000001 1600632484
4.160900000000001 1600632484
4.268799999999999 1600632484
4.2688 1600632484
4.307200000000001 1600632484
4.1612 1600632484
4.1611 1600632484
4.307200000000001 1600632484
4.307200000000001 1600632484
4.3074 1600632484
4.161 1600632484
4.307300000000001 1600632484
5.3843000000000005 1600632484
4.307300000000001 1600632484
5.332199999999999 1600632484
1.2185000000000006 1600632484
3.6421 1600632484
3.6421 1600632484
3.6422999999999996 1600632484
3.6419000000000006 1600632484
3.6418999999999997 1600632484
3.8243 1600632484
3.8205 1600632484
3.6419999999999995 1600632484
3.6421 1600632484
3.6420000000000003 1600632484
3.6422999999999996 1600632484
3.8244 1600632484
3.8243 1600632484
3.6421 1600632484
3.6418999999999997 1600632484
3.8564 1600632484
3.6420000000000003 1600632484
3.6418999999999997 1600632484
3.6422999999999996 1600632484
3.6422 1600632484
3.6422 1600632484
3.6422 1600632484
3.6421 1600632484
3.6419999999999995 1600632484
3.6422999999999996 1600632484
3.8564999999999996 1600632484
3.6420999999999992 1600632484
3.6422 1600632484
3.6421 1600632484
4.2892 1600632484
3.6421 1600632484
4.1238 1600632484
3.6421 1600632484
3.6422 1600632484
3.6423999999999994 1600632484
3.6423999999999994 1600632484
4.2517000000000005 1600632484
3.6421 1600632484
3.6420000000000003 1600632484
3.6420000000000003 1600632484
3.6423999999999994 1600632484
4.1346 1600632484
3.6422999999999996 1600632484
4.289000000000001 1600632484
3.6421 1600632484
3.6422 1600632484
3.6422999999999996 1600632484
3.6423999999999994 1600632484
3.8480999999999996 1600632484
3.8480999999999996 1600632484
4.2892 1600632484
3.6419000000000006 1600632484
3.6422 1600632484
4.0995 1600632484
4.0995 1600632484
3.6423999999999994 1600632484
1.1326999999999998 1600632484
3.6682999999999995 1600632484
3.668399999999999 1600632484
4.6084000000000005 1600632484
4.608200000000001 1600632484
4.736400000000001 1600632484
4.736300000000001 1600632484
4.736300000000001 1600632484
4.608200000000001 1600632484
4.608300000000001 1600632484
5.409200000000001 1600632484
3.6682999999999995 1600632484
4.334600000000001 1600632484
4.334700000000001 1600632484
4.736199999999999 1600632484
4.736199999999999 1600632484
4.791799999999999 1600632484
4.791899999999999 1600632484
4.791899999999999 1600632484
4.736300000000001 1600632484
4.736200000000001 1600632484
4.792000000000001 1600632484
4.7917 1600632484
4.334700000000001 1600632484
4.467300000000001 1600632484
4.467 1600632484
4.4669 1600632484
4.736400000000001 1600632484
4.791399999999999 1600632484
4.7464 1600632484
4.736200000000001 1600632484
5.408900000000001 1600632484
4.451300000000001 1600632484
4.4669 1600632484
4.746300000000001 1600632484
4.746300000000001 1600632484
4.9380999999999995 1600632484
4.937899999999999 1600632484
4.791899999999999 1600632484
4.791899999999999 1600632484
4.791899999999999 1600632484
4.791899999999999 1600632484
4.746 1600632484
4.3097 1600632484
4.791799999999999 1600632484
4.7917 1600632484
5.409400000000001 1600632484
4.334199999999999 1600632484
4.3098 1600632484
4.746200000000001 1600632484
5.409199999999999 1600632484
4.746300000000001 1600632484
4.746200000000001 1600632484
5.1362 1600632484
4.311000000000001 1600632484
4.9679 1600632484
4.9683 1600632484
1.0900999999999996 1600632484
3.6682999999999995 1600632484
3.668199999999999 1600632484
4.355300000000001 1600632484
4.355100000000001 1600632484
4.355300000000001 1600632484
4.467099999999999 1600632484
4.3519 1600632484
4.355200000000001 1600632484
4.736400000000001 1600632484
4.355300000000001 1600632484
4.355300000000001 1600632484
4.355300000000001 1600632484
3.6681999999999997 1600632484
4.4608 1600632484
4.4669 1600632484
4.4669 1600632484
3.6685000000000008 1600632484
3.6682999999999995 1600632484
3.6682999999999995 1600632484
4.355300000000001 1600632484
3.6682999999999995 1600632484
3.6682999999999995 1600632484
4.3554 1600632484
4.4668 1600632484
4.736400000000001 1600632484
4.467 1600632484
3.668199999999999 1600632484
4.355300000000001 1600632484
4.355200000000001 1600632484
4.402 1600632484
4.3555 1600632484
4.355300000000001 1600632484
4.3549999999999995 1600632484
4.3549999999999995 1600632484
4.553 1600632484
4.355200000000001 1600632484
4.355 1600632484
4.355200000000001 1600632484
4.355100000000001 1600632484
4.355 1600632484
4.355100000000001 1600632484
4.736300000000001 1600632484
4.736300000000001 1600632484
4.354899999999999 1600632484
4.556 1600632484
4.355300000000001 1600632484
4.736400000000001 1600632484
4.355300000000001 1600632484
4.7365 1600632484
4.355200000000001 1600632484
4.355300000000001 1600632484
4.5559 1600632484
4.9388 1600632484
4.5559 1600632484
4.3518 1600632484
4.889799999999999 1600632484
1.0902000000000003 1600632484
3.1465000000000005 1600632484
3.582299999999999 1600632484
3.580799999999999 1600632484
3.1467 1600632484
4.556 1600632484
4.7365 1600632484
4.8603000000000005 1600632484
5.384200000000001 1600632484
5.384200000000001 1600632484
4.7366 1600632484
4.7365 1600632484
4.6985 1600632484
4.5552 1600632484
4.772799999999999 1600632484
4.791899999999999 1600632484
4.791799999999999 1600632484
4.776700000000001 1600632484
4.7917 1600632484
4.791799999999999 1600632484
5.3969 1600632484
5.396999999999999 1600632484
5.3965 1600632484
3.1467 1600632484
3.5987 1600632484
3.5987999999999998 1600632484
4.467 1600632484
4.4669 1600632484
4.7365 1600632484
4.6984 1600632484
4.7365 1600632484
4.727099999999999 1600632484
4.7365 1600632484
5.397200000000001 1600632484
4.736300000000001 1600632484
4.6981 1600632484
5.3843000000000005 1600632484
5.3839999999999995 1600632484
4.6984 1600632484
5.4086 1600632484
5.409199999999999 1600632484
4.7365 1600632484
5.397200000000001 1600632484
5.3968 1600632484
3.5985999999999994 1600632484
5.409400000000001 1600632484
5.4095 1600632484
5.4091 1600632484
3.5987999999999998 1600632484
4.938899999999999 1600632484
5.332299999999999 1600632484
5.332400000000001 1600632484
5.332400000000001 1600632484
5.3843000000000005 1600632484
5.332400000000001 1600632484
5.332199999999999 1600632484
1.0902000000000003 1600632484
3.5165999999999995 1600632484
4.687600000000001 1600632484
3.5805000000000007 1600632484
5.397100000000001 1600632484
3.5513000000000003 1600632484
3.5492999999999997 1600632484
5.409199999999999 1600632484
5.409300000000001 1600632484
3.5809000000000006 1600632484
3.5809000000000006 1600632484
3.5512000000000006 1600632484
3.5881999999999996 1600632484
3.5514 1600632484
5.409400000000001 1600632484
3.588 1600632484
3.5514 1600632484
3.5987 1600632484
3.5988999999999995 1600632484
3.580800000000001 1600632484
5.397100000000001 1600632484
3.580800000000001 1600632484
3.551100000000001 1600632484
4.334300000000001 1600632484
3.580800000000001 1600632484
5.409300000000001 1600632484
5.409300000000001 1600632484
5.409300000000001 1600632484
3.5807 1600632484
3.580800000000001 1600632484
4.6984 1600632484
4.727100000000001 1600632484
5.3839999999999995 1600632484
3.551100000000001 1600632484
3.5825000000000005 1600632484
3.551000000000001 1600632484
3.5840999999999994 1600632484
3.5824000000000007 1600632484
5.3969 1600632484
5.397100000000001 1600632484
3.5824000000000007 1600632484
3.5842 1600632484
4.841600000000001 1600632484
4.860499999999999 1600632484
4.8603 1600632484
3.5842 1600632484
4.726999999999999 1600632484
4.727100000000001 1600632484
3.5987999999999998 1600632484
5.409200000000001 1600632484
3.5809000000000006 1600632484
3.580800000000001 1600632484
3.5809000000000006 1600632484
3.551100000000001 1600632484
3.5842 1600632484
3.5492999999999997 1600632484
3.598699999999999 1600632484
1.0899999999999999 1600632484
2.2387000000000006 1600632484
2.7341000000000006 1600632484
2.733900000000001 1600632484
3.1422 1600632484
4.334700000000001 1600632484
4.3344 1600632484
3.1340000000000003 1600632484
4.210300000000001 1600632484
4.2360999999999995 1600632484
4.236199999999999 1600632484
4.334700000000001 1600632484
4.334300000000001 1600632484
4.608099999999999 1600632484
4.334600000000001 1600632484
4.334600000000001 1600632484
2.9677 1600632484
4.6981 1600632484
4.6984 1600632484
4.736400000000001 1600632484
2.734000000000001 1600632484
4.334600000000001 1600632484
4.334700000000001 1600632484
4.334500000000001 1600632484
4.860600000000001 1600632484
4.3097 1600632484
4.4334 1600632484
4.776700000000001 1600632484
4.791399999999999 1600632484
4.3348 1600632484
4.7366 1600632484
4.736400000000001 1600632484
4.860600000000001 1600632484
4.8402 1600632484
4.334700000000001 1600632484
4.334600000000001 1600632484
4.334600000000001 1600632484
4.467099999999999 1600632484
4.4672 1600632484
5.0092 1600632484
5.009100000000001 1600632484
4.3097 1600632484
4.860500000000001 1600632484
5.4087 1600632484
4.334499999999999 1600632484
4.307799999999999 1600632484
4.3551 1600632484
4.8371 1600632484
4.307899999999999 1600632484
4.860499999999999 1600632484
4.860600000000001 1600632484
4.334500000000001 1600632484
5.0093000000000005 1600632484
5.4091 1600632484
5.0093000000000005 1600632484
4.334500000000001 1600632484
4.7366 1600632484
1.8571 1600632484
2.9676 1600632484
4.7366 1600632484
3.5992000000000006 1600632484
4.236 1600632484
3.5995999999999997 1600632484
3.5985999999999994 1600632484
4.334700000000001 1600632484
4.334600000000001 1600632484
4.3348 1600632484
3.5984999999999996 1600632484
4.288600000000001 1600632484
4.2517000000000005 1600632484
4.3762 1600632484
4.2517000000000005 1600632484
4.311000000000001 1600632484
4.6261 1600632484
4.7366 1600632484
4.6261 1600632484
4.251600000000001 1600632484
4.4312 1600632484
4.5558000000000005 1600632484
4.769699999999999 1600632484
4.556 1600632484
4.355099999999999 1600632484
4.355200000000001 1600632484
4.355300000000001 1600632484
3.5984999999999996 1600632484
4.556 1600632484
4.5559 1600632484
4.5559 1600632484
4.736400000000001 1600632484
4.556 1600632484
4.8372 1600632484
4.5558000000000005 1600632484
4.5449 1600632484
4.7365 1600632484
4.7365 1600632484
4.5558000000000005 1600632484
4.7366 1600632484
4.7367 1600632484
4.545100000000001 1600632484
4.5559 1600632484
4.5558000000000005 1600632484
4.7365 1600632484
4.5558000000000005 1600632484
4.5558000000000005 1600632484
4.736400000000001 1600632484
4.736400000000001 1600632484
4.726999999999999 1600632484
4.7365 1600632484
4.7366 1600632484
4.7367 1600632484
4.736400000000001 1600632484
4.735900000000001 1600632484
4.5558000000000005 1600632484
4.776800000000001 1600632484
0.05579999999999963 1600632484
2.9286000000000003 1600632484
2.9286000000000003 1600632484
2.928400000000001 1600632484
4.135599999999999 1600632484
4.7944 1600632484
4.143999999999999 1600632484
1.5751 1600632484
1.840700000000001 1600632484
4.340700000000001 1600632484
4.340700000000001 1600632484
4.7229 1600632484
1.8405999999999993 1600632484
4.025100000000001 1600632484
4.7863 1600632484
4.095199999999999 1600632484
4.143999999999999 1600632484
4.696000000000001 1600632484
4.835299999999999 1600632484
4.695900000000001 1600632484
4.695900000000001 1600632484
4.695900000000001 1600632484
1.5752000000000006 1600632484
3.6522999999999994 1600632484
4.5467 1600632484
0.055600000000000094 1600632484
1.7454 1600632484
2.9952999999999994 1600632484
3.1498 1600632484
3.4369000000000005 1600632484
4.558199999999999 1600632484
4.558600000000001 1600632484
4.558600000000001 1600632484
4.5584999999999996 1600632484
4.718800000000001 1600632484
4.5583 1600632484
4.5584 1600632484
4.558700000000001 1600632484
4.696000000000001 1600632484
4.6956999999999995 1600632484
3.1498 1600632484
3.1498999999999997 1600632484
3.1496999999999993 1600632484
3.5789 1600632484
4.3374999999999995 1600632484
4.7944 1600632484
4.7916 1600632484
3.5796 1600632484
4.1438999999999995 1600632484
4.1438 1600632484
3.5788 1600632484
3.5790999999999995 1600632484
3.5789999999999997 1600632484
4.1193 1600632484
4.144000000000001 1600632484
4.794200000000001 1600632484
4.794200000000001 1600632484
4.1000000000000005 1600632484
4.786499999999999 1600632484
4.786199999999999 1600632484
4.786499999999999 1600632484
4.786499999999999 1600632484
3.1497 1600632484
3.1915000000000004 1600632484
3.6617000000000006 1600632484
3.6619 1600632484
4.812 1600632484
5.391900000000001 1600632484
3.6617000000000006 1600632484
4.1053999999999995 1600632484
4.1031 1600632484
4.103000000000001 1600632484
4.751799999999999 1600632484
4.752200000000001 1600632484
4.752199999999999 1600632484
4.9133000000000004 1600632484
1.0864000000000003 1600632484
0.055600000000000094 1600632484
1.5754000000000001 1600632484
2.9952999999999994 1600632484
4.312 1600632484
4.6633000000000004 1600632484
4.6633000000000004 1600632484
4.6633000000000004 1600632484
4.6633000000000004 1600632484
