0.7929 1600356308
0.747 1600356308
0.8449000000000001 1600356308
0.6682 1600356308
0.6940999999999999 1600356308
0.7438 1600356308
0.7281 1600356308
0.8030999999999999 1600356308
0.8101 1600356308
0.8608 1600356308
0.7385999999999999 1600356308
0.8056999999999999 1600356308
0.7687999999999999 1600356308
0.8133999999999999 1600356308
0.7995999999999999 1600356308
0.7371999999999999 1600356308
0.7237 1600356308
0.8425 1600356308
0.5944 1600356308
0.7885 1600356308
0.7104999999999999 1600356308
0.6717 1600356308
0.7099 1600356308
0.7468999999999999 1600356308
0.8365 1600356308
0.7332999999999998 1600356308
0.7901 1600356308
0.8163 1600356308
0.7278 1600356308
0.7637 1600356308
0.7723 1600356308
0.8218999999999999 1600356308
0.8106 1600356308
0.7095 1600356308
0.5939999999999999 1600356308
0.8176999999999999 1600356308
0.6678 1600356308
0.8023 1600356308
0.8938999999999999 1600356308
0.6715 1600356308
0.772 1600356308
0.764 1600356308
0.8225 1600356308
0.8379999999999999 1600356308
0.7439 1600356308
0.7021999999999999 1600356308
0.7097 1600356308
0.7988 1600356308
0.6647 1600356308
0.8443 1600356308
0.8384999999999999 1600356308
0.7992 1600356308
0.7903 1600356308
0.7 1600356308
0.5733999999999999 1600356308
0.7873999999999999 1600356308
0.6879 1600356308
0.6501999999999999 1600356308
0.8386 1600356308
0.8109 1600356308
0.6537999999999999 1600356308
0.7097 1600356308
0.8602999999999998 1600356308
0.8222000000000002 1600356308
0.7903000000000001 1600356308
0.7158 1600356308
0.7071000000000001 1600356308
0.7001 1600356308
0.7896999999999998 1600356308
0.7383 1600356308
0.6008 1600356308
0.8055999999999999 1600356308
0.7470999999999999 1600356308
0.7503 1600356308
0.8090999999999999 1600356308
0.7368999999999999 1600356308
0.7021999999999999 1600356308
0.8446 1600356308
0.76 1600356308
0.707 1600356308
0.7643000000000001 1600356308
0.579 1600356308
0.8442000000000001 1600356308
0.7300000000000001 1600356308
0.7503 1600356308
0.8454999999999999 1600356308
0.8151999999999999 1600356308
0.8501999999999998 1600356308
0.8452999999999999 1600356308
0.8333 1600356308
0.8367000000000001 1600356308
0.6927 1600356308
0.7385999999999999 1600356308
0.7706999999999999 1600356308
0.843 1600356308
0.7389 1600356308
0.8362 1600356308
0.8712 1600356308
0.8109999999999999 1600356308
0.8444 1600356308
0.7033 1600356308
0.7447999999999999 1600356308
0.7882 1600356308
0.5899999999999999 1600356308
0.6928999999999998 1600356308
0.6095999999999999 1600356308
0.7125999999999999 1600356308
0.7343999999999999 1600356308
0.7899 1600356308
0.8302 1600356308
0.7463 1600356308
0.6469 1600356308
0.7671999999999999 1600356308
0.7990999999999999 1600356308
0.8385 1600356308
0.6482999999999999 1600356308
0.8362 1600356308
0.8293999999999999 1600356308
0.7990999999999999 1600356308
0.728 1600356308
0.7058 1600356308
0.8721999999999999 1600356308
0.7686 1600356308
0.7343 1600356308
0.8454999999999999 1600356308
0.8066 1600356308
0.8141 1600356308
0.7334 1600356308
0.71 1600356308
0.7377 1600356308
0.8378999999999999 1600356308
0.7572999999999999 1600356308
0.8385 1600356308
0.7955999999999999 1600356308
0.798 1600356308
0.7592999999999999 1600356308
0.8210999999999999 1600356308
0.7486999999999999 1600356308
0.8145 1600356308
0.726 1600356308
0.7303 1600356308
0.8723999999999998 1600356308
0.7489999999999999 1600356308
0.6678999999999999 1600356308
0.8358999999999999 1600356308
0.8363 1600356308
0.7498 1600356308
0.8360999999999998 1600356308
0.7283999999999999 1600356308
0.8622999999999998 1600356308
0.6805999999999999 1600356308
0.7069999999999999 1600356308
0.7955999999999999 1600356308
0.6620999999999999 1600356308
0.5539000000000001 1600356308
0.8948 1600356308
0.6327 1600356308
0.7339 1600356308
0.6298999999999999 1600356308
0.7895999999999999 1600356308
0.6867999999999999 1600356308
0.7011000000000001 1600356308
0.7487999999999999 1600356308
0.6982999999999999 1600356308
0.7036 1600356308
0.8448 1600356308
0.5986 1600356308
0.7383 1600356308
0.7901 1600356308
0.7999 1600356308
0.6175999999999999 1600356308
0.73 1600356308
0.8442000000000001 1600356308
0.7136 1600356308
0.7282 1600356308
0.7988 1600356308
0.7279 1600356308
0.7279 1600356308
0.8362 1600356308
0.6041999999999998 1600356308
0.7707999999999999 1600356308
0.8721999999999999 1600356308
0.8714999999999999 1600356308
0.7475 1600356308
0.7842 1600356308
0.8363 1600356308
0.6674 1600356308
0.8135999999999999 1600356308
0.74 1600356308
0.8143 1600356308
0.8629 1600356308
0.7076 1600356308
0.7894999999999999 1600356308
0.8362 1600356308
0.7468999999999999 1600356308
0.8634999999999999 1600356308
0.7124999999999999 1600356308
0.7548999999999999 1600356308
0.7725 1600356308
0.8936999999999999 1600356308
0.7983 1600356308
0.7135000000000001 1600356308
0.7465999999999999 1600356308
0.7278 1600356308
0.8132999999999999 1600356308
0.7328999999999999 1600356308
0.7428999999999999 1600356308
0.7843 1600356308
0.6996 1600356308
0.8720999999999999 1600356308
0.8713 1600356308
0.7437000000000001 1600356308
0.8377999999999999 1600356308
0.8218999999999999 1600356308
0.7092 1600356308
0.7330999999999999 1600356308
0.6292 1600356308
0.8148 1600356308
0.8632 1600356308
0.7345999999999999 1600356308
0.8431 1600356308
0.7039 1600356308
0.6176999999999999 1600356308
0.7769999999999999 1600356308
0.7899 1600356308
0.7096 1600356308
0.7843 1600356308
0.5564 1600356308
0.8357999999999999 1600356308
0.8912 1600356308
0.6125 1600356308
0.6864999999999999 1600356308
0.7985 1600356308
0.7177 1600356308
0.6879 1600356308
0.7989999999999999 1600356308
0.7814999999999999 1600356308
0.7902 1600356308
0.6884999999999999 1600356308
0.8138999999999998 1600356308
0.6979 1600356308
0.8634999999999999 1600356308
0.7107999999999999 1600356308
0.6607 1600356308
0.5903 1600356308
0.8458999999999999 1600356308
0.6175999999999999 1600356308
0.7097000000000001 1600356308
0.688 1600356308
0.7374 1600356308
0.7844 1600356308
0.8212999999999999 1600356308
0.7855999999999999 1600356308
0.8418999999999999 1600356308
0.8616999999999999 1600356308
0.6258999999999999 1600356308
0.6930999999999999 1600356308
0.7381 1600356308
0.7285999999999999 1600356308
0.7921 1600356308
0.7988999999999999 1600356308
0.7708999999999999 1600356308
0.8013999999999999 1600356308
0.679 1600356308
0.8906000000000001 1600356308
0.7391999999999999 1600356308
0.6497999999999999 1600356308
0.8422000000000001 1600356308
0.6794 1600356308
0.8164 1600356308
0.6640999999999999 1600356308
0.7128999999999999 1600356308
0.8723999999999998 1600356308
0.6982999999999999 1600356308
0.7884 1600356308
0.8879999999999999 1600356308
0.8377999999999999 1600356308
0.7883 1600356308
0.7666 1600356308
0.7984 1600356308
0.7995999999999999 1600356308
0.8343 1600356308
0.8079000000000001 1600356308
0.7476 1600356308
0.6862999999999999 1600356308
0.8251999999999999 1600356308
0.7156 1600356308
0.7854999999999999 1600356308
0.8587 1600356308
0.7442 1600356308
0.6536 1600356308
0.8387 1600356308
0.6803999999999999 1600356308
0.7333000000000001 1600356308
0.6805999999999999 1600356308
0.7443 1600356308
0.7471999999999999 1600356308
0.8333999999999999 1600356308
0.6496 1600356308
0.7001999999999999 1600356308
0.7869999999999999 1600356308
0.8389 1600356308
0.6984999999999999 1600356308
0.8397999999999999 1600356308
0.7303999999999999 1600356308
0.7343999999999999 1600356308
0.8106 1600356308
0.6578999999999999 1600356308
0.76 1600356308
0.7954999999999999 1600356308
0.8294999999999999 1600356308
0.7284999999999999 1600356308
0.6175999999999999 1600356308
0.7343999999999999 1600356308
0.8134999999999999 1600356308
0.8609 1600356308
0.7989999999999999 1600356308
0.6597999999999999 1600356308
0.7157 1600356308
0.7021999999999999 1600356308
0.8223 1600356308
0.8876999999999999 1600356308
0.7383 1600356308
0.7073 1600356308
0.7990999999999999 1600356308
0.8343 1600356308
0.7843 1600356308
0.8751 1600356308
0.7499 1600356308
0.8434999999999999 1600356308
0.8360999999999998 1600356308
0.7702 1600356308
0.7775999999999998 1600356308
0.7908999999999999 1600356308
0.8107 1600356308
0.6672 1600356308
0.8023 1600356308
0.8173999999999999 1600356308
0.8405 1600356308
0.7036 1600356308
0.8304 1600356308
0.8751 1600356308
0.6944999999999999 1600356308
0.7721 1600356308
0.6791 1600356308
0.7723 1600356308
0.7475 1600356308
0.8357999999999999 1600356308
0.7851999999999999 1600356308
0.5944 1600356308
0.6675 1600356308
0.8500999999999999 1600356308
0.8619999999999999 1600356308
0.7284999999999999 1600356308
0.7461 1600356308
0.7471999999999999 1600356308
0.7965 1600356308
0.6999 1600356308
0.8136999999999999 1600356308
0.8455999999999999 1600356308
0.8856999999999999 1600356308
0.7023999999999999 1600356308
0.6641999999999999 1600356308
0.839 1600356308
0.7377 1600356308
0.8937999999999999 1600356308
0.649 1600356308
0.7688999999999999 1600356308
0.8387 1600356308
0.8382000000000001 1600356308
0.8323 1600356308
0.6594 1600356308
0.7706999999999999 1600356308
0.7990999999999999 1600356308
0.8031999999999999 1600356308
0.7769999999999999 1600356308
0.8382000000000001 1600356308
0.6666999999999998 1600356308
0.8723999999999998 1600356308
0.7686999999999999 1600356308
0.7844 1600356308
0.7706 1600356308
0.7710999999999999 1600356308
0.7961 1600356308
0.6491 1600356308
0.8151999999999999 1600356308
0.6342999999999999 1600356308
0.8416999999999999 1600356308
0.7384 1600356308
0.7277 1600356308
0.7332999999999998 1600356308
0.7297 1600356308
0.8056999999999999 1600356308
0.6678999999999999 1600356308
0.6717 1600356308
0.6668000000000001 1600356308
0.8009 1600356308
0.6673 1600356308
0.8141 1600356308
0.7343 1600356308
0.7908999999999999 1600356308
0.5944 1600356308
0.6986999999999999 1600356308
0.7458 1600356308
0.8922999999999999 1600356308
0.7176 1600356308
0.7895999999999999 1600356308
0.8109 1600356308
0.6838 1600356308
0.7569999999999999 1600356308
0.7398 1600356308
0.7985 1600356308
0.7136 1600356308
0.5987 1600356308
0.8404 1600356308
0.7024999999999999 1600356308
0.8388 1600356308
0.7328999999999999 1600356308
0.7874999999999999 1600356308
0.8023 1600356308
0.8302 1600356308
0.8143 1600356308
0.7812999999999999 1600356308
0.7254 1600356308
0.8424 1600356308
0.7067999999999999 1600356308
0.8108 1600356308
0.7279 1600356308
0.8210999999999999 1600356308
0.7951999999999999 1600356308
0.6471 1600356308
0.7598 1600356308
0.8086 1600356308
0.8422000000000001 1600356308
0.7689999999999999 1600356308
0.7606999999999999 1600356308
0.8033999999999999 1600356308
0.6975 1600356308
0.8419999999999999 1600356308
0.8384 1600356308
0.7902 1600356308
0.8301000000000001 1600356308
0.8366 1600356308
0.7037 1600356308
0.8504 1600356308
0.7688999999999999 1600356308
0.7708999999999999 1600356308
0.8163 1600356308
0.8926 1600356308
0.7902 1600356308
0.8059000000000001 1600356308
0.8084 1600356308
0.5733999999999999 1600356308
0.6998 1600356308
0.6582999999999999 1600356308
0.7599 1600356308
0.7641 1600356308
0.6495 1600356308
0.5973999999999999 1600356308
0.8723999999999998 1600356308
0.6269 1600356308
0.6121999999999999 1600356308
0.8425 1600356308
0.7479 1600356308
0.5757 1600356308
0.7470999999999999 1600356308
0.8382000000000001 1600356308
0.7899 1600356308
0.7476 1600356308
0.8117999999999999 1600356308
0.7385999999999999 1600356308
0.7384 1600356308
0.7251999999999998 1600356308
0.6125 1600356308
0.8359999999999999 1600356308
0.728 1600356308
0.7886 1600356308
0.8524 1600356308
0.7712 1600356308
0.8634 1600356308
0.7236 1600356308
0.7036 1600356308
0.6492 1600356308
0.6941999999999999 1600356308
0.7899 1600356308
0.8053999999999999 1600356308
0.8224 1600356308
0.8384 1600356308
0.8722999999999999 1600356308
0.8106 1600356308
0.8073999999999999 1600356308
0.746 1600356308
0.5976999999999999 1600356308
0.8033999999999999 1600356308
0.8442000000000001 1600356308
0.8442000000000001 1600356308
0.5980999999999999 1600356308
0.7470999999999999 1600356308
0.8633 1600356308
0.8616999999999999 1600356308
0.8435999999999999 1600356308
0.8039000000000001 1600356308
0.8108 1600356308
0.7839 1600356308
0.647 1600356308
0.8039000000000001 1600356308
0.7987 1600356308
0.8086 1600356308
0.8387 1600356308
0.8151999999999999 1600356308
0.7502 1600356308
0.7605999999999999 1600356308
