0.7011 1600225986
0.7017000000000001 1600225986
0.5569000000000001 1600225986
0.5547000000000001 1600225986
0.7877 1600225986
0.5467000000000001 1600225986
0.6335000000000001 1600225986
0.5563000000000001 1600225986
0.5745000000000001 1600225986
0.686 1600225986
0.5850000000000001 1600225986
0.6384 1600225986
0.7434 1600225986
0.6023999999999999 1600225986
0.6610000000000001 1600225986
0.7451 1600225986
0.6550000000000001 1600225986
0.6385 1600225986
0.7012000000000002 1600225986
0.7021000000000001 1600225986
0.7985000000000001 1600225986
0.6204 1600225986
0.783 1600225986
0.7338000000000001 1600225986
0.7126 1600225986
0.8011 1600225986
0.8317 1600225986
0.6485 1600225986
0.6285999999999999 1600225986
0.6295000000000001 1600225986
0.6374000000000001 1600225986
0.6330000000000001 1600225986
0.6796000000000001 1600225986
0.7846000000000001 1600225986
0.5539 1600225986
0.5224000000000001 1600225986
0.7860000000000001 1600225986
0.7429 1600225986
0.7777999999999999 1600225986
0.7624000000000001 1600225986
0.7020000000000001 1600225986
0.6295000000000001 1600225986
0.6334000000000001 1600225986
0.6333000000000001 1600225986
0.5790000000000001 1600225986
0.5577 1600225986
0.7016000000000001 1600225986
0.5286000000000001 1600225986
0.7303000000000001 1600225986
0.5279000000000001 1600225986
0.6790000000000002 1600225986
0.6330000000000001 1600225986
0.7898999999999999 1600225986
0.7063 1600225986
0.7014000000000001 1600225986
0.6336 1600225986
0.6009000000000001 1600225986
0.7301000000000001 1600225986
0.6404 1600225986
0.6611000000000001 1600225986
0.6344 1600225986
0.5539999999999999 1600225986
0.7155000000000001 1600225986
0.6331000000000001 1600225986
0.7166 1600225986
0.7184 1600225986
0.7955 1600225986
0.7061000000000001 1600225986
0.8403000000000002 1600225986
0.6788 1600225986
0.5887000000000001 1600225986
0.7907000000000001 1600225986
0.7593 1600225986
0.7956 1600225986
0.648 1600225986
0.6918000000000001 1600225986
0.5644000000000001 1600225986
0.5672 1600225986
0.6776000000000001 1600225986
0.5578 1600225986
0.6293000000000001 1600225986
0.7009 1600225986
0.6675000000000001 1600225986
0.7623000000000001 1600225986
0.5577 1600225986
0.6377 1600225986
0.7181000000000001 1600225986
0.6934000000000001 1600225986
0.7786000000000001 1600225986
0.6397 1600225986
0.7129 1600225986
0.6776000000000001 1600225986
0.6224 1600225986
0.568 1600225986
0.6272000000000001 1600225986
0.7385 1600225986
0.6785 1600225986
0.6182 1600225986
0.5645000000000001 1600225986
0.5312 1600225986
0.5786000000000001 1600225986
0.7015000000000001 1600225986
0.6337 1600225986
0.7011999999999999 1600225986
0.6233000000000001 1600225986
0.7011 1600225986
0.7433 1600225986
0.7339000000000001 1600225986
0.8401 1600225986
0.6335000000000001 1600225986
0.5643000000000001 1600225986
0.7076000000000001 1600225986
0.7617000000000002 1600225986
0.7165 1600225986
0.6404 1600225986
0.7503000000000001 1600225986
0.6789 1600225986
0.7064 1600225986
0.5233 1600225986
0.5295 1600225986
0.5221000000000001 1600225986
0.5721999999999999 1600225986
0.7286 1600225986
0.6915000000000001 1600225986
0.6377 1600225986
0.6243 1600225986
0.6042 1600225986
0.7626000000000001 1600225986
0.7182000000000001 1600225986
0.7496000000000002 1600225986
0.7249 1600225986
0.7185 1600225986
0.6024000000000002 1600225986
0.7901000000000001 1600225986
0.6239 1600225986
0.7641000000000001 1600225986
0.6383 1600225986
0.7289 1600225986
0.6393000000000001 1600225986
0.6212000000000001 1600225986
0.7622000000000001 1600225986
0.5754 1600225986
0.6281 1600225986
0.7595999999999999 1600225986
0.6302 1600225986
0.6788 1600225986
0.6324 1600225986
0.656 1600225986
0.7536000000000002 1600225986
0.7143 1600225986
0.5806000000000001 1600225986
0.5649000000000001 1600225986
0.7832 1600225986
0.7432 1600225986
0.6843 1600225986
0.6501 1600225986
0.5904000000000001 1600225986
0.5194 1600225986
0.7380000000000001 1600225986
0.7343000000000001 1600225986
0.6841 1600225986
0.7501000000000001 1600225986
0.6853000000000001 1600225986
0.624 1600225986
0.5787000000000001 1600225986
0.6705 1600225986
0.7557000000000001 1600225986
0.6789 1600225986
0.6861 1600225986
0.5564000000000001 1600225986
0.7019000000000001 1600225986
0.7624000000000001 1600225986
0.5278000000000002 1600225986
0.7012000000000002 1600225986
0.7298000000000001 1600225986
0.5560000000000002 1600225986
0.6633000000000001 1600225986
0.5560000000000002 1600225986
0.6789 1600225986
0.6609000000000002 1600225986
0.5743000000000001 1600225986
0.5716 1600225986
0.7103 1600225986
0.7340000000000001 1600225986
0.7020000000000001 1600225986
0.682 1600225986
0.6587999999999999 1600225986
0.6186000000000001 1600225986
0.7623000000000001 1600225986
0.5562000000000001 1600225986
0.7144 1600225986
0.5575 1600225986
0.6918000000000001 1600225986
0.6786 1600225986
0.5788000000000001 1600225986
0.7017000000000001 1600225986
0.7449 1600225986
0.6789 1600225986
0.6227000000000001 1600225986
0.5855 1600225986
0.6873000000000001 1600225986
0.5839 1600225986
0.7434 1600225986
0.6781 1600225986
0.6194000000000001 1600225986
0.7004 1600225986
0.6151000000000001 1600225986
0.6243 1600225986
0.7741000000000001 1600225986
0.5990000000000001 1600225986
0.6212000000000001 1600225986
0.5784000000000001 1600225986
0.6331000000000001 1600225986
0.6330000000000001 1600225986
0.7005 1600225986
0.5187 1600225986
0.7380000000000001 1600225986
0.8403000000000002 1600225986
0.7147 1600225986
0.7332 1600225986
0.6523 1600225986
0.5790000000000001 1600225986
0.5896 1600225986
0.5843000000000002 1600225986
0.5867000000000001 1600225986
0.7683000000000001 1600225986
0.7064 1600225986
0.5145000000000001 1600225986
0.6789999999999999 1600225986
0.5863000000000002 1600225986
0.6548000000000002 1600225986
0.7168 1600225986
0.6798000000000001 1600225986
0.5958 1600225986
0.7502000000000001 1600225986
0.5676 1600225986
0.5753 1600225986
0.7677000000000002 1600225986
0.7538000000000001 1600225986
0.6389000000000001 1600225986
0.6149000000000001 1600225986
0.7792 1600225986
0.6778000000000001 1600225986
0.7379000000000001 1600225986
0.5540000000000002 1600225986
0.6379 1600225986
0.684 1600225986
0.5651 1600225986
0.5865000000000001 1600225986
0.7434 1600225986
0.7865000000000001 1600225986
0.8197 1600225986
0.6826 1600225986
0.6521 1600225986
0.6244 1600225986
0.7016000000000001 1600225986
0.7506 1600225986
0.7617000000000002 1600225986
0.6784 1600225986
0.7031999999999999 1600225986
0.5676 1600225986
0.6037 1600225986
0.6257 1600225986
0.5335 1600225986
0.6505 1600225986
0.7503000000000001 1600225986
0.7305 1600225986
0.7358000000000001 1600225986
0.6335000000000001 1600225986
0.6869 1600225986
0.7298000000000001 1600225986
0.5845000000000001 1600225986
0.5990000000000001 1600225986
0.5578 1600225986
0.7019000000000001 1600225986
0.7028 1600225986
0.7031 1600225986
0.6344 1600225986
0.6944 1600225986
0.6615000000000001 1600225986
0.5861 1600225986
0.7061000000000001 1600225986
0.5583000000000001 1600225986
0.7595999999999999 1600225986
0.7007 1600225986
0.7434999999999999 1600225986
0.7172 1600225986
0.6858000000000001 1600225986
0.7154000000000001 1600225986
0.5790000000000001 1600225986
0.6135 1600225986
0.7161000000000001 1600225986
0.7925000000000001 1600225986
0.8225000000000001 1600225986
0.7342000000000001 1600225986
0.5209 1600225986
0.7846000000000001 1600225986
0.7431 1600225986
0.6369000000000001 1600225986
0.7668 1600225986
0.6132000000000001 1600225986
0.7708 1600225986
0.5810000000000001 1600225986
0.634 1600225986
0.5864000000000001 1600225986
0.848 1600225986
0.5001000000000001 1600225986
0.6482 1600225986
0.6775000000000001 1600225986
0.7907000000000001 1600225986
0.6241 1600225986
0.6786 1600225986
0.6139 1600225986
0.7247 1600225986
0.6185000000000002 1600225986
0.7160000000000001 1600225986
0.5297 1600225986
0.7542000000000001 1600225986
0.717 1600225986
0.8004000000000001 1600225986
0.6244 1600225986
0.7019000000000001 1600225986
0.6293000000000001 1600225986
0.49980000000000013 1600225986
0.5671 1600225986
0.7089 1600225986
0.7064 1600225986
0.6133000000000001 1600225986
0.5645000000000001 1600225986
0.7436000000000001 1600225986
0.6528000000000002 1600225986
0.7167 1600225986
0.7440000000000001 1600225986
0.7899000000000002 1600225986
0.5798 1600225986
0.6823 1600225986
0.7826000000000001 1600225986
0.5898 1600225986
0.6290000000000001 1600225986
0.5788000000000001 1600225986
0.5912000000000001 1600225986
0.7285 1600225986
0.6858000000000001 1600225986
0.6375000000000001 1600225986
0.5476 1600225986
0.7014000000000001 1600225986
0.7342000000000001 1600225986
0.6307000000000001 1600225986
0.6873000000000001 1600225986
0.5535 1600225986
0.7284 1600225986
0.6244 1600225986
0.7881000000000001 1600225986
0.5400000000000001 1600225986
0.6522 1600225986
0.7340000000000001 1600225986
0.6207000000000001 1600225986
0.7061000000000001 1600225986
0.6186000000000001 1600225986
0.686 1600225986
0.6122 1600225986
0.7287 1600225986
0.7714 1600225986
0.6013000000000001 1600225986
0.5843000000000002 1600225986
0.5864000000000001 1600225986
0.7354999999999999 1600225986
0.618 1600225986
0.5866000000000001 1600225986
0.4878000000000001 1600225986
0.6834000000000001 1600225986
0.7297000000000001 1600225986
0.8230000000000001 1600225986
0.6303 1600225986
0.5710000000000001 1600225986
0.8226000000000001 1600225986
0.6398 1600225986
0.7039000000000001 1600225986
0.6342 1600225986
0.7289 1600225986
0.7066 1600225986
0.6028000000000001 1600225986
0.5676 1600225986
0.7913 1600225986
0.7355000000000002 1600225986
0.7173000000000002 1600225986
0.6187000000000001 1600225986
0.6874000000000001 1600225986
0.5830000000000001 1600225986
0.6302 1600225986
0.6621 1600225986
0.7628 1600225986
0.7021000000000001 1600225986
0.7346 1600225986
0.5830000000000001 1600225986
0.6529000000000001 1600225986
0.7019000000000001 1600225986
0.6825 1600225986
0.6022 1600225986
0.8579 1600225986
0.8352 1600225986
0.7074000000000001 1600225986
0.5927000000000001 1600225986
0.8011 1600225986
0.703 1600225986
0.6916000000000001 1600225986
0.6921 1600225986
0.5589000000000001 1600225986
0.5675 1600225986
0.5569000000000001 1600225986
0.5826000000000001 1600225986
0.5398 1600225986
0.7276000000000001 1600225986
0.6844 1600225986
0.6289000000000001 1600225986
0.7348 1600225986
0.7091 1600225986
0.7871 1600225986
0.584 1600225986
0.7433 1600225986
0.6825 1600225986
0.6627 1600225986
0.6851000000000002 1600225986
0.7866000000000001 1600225986
0.6384 1600225986
0.5579999999999999 1600225986
0.5044000000000001 1600225986
0.5836 1600225986
0.6456000000000001 1600225986
0.7894 1600225986
0.7283000000000001 1600225986
0.678 1600225986
0.8602 1600225986
0.5719 1600225986
0.7434 1600225986
0.5218000000000002 1600225986
0.6238 1600225986
0.7893 1600225986
0.8009000000000001 1600225986
0.6402 1600225986
0.7062 1600225986
0.6334000000000001 1600225986
0.6787 1600225986
0.5579 1600225986
0.7032000000000002 1600225986
0.729 1600225986
0.795 1600225986
0.6863 1600225986
0.703 1600225986
0.8401 1600225986
0.8481 1600225986
0.8166000000000001 1600225986
0.7287 1600225986
0.6232000000000001 1600225986
0.7732 1600225986
0.4941000000000001 1600225986
0.6293000000000001 1600225986
0.7436000000000001 1600225986
0.6551000000000001 1600225986
0.6345 1600225986
0.7014000000000001 1600225986
0.6846 1600225986
0.7007 1600225986
0.5791000000000001 1600225986
0.7173000000000002 1600225986
0.7788 1600225986
0.6823 1600225986
0.6236 1600225986
0.7342000000000001 1600225986
0.5588000000000001 1600225986
0.763 1600225986
0.6789 1600225986
0.7632 1600225986
0.6184 1600225986
0.703 1600225986
0.6486999999999999 1600225986
0.5997 1600225986
0.5156 1600225986
0.5676 1600225986
0.7029 1600225986
0.6847 1600225986
0.5787000000000001 1600225986
0.7354999999999999 1600225986
0.7647 1600225986
0.773 1600225986
0.7778000000000002 1600225986
0.6828 1600225986
0.6473000000000001 1600225986
0.5716 1600225986
0.5998 1600225986
0.5187 1600225986
0.6389000000000001 1600225986
0.5975 1600225986
0.5824000000000001 1600225986
0.6635000000000001 1600225986
0.7143 1600225986
0.6846 1600225986
0.7898999999999999 1600225986
0.7792 1600225986
0.6487999999999999 1600225986
0.7923000000000001 1600225986
0.7622000000000001 1600225986
0.5752 1600225986
0.638 1600225986
0.7075000000000001 1600225986
0.7354999999999999 1600225986
0.6465 1600225986
0.7282000000000001 1600225986
0.7094000000000001 1600225986
0.7184 1600225986
0.5580999999999999 1600225986
0.5819 1600225986
