236.9613 1600333023
234.3542 1600333023
306.76890000000003 1600333023
248.8255 1600333023
303.0922 1600333023
303.52139999999997 1600333023
251.6848 1600333023
248.75269999999998 1600333023
231.6377 1600333023
234.2387 1600333023
238.86159999999998 1600333023
229.2922 1600333023
244.7275 1600333023
302.9188 1600333023
241.111 1600333023
307.50960000000003 1600333023
234.3105 1600333023
300.8833 1600333023
293.711 1600333023
299.2209 1600333023
307.2414 1600333023
234.8623 1600333023
294.0139 1600333023
305.9286 1600333023
306.1813 1600333023
297.716 1600333023
232.0917 1600333023
250.3012 1600333023
304.959 1600333023
294.0899 1600333023
239.2149 1600333023
302.0741 1600333023
244.8832 1600333023
247.0846 1600333023
304.7737 1600333023
301.5463 1600333023
246.823 1600333023
236.8946 1600333023
297.58660000000003 1600333023
298.5619 1600333023
239.3431 1600333023
228.7189 1600333023
306.5403 1600333023
301.753 1600333023
229.5059 1600333023
305.2746 1600333023
234.3298 1600333023
308.316 1600333023
303.2808 1600333023
291.01090000000005 1600333023
239.368 1600333023
244.8657 1600333023
251.70239999999998 1600333023
294.31419999999997 1600333023
236.6954 1600333023
239.2268 1600333023
234.7706 1600333023
301.5969 1600333023
239.154 1600333023
298.259 1600333023
307.22240000000005 1600333023
307.0702 1600333023
299.26860000000005 1600333023
308.957 1600333023
248.8418 1600333023
302.8532 1600333023
239.1531 1600333023
297.29350000000005 1600333023
307.0673 1600333023
232.5504 1600333023
295.7393 1600333023
299.742 1600333023
243.0947 1600333023
157.73329999999999 1600333023
305.2847 1600333023
303.2587 1600333023
308.639 1600333023
238.7292 1600333023
308.642 1600333023
297.9033 1600333023
307.1129 1600333023
303.3802 1600333023
236.7728 1600333023
245.14569999999998 1600333023
241.2672 1600333023
236.7316 1600333023
305.8676 1600333023
241.261 1600333023
304.4873 1600333023
243.3579 1600333023
308.744 1600333023
307.9661 1600333023
234.2549 1600333023
306.41700000000003 1600333023
304.5642 1600333023
292.2371 1600333023
305.8393 1600333023
306.9406 1600333023
308.0831 1600333023
302.8211 1600333023
236.9863 1600333023
230.1635 1600333023
308.1675 1600333023
248.8366 1600333023
306.98510000000005 1600333023
303.9292 1600333023
229.1457 1600333023
296.9598 1600333023
308.7964 1600333023
239.3635 1600333023
293.7574 1600333023
306.7512 1600333023
309.0151 1600333023
306.9873 1600333023
307.6773 1600333023
308.54609999999997 1600333023
235.07059999999998 1600333023
299.4922 1600333023
291.84880000000004 1600333023
307.1407 1600333023
307.14 1600333023
241.3878 1600333023
248.73499999999999 1600333023
304.8856 1600333023
307.003 1600333023
220.9812 1600333023
232.4631 1600333023
234.95839999999998 1600333023
306.82500000000005 1600333023
307.941 1600333023
238.8542 1600333023
302.0312 1600333023
303.18800000000005 1600333023
246.98 1600333023
301.7946 1600333023
305.2975 1600333023
237.2123 1600333023
303.0875 1600333023
306.082 1600333023
307.6793 1600333023
302.62550000000005 1600333023
244.9745 1600333023
308.2859 1600333023
309.1268 1600333023
244.7446 1600333023
241.0763 1600333023
308.43050000000005 1600333023
237.06119999999999 1600333023
304.7764 1600333023
236.6931 1600333023
299.1929 1600333023
243.1831 1600333023
305.2265 1600333023
1.564 1600333023
248.6648 1600333023
248.84629999999999 1600333023
303.9925 1600333023
222.9752 1600333023
308.9216 1600333023
300.022 1600333023
308.58090000000004 1600333023
304.2359 1600333023
308.5498 1600333023
234.7635 1600333023
304.47400000000005 1600333023
303.3995 1600333023
308.1171 1600333023
308.04810000000003 1600333023
302.05350000000004 1600333023
304.99420000000003 1600333023
308.3152 1600333023
306.5263 1600333023
290.4794 1600333023
245.21099999999998 1600333023
308.05670000000003 1600333023
241.0924 1600333023
307.8548 1600333023
308.8318 1600333023
308.69500000000005 1600333023
241.0433 1600333023
305.86850000000004 1600333023
232.727 1600333023
254.732 1600333023
303.9069 1600333023
221.6506 1600333023
227.53 1600333023
222.1102 1600333023
298.8951 1600333023
305.8696 1600333023
226.82 1600333023
294.8358 1600333023
308.9583 1600333023
309.12149999999997 1600333023
296.23269999999997 1600333023
308.8355 1600333023
308.7127 1600333023
301.1872 1600333023
243.24949999999998 1600333023
73.21459999999999 1600333023
231.5379 1600333023
234.6843 1600333023
308.3515 1600333023
241.1593 1600333023
304.3689 1600333023
305.76619999999997 1600333023
302.58189999999996 1600333023
305.77020000000005 1600333023
248.8787 1600333023
299.0788 1600333023
241.087 1600333023
217.2357 1600333023
246.9307 1600333023
309.0857 1600333023
309.05210000000005 1600333023
224.0953 1600333023
298.02680000000004 1600333023
226.0924 1600333023
297.0493 1600333023
232.4437 1600333023
236.9571 1600333023
300.1592 1600333023
308.7136 1600333023
308.8389 1600333023
232.1974 1600333023
304.4278 1600333023
242.9485 1600333023
307.2202 1600333023
304.7425 1600333023
299.3688 1600333023
308.3568 1600333023
234.8802 1600333023
241.2644 1600333023
306.0083 1600333023
299.0243 1600333023
308.07570000000004 1600333023
302.42920000000004 1600333023
295.5032 1600333023
303.7528 1600333023
297.3185 1600333023
236.7629 1600333023
231.7804 1600333023
306.826 1600333023
238.9625 1600333023
305.6877 1600333023
308.69390000000004 1600333023
305.5462 1600333023
307.1589 1600333023
246.9741 1600333023
302.5188 1600333023
308.2201 1600333023
304.7447 1600333023
301.85499999999996 1600333023
305.54249999999996 1600333023
251.6838 1600333023
230.1958 1600333023
302.9201 1600333023
304.2553 1600333023
234.5773 1600333023
307.4071 1600333023
301.1723 1600333023
309.0211 1600333023
301.39279999999997 1600333023
296.7975 1600333023
241.3217 1600333023
306.4546 1600333023
309.1261 1600333023
306.9859 1600333023
308.11899999999997 1600333023
305.6927 1600333023
246.9263 1600333023
307.8843 1600333023
242.9771 1600333023
307.6156 1600333023
309.0901 1600333023
288.012 1600333023
286.988 1600333023
303.1202 1600333023
307.9067 1600333023
236.7706 1600333023
244.90109999999999 1600333023
305.5497 1600333023
302.9704 1600333023
246.936 1600333023
230.1644 1600333023
217.2516 1600333023
236.9813 1600333023
237.20759999999999 1600333023
248.8802 1600333023
244.84969999999998 1600333023
243.0351 1600333023
299.0924 1600333023
239.2237 1600333023
302.78430000000003 1600333023
247.0801 1600333023
299.3369 1600333023
234.3562 1600333023
238.9184 1600333023
239.2935 1600333023
307.52729999999997 1600333023
306.8913 1600333023
243.2878 1600333023
302.8066 1600333023
294.9087 1600333023
232.2746 1600333023
306.258 1600333023
239.1001 1600333023
298.22040000000004 1600333023
246.9284 1600333023
304.77470000000005 1600333023
232.29489999999998 1600333023
236.8464 1600333023
303.9456 1600333023
237.1173 1600333023
285.9977 1600333023
304.5622 1600333023
297.43580000000003 1600333023
304.5989 1600333023
308.5266 1600333023
301.53020000000004 1600333023
253.27 1600333023
244.96869999999998 1600333023
305.73130000000003 1600333023
299.206 1600333023
300.9332 1600333023
292.4467 1600333023
229.9689 1600333023
243.09699999999998 1600333023
227.1226 1600333023
299.4755 1600333023
306.29 1600333023
296.4353 1600333023
309.1205 1600333023
306.8431 1600333023
308.92359999999996 1600333023
308.4758 1600333023
245.02009999999999 1600333023
239.3791 1600333023
308.7793 1600333023
222.78109999999998 1600333023
302.3233 1600333023
303.7671 1600333023
304.9094 1600333023
241.0594 1600333023
232.42419999999998 1600333023
245.1426 1600333023
308.1813 1600333023
235.0718 1600333023
243.0933 1600333023
254.7696 1600333023
305.1501 1600333023
251.69979999999998 1600333023
307.8826 1600333023
308.62530000000004 1600333023
241.3862 1600333023
305.8398 1600333023
296.1842 1600333023
306.24989999999997 1600333023
237.0575 1600333023
241.2636 1600333023
308.3768 1600333023
299.2919 1600333023
309.0867 1600333023
303.81 1600333023
308.3478 1600333023
304.9945 1600333023
308.8682 1600333023
225.7335 1600333023
303.1094 1600333023
308.1137 1600333023
244.9174 1600333023
299.8809 1600333023
250.40959999999998 1600333023
289.33450000000005 1600333023
305.8896 1600333023
302.96659999999997 1600333023
239.4004 1600333023
241.1558 1600333023
245.2115 1600333023
232.7355 1600333023
227.5805 1600333023
244.9153 1600333023
307.6401 1600333023
309.02509999999995 1600333023
241.153 1600333023
251.6334 1600333023
248.7537 1600333023
251.7012 1600333023
308.0723 1600333023
308.5267 1600333023
241.1411 1600333023
307.8385 1600333023
128.003 1600333023
236.6361 1600333023
234.4245 1600333023
232.24949999999998 1600333023
232.5119 1600333023
232.63809999999998 1600333023
238.8516 1600333023
243.3543 1600333023
253.2953 1600333023
244.97009999999997 1600333023
304.8699 1600333023
299.50829999999996 1600333023
238.8494 1600333023
306.9198 1600333023
244.8508 1600333023
248.8408 1600333023
245.1039 1600333023
307.98339999999996 1600333023
250.3552 1600333023
246.9359 1600333023
304.22339999999997 1600333023
234.9915 1600333023
306.4332 1600333023
247.06019999999998 1600333023
227.3115 1600333023
248.7167 1600333023
308.5106 1600333023
301.432 1600333023
295.20210000000003 1600333023
248.698 1600333023
308.6178 1600333023
299.22200000000004 1600333023
248.8428 1600333023
239.21189999999999 1600333023
301.29650000000004 1600333023
238.9844 1600333023
229.52519999999998 1600333023
300.8245 1600333023
243.24779999999998 1600333023
227.2097 1600333023
241.0776 1600333023
244.81719999999999 1600333023
243.09029999999998 1600333023
243.1807 1600333023
305.9911 1600333023
244.95759999999999 1600333023
238.8217 1600333023
232.1568 1600333023
234.74519999999998 1600333023
306.195 1600333023
245.0702 1600333023
241.02259999999998 1600333023
268.70390000000003 1600333023
246.8781 1600333023
242.9518 1600333023
234.4568 1600333023
307.58750000000003 1600333023
248.92499999999998 1600333023
253.2395 1600333023
246.9312 1600333023
247.0802 1600333023
245.0668 1600333023
231.795 1600333023
244.7431 1600333023
304.4879 1600333023
247.0204 1600333023
241.33769999999998 1600333023
241.25740000000002 1600333023
242.9784 1600333023
234.8775 1600333023
241.1493 1600333023
244.8819 1600333023
238.9895 1600333023
236.9623 1600333023
242.9743 1600333023
224.4153 1600333023
290.5924 1600333023
243.029 1600333023
254.73319999999998 1600333023
230.1236 1600333023
304.3333 1600333023
248.8393 1600333023
306.6167 1600333023
234.3459 1600333023
241.1428 1600333023
309.1227 1600333023
243.0951 1600333023
240.9592 1600333023
242.9435 1600333023
229.7301 1600333023
241.4626 1600333023
254.7684 1600333023
236.7456 1600333023
253.2686 1600333023
229.20229999999998 1600333023
232.66910000000001 1600333023
242.8885 1600333023
308.37440000000004 1600333023
234.5348 1600333023
243.2724 1600333023
308.8291 1600333023
239.3705 1600333023
241.1513 1600333023
250.3212 1600333023
248.77059999999997 1600333023
236.64509999999999 1600333023
232.5004 1600333023
308.5362 1600333023
294.57869999999997 1600333023
232.4659 1600333023
298.6617 1600333023
209.0546 1600333023
308.5529 1600333023
224.83829999999998 1600333023
307.2026 1600333023
234.6392 1600333023
306.6832 1600333023
241.2618 1600333023
240.9287 1600333023
308.5607 1600333023
245.17620000000002 1600333023
