185.03879999999998 1600560750
185.0386 1600560750
185.03879999999998 1600560750
185.0385 1600560750
185.0388 1600560750
185.0389 1600560750
185.0389 1600560750
179.51690000000002 1600560750
179.5171 1600560750
179.5172 1600560750
179.51700000000002 1600560750
179.5172 1600560750
179.5172 1600560750
179.5172 1600560750
183.3474 1600560750
183.34709999999998 1600560750
183.3476 1600560750
183.3475 1600560750
183.3477 1600560750
183.3475 1600560750
183.3476 1600560750
175.4196 1600560750
175.4195 1600560750
175.4192 1600560750
175.4194 1600560750
175.4191 1600560750
175.4195 1600560750
175.4193 1600560750
178.9094 1600560750
178.9094 1600560750
178.9092 1600560750
178.9094 1600560750
178.9092 1600560750
178.9092 1600560750
178.9095 1600560750
185.67239999999998 1600560750
185.6723 1600560750
185.67219999999998 1600560750
185.672 1600560750
185.672 1600560750
185.6724 1600560750
185.6723 1600560750
187.47459999999998 1600560750
187.47480000000002 1600560750
187.4745 1600560750
187.4748 1600560750
187.4747 1600560750
187.4745 1600560750
187.4749 1600560750
174.9054 1600560750
174.90540000000001 1600560750
174.90540000000001 1600560750
174.9055 1600560750
174.9056 1600560750
174.90529999999998 1600560750
174.9057 1600560750
200.40970000000002 1600560750
200.40949999999998 1600560750
200.40970000000002 1600560750
200.4096 1600560750
200.40970000000002 1600560750
200.4095 1600560750
200.40929999999997 1600560750
194.674 1600560750
194.6744 1600560750
194.6738 1600560750
194.67430000000002 1600560750
194.67419999999998 1600560750
194.67430000000002 1600560750
194.6742 1600560750
142.1091 1600560750
142.10909999999998 1600560750
142.1093 1600560750
142.1094 1600560750
142.1091 1600560750
142.1093 1600560750
142.10940000000002 1600560750
171.9827 1600560750
171.983 1600560750
171.9832 1600560750
171.983 1600560750
171.9832 1600560750
171.98329999999999 1600560750
171.9832 1600560750
186.5557 1600560750
186.5554 1600560750
186.5556 1600560750
186.5557 1600560750
186.5556 1600560750
186.5558 1600560750
186.5558 1600560750
188.4023 1600560750
188.4021 1600560750
188.4024 1600560750
188.402 1600560750
188.4019 1600560750
188.4023 1600560750
188.4022 1600560750
180.00130000000001 1600560750
180.0012 1600560750
180.0008 1600560750
180.0009 1600560750
180.001 1600560750
180.0012 1600560750
180.0013 1600560750
194.42319999999998 1600560750
194.4229 1600560750
194.4232 1600560750
194.42299999999997 1600560750
194.423 1600560750
194.4231 1600560750
194.4228 1600560750
204.9001 1600560750
205.1654 1600560750
205.1654 1600560750
205.16549999999998 1600560750
205.1654 1600560750
205.1654 1600560750
204.0671 1600560750
117.42229999999999 1600560750
117.42229999999999 1600560750
117.4222 1600560750
117.4224 1600560750
117.422 1600560750
117.4224 1600560750
117.4221 1600560750
180.9409 1600560750
180.9411 1600560750
180.94119999999998 1600560750
180.9411 1600560750
180.94119999999998 1600560750
180.9413 1600560750
180.9411 1600560750
182.5861 1600560750
182.5862 1600560750
182.5862 1600560750
182.58610000000002 1600560750
182.5858 1600560750
182.586 1600560750
182.5861 1600560750
171.6383 1600560750
171.6379 1600560750
171.63809999999998 1600560750
171.6383 1600560750
171.63819999999998 1600560750
171.6379 1600560750
171.6379 1600560750
178.2674 1600560750
178.267 1600560750
178.2675 1600560750
178.2675 1600560750
178.2674 1600560750
178.2675 1600560750
178.26760000000002 1600560750
187.0693 1600560750
187.06949999999998 1600560750
187.06959999999998 1600560750
187.0695 1600560750
187.0695 1600560750
187.06910000000002 1600560750
187.0694 1600560750
173.2915 1600560750
173.2917 1600560750
173.2917 1600560750
173.2919 1600560750
173.2919 1600560750
173.2918 1600560750
173.29160000000002 1600560750
204.1387 1600560750
204.1387 1600560750
205.22789999999998 1600560750
204.1386 1600560750
204.1387 1600560750
204.1387 1600560750
204.1389 1600560750
180.09810000000002 1600560750
180.0979 1600560750
180.0978 1600560750
180.0979 1600560750
180.09789999999998 1600560750
180.09799999999998 1600560750
180.0977 1600560750
174.41580000000002 1600560750
174.416 1600560750
174.416 1600560750
174.4157 1600560750
174.4161 1600560750
174.4159 1600560750
174.416 1600560750
194.6261 1600560750
194.62630000000001 1600560750
194.6259 1600560750
194.62609999999998 1600560750
194.6263 1600560750
194.62619999999998 1600560750
194.62619999999998 1600560750
118.6512 1600560750
118.6515 1600560750
118.6514 1600560750
118.6516 1600560750
118.65140000000001 1600560750
118.65140000000001 1600560750
118.6514 1600560750
189.81439999999998 1600560750
189.8141 1600560750
189.8146 1600560750
189.8145 1600560750
189.81429999999997 1600560750
189.8143 1600560750
189.8145 1600560750
176.6454 1600560750
176.6453 1600560750
176.6453 1600560750
176.6451 1600560750
176.6457 1600560750
176.6455 1600560750
176.6452 1600560750
185.0902 1600560750
185.09040000000002 1600560750
185.0904 1600560750
185.0902 1600560750
185.0904 1600560750
185.09 1600560750
185.0905 1600560750
205.4844 1600560750
205.41889999999998 1600560750
205.4188 1600560750
205.4843 1600560750
204.9997 1600560750
204.99949999999998 1600560750
204.99970000000002 1600560750
177.38389999999998 1600560750
177.384 1600560750
177.3836 1600560750
177.38400000000001 1600560750
177.38420000000002 1600560750
177.38410000000002 1600560750
177.3841 1600560750
179.5881 1600560750
179.588 1600560750
179.58829999999998 1600560750
179.5882 1600560750
179.5881 1600560750
179.58790000000002 1600560750
179.5884 1600560750
187.8125 1600560750
187.8125 1600560750
187.8127 1600560750
187.81279999999998 1600560750
187.8127 1600560750
187.8126 1600560750
187.8124 1600560750
172.9488 1600560750
172.94910000000002 1600560750
172.9491 1600560750
172.94899999999998 1600560750
172.9492 1600560750
172.9492 1600560750
172.9489 1600560750
119.38550000000001 1600560750
119.3857 1600560750
119.38560000000001 1600560750
119.3857 1600560750
119.3854 1600560750
119.38550000000001 1600560750
119.3856 1600560750
177.0482 1600560750
177.048 1600560750
177.0483 1600560750
177.0479 1600560750
177.04799999999997 1600560750
177.048 1600560750
177.0482 1600560750
193.0603 1600560750
193.061 1600560750
193.06089999999998 1600560750
193.0609 1600560750
193.061 1600560750
193.0607 1600560750
193.0609 1600560750
201.786 1600560750
201.7859 1600560750
201.78390000000002 1600560750
201.7859 1600560750
201.7861 1600560750
201.7859 1600560750
201.784 1600560750
180.0402 1600560750
180.04000000000002 1600560750
180.04000000000002 1600560750
180.0401 1600560750
180.03979999999999 1600560750
180.03979999999999 1600560750
180.0401 1600560750
170.984 1600560750
170.9843 1600560750
170.9842 1600560750
170.984 1600560750
170.9841 1600560750
170.9836 1600560750
170.98440000000002 1600560750
168.98590000000002 1600560750
168.98549999999997 1600560750
168.98579999999998 1600560750
168.98530000000002 1600560750
168.9857 1600560750
168.98590000000002 1600560750
168.9857 1600560750
185.2998 1600560750
185.2998 1600560750
185.29979999999998 1600560750
185.2994 1600560750
185.3 1600560750
185.29989999999998 1600560750
185.2996 1600560750
184.2372 1600560750
184.2373 1600560750
184.23719999999997 1600560750
184.2373 1600560750
184.2373 1600560750
184.23719999999997 1600560750
184.2371 1600560750
123.2832 1600560750
123.283 1600560750
123.2832 1600560750
123.2834 1600560750
123.2828 1600560750
123.28299999999999 1600560750
123.28330000000001 1600560750
190.6579 1600560750
190.65779999999998 1600560750
190.6575 1600560750
190.6577 1600560750
190.6577 1600560750
190.6576 1600560750
190.658 1600560750
204.44400000000002 1600560750
204.4437 1600560750
204.44400000000002 1600560750
204.44400000000002 1600560750
204.5211 1600560750
204.5212 1600560750
203.2012 1600560750
195.4211 1600560750
195.42100000000002 1600560750
195.4215 1600560750
195.4211 1600560750
195.4213 1600560750
195.4213 1600560750
195.4213 1600560750
171.2131 1600560750
171.2134 1600560750
171.21329999999998 1600560750
171.2133 1600560750
171.2135 1600560750
171.2131 1600560750
171.2135 1600560750
180.9933 1600560750
180.99290000000002 1600560750
180.9933 1600560750
180.9933 1600560750
180.9932 1600560750
180.9931 1600560750
180.9932 1600560750
180.7489 1600560750
180.7486 1600560750
180.7489 1600560750
180.7486 1600560750
180.7488 1600560750
180.74890000000002 1600560750
180.74869999999999 1600560750
178.1478 1600560750
178.1475 1600560750
178.14770000000001 1600560750
178.1476 1600560750
178.14729999999997 1600560750
178.1477 1600560750
178.14770000000001 1600560750
116.8213 1600560750
116.821 1600560750
116.8213 1600560750
116.821 1600560750
116.8212 1600560750
116.8208 1600560750
116.8212 1600560750
190.048 1600560750
190.04780000000002 1600560750
190.048 1600560750
190.0482 1600560750
190.0482 1600560750
190.0482 1600560750
190.048 1600560750
198.8756 1600560750
198.8757 1600560750
198.8756 1600560750
198.81879999999998 1600560750
198.8189 1600560750
198.8759 1600560750
198.81879999999998 1600560750
177.66850000000002 1600560750
177.6683 1600560750
177.6681 1600560750
177.66819999999998 1600560750
177.6683 1600560750
177.6685 1600560750
177.6683 1600560750
185.57750000000001 1600560750
185.5778 1600560750
185.5777 1600560750
185.5775 1600560750
185.5776 1600560750
185.577 1600560750
185.5778 1600560750
183.9407 1600560750
183.9406 1600560750
183.94060000000002 1600560750
183.9404 1600560750
183.9407 1600560750
183.9408 1600560750
183.9407 1600560750
191.9324 1600560750
191.93259999999998 1600560750
191.9326 1600560750
191.93280000000001 1600560750
191.9326 1600560750
191.9324 1600560750
191.9327 1600560750
180.7001 1600560750
180.7 1600560750
180.7005 1600560750
180.70020000000002 1600560750
180.7 1600560750
180.7004 1600560750
180.7005 1600560750
180.4177 1600560750
180.4176 1600560750
180.4175 1600560750
180.4177 1600560750
180.41740000000001 1600560750
180.4173 1600560750
180.4178 1600560750
188.901 1600560750
188.901 1600560750
188.901 1600560750
188.9008 1600560750
188.9008 1600560750
188.90079999999998 1600560750
188.9007 1600560750
175.02779999999998 1600560750
175.02749999999997 1600560750
175.028 1600560750
175.02800000000002 1600560750
175.02790000000002 1600560750
175.02759999999998 1600560750
175.02779999999998 1600560750
202.79240000000001 1600560750
202.7921 1600560750
202.7924 1600560750
202.79229999999998 1600560750
200.4767 1600560750
202.79240000000001 1600560750
202.7924 1600560750
193.3857 1600560750
193.38569999999999 1600560750
193.3858 1600560750
193.3854 1600560750
193.3858 1600560750
193.38580000000002 1600560750
193.3856 1600560750
118.2965 1600560750
118.29589999999999 1600560750
118.2962 1600560750
118.29639999999999 1600560750
118.29650000000001 1600560750
118.29629999999999 1600560750
118.2961 1600560750
186.1293 1600560750
186.1288 1600560750
186.1292 1600560750
186.1291 1600560750
186.1294 1600560750
186.1294 1600560750
186.129 1600560750
174.7422 1600560750
174.7422 1600560750
174.7422 1600560750
174.742 1600560750
174.7422 1600560750
174.7424 1600560750
174.7423 1600560750
196.3996 1600560750
196.3999 1600560750
196.3995 1600560750
196.3997 1600560750
196.3998 1600560750
196.39970000000002 1600560750
196.3998 1600560750
179.6358 1600560750
179.6359 1600560750
179.6361 1600560750
179.6356 1600560750
179.6361 1600560750
179.6359 1600560750
179.6361 1600560750
178.3275 1600560750
178.32729999999998 1600560750
178.3275 1600560750
178.32760000000002 1600560750
178.3275 1600560750
178.32750000000001 1600560750
178.3276 1600560750
202.3246 1600560750
202.3817 1600560750
202.3244 1600560750
202.3826 1600560750
202.32459999999998 1600560750
202.3247 1600560750
202.3244 1600560750
186.33059999999998 1600560750
186.3305 1600560750
186.3306 1600560750
186.3301 1600560750
186.33040000000003 1600560750
186.3302 1600560750
186.3303 1600560750
192.6896 1600560750
192.6899 1600560750
192.6898 1600560750
192.6898 1600560750
192.68970000000002 1600560750
192.6899 1600560750
192.6898 1600560750
179.4209 1600560750
179.42110000000002 1600560750
179.4209 1600560750
179.42090000000002 1600560750
179.4209 1600560750
179.42069999999998 1600560750
179.421 1600560750
171.03889999999998 1600560750
171.0388 1600560750
171.03900000000002 1600560750
171.03840000000002 1600560750
171.0387 1600560750
171.03879999999998 1600560750
171.0387 1600560750
172.2516 1600560750
172.2519 1600560750
172.2518 1600560750
172.2518 1600560750
172.2518 1600560750
172.2515 1600560750
172.2517 1600560750
176.1783 1600560750
176.1784 1600560750
176.17849999999999 1600560750
176.1786 1600560750
176.17849999999999 1600560750
176.178 1600560750
176.17849999999999 1600560750
186.67319999999998 1600560750
186.6732 1600560750
186.673 1600560750
186.6733 1600560750
186.67340000000002 1600560750
186.67340000000002 1600560750
186.6733 1600560750
205.0937 1600560750
205.1474 1600560750
205.0936 1600560750
204.6355 1600560750
204.6354 1600560750
205.09349999999998 1600560750
205.0936 1600560750
178.9681 1600560750
178.96790000000001 1600560750
178.968 1600560750
178.968 1600560750
178.9678 1600560750
178.9682 1600560750
178.96810000000002 1600560750
173.8313 1600560750
173.8313 1600560750
173.8312 1600560750
173.83100000000002 1600560750
173.83110000000002 1600560750
173.8312 1600560750
173.8313 1600560750
1.2125000000000001 1600560750
1.2124 1600560750
1.1177 1600560750
1.1178000000000001 1600560750
1.1676000000000002 1600560750
1.1676000000000002 1600560750
1.1179 1600560750
191.73669999999998 1600560750
191.73659999999998 1600560750
191.7364 1600560750
191.7366 1600560750
191.7364 1600560750
191.7366 1600560750
191.7361 1600560750
176.3679 1600560750
176.3683 1600560750
176.36829999999998 1600560750
176.3683 1600560750
176.3682 1600560750
176.3683 1600560750
176.3683 1600560750
187.94879999999998 1600560750
187.9487 1600560750
187.949 1600560750
187.9489 1600560750
187.9489 1600560750
187.94879999999998 1600560750
187.9486 1600560750
182.2887 1600560750
182.2884 1600560750
182.2886 1600560750
182.2883 1600560750
182.2883 1600560750
182.2885 1600560750
182.2888 1600560750
205.4251 1600560750
205.42499999999998 1600560750
205.4701 1600560750
205.1637 1600560750
205.4223 1600560750
205.1638 1600560750
205.1636 1600560750
189.3549 1600560750
189.35479999999998 1600560750
189.3546 1600560750
189.3546 1600560750
189.3544 1600560750
189.3548 1600560750
189.3547 1600560750
176.1113 1600560750
176.11159999999998 1600560750
176.1117 1600560750
176.1117 1600560750
176.1114 1600560750
176.11159999999998 1600560750
176.1116 1600560750
171.09060000000002 1600560750
171.0904 1600560750
171.0903 1600560750
171.0905 1600560750
171.0901 1600560750
171.09029999999998 1600560750
171.09029999999998 1600560750
186.0602 1600560750
186.0601 1600560750
186.0599 1600560750
186.0601 1600560750
186.06029999999998 1600560750
186.06019999999998 1600560750
186.0601 1600560750
184.6942 1600560750
184.69449999999998 1600560750
184.694 1600560750
184.6943 1600560750
184.6942 1600560750
184.6943 1600560750
184.6944 1600560750
184.9262 1600560750
184.9261 1600560750
184.9258 1600560750
184.9261 1600560750
184.92600000000002 1600560750
184.9259 1600560750
184.926 1600560750
173.9673 1600560750
173.9672 1600560750
173.9674 1600560750
173.9673 1600560750
173.9674 1600560750
173.9675 1600560750
173.9674 1600560750
205.3819 1600560750
205.2986 1600560750
205.2987 1600560750
205.3821 1600560750
205.2982 1600560750
205.2982 1600560750
205.356 1600560750
177.205 1600560750
177.2048 1600560750
177.20530000000002 1600560750
177.2051 1600560750
177.20520000000002 1600560750
177.20520000000002 1600560750
177.2052 1600560750
116.8731 1600560750
116.8735 1600560750
116.8735 1600560750
116.8733 1600560750
116.8736 1600560750
116.8734 1600560750
116.87349999999999 1600560750
182.522 1600560750
182.52190000000002 1600560750
182.5216 1600560750
182.522 1600560750
182.5221 1600560750
182.522 1600560750
182.522 1600560750
182.9848 1600560750
182.9845 1600560750
182.98489999999998 1600560750
182.98520000000002 1600560750
182.9848 1600560750
182.98510000000002 1600560750
182.9852 1600560750
193.89069999999998 1600560750
193.8903 1600560750
193.8907 1600560750
193.8906 1600560750
193.8904 1600560750
193.8903 1600560750
193.8905 1600560750
176.5284 1600560750
176.5284 1600560750
176.5283 1600560750
176.5281 1600560750
176.52839999999998 1600560750
176.5285 1600560750
176.5285 1600560750
173.1825 1600560750
173.1825 1600560750
173.18259999999998 1600560750
173.1826 1600560750
173.1827 1600560750
173.1823 1600560750
173.1826 1600560750
201.0619 1600560750
201.11159999999998 1600560750
201.0621 1600560750
201.1118 1600560750
201.0619 1600560750
201.0622 1600560750
201.0622 1600560750
186.7894 1600560750
186.7893 1600560750
186.7895 1600560750
186.78949999999998 1600560750
186.78920000000002 1600560750
186.7892 1600560750
186.78910000000002 1600560750
170.93409999999997 1600560750
170.934 1600560750
170.9338 1600560750
170.9339 1600560750
170.93419999999998 1600560750
170.934 1600560750
170.934 1600560750
187.764 1600560750
187.7635 1600560750
187.76409999999998 1600560750
187.7636 1600560750
187.7639 1600560750
187.7638 1600560750
187.764 1600560750
189.17489999999998 1600560750
189.1747 1600560750
189.17499999999998 1600560750
189.1748 1600560750
189.1745 1600560750
189.17479999999998 1600560750
189.1746 1600560750
177.1054 1600560750
177.10559999999998 1600560750
177.1052 1600560750
177.1057 1600560750
177.10559999999998 1600560750
177.1055 1600560750
177.1056 1600560750
169.3437 1600560750
169.3436 1600560750
169.34369999999998 1600560750
169.34369999999998 1600560750
169.3438 1600560750
169.3434 1600560750
169.34380000000002 1600560750
181.6737 1600560750
181.6739 1600560750
181.6735 1600560750
181.6738 1600560750
181.6737 1600560750
181.6736 1600560750
181.674 1600560750
202.9541 1600560750
202.9539 1600560750
202.9539 1600560750
202.9537 1600560750
203.0043 1600560750
204.2028 1600560750
204.2031 1600560750
191.9908 1600560750
191.9908 1600560750
191.9909 1600560750
191.99089999999998 1600560750
191.99099999999999 1600560750
191.9906 1600560750
191.991 1600560750
182.0076 1600560750
182.0077 1600560750
182.0078 1600560750
182.00760000000002 1600560750
182.00779999999997 1600560750
182.0074 1600560750
182.0076 1600560750
173.3396 1600560750
173.33960000000002 1600560750
173.33919999999998 1600560750
173.3394 1600560750
173.33939999999998 1600560750
173.3394 1600560750
173.3394 1600560750
171.46579999999997 1600560750
171.4661 1600560750
171.46599999999998 1600560750
171.4659 1600560750
171.4657 1600560750
171.46609999999998 1600560750
171.46620000000001 1600560750
186.60809999999998 1600560750
186.60829999999999 1600560750
186.608 1600560750
186.60809999999998 1600560750
186.6082 1600560750
186.6081 1600560750
186.6078 1600560750
173.55399999999997 1600560750
173.5539 1600560750
173.5539 1600560750
173.554 1600560750
173.554 1600560750
173.5541 1600560750
173.55440000000002 1600560750
172.473 1600560750
172.47310000000002 1600560750
172.4732 1600560750
172.47299999999998 1600560750
172.47310000000002 1600560750
172.4728 1600560750
172.4732 1600560750
194.77890000000002 1600560750
194.779 1600560750
194.779 1600560750
194.77890000000002 1600560750
194.7789 1600560750
194.77859999999998 1600560750
194.7792 1600560750
190.5214 1600560750
190.52100000000002 1600560750
190.5212 1600560750
190.52130000000002 1600560750
190.52110000000002 1600560750
190.5214 1600560750
190.5212 1600560750
170.6844 1600560750
170.684 1600560750
170.68439999999998 1600560750
170.6841 1600560750
170.6842 1600560750
170.684 1600560750
170.6843 1600560750
169.2177 1600560750
169.2178 1600560750
169.218 1600560750
169.21810000000002 1600560750
169.2181 1600560750
169.218 1600560750
169.21790000000001 1600560750
144.86280000000002 1600560750
144.8628 1600560750
144.86260000000001 1600560750
144.86270000000002 1600560750
144.8627 1600560750
144.86270000000002 1600560750
144.8629 1600560750
177.4926 1600560750
177.4924 1600560750
177.4925 1600560750
177.49269999999999 1600560750
177.4923 1600560750
177.4925 1600560750
177.4924 1600560750
189.57590000000002 1600560750
189.5759 1600560750
189.5761 1600560750
189.576 1600560750
189.5757 1600560750
189.5757 1600560750
189.57610000000003 1600560750
174.3655 1600560750
174.3657 1600560750
174.3653 1600560750
174.3654 1600560750
174.3655 1600560750
174.3655 1600560750
174.3657 1600560750
182.0599 1600560750
182.05999999999997 1600560750
182.0598 1600560750
182.0599 1600560750
182.0598 1600560750
182.0594 1600560750
182.0597 1600560750
203.6349 1600560750
202.0402 1600560750
203.6346 1600560750
203.6349 1600560750
202.0402 1600560750
202.0403 1600560750
203.6349 1600560750
181.77259999999998 1600560750
181.7723 1600560750
181.77270000000001 1600560750
181.7723 1600560750
181.7723 1600560750
181.77249999999998 1600560750
181.7724 1600560750
144.4549 1600560750
144.4549 1600560750
144.4547 1600560750
144.455 1600560750
144.455 1600560750
144.45479999999998 1600560750
144.4548 1600560750
190.7728 1600560750
190.77249999999998 1600560750
190.7728 1600560750
190.7726 1600560750
190.77290000000002 1600560750
190.77270000000001 1600560750
190.7729 1600560750
186.8966 1600560750
186.8963 1600560750
186.8966 1600560750
186.8966 1600560750
186.8965 1600560750
186.8966 1600560750
186.8967 1600560750
182.4649 1600560750
182.46460000000002 1600560750
182.4649 1600560750
182.4648 1600560750
182.4648 1600560750
182.4648 1600560750
182.465 1600560750
172.0375 1600560750
172.0374 1600560750
172.03740000000002 1600560750
172.0377 1600560750
172.0375 1600560750
172.0372 1600560750
172.0376 1600560750
175.602 1600560750
175.6019 1600560750
175.6017 1600560750
175.6021 1600560750
175.6017 1600560750
175.602 1600560750
175.6021 1600560750
202.2183 1600560750
202.2183 1600560750
202.2182 1600560750
202.2185 1600560750
202.2185 1600560750
202.16660000000002 1600560750
202.1666 1600560750
187.6891 1600560750
187.6892 1600560750
187.6893 1600560750
187.6892 1600560750
187.6891 1600560750
187.6892 1600560750
187.6888 1600560750
189.00379999999998 1600560750
189.0041 1600560750
189.004 1600560750
189.00410000000002 1600560750
189.004 1600560750
189.0039 1600560750
189.00379999999998 1600560750
146.5266 1600560750
146.5267 1600560750
146.5262 1600560750
146.52630000000002 1600560750
146.52620000000002 1600560750
146.5265 1600560750
146.5266 1600560750
150.68050000000002 1600560750
150.6805 1600560750
150.6806 1600560750
150.68009999999998 1600560750
150.6804 1600560750
150.6805 1600560750
150.6806 1600560750
190.346 1600560750
190.3458 1600560750
190.3461 1600560750
190.346 1600560750
190.3457 1600560750
190.3456 1600560750
190.3459 1600560750
183.5243 1600560750
183.5245 1600560750
183.52429999999998 1600560750
183.5241 1600560750
183.5242 1600560750
183.52439999999999 1600560750
183.5244 1600560750
191.21589999999998 1600560750
191.2158 1600560750
191.2156 1600560750
191.2159 1600560750
191.2159 1600560750
191.2157 1600560750
191.2155 1600560750
205.0 1600560750
205.05020000000002 1600560750
205.0007 1600560750
205.0007 1600560750
205.0006 1600560750
205.0008 1600560750
205.0007 1600560750
184.4734 1600560750
184.4733 1600560750
184.4733 1600560750
184.4735 1600560750
184.4732 1600560750
184.4734 1600560750
184.4734 1600560750
170.26999999999998 1600560750
170.27040000000002 1600560750
170.2703 1600560750
170.2699 1600560750
170.27030000000002 1600560750
170.2704 1600560750
170.2704 1600560750
188.1832 1600560750
188.18300000000002 1600560750
188.18300000000002 1600560750
188.18280000000001 1600560750
188.18280000000001 1600560750
188.183 1600560750
188.183 1600560750
184.58550000000002 1600560750
184.5854 1600560750
184.5857 1600560750
184.5857 1600560750
184.5853 1600560750
184.58550000000002 1600560750
184.5853 1600560750
147.81380000000001 1600560750
147.8138 1600560750
147.8139 1600560750
147.8139 1600560750
147.8137 1600560750
147.8138 1600560750
147.81380000000001 1600560750
190.9552 1600560750
190.955 1600560750
190.955 1600560750
190.955 1600560750
190.955 1600560750
190.9552 1600560750
190.95479999999998 1600560750
170.63230000000001 1600560750
170.63230000000001 1600560750
170.63209999999998 1600560750
170.6325 1600560750
170.63250000000002 1600560750
170.6326 1600560750
170.6327 1600560750
204.7095 1600560750
204.7097 1600560750
204.7098 1600560750
204.7098 1600560750
204.7098 1600560750
204.7099 1600560750
204.7096 1600560750
184.2939 1600560750
184.2937 1600560750
184.2934 1600560750
184.2936 1600560750
184.29389999999998 1600560750
184.29389999999998 1600560750
184.2936 1600560750
150.94740000000002 1600560750
150.9475 1600560750
150.9473 1600560750
150.9476 1600560750
150.9476 1600560750
150.9477 1600560750
150.94750000000002 1600560750
187.3582 1600560750
187.35840000000002 1600560750
187.3582 1600560750
187.3582 1600560750
187.3582 1600560750
187.3585 1600560750
187.3585 1600560750
179.0896 1600560750
179.09 1600560750
179.0899 1600560750
179.08960000000002 1600560750
179.0902 1600560750
179.0901 1600560750
179.09 1600560750
184.86839999999998 1600560750
184.8682 1600560750
184.86849999999998 1600560750
184.8684 1600560750
184.8685 1600560750
184.8685 1600560750
184.86860000000001 1600560750
191.3296 1600560750
191.32940000000002 1600560750
191.32940000000002 1600560750
191.3292 1600560750
191.3295 1600560750
191.3291 1600560750
191.32920000000001 1600560750
169.6697 1600560750
169.6694 1600560750
169.6696 1600560750
169.6693 1600560750
169.66920000000002 1600560750
169.6695 1600560750
169.6695 1600560750
205.165 1600560750
205.165 1600560750
205.29940000000002 1600560750
205.29950000000002 1600560750
204.0185 1600560750
205.3011 1600560750
205.2994 1600560750
191.5754 1600560750
191.5753 1600560750
191.57510000000002 1600560750
191.57500000000002 1600560750
191.5753 1600560750
191.5754 1600560750
191.5752 1600560750
178.8614 1600560750
178.86120000000003 1600560750
178.8611 1600560750
178.8613 1600560750
178.8611 1600560750
178.8609 1600560750
178.8612 1600560750
180.1693 1600560750
180.16920000000002 1600560750
180.1694 1600560750
180.16940000000002 1600560750
180.1691 1600560750
180.16920000000002 1600560750
180.1692 1600560750
192.7462 1600560750
192.7464 1600560750
192.746 1600560750
192.7462 1600560750
192.7461 1600560750
192.746 1600560750
192.74609999999998 1600560750
170.3185 1600560750
170.3186 1600560750
170.3188 1600560750
170.31879999999998 1600560750
170.31869999999998 1600560750
170.3184 1600560750
170.3186 1600560750
155.5632 1600560750
155.5633 1600560750
155.5633 1600560750
155.5632 1600560750
155.5631 1600560750
155.5631 1600560750
155.5629 1600560750
178.0524 1600560750
178.0523 1600560750
178.0524 1600560750
178.0524 1600560750
178.0525 1600560750
178.0522 1600560750
178.0525 1600560750
205.1644 1600560750
205.1644 1600560750
205.1642 1600560750
205.1644 1600560750
205.16449999999998 1600560750
205.1643 1600560750
205.1644 1600560750
144.8622 1600560750
144.8625 1600560750
144.8624 1600560750
144.8625 1600560750
144.86219999999997 1600560750
144.8623 1600560750
144.8624 1600560750
183.16920000000002 1600560750
183.1693 1600560750
183.1693 1600560750
183.1694 1600560750
183.16940000000002 1600560750
183.1692 1600560750
183.1693 1600560750
183.4647 1600560750
183.4649 1600560750
183.465 1600560750
183.46480000000003 1600560750
183.4648 1600560750
183.46460000000002 1600560750
183.4647 1600560750
175.0694 1600560750
175.0691 1600560750
175.0692 1600560750
175.0691 1600560750
175.0691 1600560750
175.0693 1600560750
175.0694 1600560750
184.0034 1600560750
184.0036 1600560750
184.0034 1600560750
184.0033 1600560750
184.0034 1600560750
184.0032 1600560750
184.0036 1600560750
172.1857 1600560750
172.1859 1600560750
172.1857 1600560750
172.1858 1600560750
172.1859 1600560750
172.1857 1600560750
172.1856 1600560750
170.7804 1600560750
170.78050000000002 1600560750
170.7806 1600560750
170.7806 1600560750
170.7808 1600560750
170.7806 1600560750
170.7808 1600560750
197.8587 1600560750
197.8587 1600560750
197.8584 1600560750
197.85889999999998 1600560750
200.63039999999998 1600560750
200.6305 1600560750
200.6305 1600560750
169.41510000000002 1600560750
169.4152 1600560750
169.41479999999999 1600560750
169.41510000000002 1600560750
169.4151 1600560750
169.41479999999999 1600560750
169.415 1600560750
188.27999999999997 1600560750
188.2796 1600560750
188.28 1600560750
188.28 1600560750
188.2798 1600560750
188.2799 1600560750
188.2801 1600560750
190.8851 1600560750
190.8849 1600560750
190.885 1600560750
190.8848 1600560750
190.88490000000002 1600560750
190.885 1600560750
190.8846 1600560750
184.8183 1600560750
184.81820000000002 1600560750
184.8185 1600560750
184.8184 1600560750
184.8184 1600560750
184.8185 1600560750
184.8184 1600560750
173.89880000000002 1600560750
173.8991 1600560750
173.8993 1600560750
173.89929999999998 1600560750
173.8992 1600560750
173.899 1600560750
173.8992 1600560750
144.4546 1600560750
144.4546 1600560750
144.4546 1600560750
144.4547 1600560750
144.4543 1600560750
144.454 1600560750
144.4546 1600560750
188.0969 1600560750
188.09709999999998 1600560750
188.09699999999998 1600560750
188.0971 1600560750
188.0966 1600560750
188.0968 1600560750
188.09720000000002 1600560750
200.68390000000002 1600560750
200.6838 1600560750
200.6839 1600560750
200.684 1600560750
200.6841 1600560750
200.6841 1600560750
200.6838 1600560750
173.7534 1600560750
173.7536 1600560750
173.7533 1600560750
173.7532 1600560750
173.75300000000001 1600560750
173.7533 1600560750
173.7531 1600560750
183.8354 1600560750
183.8351 1600560750
183.8353 1600560750
183.83540000000002 1600560750
183.83530000000002 1600560750
183.8354 1600560750
183.8354 1600560750
174.4642 1600560750
174.4643 1600560750
174.46450000000002 1600560750
174.46450000000002 1600560750
174.4644 1600560750
174.46419999999998 1600560750
174.46439999999998 1600560750
171.28300000000002 1600560750
171.2832 1600560750
171.28300000000002 1600560750
171.2832 1600560750
171.28320000000002 1600560750
171.2831 1600560750
171.2829 1600560750
173.38049999999998 1600560750
173.3807 1600560750
173.3806 1600560750
173.38049999999998 1600560750
173.38060000000002 1600560750
173.38029999999998 1600560750
173.3804 1600560750
181.8718 1600560750
181.87179999999998 1600560750
181.8718 1600560750
181.8719 1600560750
181.87199999999999 1600560750
181.8717 1600560750
181.8716 1600560750
171.6842 1600560750
171.68439999999998 1600560750
171.684 1600560750
171.6842 1600560750
171.68419999999998 1600560750
171.68439999999998 1600560750
171.684 1600560750
170.8315 1600560750
170.83190000000002 1600560750
170.8317 1600560750
170.8316 1600560750
170.83180000000002 1600560750
170.8317 1600560750
170.8317 1600560750
203.2014 1600560750
203.1999 1600560750
201.4022 1600560750
201.4026 1600560750
201.4024 1600560750
203.1999 1600560750
201.4025 1600560750
144.7201 1600560750
144.7199 1600560750
144.7202 1600560750
144.7199 1600560750
144.72 1600560750
144.72 1600560750
144.7202 1600560750
170.43900000000002 1600560750
170.4387 1600560750
170.439 1600560750
170.4388 1600560750
170.43869999999998 1600560750
170.4385 1600560750
170.4389 1600560750
171.41840000000002 1600560750
171.41819999999998 1600560750
171.4183 1600560750
171.4182 1600560750
171.41840000000002 1600560750
171.4183 1600560750
171.4181 1600560750
172.5924 1600560750
172.5924 1600560750
172.5926 1600560750
172.5925 1600560750
172.59259999999998 1600560750
172.5924 1600560750
172.5925 1600560750
174.8395 1600560750
174.8397 1600560750
174.83950000000002 1600560750
174.8397 1600560750
174.8397 1600560750
174.83950000000002 1600560750
174.8393 1600560750
184.1218 1600560750
184.12189999999998 1600560750
184.122 1600560750
184.122 1600560750
184.1217 1600560750
184.1216 1600560750
184.1218 1600560750
179.24380000000002 1600560750
179.2437 1600560750
179.24339999999998 1600560750
179.24349999999998 1600560750
179.2433 1600560750
179.2438 1600560750
179.2434 1600560750
204.83509999999998 1600560750
204.83520000000001 1600560750
204.83520000000001 1600560750
204.83509999999998 1600560750
204.8353 1600560750
204.83530000000002 1600560750
204.8352 1600560750
180.4959 1600560750
180.4962 1600560750
180.49640000000002 1600560750
180.4965 1600560750
180.4963 1600560750
180.4964 1600560750
180.4966 1600560750
176.4163 1600560750
176.41649999999998 1600560750
176.41660000000002 1600560750
176.4165 1600560750
176.4167 1600560750
176.41639999999998 1600560750
176.4167 1600560750
190.5977 1600560750
190.5975 1600560750
190.5978 1600560750
190.59740000000002 1600560750
190.5977 1600560750
190.59740000000002 1600560750
190.5977 1600560750
181.1668 1600560750
181.16660000000002 1600560750
181.1663 1600560750
181.16660000000002 1600560750
181.1664 1600560750
181.16660000000002 1600560750
181.1665 1600560750
175.47 1600560750
175.4699 1600560750
175.4703 1600560750
175.4701 1600560750
175.4701 1600560750
175.47 1600560750
175.47 1600560750
193.0093 1600560750
193.00949999999997 1600560750
193.00930000000002 1600560750
193.0094 1600560750
193.0096 1600560750
193.00959999999998 1600560750
193.009 1600560750
188.33450000000002 1600560750
188.33429999999998 1600560750
188.3341 1600560750
188.33440000000002 1600560750
188.33419999999998 1600560750
188.3343 1600560750
188.33440000000002 1600560750
203.46290000000002 1600560750
203.46280000000002 1600560750
203.4643 1600560750
203.4628 1600560750
201.7862 1600560750
201.78629999999998 1600560750
203.4628 1600560750
173.126 1600560750
173.1257 1600560750
173.1258 1600560750
173.126 1600560750
173.12609999999998 1600560750
173.12589999999997 1600560750
173.126 1600560750
181.5557 1600560750
181.55610000000001 1600560750
181.556 1600560750
181.5559 1600560750
181.55589999999998 1600560750
181.55589999999998 1600560750
181.5558 1600560750
187.2047 1600560750
187.20450000000002 1600560750
187.2048 1600560750
187.2046 1600560750
187.2045 1600560750
187.2046 1600560750
187.2044 1600560750
174.3169 1600560750
174.3164 1600560750
174.3169 1600560750
174.3166 1600560750
174.3167 1600560750
174.3166 1600560750
174.3167 1600560750
145.4378 1600560750
145.4376 1600560750
145.4382 1600560750
145.43810000000002 1600560750
145.43789999999998 1600560750
145.438 1600560750
145.43800000000002 1600560750
186.40429999999998 1600560750
186.4041 1600560750
186.4044 1600560750
186.4046 1600560750
186.4045 1600560750
186.40449999999998 1600560750
186.4045 1600560750
186.0044 1600560750
186.0041 1600560750
186.0044 1600560750
186.00410000000002 1600560750
186.0042 1600560750
186.0042 1600560750
186.0043 1600560750
205.1649 1600560750
205.1649 1600560750
205.1648 1600560750
205.1649 1600560750
205.1646 1600560750
205.16479999999999 1600560750
205.1647 1600560750
171.52009999999999 1600560750
171.5204 1600560750
171.5206 1600560750
171.5204 1600560750
171.5206 1600560750
171.5203 1600560750
171.5204 1600560750
173.2404 1600560750
173.2406 1600560750
173.2404 1600560750
173.24020000000002 1600560750
173.2406 1600560750
173.2404 1600560750
173.2405 1600560750
175.1883 1600560750
175.1884 1600560750
175.1882 1600560750
175.1881 1600560750
175.1881 1600560750
175.1882 1600560750
175.1881 1600560750
198.284 1600560750
198.2277 1600560750
198.2275 1600560750
198.2278 1600560750
198.2851 1600560750
198.2277 1600560750
198.2839 1600560750
183.5999 1600560750
183.6 1600560750
183.6 1600560750
183.6001 1600560750
183.5996 1600560750
183.59990000000002 1600560750
183.59969999999998 1600560750
144.59369999999998 1600560750
144.59349999999998 1600560750
144.5938 1600560750
144.5937 1600560750
144.59390000000002 1600560750
144.5936 1600560750
144.5937 1600560750
170.20090000000002 1600560750
170.2007 1600560750
170.2008 1600560750
170.2004 1600560750
170.2003 1600560750
170.2005 1600560750
170.2006 1600560750
205.4229 1600560750
205.423 1600560750
205.4229 1600560750
205.479 1600560750
205.4279 1600560750
205.428 1600560750
205.4281 1600560750
186.50629999999998 1600560750
186.50650000000002 1600560750
186.5064 1600560750
186.5061 1600560750
186.5063 1600560750
186.5063 1600560750
186.50629999999998 1600560750
191.6229 1600560750
191.6228 1600560750
191.6229 1600560750
191.6229 1600560750
191.62300000000002 1600560750
191.6226 1600560750
191.62300000000002 1600560750
189.71419999999998 1600560750
189.71450000000002 1600560750
189.71439999999998 1600560750
189.7143 1600560750
189.71429999999998 1600560750
189.7145 1600560750
189.7143 1600560750
170.0016 1600560750
170.00150000000002 1600560750
170.0013 1600560750
170.00119999999998 1600560750
170.0017 1600560750
170.00140000000002 1600560750
170.00140000000002 1600560750
178.5863 1600560750
178.5864 1600560750
178.5863 1600560750
178.5862 1600560750
178.5865 1600560750
178.5864 1600560750
178.5863 1600560750
169.1084 1600560750
169.1086 1600560750
169.10809999999998 1600560750
169.10829999999999 1600560750
169.1086 1600560750
169.1082 1600560750
169.1085 1600560750
172.9983 1600560750
172.9984 1600560750
172.9983 1600560750
172.9985 1600560750
172.99859999999998 1600560750
172.9985 1600560750
172.9985 1600560750
203.74 1600560750
203.7397 1600560750
203.7399 1600560750
203.7398 1600560750
203.7397 1600560750
203.7396 1600560750
203.7399 1600560750
144.78179999999998 1600560750
144.7818 1600560750
144.7815 1600560750
144.7816 1600560750
144.78169999999997 1600560750
144.78150000000002 1600560750
144.7817 1600560750
193.51590000000002 1600560750
193.5157 1600560750
193.51610000000002 1600560750
193.5159 1600560750
193.5161 1600560750
193.516 1600560750
193.5163 1600560750
183.7232 1600560750
183.723 1600560750
183.72299999999998 1600560750
183.7232 1600560750
183.7229 1600560750
183.7232 1600560750
183.7233 1600560750
172.8497 1600560750
172.8496 1600560750
172.8494 1600560750
172.8498 1600560750
172.84980000000002 1600560750
172.84969999999998 1600560750
172.8496 1600560750
144.6674 1600560750
144.6671 1600560750
144.6673 1600560750
144.66719999999998 1600560750
144.66740000000001 1600560750
144.66729999999998 1600560750
144.66740000000001 1600560750
177.8504 1600560750
177.8504 1600560750
177.8506 1600560750
177.8504 1600560750
177.8501 1600560750
177.85 1600560750
177.85049999999998 1600560750
185.411 1600560750
185.4113 1600560750
185.41119999999998 1600560750
185.41099999999997 1600560750
185.41140000000001 1600560750
185.411 1600560750
185.4113 1600560750
201.7851 1600560750
201.78549999999998 1600560750
201.7855 1600560750
201.78539999999998 1600560750
199.3354 1600560750
201.7855 1600560750
201.7856 1600560750
185.46020000000001 1600560750
185.46020000000001 1600560750
185.46 1600560750
185.46030000000002 1600560750
185.4604 1600560750
185.4603 1600560750
185.4601 1600560750
173.6017 1600560750
173.602 1600560750
173.60199999999998 1600560750
173.6018 1600560750
173.602 1600560750
173.602 1600560750
173.6022 1600560750
188.53310000000002 1600560750
188.53300000000002 1600560750
188.5328 1600560750
188.53269999999998 1600560750
188.5328 1600560750
188.5329 1600560750
188.53289999999998 1600560750
192.4827 1600560750
192.483 1600560750
192.4827 1600560750
192.4829 1600560750
192.4828 1600560750
192.4828 1600560750
192.4828 1600560750
169.7631 1600560750
169.7631 1600560750
169.76319999999998 1600560750
169.7631 1600560750
169.76350000000002 1600560750
169.7634 1600560750
169.7635 1600560750
183.0834 1600560750
183.08319999999998 1600560750
183.0833 1600560750
183.0835 1600560750
183.0831 1600560750
183.0834 1600560750
183.0832 1600560750
184.9862 1600560750
184.9862 1600560750
184.9863 1600560750
184.9862 1600560750
184.9864 1600560750
184.9863 1600560750
184.98590000000002 1600560750
201.6706 1600560750
201.6707 1600560750
201.6707 1600560750
201.6705 1600560750
201.67059999999998 1600560750
201.6702 1600560750
201.6704 1600560750
172.53820000000002 1600560750
172.5385 1600560750
172.5383 1600560750
172.5385 1600560750
172.5384 1600560750
172.5384 1600560750
172.5386 1600560750
192.4137 1600560750
192.4137 1600560750
192.4141 1600560750
192.4139 1600560750
192.41400000000002 1600560750
192.4141 1600560750
192.4141 1600560750
182.6324 1600560750
182.6328 1600560750
182.6324 1600560750
182.6327 1600560750
182.6329 1600560750
182.63289999999998 1600560750
182.6329 1600560750
145.3253 1600560750
145.32510000000002 1600560750
145.32500000000002 1600560750
145.3253 1600560750
145.3253 1600560750
145.3249 1600560750
145.3252 1600560750
175.7235 1600560750
175.7234 1600560750
175.72330000000002 1600560750
175.7236 1600560750
175.7236 1600560750
175.7236 1600560750
175.7234 1600560750
151.9969 1600560750
151.9969 1600560750
151.9966 1600560750
151.99669999999998 1600560750
151.99699999999999 1600560750
151.9966 1600560750
151.9968 1600560750
189.945 1600560750
189.9453 1600560750
189.94559999999998 1600560750
189.9454 1600560750
189.9455 1600560750
189.9452 1600560750
189.94549999999998 1600560750
147.4516 1600560750
147.452 1600560750
147.4519 1600560750
147.45180000000002 1600560750
147.4517 1600560750
147.4516 1600560750
147.4519 1600560750
203.89759999999998 1600560750
202.3765 1600560750
203.8481 1600560750
203.8482 1600560750
202.37640000000002 1600560750
202.37900000000002 1600560750
202.37619999999998 1600560750
174.6936 1600560750
174.6937 1600560750
174.69389999999999 1600560750
174.6936 1600560750
174.69389999999999 1600560750
174.6936 1600560750
174.69379999999998 1600560750
177.15460000000002 1600560750
177.15460000000002 1600560750
177.15449999999998 1600560750
177.15429999999998 1600560750
177.1544 1600560750
177.1547 1600560750
177.15449999999998 1600560750
192.8473 1600560750
192.84709999999998 1600560750
192.8469 1600560750
192.8472 1600560750
192.8468 1600560750
192.84720000000002 1600560750
192.8471 1600560750
189.4664 1600560750
189.4664 1600560750
189.466 1600560750
189.46620000000001 1600560750
189.4662 1600560750
189.4658 1600560750
189.4663 1600560750
177.3186 1600560750
177.3187 1600560750
177.3185 1600560750
177.31869999999998 1600560750
177.3185 1600560750
177.3187 1600560750
177.3186 1600560750
179.9469 1600560750
179.9469 1600560750
179.9468 1600560750
179.9469 1600560750
179.9471 1600560750
179.94719999999998 1600560750
179.9472 1600560750
179.46980000000002 1600560750
179.46949999999998 1600560750
179.4696 1600560750
179.4697 1600560750
179.4699 1600560750
179.4697 1600560750
179.46949999999998 1600560750
201.3525 1600560750
201.3526 1600560750
201.3526 1600560750
201.3527 1600560750
201.3528 1600560750
201.35250000000002 1600560750
201.3529 1600560750
182.9141 1600560750
182.914 1600560750
182.914 1600560750
182.9142 1600560750
182.91400000000002 1600560750
182.9139 1600560750
182.9143 1600560750
183.40359999999998 1600560750
183.40290000000002 1600560750
183.4034 1600560750
183.40349999999998 1600560750
183.4037 1600560750
183.4035 1600560750
183.4035 1600560750
194.169 1600560750
194.1689 1600560750
194.1689 1600560750
194.1686 1600560750
194.1688 1600560750
194.1687 1600560750
194.1687 1600560750
191.4481 1600560750
191.4484 1600560750
191.44809999999998 1600560750
191.4483 1600560750
191.4481 1600560750
191.44809999999998 1600560750
191.4482 1600560750
187.41500000000002 1600560750
187.41479999999999 1600560750
187.41469999999998 1600560750
187.4151 1600560750
187.4152 1600560750
187.41500000000002 1600560750
187.4149 1600560750
185.6257 1600560750
185.62560000000002 1600560750
185.6255 1600560750
185.62519999999998 1600560750
185.6255 1600560750
185.62560000000002 1600560750
185.6256 1600560750
143.34640000000002 1600560750
143.3462 1600560750
143.34629999999999 1600560750
143.3465 1600560750
143.3462 1600560750
143.34640000000002 1600560750
143.3461 1600560750
202.2583 1600560750
202.258 1600560750
202.2582 1600560750
202.258 1600560750
200.01059999999998 1600560750
200.01069999999999 1600560750
202.2579 1600560750
171.0897 1600560750
171.0896 1600560750
171.09 1600560750
171.0899 1600560750
171.0898 1600560750
171.0898 1600560750
171.09 1600560750
174.1697 1600560750
174.16979999999998 1600560750
174.1696 1600560750
174.1696 1600560750
174.16940000000002 1600560750
174.1696 1600560750
174.1696 1600560750
185.2513 1600560750
185.25119999999998 1600560750
185.25140000000002 1600560750
185.25119999999998 1600560750
185.2512 1600560750
185.251 1600560750
185.25119999999998 1600560750
189.1159 1600560750
189.11599999999999 1600560750
189.1156 1600560750
189.1159 1600560750
189.1159 1600560750
189.1158 1600560750
189.1158 1600560750
172.7202 1600560750
172.7201 1600560750
172.71980000000002 1600560750
172.7202 1600560750
172.7201 1600560750
172.72 1600560750
172.72 1600560750
182.6893 1600560750
182.6891 1600560750
182.6892 1600560750
182.68910000000002 1600560750
182.68900000000002 1600560750
182.6893 1600560750
182.6894 1600560750
177.7312 1600560750
177.7309 1600560750
177.7309 1600560750
177.7309 1600560750
177.731 1600560750
177.7306 1600560750
177.73100000000002 1600560750
205.2985 1600560750
205.2986 1600560750
205.2983 1600560750
205.2981 1600560750
205.29870000000003 1600560750
205.2985 1600560750
205.2987 1600560750
173.7072 1600560750
173.70739999999998 1600560750
173.7072 1600560750
173.7073 1600560750
173.70749999999998 1600560750
173.7074 1600560750
173.70749999999998 1600560750
179.1467 1600560750
179.1465 1600560750
179.1468 1600560750
179.1469 1600560750
179.1467 1600560750
179.14659999999998 1600560750
179.14679999999998 1600560750
116.8882 1600560750
116.8882 1600560750
116.8883 1600560750
116.8884 1600560750
116.88850000000001 1600560750
116.8886 1600560750
116.8884 1600560750
176.04 1600560750
176.03990000000002 1600560750
176.03990000000002 1600560750
176.0396 1600560750
176.0399 1600560750
176.0401 1600560750
176.0401 1600560750
144.98100000000002 1600560750
144.9806 1600560750
144.9809 1600560750
144.98090000000002 1600560750
144.981 1600560750
144.9809 1600560750
144.98090000000002 1600560750
180.3665 1600560750
180.3668 1600560750
180.3663 1600560750
180.3665 1600560750
180.3667 1600560750
180.3664 1600560750
180.3666 1600560750
188.7859 1600560750
188.7861 1600560750
188.786 1600560750
188.7861 1600560750
188.7861 1600560750
188.78619999999998 1600560750
188.7862 1600560750
204.0171 1600560750
204.0171 1600560750
204.0171 1600560750
204.8362 1600560750
204.83620000000002 1600560750
204.83620000000002 1600560750
204.8362 1600560750
174.9788 1600560750
174.97879999999998 1600560750
174.9783 1600560750
174.97889999999998 1600560750
174.97889999999998 1600560750
174.9785 1600560750
174.9787 1600560750
178.48559999999998 1600560750
178.4853 1600560750
178.48559999999998 1600560750
178.4857 1600560750
178.4856 1600560750
178.48569999999998 1600560750
178.4854 1600560750
193.4642 1600560750
193.464 1600560750
193.4643 1600560750
193.4643 1600560750
193.4643 1600560750
193.4642 1600560750
193.4645 1600560750
174.5919 1600560750
174.5918 1600560750
174.5917 1600560750
174.5915 1600560750
174.5918 1600560750
174.5915 1600560750
174.5917 1600560750
189.66209999999998 1600560750
189.662 1600560750
189.6619 1600560750
189.662 1600560750
189.6623 1600560750
189.6619 1600560750
189.6619 1600560750
176.88090000000003 1600560750
176.881 1600560750
176.8813 1600560750
176.8811 1600560750
176.88129999999998 1600560750
176.8812 1600560750
176.8812 1600560750
174.0675 1600560750
174.0676 1600560750
174.0677 1600560750
174.06769999999997 1600560750
174.0674 1600560750
174.0674 1600560750
174.0676 1600560750
203.4626 1600560750
203.4625 1600560750
203.46280000000002 1600560750
203.46269999999998 1600560750
203.4626 1600560750
203.46259999999998 1600560750
203.4625 1600560750
193.99519999999998 1600560750
193.995 1600560750
193.9951 1600560750
193.9952 1600560750
193.9952 1600560750
193.9949 1600560750
193.9951 1600560750
184.07000000000002 1600560750
184.0702 1600560750
184.07 1600560750
184.07000000000002 1600560750
184.07000000000002 1600560750
184.0702 1600560750
184.0698 1600560750
175.249 1600560750
175.249 1600560750
175.24859999999998 1600560750
175.249 1600560750
175.2491 1600560750
175.2489 1600560750
175.24880000000002 1600560750
186.2797 1600560750
186.2796 1600560750
186.2797 1600560750
186.2797 1600560750
186.27960000000002 1600560750
186.27960000000002 1600560750
186.27939999999998 1600560750
193.7834 1600560750
193.7836 1600560750
193.7836 1600560750
193.7832 1600560750
193.7836 1600560750
193.7833 1600560750
193.7835 1600560750
177.95569999999998 1600560750
177.95569999999998 1600560750
177.9556 1600560750
177.9556 1600560750
177.9554 1600560750
177.9557 1600560750
177.9558 1600560750
175.8285 1600560750
175.82889999999998 1600560750
175.8289 1600560750
175.8288 1600560750
175.8289 1600560750
175.8287 1600560750
175.829 1600560750
204.4435 1600560750
204.4436 1600560750
204.4434 1600560750
204.4437 1600560750
203.1557 1600560750
204.4436 1600560750
204.4436 1600560750
176.5815 1600560750
176.5816 1600560750
176.5815 1600560750
176.58159999999998 1600560750
176.58139999999997 1600560750
176.5814 1600560750
176.5813 1600560750
174.06730000000002 1600560750
174.0672 1600560750
174.067 1600560750
174.0666 1600560750
174.06730000000002 1600560750
174.0669 1600560750
174.0672 1600560750
177.0007 1600560750
177.0007 1600560750
177.0009 1600560750
177.0008 1600560750
177.001 1600560750
177.00060000000002 1600560750
177.001 1600560750
120.49249999999999 1600560750
120.4925 1600560750
120.43730000000001 1600560750
120.56739999999999 1600560750
120.4375 1600560750
120.4925 1600560750
120.4376 1600560750
173.50230000000002 1600560750
173.50220000000002 1600560750
173.5018 1600560750
173.50240000000002 1600560750
173.502 1600560750
173.5021 1600560750
173.5021 1600560750
195.07289999999998 1600560750
195.0729 1600560750
195.0732 1600560750
195.0733 1600560750
195.07309999999998 1600560750
195.0729 1600560750
195.0734 1600560750
179.1977 1600560750
179.1975 1600560750
179.1975 1600560750
179.1976 1600560750
179.1977 1600560750
179.1977 1600560750
179.1975 1600560750
202.37769999999998 1600560750
202.3781 1600560750
202.3781 1600560750
202.37789999999998 1600560750
202.3776 1600560750
202.37800000000001 1600560750
202.378 1600560750
132.5665 1600560750
132.56640000000002 1600560750
132.5663 1600560750
132.56629999999998 1600560750
132.5661 1600560750
132.56629999999998 1600560750
132.5663 1600560750
143.60569999999998 1600560750
143.6055 1600560750
143.6054 1600560750
143.6057 1600560750
143.6057 1600560750
143.6053 1600560750
143.6057 1600560750
188.13920000000002 1600560750
188.1392 1600560750
188.139 1600560750
188.1394 1600560750
188.13909999999998 1600560750
188.1393 1600560750
188.1394 1600560750
171.8447 1600560750
171.8443 1600560750
171.8448 1600560750
171.84470000000002 1600560750
171.84490000000002 1600560750
171.8446 1600560750
171.8448 1600560750
175.7721 1600560750
175.7718 1600560750
175.7719 1600560750
175.7722 1600560750
175.77190000000002 1600560750
175.77210000000002 1600560750
175.772 1600560750
194.0615 1600560750
194.0616 1600560750
194.0617 1600560750
194.0618 1600560750
194.0618 1600560750
194.0617 1600560750
194.0615 1600560750
171.56879999999998 1600560750
171.56879999999998 1600560750
171.5688 1600560750
171.5686 1600560750
171.56879999999998 1600560750
171.5686 1600560750
171.56869999999998 1600560750
176.2635 1600560750
176.2637 1600560750
176.2638 1600560750
176.2633 1600560750
176.2637 1600560750
176.2638 1600560750
176.2637 1600560750
201.9868 1600560750
199.7483 1600560750
199.7046 1600560750
199.70460000000003 1600560750
199.7484 1600560750
199.74859999999998 1600560750
199.7485 1600560750
179.71269999999998 1600560750
179.7129 1600560750
179.7125 1600560750
179.7128 1600560750
179.7129 1600560750
179.7125 1600560750
179.7126 1600560750
176.7748 1600560750
176.775 1600560750
176.7749 1600560750
176.77509999999998 1600560750
176.7747 1600560750
176.7749 1600560750
176.7748 1600560750
183.6536 1600560750
183.65339999999998 1600560750
183.65370000000001 1600560750
183.6535 1600560750
183.65370000000001 1600560750
183.6535 1600560750
183.6533 1600560750
186.4595 1600560750
186.4594 1600560750
186.4591 1600560750
186.45940000000002 1600560750
186.45929999999998 1600560750
186.4595 1600560750
186.4594 1600560750
173.75639999999999 1600560750
173.75629999999998 1600560750
173.756 1600560750
173.7564 1600560750
173.7561 1600560750
173.7562 1600560750
173.7564 1600560750
184.537 1600560750
184.5369 1600560750
184.5369 1600560750
184.5368 1600560750
184.53709999999998 1600560750
184.53689999999997 1600560750
184.5367 1600560750
194.82819999999998 1600560750
194.828 1600560750
194.8278 1600560750
194.82799999999997 1600560750
194.8279 1600560750
194.828 1600560750
194.8279 1600560750
202.89010000000002 1600560750
204.1383 1600560750
202.89000000000001 1600560750
202.8901 1600560750
204.1381 1600560750
204.138 1600560750
202.8902 1600560750
188.6025 1600560750
188.6024 1600560750
188.60250000000002 1600560750
188.6025 1600560750
188.60260000000002 1600560750
188.6023 1600560750
188.6027 1600560750
117.3318 1600560750
117.33189999999999 1600560750
117.3317 1600560750
117.3318 1600560750
117.3319 1600560750
117.3317 1600560750
117.3319 1600560750
192.79379999999998 1600560750
192.7935 1600560750
192.7937 1600560750
192.7938 1600560750
192.7938 1600560750
192.7936 1600560750
192.7933 1600560750
189.4108 1600560750
189.411 1600560750
189.4109 1600560750
189.4108 1600560750
189.41080000000002 1600560750
189.4109 1600560750
189.4106 1600560750
182.75549999999998 1600560750
182.7556 1600560750
182.7553 1600560750
182.75529999999998 1600560750
182.7554 1600560750
182.7555 1600560750
182.75549999999998 1600560750
185.3568 1600560750
185.357 1600560750
185.3569 1600560750
185.3568 1600560750
185.357 1600560750
185.3571 1600560750
185.357 1600560750
197.4186 1600560750
197.4185 1600560750
197.4186 1600560750
197.4185 1600560750
197.4187 1600560750
197.4186 1600560750
197.4187 1600560750
205.2221 1600560750
205.22220000000002 1600560750
205.2244 1600560750
204.2681 1600560750
205.22189999999998 1600560750
205.22369999999998 1600560750
205.2218 1600560750
173.0714 1600560750
173.0713 1600560750
173.07150000000001 1600560750
173.0714 1600560750
173.0712 1600560750
173.07150000000001 1600560750
173.0715 1600560750
175.5384 1600560750
175.5381 1600560750
175.5382 1600560750
175.5381 1600560750
175.53830000000002 1600560750
175.53859999999997 1600560750
175.5385 1600560750
188.2339 1600560750
188.2335 1600560750
188.2336 1600560750
188.23399999999998 1600560750
188.234 1600560750
188.2337 1600560750
188.2339 1600560750
143.7604 1600560750
143.7603 1600560750
143.7602 1600560750
143.76 1600560750
143.7601 1600560750
143.7601 1600560750
143.7601 1600560750
192.9649 1600560750
192.9649 1600560750
192.9648 1600560750
192.9647 1600560750
192.9647 1600560750
192.9644 1600560750
192.9647 1600560750
190.7165 1600560750
190.71630000000002 1600560750
190.7163 1600560750
190.7167 1600560750
190.7166 1600560750
190.7166 1600560750
190.7165 1600560750
192.8963 1600560750
192.89659999999998 1600560750
192.8968 1600560750
192.89679999999998 1600560750
192.8967 1600560750
192.8968 1600560750
192.89679999999998 1600560750
205.16340000000002 1600560750
205.2111 1600560750
205.1634 1600560750
205.42770000000002 1600560750
205.1634 1600560750
205.1631 1600560750
205.2112 1600560750
181.7197 1600560750
181.7199 1600560750
181.7199 1600560750
181.7201 1600560750
181.7201 1600560750
181.72 1600560750
181.7198 1600560750
188.45209999999997 1600560750
188.4518 1600560750
188.452 1600560750
188.4522 1600560750
188.4521 1600560750
188.4519 1600560750
188.452 1600560750
177.5629 1600560750
177.5627 1600560750
177.56300000000002 1600560750
177.56300000000002 1600560750
177.5629 1600560750
177.5629 1600560750
177.56279999999998 1600560750
117.7126 1600560750
117.71249999999999 1600560750
117.71249999999999 1600560750
117.7124 1600560750
117.7125 1600560750
117.7126 1600560750
117.7126 1600560750
173.4446 1600560750
173.44469999999998 1600560750
173.44480000000001 1600560750
173.445 1600560750
173.4447 1600560750
173.44480000000001 1600560750
173.44469999999998 1600560750
171.7389 1600560750
171.73899999999998 1600560750
171.739 1600560750
171.7389 1600560750
171.7386 1600560750
171.7389 1600560750
171.7391 1600560750
171.3762 1600560750
171.3766 1600560750
171.3768 1600560750
171.3767 1600560750
171.3764 1600560750
171.3767 1600560750
171.3766 1600560750
205.4289 1600560750
205.429 1600560750
205.4266 1600560750
205.0941 1600560750
205.4911 1600560750
205.4288 1600560750
205.4195 1600560750
194.37369999999999 1600560750
194.3736 1600560750
194.3739 1600560750
194.3738 1600560750
194.37390000000002 1600560750
194.3734 1600560750
194.3736 1600560750
117.4233 1600560750
117.4228 1600560750
117.4233 1600560750
117.42320000000001 1600560750
117.4231 1600560750
117.4231 1600560750
117.4232 1600560750
169.5996 1600560750
169.5993 1600560750
169.5995 1600560750
169.59949999999998 1600560750
169.59969999999998 1600560750
169.5992 1600560750
169.5997 1600560750
191.50639999999999 1600560750
191.5068 1600560750
191.5068 1600560750
191.5068 1600560750
191.50660000000002 1600560750
191.50660000000002 1600560750
191.5068 1600560750
181.4277 1600560750
181.42739999999998 1600560750
181.42770000000002 1600560750
181.4276 1600560750
181.42749999999998 1600560750
181.4278 1600560750
181.4274 1600560750
191.0036 1600560750
191.00369999999998 1600560750
191.00400000000002 1600560750
191.0041 1600560750
191.00390000000002 1600560750
191.0038 1600560750
191.0039 1600560750
191.0651 1600560750
191.06480000000002 1600560750
191.065 1600560750
191.06509999999997 1600560750
191.0652 1600560750
191.0649 1600560750
191.0647 1600560750
202.3239 1600560750
202.3242 1600560750
202.32410000000002 1600560750
202.3241 1600560750
202.3242 1600560750
202.3242 1600560750
202.3242 1600560750
172.345 1600560750
172.3451 1600560750
172.3449 1600560750
172.3448 1600560750
172.3448 1600560750
172.3448 1600560750
172.3452 1600560750
172.4202 1600560750
172.42039999999997 1600560750
172.4204 1600560750
172.4202 1600560750
172.4205 1600560750
172.4206 1600560750
172.4207 1600560750
177.906 1600560750
177.9063 1600560750
177.9064 1600560750
177.90630000000002 1600560750
177.9062 1600560750
177.9061 1600560750
177.9064 1600560750
190.17510000000001 1600560750
190.17510000000001 1600560750
190.17520000000002 1600560750
190.17489999999998 1600560750
190.17530000000002 1600560750
190.17510000000001 1600560750
190.1748 1600560750
193.9422 1600560750
193.9424 1600560750
193.9425 1600560750
193.9425 1600560750
193.9423 1600560750
193.9425 1600560750
193.9425 1600560750
143.87040000000002 1600560750
143.8704 1600560750
143.87 1600560750
143.8701 1600560750
143.87009999999998 1600560750
143.8705 1600560750
143.8705 1600560750
191.8035 1600560750
191.8038 1600560750
191.8038 1600560750
191.8038 1600560750
191.8037 1600560750
191.80370000000002 1600560750
191.8039 1600560750
204.9992 1600560750
204.9993 1600560750
204.9993 1600560750
204.99929999999998 1600560750
204.9993 1600560750
205.4185 1600560750
205.4185 1600560750
174.0173 1600560750
174.0171 1600560750
174.0173 1600560750
174.0171 1600560750
174.0173 1600560750
174.0173 1600560750
174.0171 1600560750
117.4225 1600560750
117.4221 1600560750
117.4226 1600560750
117.4225 1600560750
117.42259999999999 1600560750
117.4227 1600560750
117.42259999999999 1600560750
189.06609999999998 1600560750
189.066 1600560750
189.0658 1600560750
189.0661 1600560750
189.0659 1600560750
189.0657 1600560750
189.066 1600560750
193.2675 1600560750
193.26780000000002 1600560750
193.2678 1600560750
193.26770000000002 1600560750
193.26739999999998 1600560750
193.2679 1600560750
193.2675 1600560750
171.7894 1600560750
171.7896 1600560750
171.7897 1600560750
171.7896 1600560750
171.78969999999998 1600560750
171.7898 1600560750
171.7897 1600560750
175.66750000000002 1600560750
175.6674 1600560750
175.6677 1600560750
175.6677 1600560750
175.66750000000002 1600560750
175.66760000000002 1600560750
175.6674 1600560750
175.8768 1600560750
175.8768 1600560750
175.8767 1600560750
175.8769 1600560750
175.8767 1600560750
175.8766 1600560750
175.8766 1600560750
201.7853 1600560750
201.78500000000003 1600560750
201.7851 1600560750
201.7852 1600560750
201.7852 1600560750
201.7851 1600560750
201.7852 1600560750
185.1418 1600560750
185.142 1600560750
185.1419 1600560750
185.1416 1600560750
185.1416 1600560750
185.1418 1600560750
185.1419 1600560750
147.5042 1600560750
147.5037 1600560750
147.5042 1600560750
147.50400000000002 1600560750
147.5039 1600560750
147.5042 1600560750
147.5041 1600560750
169.54399999999998 1600560750
169.5434 1600560750
169.5438 1600560750
169.5439 1600560750
169.5436 1600560750
169.5437 1600560750
169.5439 1600560750
178.1999 1600560750
178.20000000000002 1600560750
178.1999 1600560750
178.20000000000002 1600560750
178.1995 1600560750
178.2001 1600560750
178.1999 1600560750
181.95530000000002 1600560750
181.9551 1600560750
181.95499999999998 1600560750
181.9553 1600560750
181.9549 1600560750
181.95520000000002 1600560750
181.9551 1600560750
167.7559 1600560750
167.7558 1600560750
167.7557 1600560750
167.756 1600560750
167.7553 1600560750
167.7558 1600560750
167.7559 1600560750
188.6632 1600560750
188.6632 1600560750
188.6633 1600560750
188.663 1600560750
188.66320000000002 1600560750
188.66310000000001 1600560750
188.6634 1600560750
184.3479 1600560750
184.34799999999998 1600560750
184.3479 1600560750
184.348 1600560750
184.348 1600560750
184.3481 1600560750
184.3478 1600560750
201.7216 1600560750
199.1384 1600560750
201.7217 1600560750
201.7216 1600560750
201.7215 1600560750
201.7216 1600560750
201.7216 1600560750
192.5754 1600560750
192.5756 1600560750
192.5756 1600560750
192.5755 1600560750
192.5757 1600560750
192.5754 1600560750
192.5754 1600560750
169.4875 1600560750
169.4875 1600560750
169.4875 1600560750
169.4872 1600560750
169.4877 1600560750
169.4874 1600560750
169.48770000000002 1600560750
179.7582 1600560750
179.75799999999998 1600560750
179.7584 1600560750
179.7583 1600560750
179.7583 1600560750
179.7582 1600560750
179.7581 1600560750
191.8733 1600560750
191.8736 1600560750
191.87369999999999 1600560750
191.8735 1600560750
191.8736 1600560750
191.8738 1600560750
191.87369999999999 1600560750
186.9557 1600560750
186.9561 1600560750
186.956 1600560750
186.9557 1600560750
186.95589999999999 1600560750
186.95600000000002 1600560750
186.9561 1600560750
194.2211 1600560750
194.221 1600560750
194.2208 1600560750
194.2208 1600560750
194.2209 1600560750
194.22070000000002 1600560750
194.2211 1600560750
186.8383 1600560750
186.8383 1600560750
186.8383 1600560750
186.8385 1600560750
186.8382 1600560750
186.8383 1600560750
186.8384 1600560750
203.4624 1600560750
203.4624 1600560750
203.4624 1600560750
203.4621 1600560750
203.4622 1600560750
203.4621 1600560750
203.4623 1600560750
178.81480000000002 1600560750
178.8149 1600560750
178.815 1600560750
178.81490000000002 1600560750
178.8151 1600560750
178.8147 1600560750
178.815 1600560750
146.80139999999997 1600560750
146.8014 1600560750
146.8012 1600560750
146.8012 1600560750
146.8009 1600560750
146.8014 1600560750
146.8014 1600560750
181.82489999999999 1600560750
181.8247 1600560750
181.825 1600560750
181.8249 1600560750
181.8251 1600560750
181.8248 1600560750
181.82489999999999 1600560750
183.7762 1600560750
183.7761 1600560750
183.77630000000002 1600560750
183.7762 1600560750
183.776 1600560750
183.77609999999999 1600560750
183.7764 1600560750
195.17829999999998 1600560750
195.1783 1600560750
195.178 1600560750
195.17849999999999 1600560750
195.1782 1600560750
195.17790000000002 1600560750
195.1782 1600560750
181.2981 1600560750
181.29840000000002 1600560750
181.2982 1600560750
181.2984 1600560750
181.29829999999998 1600560750
181.2981 1600560750
181.2982 1600560750
183.2421 1600560750
183.2422 1600560750
183.2418 1600560750
183.2423 1600560750
183.2421 1600560750
183.2416 1600560750
183.24200000000002 1600560750
204.8359 1600560750
204.83599999999998 1600560750
204.8863 1600560750
203.9573 1600560750
204.8356 1600560750
204.8359 1600560750
204.8358 1600560750
186.74599999999998 1600560750
186.7456 1600560750
186.7455 1600560750
186.7457 1600560750
186.7458 1600560750
186.74609999999998 1600560750
186.7458 1600560750
179.01829999999998 1600560750
179.01809999999998 1600560750
179.0179 1600560750
179.0182 1600560750
179.01760000000002 1600560750
179.0179 1600560750
179.0183 1600560750
145.14450000000002 1600560750
145.1445 1600560750
145.1441 1600560750
145.1447 1600560750
145.14440000000002 1600560750
145.1444 1600560750
145.1446 1600560750
182.4031 1600560750
182.4033 1600560750
182.4034 1600560750
182.40329999999997 1600560750
182.4031 1600560750
182.4033 1600560750
182.4032 1600560750
178.006 1600560750
178.0062 1600560750
178.006 1600560750
178.006 1600560750
178.0061 1600560750
178.006 1600560750
178.0058 1600560750
116.8214 1600560750
116.8216 1600560750
116.82169999999999 1600560750
116.8212 1600560750
116.8215 1600560750
116.8218 1600560750
116.8217 1600560750
192.1054 1600560750
192.1055 1600560750
192.1055 1600560750
192.1055 1600560750
192.1052 1600560750
192.1053 1600560750
192.1054 1600560750
205.3522 1600560750
205.3512 1600560750
205.35219999999998 1600560750
205.47390000000001 1600560750
205.42419999999998 1600560750
205.424 1600560750
205.42340000000002 1600560750
172.64860000000002 1600560750
172.64839999999998 1600560750
172.6485 1600560750
172.64819999999997 1600560750
172.6484 1600560750
172.6481 1600560750
172.6485 1600560750
182.1407 1600560750
182.14069999999998 1600560750
182.1406 1600560750
182.14079999999998 1600560750
182.1406 1600560750
182.14049999999997 1600560750
182.1403 1600560750
183.8864 1600560750
183.8868 1600560750
183.88649999999998 1600560750
183.88639999999998 1600560750
183.8868 1600560750
183.88670000000002 1600560750
183.88670000000002 1600560750
186.2318 1600560750
186.2317 1600560750
186.23180000000002 1600560750
186.2318 1600560750
186.232 1600560750
186.2319 1600560750
186.2316 1600560750
193.8251 1600560750
193.82500000000002 1600560750
193.8252 1600560750
193.8253 1600560750
193.825 1600560750
193.8252 1600560750
193.8253 1600560750
195.97220000000002 1600560750
195.9718 1600560750
195.9721 1600560750
195.97240000000002 1600560750
195.9725 1600560750
195.97220000000002 1600560750
195.9724 1600560750
193.7311 1600560750
193.7313 1600560750
193.7312 1600560750
193.73090000000002 1600560750
193.7312 1600560750
193.7311 1600560750
193.7312 1600560750
205.2993 1600560750
205.2992 1600560750
205.2993 1600560750
205.29930000000002 1600560750
205.2991 1600560750
205.1645 1600560750
205.2992 1600560750
172.1312 1600560750
172.1311 1600560750
172.1311 1600560750
172.1313 1600560750
172.1314 1600560750
172.1313 1600560750
172.1315 1600560750
182.1877 1600560750
182.18730000000002 1600560750
182.1876 1600560750
182.1877 1600560750
182.1874 1600560750
182.1875 1600560750
182.1877 1600560750
170.55689999999998 1600560750
170.5569 1600560750
170.5572 1600560750
170.5574 1600560750
170.55700000000002 1600560750
170.5571 1600560750
170.5574 1600560750
180.2277 1600560750
180.2278 1600560750
180.2277 1600560750
180.2279 1600560750
180.22789999999998 1600560750
180.22750000000002 1600560750
180.2277 1600560750
187.1404 1600560750
187.1403 1600560750
187.1403 1600560750
187.1402 1600560750
187.1405 1600560750
187.1404 1600560750
187.1406 1600560750
176.92770000000002 1600560750
176.928 1600560750
176.92790000000002 1600560750
176.9278 1600560750
176.92759999999998 1600560750
176.9281 1600560750
176.9281 1600560750
114.6057 1600560750
114.60579999999999 1600560750
114.6057 1600560750
114.6056 1600560750
114.6058 1600560750
114.6056 1600560750
114.6057 1600560750
205.3014 1600560750
205.3013 1600560750
205.3012 1600560750
205.3012 1600560750
204.9005 1600560750
205.3015 1600560750
205.3015 1600560750
181.0489 1600560750
181.0491 1600560750
181.049 1600560750
181.0491 1600560750
181.0488 1600560750
181.0489 1600560750
181.04919999999998 1600560750
180.8682 1600560750
180.86819999999997 1600560750
180.86829999999998 1600560750
180.8684 1600560750
180.868 1600560750
180.8683 1600560750
180.8681 1600560750
164.56879999999998 1600560750
164.569 1600560750
164.56879999999998 1600560750
164.5687 1600560750
164.5686 1600560750
164.5685 1600560750
164.5688 1600560750
182.33419999999998 1600560750
182.3343 1600560750
182.33399999999997 1600560750
182.334 1600560750
182.334 1600560750
182.3341 1600560750
182.3343 1600560750
193.1296 1600560750
193.1297 1600560750
193.1296 1600560750
193.1294 1600560750
193.1296 1600560750
193.1295 1600560750
193.1297 1600560750
144.376 1600560750
144.3763 1600560750
144.3762 1600560750
144.37609999999998 1600560750
144.37599999999998 1600560750
144.3762 1600560750
144.37640000000002 1600560750
184.4116 1600560750
184.4118 1600560750
184.4118 1600560750
184.4114 1600560750
184.4119 1600560750
184.4117 1600560750
184.4119 1600560750
201.3077 1600560750
201.3074 1600560750
201.3077 1600560750
203.1561 1600560750
203.15599999999998 1600560750
203.1562 1600560750
203.15619999999998 1600560750
179.8091 1600560750
179.80919999999998 1600560750
179.8089 1600560750
179.8091 1600560750
179.809 1600560750
179.809 1600560750
179.8088 1600560750
145.86190000000002 1600560750
145.8621 1600560750
145.86190000000002 1600560750
145.8618 1600560750
145.86159999999998 1600560750
145.86190000000002 1600560750
145.8619 1600560750
178.3723 1600560750
178.3725 1600560750
178.3721 1600560750
178.3724 1600560750
178.3725 1600560750
178.3724 1600560750
178.3724 1600560750
191.68359999999998 1600560750
191.6835 1600560750
191.6838 1600560750
191.6837 1600560750
191.6838 1600560750
191.6833 1600560750
191.68370000000002 1600560750
192.6253 1600560750
192.6252 1600560750
192.6251 1600560750
192.6255 1600560750
192.6256 1600560750
192.62529999999998 1600560750
192.6254 1600560750
178.4381 1600560750
178.4377 1600560750
178.4377 1600560750
178.4382 1600560750
178.4379 1600560750
178.4379 1600560750
178.4382 1600560750
177.43839999999997 1600560750
177.4387 1600560750
177.4386 1600560750
177.4387 1600560750
177.4384 1600560750
177.4385 1600560750
177.4385 1600560750
202.6141 1600560750
202.6141 1600560750
202.7103 1600560750
202.71040000000002 1600560750
202.6141 1600560750
202.6139 1600560750
202.614 1600560750
175.9808 1600560750
175.981 1600560750
175.981 1600560750
175.9809 1600560750
175.98080000000002 1600560750
175.9809 1600560750
175.98069999999998 1600560750
188.8323 1600560750
188.8323 1600560750
188.8322 1600560750
188.8326 1600560750
188.83239999999998 1600560750
188.8325 1600560750
188.8325 1600560750
179.3687 1600560750
179.3684 1600560750
179.3685 1600560750
179.3687 1600560750
179.3684 1600560750
179.3687 1600560750
179.3685 1600560750
185.51170000000002 1600560750
185.5119 1600560750
185.51170000000002 1600560750
185.512 1600560750
185.512 1600560750
185.5117 1600560750
185.5119 1600560750
146.5813 1600560750
146.58169999999998 1600560750
146.5816 1600560750
146.5812 1600560750
146.5816 1600560750
146.5814 1600560750
146.5816 1600560750
190.2419 1600560750
190.24179999999998 1600560750
190.2422 1600560750
190.242 1600560750
190.242 1600560750
190.24210000000002 1600560750
190.2422 1600560750
181.60580000000002 1600560750
181.6062 1600560750
181.60649999999998 1600560750
181.6062 1600560750
181.6063 1600560750
181.6062 1600560750
181.60660000000001 1600560750
176.8285 1600560750
176.82850000000002 1600560750
176.8285 1600560750
176.8287 1600560750
176.82819999999998 1600560750
176.8285 1600560750
176.8284 1600560750
202.95129999999997 1600560750
202.9513 1600560750
202.9513 1600560750
202.9512 1600560750
200.74450000000002 1600560750
202.9513 1600560750
202.9512 1600560750
178.5374 1600560750
178.5375 1600560750
178.5374 1600560750
178.5373 1600560750
178.5375 1600560750
178.5375 1600560750
178.5377 1600560750
189.2284 1600560750
189.2285 1600560750
189.2286 1600560750
189.2282 1600560750
189.22830000000002 1600560750
189.2285 1600560750
189.2283 1600560750
192.5265 1600560750
192.5266 1600560750
192.5265 1600560750
192.5263 1600560750
192.5264 1600560750
192.5266 1600560750
192.52609999999999 1600560750
191.26530000000002 1600560750
191.2651 1600560750
191.26510000000002 1600560750
191.2652 1600560750
191.2652 1600560750
191.2648 1600560750
191.26500000000001 1600560750
185.8536 1600560750
185.8538 1600560750
185.8537 1600560750
185.85369999999998 1600560750
185.85350000000003 1600560750
185.8537 1600560750
185.8539 1600560750
175.931 1600560750
175.93110000000001 1600560750
175.93089999999998 1600560750
175.9306 1600560750
175.9307 1600560750
175.9307 1600560750
175.931 1600560750
174.53709999999998 1600560750
174.5369 1600560750
174.5372 1600560750
174.5373 1600560750
174.53730000000002 1600560750
174.5371 1600560750
174.5372 1600560750
204.4443 1600560750
204.4444 1600560750
204.44459999999998 1600560750
204.4445 1600560750
204.4445 1600560750
204.4443 1600560750
204.44439999999997 1600560750
176.46280000000002 1600560750
176.4625 1600560750
176.46280000000002 1600560750
176.46259999999998 1600560750
176.4629 1600560750
176.4629 1600560750
176.46280000000002 1600560750
190.0016 1600560750
190.0018 1600560750
190.00179999999997 1600560750
190.0018 1600560750
190.0016 1600560750
190.0017 1600560750
190.0017 1600560750
147.2744 1600560750
147.2743 1600560750
147.2742 1600560750
147.27419999999998 1600560750
147.2742 1600560750
147.2743 1600560750
147.274 1600560750
187.6211 1600560750
187.6211 1600560750
187.6207 1600560750
187.6211 1600560750
187.6211 1600560750
187.62079999999997 1600560750
187.621 1600560750
189.2946 1600560750
189.2946 1600560750
189.29440000000002 1600560750
189.2945 1600560750
189.2945 1600560750
189.2946 1600560750
189.2944 1600560750
180.7998 1600560750
180.8001 1600560750
180.7999 1600560750
180.8 1600560750
180.79999999999998 1600560750
180.80020000000002 1600560750
180.8002 1600560750
184.1864 1600560750
184.1864 1600560750
184.1865 1600560750
184.18630000000002 1600560750
184.18640000000002 1600560750
184.1865 1600560750
184.1867 1600560750
205.42000000000002 1600560750
205.42 1600560750
205.46280000000002 1600560750
205.4197 1600560750
205.41989999999998 1600560750
205.2977 1600560750
205.4198 1600560750
187.54760000000002 1600560750
187.54770000000002 1600560750
187.548 1600560750
187.548 1600560750
187.5476 1600560750
187.5481 1600560750
187.548 1600560750
173.6571 1600560750
173.6573 1600560750
173.657 1600560750
173.6575 1600560750
173.6574 1600560750
173.65689999999998 1600560750
173.6574 1600560750
194.72869999999998 1600560750
194.7286 1600560750
194.7287 1600560750
194.7285 1600560750
194.7288 1600560750
194.72840000000002 1600560750
194.7288 1600560750
192.0381 1600560750
192.038 1600560750
192.0381 1600560750
192.03789999999998 1600560750
192.0379 1600560750
192.038 1600560750
192.0375 1600560750
193.2014 1600560750
193.2013 1600560750
193.2012 1600560750
193.2012 1600560750
193.2012 1600560750
193.2014 1600560750
193.201 1600560750
190.8373 1600560750
190.8372 1600560750
190.83710000000002 1600560750
190.8372 1600560750
190.83700000000002 1600560750
190.8373 1600560750
190.837 1600560750
190.1088 1600560750
190.1094 1600560750
190.1095 1600560750
190.10920000000002 1600560750
190.1093 1600560750
190.109 1600560750
190.10920000000002 1600560750
201.1949 1600560750
201.19490000000002 1600560750
201.19480000000001 1600560750
201.1948 1600560750
201.1948 1600560750
201.1948 1600560750
201.1951 1600560750
170.7294 1600560750
170.72930000000002 1600560750
170.7296 1600560750
170.72959999999998 1600560750
170.7295 1600560750
170.7294 1600560750
170.72949999999997 1600560750
181.50580000000002 1600560750
181.5059 1600560750
181.5058 1600560750
181.5057 1600560750
181.506 1600560750
181.5059 1600560750
181.506 1600560750
194.47299999999998 1600560750
194.4727 1600560750
194.4731 1600560750
194.47310000000002 1600560750
194.473 1600560750
194.4732 1600560750
194.47289999999998 1600560750
143.7961 1600560750
143.7961 1600560750
143.79639999999998 1600560750
143.7962 1600560750
143.7965 1600560750
143.7963 1600560750
143.7961 1600560750
179.3054 1600560750
179.30569999999997 1600560750
179.3058 1600560750
179.3056 1600560750
179.3055 1600560750
179.3053 1600560750
179.3055 1600560750
194.52769999999998 1600560750
194.52759999999998 1600560750
194.52769999999998 1600560750
194.5275 1600560750
194.5276 1600560750
194.5276 1600560750
194.5273 1600560750
144.8617 1600560750
144.8618 1600560750
144.8619 1600560750
144.86200000000002 1600560750
144.862 1600560750
144.8619 1600560750
144.8622 1600560750
203.89679999999998 1600560750
202.44660000000002 1600560750
203.8968 1600560750
203.89679999999998 1600560750
203.89679999999998 1600560750
203.8969 1600560750
203.89690000000002 1600560750
187.8998 1600560750
187.8998 1600560750
187.89970000000002 1600560750
187.8999 1600560750
187.8998 1600560750
187.89999999999998 1600560750
187.9 1600560750
192.2032 1600560750
192.2031 1600560750
192.2031 1600560750
192.2029 1600560750
192.20329999999998 1600560750
192.203 1600560750
192.203 1600560750
191.1274 1600560750
191.1273 1600560750
191.1273 1600560750
191.1272 1600560750
191.1274 1600560750
191.12740000000002 1600560750
191.1275 1600560750
176.3116 1600560750
176.3117 1600560750
176.31169999999997 1600560750
176.3114 1600560750
176.3117 1600560750
176.3115 1600560750
176.3115 1600560750
184.74960000000002 1600560750
184.7495 1600560750
184.7497 1600560750
184.7498 1600560750
184.74990000000003 1600560750
184.74960000000002 1600560750
184.7499 1600560750
181.1014 1600560750
181.10150000000002 1600560750
181.1011 1600560750
181.10150000000002 1600560750
181.1011 1600560750
181.1016 1600560750
181.10160000000002 1600560750
187.0167 1600560750
187.0167 1600560750
187.01670000000001 1600560750
187.0168 1600560750
187.01649999999998 1600560750
187.0168 1600560750
187.0169 1600560750
204.9976 1600560750
204.9974 1600560750
204.9974 1600560750
204.9975 1600560750
204.9977 1600560750
204.99759999999998 1600560750
204.9974 1600560750
190.2889 1600560750
190.2887 1600560750
190.2887 1600560750
190.2888 1600560750
190.2889 1600560750
190.2887 1600560750
190.2891 1600560750
184.64450000000002 1600560750
184.6448 1600560750
184.6446 1600560750
184.6447 1600560750
184.6444 1600560750
184.64440000000002 1600560750
184.6447 1600560750
178.6394 1600560750
178.6394 1600560750
178.63930000000002 1600560750
178.6395 1600560750
178.6396 1600560750
178.6395 1600560750
178.63920000000002 1600560750
192.3405 1600560750
192.34019999999998 1600560750
192.34040000000002 1600560750
192.3404 1600560750
192.34 1600560750
192.3405 1600560750
192.34009999999998 1600560750
182.80700000000002 1600560750
182.807 1600560750
182.8069 1600560750
182.807 1600560750
182.8069 1600560750
182.8067 1600560750
182.8071 1600560750
175.12650000000002 1600560750
175.1266 1600560750
175.1263 1600560750
175.1263 1600560750
175.12650000000002 1600560750
175.1262 1600560750
175.1264 1600560750
194.1188 1600560750
194.1189 1600560750
194.1189 1600560750
194.1187 1600560750
194.11829999999998 1600560750
194.1187 1600560750
194.1188 1600560750
174.018 1600560750
174.01790000000003 1600560750
174.0178 1600560750
174.0179 1600560750
174.018 1600560750
174.0178 1600560750
174.0185 1600560750
188.70819999999998 1600560750
188.70790000000002 1600560750
188.7079 1600560750
188.708 1600560750
188.7082 1600560750
188.7082 1600560750
188.7081 1600560750
189.5154 1600560750
189.5152 1600560750
189.5154 1600560750
189.5156 1600560750
189.51530000000002 1600560750
189.5155 1600560750
189.5152 1600560750
174.2526 1600560750
174.2526 1600560750
174.2526 1600560750
174.2525 1600560750
174.2523 1600560750
174.2524 1600560750
174.25240000000002 1600560750
182.24220000000003 1600560750
182.2421 1600560750
182.2423 1600560750
182.2421 1600560750
182.2419 1600560750
182.2421 1600560750
182.2421 1600560750
178.69129999999998 1600560750
178.69119999999998 1600560750
178.6913 1600560750
178.69140000000002 1600560750
178.6914 1600560750
178.6912 1600560750
178.6912 1600560750
175.3144 1600560750
175.31459999999998 1600560750
175.3142 1600560750
175.3145 1600560750
175.3142 1600560750
175.3146 1600560750
175.3145 1600560750
191.3987 1600560750
191.3989 1600560750
191.39870000000002 1600560750
191.39829999999998 1600560750
191.3985 1600560750
191.39880000000002 1600560750
191.3984 1600560750
201.83460000000002 1600560750
201.8345 1600560750
201.8346 1600560750
201.83440000000002 1600560750
201.83440000000002 1600560750
201.8348 1600560750
201.8346 1600560750
