80.6943 1600560313
80.6942 1600560313
80.69409999999999 1600560313
80.69409999999999 1600560313
80.6942 1600560313
80.6942 1600560313
80.69420000000001 1600560313
183.0786 1600560313
183.0787 1600560313
183.07899999999998 1600560313
183.0788 1600560313
183.07899999999998 1600560313
183.07889999999998 1600560313
183.0789 1600560313
170.4838 1600560313
170.4843 1600560313
170.48430000000002 1600560313
170.484 1600560313
170.4841 1600560313
170.4841 1600560313
170.4841 1600560313
184.80679999999998 1600560313
184.80679999999998 1600560313
184.80669999999998 1600560313
184.8064 1600560313
184.80679999999998 1600560313
184.80669999999998 1600560313
184.8066 1600560313
189.6842 1600560313
189.68439999999998 1600560313
189.6843 1600560313
189.6842 1600560313
189.684 1600560313
189.68419999999998 1600560313
189.68429999999998 1600560313
188.2995 1600560313
188.2996 1600560313
188.2996 1600560313
188.2996 1600560313
188.2997 1600560313
188.2993 1600560313
188.29950000000002 1600560313
166.7082 1600560313
166.70819999999998 1600560313
166.7081 1600560313
166.7079 1600560313
166.7082 1600560313
166.7084 1600560313
166.7081 1600560313
169.78740000000002 1600560313
169.78730000000002 1600560313
169.78750000000002 1600560313
169.7876 1600560313
169.78740000000002 1600560313
169.7872 1600560313
169.7875 1600560313
194.8287 1600560313
194.8288 1600560313
194.8287 1600560313
194.8289 1600560313
194.8288 1600560313
194.8289 1600560313
194.82850000000002 1600560313
140.5201 1600560313
140.5205 1600560313
140.5201 1600560313
140.52030000000002 1600560313
140.5205 1600560313
140.5205 1600560313
140.52030000000002 1600560313
167.84720000000002 1600560313
167.8472 1600560313
167.847 1600560313
167.84730000000002 1600560313
167.847 1600560313
167.84740000000002 1600560313
167.8473 1600560313
168.89960000000002 1600560313
168.8996 1600560313
168.8994 1600560313
168.89950000000002 1600560313
168.8996 1600560313
168.89950000000002 1600560313
168.8998 1600560313
168.8299 1600560313
168.8296 1600560313
168.8298 1600560313
168.8297 1600560313
168.8299 1600560313
168.8294 1600560313
168.8298 1600560313
171.1291 1600560313
171.1292 1600560313
171.1291 1600560313
171.12890000000002 1600560313
171.129 1600560313
171.129 1600560313
171.1288 1600560313
170.7142 1600560313
170.7141 1600560313
170.714 1600560313
170.7138 1600560313
170.7139 1600560313
170.714 1600560313
170.7142 1600560313
167.6706 1600560313
167.6703 1600560313
167.6703 1600560313
167.6705 1600560313
167.6704 1600560313
167.6706 1600560313
167.6706 1600560313
199.215 1600560313
200.0705 1600560313
200.0702 1600560313
200.0706 1600560313
200.0705 1600560313
200.0705 1600560313
198.5383 1600560313
191.8467 1600560313
191.8467 1600560313
191.84650000000002 1600560313
191.8464 1600560313
191.8467 1600560313
191.8467 1600560313
191.8469 1600560313
167.61829999999998 1600560313
167.61829999999998 1600560313
167.6186 1600560313
167.6186 1600560313
167.61860000000001 1600560313
167.6187 1600560313
167.6185 1600560313
188.2435 1600560313
188.2434 1600560313
188.2432 1600560313
188.24360000000001 1600560313
188.24360000000001 1600560313
188.2435 1600560313
188.24360000000001 1600560313
184.7112 1600560313
184.71089999999998 1600560313
184.71110000000002 1600560313
184.71089999999998 1600560313
184.7111 1600560313
184.7111 1600560313
184.7107 1600560313
179.8474 1600560313
179.84720000000002 1600560313
179.84740000000002 1600560313
179.8475 1600560313
179.8475 1600560313
179.8473 1600560313
179.8476 1600560313
181.3902 1600560313
181.3903 1600560313
181.3904 1600560313
181.3905 1600560313
181.39059999999998 1600560313
181.3904 1600560313
181.39000000000001 1600560313
178.11579999999998 1600560313
178.1154 1600560313
178.1155 1600560313
178.1156 1600560313
178.1157 1600560313
178.1156 1600560313
178.1158 1600560313
199.0941 1600560313
199.0964 1600560313
199.0939 1600560313
199.0964 1600560313
199.0965 1600560313
199.0941 1600560313
199.09640000000002 1600560313
185.6423 1600560313
185.6421 1600560313
185.64249999999998 1600560313
185.6424 1600560313
185.6425 1600560313
185.64260000000002 1600560313
185.6424 1600560313
148.91469999999998 1600560313
148.9147 1600560313
148.91479999999999 1600560313
148.91459999999998 1600560313
148.91479999999999 1600560313
148.9147 1600560313
148.9146 1600560313
186.1061 1600560313
186.1059 1600560313
186.1061 1600560313
186.1062 1600560313
186.1063 1600560313
186.1063 1600560313
186.1062 1600560313
190.47160000000002 1600560313
190.4718 1600560313
190.47140000000002 1600560313
190.4717 1600560313
190.47160000000002 1600560313
190.4719 1600560313
190.4717 1600560313
177.62869999999998 1600560313
177.62879999999998 1600560313
177.62859999999998 1600560313
177.62879999999998 1600560313
177.62879999999998 1600560313
177.62859999999998 1600560313
177.6284 1600560313
188.9105 1600560313
188.9106 1600560313
188.9104 1600560313
188.9104 1600560313
188.91049999999998 1600560313
188.9105 1600560313
188.9102 1600560313
152.9729 1600560313
152.9729 1600560313
152.97320000000002 1600560313
152.97310000000002 1600560313
152.9732 1600560313
152.9732 1600560313
152.97310000000002 1600560313
200.1203 1600560313
200.12040000000002 1600560313
200.12030000000001 1600560313
200.12019999999998 1600560313
199.7874 1600560313
199.7874 1600560313
200.1202 1600560313
176.7327 1600560313
176.73229999999998 1600560313
176.7326 1600560313
176.7327 1600560313
176.7327 1600560313
176.7328 1600560313
176.7325 1600560313
178.2209 1600560313
178.2208 1600560313
178.2209 1600560313
178.2209 1600560313
178.221 1600560313
178.2207 1600560313
178.2211 1600560313
191.30499999999998 1600560313
191.30499999999998 1600560313
191.3048 1600560313
191.3048 1600560313
191.30499999999998 1600560313
191.3047 1600560313
191.3049 1600560313
180.1142 1600560313
180.1144 1600560313
180.11419999999998 1600560313
180.1143 1600560313
180.1144 1600560313
180.11419999999998 1600560313
180.114 1600560313
189.6058 1600560313
189.6059 1600560313
189.6058 1600560313
189.606 1600560313
189.60569999999998 1600560313
189.60549999999998 1600560313
189.60590000000002 1600560313
182.6991 1600560313
182.69889999999998 1600560313
182.6992 1600560313
182.699 1600560313
182.6986 1600560313
182.69889999999998 1600560313
182.69910000000002 1600560313
189.92870000000002 1600560313
189.92870000000002 1600560313
189.92880000000002 1600560313
189.92849999999999 1600560313
189.92880000000002 1600560313
189.92890000000003 1600560313
189.9289 1600560313
198.91729999999998 1600560313
198.91729999999998 1600560313
198.9172 1600560313
198.91709999999998 1600560313
199.0185 1600560313
198.9174 1600560313
198.91740000000001 1600560313
181.1804 1600560313
181.1805 1600560313
181.1805 1600560313
181.1805 1600560313
181.1803 1600560313
181.1807 1600560313
181.18030000000002 1600560313
188.9616 1600560313
188.96110000000002 1600560313
188.9615 1600560313
188.9614 1600560313
188.9616 1600560313
188.9615 1600560313
188.9614 1600560313
179.4904 1600560313
179.49020000000002 1600560313
179.4904 1600560313
179.4899 1600560313
179.4904 1600560313
179.4902 1600560313
179.49020000000002 1600560313
181.8179 1600560313
181.8178 1600560313
181.8179 1600560313
181.8177 1600560313
181.8177 1600560313
181.8175 1600560313
181.8178 1600560313
149.23659999999998 1600560313
149.2364 1600560313
149.2366 1600560313
149.2365 1600560313
149.2363 1600560313
149.2366 1600560313
149.23669999999998 1600560313
191.0845 1600560313
191.0847 1600560313
191.0847 1600560313
191.0846 1600560313
191.0846 1600560313
191.0844 1600560313
191.0848 1600560313
189.8834 1600560313
189.8837 1600560313
189.8836 1600560313
189.8836 1600560313
189.8836 1600560313
189.8839 1600560313
189.8837 1600560313
200.1801 1600560313
200.1801 1600560313
200.1802 1600560313
199.83270000000002 1600560313
200.2335 1600560313
200.2516 1600560313
200.2516 1600560313
189.0592 1600560313
189.0589 1600560313
189.0593 1600560313
189.0591 1600560313
189.05939999999998 1600560313
189.05929999999998 1600560313
189.0591 1600560313
187.74030000000002 1600560313
187.7404 1600560313
187.7406 1600560313
187.7404 1600560313
187.7406 1600560313
187.7402 1600560313
187.74050000000003 1600560313
188.3972 1600560313
188.39700000000002 1600560313
188.39700000000002 1600560313
188.39710000000002 1600560313
188.3972 1600560313
188.3968 1600560313
188.3972 1600560313
185.04229999999998 1600560313
185.0422 1600560313
185.0421 1600560313
185.0421 1600560313
185.0422 1600560313
185.0419 1600560313
185.042 1600560313
186.2106 1600560313
186.21040000000002 1600560313
186.2106 1600560313
186.21040000000002 1600560313
186.2106 1600560313
186.21040000000002 1600560313
186.21020000000001 1600560313
179.5537 1600560313
179.55349999999999 1600560313
179.5537 1600560313
179.5537 1600560313
179.55329999999998 1600560313
179.5536 1600560313
179.55360000000002 1600560313
191.6229 1600560313
191.62279999999998 1600560313
191.62310000000002 1600560313
191.62279999999998 1600560313
191.62269999999998 1600560313
191.623 1600560313
191.623 1600560313
199.02450000000002 1600560313
199.0248 1600560313
199.1143 1600560313
199.0247 1600560313
199.02460000000002 1600560313
199.02450000000002 1600560313
199.0246 1600560313
193.955 1600560313
193.95510000000002 1600560313
193.95489999999998 1600560313
193.95489999999998 1600560313
193.9551 1600560313
193.9551 1600560313
193.955 1600560313
180.9266 1600560313
180.9266 1600560313
180.9264 1600560313
180.92620000000002 1600560313
180.9266 1600560313
180.9265 1600560313
180.9267 1600560313
181.06879999999998 1600560313
181.0687 1600560313
181.069 1600560313
181.06889999999999 1600560313
181.069 1600560313
181.0689 1600560313
181.0686 1600560313
183.315 1600560313
183.3152 1600560313
183.31539999999998 1600560313
183.31529999999998 1600560313
183.3151 1600560313
183.31529999999998 1600560313
183.3154 1600560313
188.1885 1600560313
188.189 1600560313
188.1888 1600560313
188.1888 1600560313
188.1887 1600560313
188.18900000000002 1600560313
188.18890000000002 1600560313
119.8926 1600560313
119.89280000000001 1600560313
119.89229999999999 1600560313
119.8928 1600560313
119.89269999999999 1600560313
119.89269999999999 1600560313
119.8925 1600560313
173.8767 1600560313
173.8768 1600560313
173.8767 1600560313
173.8768 1600560313
173.87689999999998 1600560313
173.8765 1600560313
173.87689999999998 1600560313
185.1652 1600560313
185.165 1600560313
185.1651 1600560313
185.16479999999999 1600560313
185.1651 1600560313
185.16490000000002 1600560313
185.16510000000002 1600560313
197.8038 1600560313
197.7552 1600560313
197.7551 1600560313
197.7551 1600560313
197.7552 1600560313
195.6806 1600560313
197.75510000000003 1600560313
189.2527 1600560313
189.2524 1600560313
189.2528 1600560313
189.2525 1600560313
189.2526 1600560313
189.2528 1600560313
189.2528 1600560313
186.4969 1600560313
186.4966 1600560313
186.4966 1600560313
186.4965 1600560313
186.4967 1600560313
186.4968 1600560313
186.4968 1600560313
173.58419999999998 1600560313
173.5841 1600560313
173.5838 1600560313
173.58409999999998 1600560313
173.5839 1600560313
173.5841 1600560313
173.5841 1600560313
172.871 1600560313
172.8711 1600560313
172.8712 1600560313
172.87109999999998 1600560313
172.871 1600560313
172.8712 1600560313
172.871 1600560313
127.9264 1600560313
127.92699999999999 1600560313
127.92690000000002 1600560313
127.92670000000001 1600560313
127.9269 1600560313
127.927 1600560313
127.9271 1600560313
190.963 1600560313
190.9633 1600560313
190.9632 1600560313
190.9633 1600560313
190.9631 1600560313
190.9633 1600560313
190.9628 1600560313
182.0939 1600560313
182.09429999999998 1600560313
182.0941 1600560313
182.0942 1600560313
182.0942 1600560313
182.0942 1600560313
182.0944 1600560313
197.47830000000002 1600560313
197.4784 1600560313
197.41459999999998 1600560313
197.41469999999998 1600560313
197.4148 1600560313
197.4147 1600560313
197.47840000000002 1600560313
188.5002 1600560313
188.5003 1600560313
188.5003 1600560313
188.5 1600560313
188.5002 1600560313
188.5003 1600560313
188.5003 1600560313
177.1702 1600560313
177.1701 1600560313
177.1701 1600560313
177.16989999999998 1600560313
177.1701 1600560313
177.1703 1600560313
177.1703 1600560313
188.3421 1600560313
188.3419 1600560313
188.3421 1600560313
188.3423 1600560313
188.3423 1600560313
188.3423 1600560313
188.3422 1600560313
191.37619999999998 1600560313
191.3763 1600560313
191.37619999999998 1600560313
191.37599999999998 1600560313
191.3764 1600560313
191.3763 1600560313
191.3764 1600560313
180.5563 1600560313
180.5561 1600560313
180.5565 1600560313
180.5563 1600560313
180.5565 1600560313
180.5564 1600560313
180.5563 1600560313
185.4064 1600560313
185.4066 1600560313
185.4065 1600560313
185.4065 1600560313
185.4066 1600560313
185.40619999999998 1600560313
185.4067 1600560313
177.70479999999998 1600560313
177.7047 1600560313
177.70479999999998 1600560313
177.7045 1600560313
177.70489999999998 1600560313
177.70479999999998 1600560313
177.70499999999998 1600560313
198.3302 1600560313
198.3311 1600560313
196.3794 1600560313
198.3301 1600560313
196.3793 1600560313
196.37939999999998 1600560313
196.3793 1600560313
178.7044 1600560313
178.7042 1600560313
178.70430000000002 1600560313
178.70409999999998 1600560313
178.70409999999998 1600560313
178.7043 1600560313
178.70399999999998 1600560313
189.0105 1600560313
189.0105 1600560313
189.0105 1600560313
189.0106 1600560313
189.0104 1600560313
189.0106 1600560313
189.0102 1600560313
167.1763 1600560313
167.1763 1600560313
167.17610000000002 1600560313
167.1762 1600560313
167.17649999999998 1600560313
167.17659999999998 1600560313
167.1766 1600560313
170.81900000000002 1600560313
170.8191 1600560313
170.8185 1600560313
170.81900000000002 1600560313
170.8189 1600560313
170.81900000000002 1600560313
170.8188 1600560313
186.1596 1600560313
186.1596 1600560313
186.1593 1600560313
186.1597 1600560313
186.1594 1600560313
186.1595 1600560313
186.15970000000002 1600560313
189.50889999999998 1600560313
189.509 1600560313
189.5088 1600560313
189.5091 1600560313
189.50889999999998 1600560313
189.50910000000002 1600560313
189.50900000000001 1600560313
133.50220000000002 1600560313
133.5022 1600560313
133.5021 1600560313
133.5021 1600560313
133.5023 1600560313
133.50189999999998 1600560313
133.502 1600560313
198.925 1600560313
198.925 1600560313
200.0673 1600560313
200.06730000000002 1600560313
198.925 1600560313
200.06719999999999 1600560313
198.925 1600560313
189.1565 1600560313
189.1567 1600560313
189.1566 1600560313
189.1565 1600560313
189.15679999999998 1600560313
189.1567 1600560313
189.1567 1600560313
172.93359999999998 1600560313
172.93329999999997 1600560313
172.93349999999998 1600560313
172.93349999999998 1600560313
172.9332 1600560313
172.9335 1600560313
172.9336 1600560313
113.3718 1600560313
113.3717 1600560313
113.372 1600560313
113.37169999999999 1600560313
113.37190000000001 1600560313
113.3721 1600560313
113.372 1600560313
187.91809999999998 1600560313
187.9182 1600560313
187.9179 1600560313
187.918 1600560313
187.91799999999998 1600560313
187.9178 1600560313
187.9182 1600560313
189.733 1600560313
189.7329 1600560313
189.73260000000002 1600560313
189.733 1600560313
189.7329 1600560313
189.73280000000003 1600560313
189.733 1600560313
185.2176 1600560313
185.21740000000003 1600560313
185.2174 1600560313
185.2174 1600560313
185.21720000000002 1600560313
185.2175 1600560313
185.2176 1600560313
189.81320000000002 1600560313
189.8134 1600560313
189.81330000000003 1600560313
189.81300000000002 1600560313
189.8133 1600560313
189.8132 1600560313
189.8134 1600560313
199.6327 1600560313
199.6343 1600560313
198.8717 1600560313
199.6327 1600560313
199.6327 1600560313
199.6328 1600560313
199.6327 1600560313
188.6469 1600560313
188.647 1600560313
188.647 1600560313
188.64679999999998 1600560313
188.64679999999998 1600560313
188.64659999999998 1600560313
188.6468 1600560313
188.06599999999997 1600560313
188.0659 1600560313
188.0658 1600560313
188.0659 1600560313
188.0655 1600560313
188.0658 1600560313
188.0658 1600560313
189.1145 1600560313
189.11419999999998 1600560313
189.1144 1600560313
189.11409999999998 1600560313
189.1144 1600560313
189.11419999999998 1600560313
189.11430000000001 1600560313
183.83210000000003 1600560313
183.83210000000003 1600560313
183.83190000000002 1600560313
183.8323 1600560313
183.8323 1600560313
183.8322 1600560313
183.8323 1600560313
186.7136 1600560313
186.7136 1600560313
186.7136 1600560313
186.7134 1600560313
186.7134 1600560313
186.7133 1600560313
186.7135 1600560313
183.46079999999998 1600560313
183.4611 1600560313
183.46099999999998 1600560313
183.4611 1600560313
183.4612 1600560313
183.4613 1600560313
183.46110000000002 1600560313
175.15179999999998 1600560313
175.1521 1600560313
175.152 1600560313
175.152 1600560313
175.15179999999998 1600560313
175.1517 1600560313
175.152 1600560313
199.68339999999998 1600560313
199.68339999999998 1600560313
199.6832 1600560313
199.6834 1600560313
199.68349999999998 1600560313
199.6832 1600560313
199.6832 1600560313
127.97699999999999 1600560313
127.97690000000001 1600560313
127.97699999999999 1600560313
127.97690000000001 1600560313
127.9771 1600560313
127.9771 1600560313
127.9771 1600560313
181.46069999999997 1600560313
181.4608 1600560313
181.4608 1600560313
181.4607 1600560313
181.4605 1600560313
181.4607 1600560313
181.46040000000002 1600560313
190.2074 1600560313
190.2072 1600560313
190.2072 1600560313
190.2073 1600560313
190.2069 1600560313
190.2073 1600560313
190.20710000000003 1600560313
185.3589 1600560313
185.3586 1600560313
185.3588 1600560313
185.3588 1600560313
185.3587 1600560313
185.3587 1600560313
185.35840000000002 1600560313
184.45340000000002 1600560313
184.453 1600560313
184.4534 1600560313
184.4532 1600560313
184.4534 1600560313
184.45329999999998 1600560313
184.45340000000002 1600560313
189.9799 1600560313
189.98010000000002 1600560313
189.98010000000002 1600560313
189.97990000000001 1600560313
189.9798 1600560313
189.98 1600560313
189.9797 1600560313
178.453 1600560313
178.45319999999998 1600560313
178.4531 1600560313
178.4531 1600560313
178.453 1600560313
178.4528 1600560313
178.4529 1600560313
199.73960000000002 1600560313
199.7397 1600560313
199.7397 1600560313
199.78969999999998 1600560313
199.7398 1600560313
200.251 1600560313
200.0694 1600560313
124.03529999999999 1600560313
124.0355 1600560313
124.035 1600560313
124.0353 1600560313
124.0353 1600560313
124.03490000000001 1600560313
124.03529999999999 1600560313
186.8321 1600560313
186.8321 1600560313
186.83200000000002 1600560313
186.8321 1600560313
186.8319 1600560313
186.83180000000002 1600560313
186.83200000000002 1600560313
177.385 1600560313
177.3852 1600560313
177.38520000000003 1600560313
177.38490000000002 1600560313
177.38500000000002 1600560313
177.385 1600560313
177.3847 1600560313
189.30259999999998 1600560313
189.3027 1600560313
189.30249999999998 1600560313
189.30249999999998 1600560313
189.30259999999998 1600560313
189.3022 1600560313
189.3024 1600560313
193.84529999999998 1600560313
193.84519999999998 1600560313
193.84490000000002 1600560313
193.8452 1600560313
193.84539999999998 1600560313
193.8451 1600560313
193.8451 1600560313
191.20950000000002 1600560313
191.20940000000002 1600560313
191.2094 1600560313
191.2095 1600560313
191.20929999999998 1600560313
191.2095 1600560313
191.20940000000002 1600560313
181.7622 1600560313
181.76180000000002 1600560313
181.76229999999998 1600560313
181.7621 1600560313
181.7621 1600560313
181.76229999999998 1600560313
181.7622 1600560313
197.6467 1600560313
197.6466 1600560313
197.6467 1600560313
197.6468 1600560313
197.64659999999998 1600560313
197.6456 1600560313
197.6467 1600560313
178.7552 1600560313
178.7549 1600560313
178.7552 1600560313
178.7553 1600560313
178.75500000000002 1600560313
178.7551 1600560313
178.7553 1600560313
180.6166 1600560313
180.6164 1600560313
180.6166 1600560313
180.6168 1600560313
180.6165 1600560313
180.6167 1600560313
180.61679999999998 1600560313
184.8525 1600560313
184.8521 1600560313
184.8524 1600560313
184.8522 1600560313
184.8524 1600560313
184.8523 1600560313
184.8524 1600560313
189.3526 1600560313
189.3527 1600560313
189.3528 1600560313
189.35250000000002 1600560313
189.3527 1600560313
189.3526 1600560313
189.3528 1600560313
190.6842 1600560313
190.6844 1600560313
190.6841 1600560313
190.68439999999998 1600560313
190.68449999999999 1600560313
190.6842 1600560313
190.6844 1600560313
1.7752 1600560313
1.7751000000000001 1600560313
1.7749000000000001 1600560313
1.7751000000000001 1600560313
1.775 1600560313
1.7749000000000001 1600560313
1.775 1600560313
190.4153 1600560313
190.41549999999998 1600560313
190.4154 1600560313
190.41520000000003 1600560313
190.4155 1600560313
190.4154 1600560313
190.4152 1600560313
185.5206 1600560313
185.5205 1600560313
185.5209 1600560313
185.5208 1600560313
185.5208 1600560313
185.5207 1600560313
185.5206 1600560313
199.09490000000002 1600560313
198.27949999999998 1600560313
199.09470000000002 1600560313
199.09480000000002 1600560313
199.09480000000002 1600560313
199.0948 1600560313
199.09480000000002 1600560313
190.1495 1600560313
190.1493 1600560313
190.1495 1600560313
190.1491 1600560313
190.14950000000002 1600560313
190.1494 1600560313
190.1493 1600560313
188.8044 1600560313
188.8047 1600560313
188.8045 1600560313
188.8046 1600560313
188.8043 1600560313
188.8046 1600560313
188.8047 1600560313
183.9329 1600560313
183.9327 1600560313
183.93269999999998 1600560313
183.9324 1600560313
183.93269999999998 1600560313
183.9329 1600560313
183.9327 1600560313
176.9281 1600560313
176.9282 1600560313
176.92839999999998 1600560313
176.92829999999998 1600560313
176.9283 1600560313
176.92839999999998 1600560313
176.9281 1600560313
189.5596 1600560313
189.5598 1600560313
189.5598 1600560313
189.56 1600560313
189.5598 1600560313
189.5596 1600560313
189.5599 1600560313
176.5791 1600560313
176.57899999999998 1600560313
176.5792 1600560313
176.5792 1600560313
176.57899999999998 1600560313
176.57889999999998 1600560313
176.579 1600560313
193.2907 1600560313
193.2909 1600560313
193.2905 1600560313
193.291 1600560313
193.29080000000002 1600560313
193.2908 1600560313
193.2908 1600560313
200.32240000000002 1600560313
200.2516 1600560313
197.646 1600560313
197.6471 1600560313
200.2516 1600560313
200.3217 1600560313
200.25150000000002 1600560313
182.7919 1600560313
182.7922 1600560313
182.79219999999998 1600560313
182.79219999999998 1600560313
182.79229999999998 1600560313
182.7921 1600560313
182.79229999999998 1600560313
181.5207 1600560313
181.5207 1600560313
181.52079999999998 1600560313
181.5207 1600560313
181.5205 1600560313
181.5205 1600560313
181.5206 1600560313
192.7511 1600560313
192.7512 1600560313
192.7512 1600560313
192.751 1600560313
192.7511 1600560313
192.75050000000002 1600560313
192.7512 1600560313
177.8955 1600560313
177.8955 1600560313
177.8952 1600560313
177.8954 1600560313
177.8954 1600560313
177.8954 1600560313
177.8956 1600560313
189.4615 1600560313
189.46169999999998 1600560313
189.46169999999998 1600560313
189.4616 1600560313
189.4617 1600560313
189.4618 1600560313
189.4616 1600560313
180.87449999999998 1600560313
180.87439999999998 1600560313
180.8747 1600560313
180.8748 1600560313
180.8747 1600560313
180.8748 1600560313
180.87470000000002 1600560313
188.708 1600560313
188.7083 1600560313
188.70839999999998 1600560313
188.70839999999998 1600560313
188.7082 1600560313
188.7083 1600560313
188.70839999999998 1600560313
199.5246 1600560313
199.5262 1600560313
198.9203 1600560313
199.5245 1600560313
198.8704 1600560313
198.8704 1600560313
199.52450000000002 1600560313
180.3495 1600560313
180.3492 1600560313
180.3495 1600560313
180.3494 1600560313
180.3495 1600560313
180.3492 1600560313
180.34939999999997 1600560313
186.6007 1600560313
186.6008 1600560313
186.601 1600560313
186.6009 1600560313
186.601 1600560313
186.601 1600560313
186.6009 1600560313
187.42579999999998 1600560313
187.4255 1600560313
187.4256 1600560313
187.42579999999998 1600560313
187.4258 1600560313
187.42589999999998 1600560313
187.4257 1600560313
190.3189 1600560313
190.31879999999998 1600560313
190.3187 1600560313
190.31879999999998 1600560313
190.31889999999999 1600560313
190.3186 1600560313
190.3188 1600560313
184.1053 1600560313
184.1053 1600560313
184.10520000000002 1600560313
184.1054 1600560313
184.1054 1600560313
184.1055 1600560313
184.1051 1600560313
176.5788 1600560313
176.5786 1600560313
176.5788 1600560313
176.5787 1600560313
176.5785 1600560313
176.5785 1600560313
176.5784 1600560313
190.03969999999998 1600560313
190.0399 1600560313
190.04 1600560313
190.0399 1600560313
190.0399 1600560313
190.0401 1600560313
190.0397 1600560313
200.06889999999999 1600560313
200.06879999999998 1600560313
200.06889999999999 1600560313
200.0688 1600560313
200.0687 1600560313
200.06869999999998 1600560313
200.0686 1600560313
191.5751 1600560313
191.5751 1600560313
191.5748 1600560313
191.575 1600560313
191.5751 1600560313
191.5751 1600560313
191.5752 1600560313
186.2688 1600560313
186.2689 1600560313
186.2687 1600560313
186.2685 1600560313
186.26870000000002 1600560313
186.2686 1600560313
186.26860000000002 1600560313
170.2982 1600560313
170.298 1600560313
170.29819999999998 1600560313
170.2981 1600560313
170.2983 1600560313
170.29829999999998 1600560313
170.2981 1600560313
186.99820000000003 1600560313
186.99849999999998 1600560313
186.9984 1600560313
186.9983 1600560313
186.99810000000002 1600560313
186.9983 1600560313
186.9983 1600560313
176.3105 1600560313
176.3104 1600560313
176.31029999999998 1600560313
176.3102 1600560313
176.3106 1600560313
176.3105 1600560313
176.3106 1600560313
180.74710000000002 1600560313
180.7468 1600560313
180.7469 1600560313
180.747 1600560313
180.7471 1600560313
180.747 1600560313
180.74720000000002 1600560313
187.5618 1600560313
187.5616 1600560313
187.5615 1600560313
187.5617 1600560313
187.5616 1600560313
187.5616 1600560313
187.5614 1600560313
200.12969999999999 1600560313
200.1297 1600560313
200.1298 1600560313
200.2505 1600560313
200.3031 1600560313
200.25039999999998 1600560313
200.25050000000002 1600560313
175.42149999999998 1600560313
175.42159999999998 1600560313
175.42159999999998 1600560313
175.4218 1600560313
175.4217 1600560313
175.4219 1600560313
175.42180000000002 1600560313
174.1066 1600560313
174.1066 1600560313
174.1064 1600560313
174.1064 1600560313
174.1067 1600560313
174.10649999999998 1600560313
174.1068 1600560313
172.19889999999998 1600560313
172.1991 1600560313
172.19889999999998 1600560313
172.1992 1600560313
172.1992 1600560313
172.19899999999998 1600560313
172.19910000000002 1600560313
188.7524 1600560313
188.7521 1600560313
188.7525 1600560313
188.7524 1600560313
188.7523 1600560313
188.7524 1600560313
188.7522 1600560313
169.2383 1600560313
169.23829999999998 1600560313
169.2382 1600560313
169.238 1600560313
169.2382 1600560313
169.23819999999998 1600560313
169.2382 1600560313
173.6973 1600560313
173.6972 1600560313
173.6969 1600560313
173.6971 1600560313
173.69719999999998 1600560313
173.69709999999998 1600560313
173.6972 1600560313
179.33190000000002 1600560313
179.33200000000002 1600560313
179.332 1600560313
179.332 1600560313
179.3321 1600560313
179.33169999999998 1600560313
179.3319 1600560313
199.3772 1600560313
199.3773 1600560313
199.37529999999998 1600560313
199.3772 1600560313
199.4213 1600560313
199.3756 1600560313
199.4214 1600560313
185.5826 1600560313
185.5824 1600560313
185.58259999999999 1600560313
185.5827 1600560313
185.5825 1600560313
185.5828 1600560313
185.5827 1600560313
174.6279 1600560313
174.62820000000002 1600560313
174.62810000000002 1600560313
174.6282 1600560313
174.62820000000002 1600560313
174.6281 1600560313
174.628 1600560313
167.9055 1600560313
167.9057 1600560313
167.9056 1600560313
167.90550000000002 1600560313
167.90519999999998 1600560313
167.90560000000002 1600560313
167.90570000000002 1600560313
166.88979999999998 1600560313
166.8898 1600560313
166.88979999999998 1600560313
166.8896 1600560313
166.8897 1600560313
166.88959999999997 1600560313
166.8897 1600560313
188.1217 1600560313
188.1219 1600560313
188.1219 1600560313
188.1219 1600560313
188.1218 1600560313
188.1215 1600560313
188.1218 1600560313
176.1294 1600560313
176.1291 1600560313
176.1294 1600560313
176.12900000000002 1600560313
176.1293 1600560313
176.1293 1600560313
176.1294 1600560313
169.175 1600560313
169.17520000000002 1600560313
169.17520000000002 1600560313
169.1747 1600560313
169.1753 1600560313
169.17510000000001 1600560313
169.17510000000001 1600560313
200.1234 1600560313
200.1234 1600560313
200.1979 1600560313
200.1981 1600560313
200.1981 1600560313
200.1981 1600560313
200.12390000000002 1600560313
174.29930000000002 1600560313
174.29930000000002 1600560313
174.299 1600560313
174.29930000000002 1600560313
174.2992 1600560313
174.2991 1600560313
174.2991 1600560313
169.6275 1600560313
169.6275 1600560313
169.6274 1600560313
169.6273 1600560313
169.62730000000002 1600560313
169.6272 1600560313
169.6271 1600560313
167.2563 1600560313
167.2564 1600560313
167.25619999999998 1600560313
167.2565 1600560313
167.2563 1600560313
167.25619999999998 1600560313
167.2564 1600560313
168.1724 1600560313
168.1727 1600560313
168.1725 1600560313
168.17270000000002 1600560313
168.1728 1600560313
168.1726 1600560313
168.173 1600560313
169.4445 1600560313
169.4444 1600560313
169.44469999999998 1600560313
169.4446 1600560313
169.44420000000002 1600560313
169.44449999999998 1600560313
169.4447 1600560313
170.0612 1600560313
170.0612 1600560313
170.06140000000002 1600560313
170.0615 1600560313
170.06130000000002 1600560313
170.0614 1600560313
170.0615 1600560313
177.2289 1600560313
177.2289 1600560313
177.2286 1600560313
177.22910000000002 1600560313
177.229 1600560313
177.22920000000002 1600560313
177.2291 1600560313
193.99990000000003 1600560313
194.0001 1600560313
194.0 1600560313
194.0001 1600560313
194.00009999999997 1600560313
194.00019999999998 1600560313
194.0003 1600560313
184.7593 1600560313
184.75959999999998 1600560313
184.75930000000002 1600560313
184.7595 1600560313
184.75920000000002 1600560313
184.7594 1600560313
184.7593 1600560313
171.7463 1600560313
171.7461 1600560313
171.74609999999998 1600560313
171.7463 1600560313
171.7462 1600560313
171.74599999999998 1600560313
171.7462 1600560313
168.012 1600560313
168.01219999999998 1600560313
168.01229999999998 1600560313
168.01149999999998 1600560313
168.0121 1600560313
168.0123 1600560313
168.01229999999998 1600560313
176.47650000000002 1600560313
176.4765 1600560313
176.4767 1600560313
176.47670000000002 1600560313
176.4766 1600560313
176.4764 1600560313
176.47660000000002 1600560313
166.83180000000002 1600560313
166.8319 1600560313
166.8319 1600560313
166.832 1600560313
166.83190000000002 1600560313
166.8322 1600560313
166.83210000000003 1600560313
173.63619999999997 1600560313
173.636 1600560313
173.636 1600560313
173.6361 1600560313
173.6358 1600560313
173.636 1600560313
173.6361 1600560313
168.78470000000002 1600560313
168.7849 1600560313
168.7844 1600560313
168.78480000000002 1600560313
168.7848 1600560313
168.785 1600560313
168.7849 1600560313
185.1086 1600560313
185.10899999999998 1600560313
185.109 1600560313
185.1089 1600560313
185.1087 1600560313
185.1088 1600560313
185.1089 1600560313
197.4892 1600560313
197.4883 1600560313
197.4893 1600560313
197.4893 1600560313
197.4891 1600560313
197.48919999999998 1600560313
197.48930000000001 1600560313
166.8318 1600560313
166.8321 1600560313
166.8319 1600560313
166.8322 1600560313
166.832 1600560313
166.8316 1600560313
166.83190000000002 1600560313
182.0447 1600560313
182.04489999999998 1600560313
182.04479999999998 1600560313
182.04469999999998 1600560313
182.0444 1600560313
182.045 1600560313
182.045 1600560313
167.9605 1600560313
167.96020000000001 1600560313
167.9602 1600560313
167.9604 1600560313
167.9602 1600560313
167.9602 1600560313
167.96030000000002 1600560313
168.5939 1600560313
168.5938 1600560313
168.5938 1600560313
168.59369999999998 1600560313
168.5938 1600560313
168.5938 1600560313
168.5938 1600560313
175.0807 1600560313
175.0806 1600560313
175.08059999999998 1600560313
175.0802 1600560313
175.0806 1600560313
175.08079999999998 1600560313
175.0807 1600560313
190.58350000000002 1600560313
190.5837 1600560313
190.5838 1600560313
190.58380000000002 1600560313
190.5838 1600560313
190.58380000000002 1600560313
190.58339999999998 1600560313
167.71849999999998 1600560313
167.7187 1600560313
167.71849999999998 1600560313
167.71859999999998 1600560313
167.7185 1600560313
167.7186 1600560313
167.7184 1600560313
194.5059 1600560313
194.5647 1600560313
192.07330000000002 1600560313
194.56470000000002 1600560313
194.506 1600560313
194.506 1600560313
194.506 1600560313
179.72740000000002 1600560313
179.72729999999999 1600560313
179.7274 1600560313
179.72740000000002 1600560313
179.72750000000002 1600560313
179.72750000000002 1600560313
179.7272 1600560313
171.0025 1600560313
171.0026 1600560313
171.0021 1600560313
171.0024 1600560313
171.0024 1600560313
171.0026 1600560313
171.0024 1600560313
180.8077 1600560313
180.8076 1600560313
180.8078 1600560313
180.80780000000001 1600560313
180.80780000000001 1600560313
180.8074 1600560313
180.8076 1600560313
175.7833 1600560313
175.7832 1600560313
175.7833 1600560313
175.7831 1600560313
175.7832 1600560313
175.7834 1600560313
175.7833 1600560313
191.5232 1600560313
191.5237 1600560313
191.5235 1600560313
191.52370000000002 1600560313
191.52349999999998 1600560313
191.52370000000002 1600560313
191.52360000000002 1600560313
173.042 1600560313
173.04180000000002 1600560313
173.04219999999998 1600560313
173.042 1600560313
173.042 1600560313
173.04229999999998 1600560313
173.0421 1600560313
167.12220000000002 1600560313
167.1222 1600560313
167.1219 1600560313
167.122 1600560313
167.1223 1600560313
167.1222 1600560313
167.1223 1600560313
199.9076 1600560313
199.9075 1600560313
199.9072 1600560313
199.9076 1600560313
199.9075 1600560313
199.9073 1600560313
199.2883 1600560313
172.5908 1600560313
172.5907 1600560313
172.5906 1600560313
172.5904 1600560313
172.5907 1600560313
172.5908 1600560313
172.5908 1600560313
174.17600000000002 1600560313
174.176 1600560313
174.17589999999998 1600560313
174.1763 1600560313
174.1762 1600560313
174.176 1600560313
174.176 1600560313
177.4278 1600560313
177.428 1600560313
177.42759999999998 1600560313
177.4279 1600560313
177.4278 1600560313
177.4278 1600560313
177.428 1600560313
181.5869 1600560313
181.5867 1600560313
181.5869 1600560313
181.5868 1600560313
181.5866 1600560313
181.5869 1600560313
181.5867 1600560313
186.377 1600560313
186.37709999999998 1600560313
186.377 1600560313
186.37720000000002 1600560313
186.37689999999998 1600560313
186.3772 1600560313
186.37720000000002 1600560313
180.3997 1600560313
180.3996 1600560313
180.39939999999999 1600560313
180.3995 1600560313
180.39929999999998 1600560313
180.3996 1600560313
180.39939999999999 1600560313
190.63309999999998 1600560313
190.63309999999998 1600560313
190.6332 1600560313
190.6333 1600560313
190.6332 1600560313
190.63289999999998 1600560313
190.63330000000002 1600560313
199.0947 1600560313
199.09439999999998 1600560313
199.0947 1600560313
199.09449999999998 1600560313
199.0947 1600560313
199.09459999999999 1600560313
199.0945 1600560313
181.91340000000002 1600560313
181.9136 1600560313
181.9135 1600560313
181.91330000000002 1600560313
181.9135 1600560313
181.9137 1600560313
181.9137 1600560313
173.4339 1600560313
173.4339 1600560313
173.43380000000002 1600560313
173.434 1600560313
173.4336 1600560313
173.4338 1600560313
173.4338 1600560313
183.2071 1600560313
183.2072 1600560313
183.2073 1600560313
183.2071 1600560313
183.2069 1600560313
183.207 1600560313
183.2073 1600560313
176.1969 1600560313
176.1967 1600560313
176.19699999999997 1600560313
176.1968 1600560313
176.1969 1600560313
176.197 1600560313
176.1968 1600560313
186.768 1600560313
186.768 1600560313
186.7679 1600560313
186.7678 1600560313
186.7677 1600560313
186.7679 1600560313
186.768 1600560313
175.87449999999998 1600560313
175.87449999999998 1600560313
175.8743 1600560313
175.87439999999998 1600560313
175.87439999999998 1600560313
175.8741 1600560313
175.87429999999998 1600560313
173.2485 1600560313
173.2486 1600560313
173.2487 1600560313
173.2486 1600560313
173.2483 1600560313
173.2487 1600560313
173.2484 1600560313
199.6812 1600560313
199.63309999999998 1600560313
199.63309999999998 1600560313
199.6795 1600560313
199.63289999999998 1600560313
199.63289999999998 1600560313
197.80300000000003 1600560313
157.50459999999998 1600560313
157.5048 1600560313
157.5049 1600560313
157.50469999999999 1600560313
157.5048 1600560313
157.5048 1600560313
157.5047 1600560313
184.4051 1600560313
184.405 1600560313
184.40470000000002 1600560313
184.4047 1600560313
184.405 1600560313
184.40480000000002 1600560313
184.40490000000003 1600560313
174.51659999999998 1600560313
174.5168 1600560313
174.517 1600560313
174.5169 1600560313
174.5169 1600560313
174.5168 1600560313
174.51700000000002 1600560313
181.63729999999998 1600560313
181.637 1600560313
181.63709999999998 1600560313
181.63729999999998 1600560313
181.63719999999998 1600560313
181.63719999999998 1600560313
181.6372 1600560313
178.6541 1600560313
178.6538 1600560313
178.6539 1600560313
178.6539 1600560313
178.6541 1600560313
178.65400000000002 1600560313
178.654 1600560313
175.6177 1600560313
175.61790000000002 1600560313
175.618 1600560313
175.6178 1600560313
175.618 1600560313
175.6179 1600560313
175.61810000000003 1600560313
179.956 1600560313
179.9562 1600560313
179.9563 1600560313
179.9561 1600560313
179.956 1600560313
179.9563 1600560313
179.9563 1600560313
200.06640000000002 1600560313
200.0665 1600560313
200.0661 1600560313
200.06619999999998 1600560313
200.1832 1600560313
200.06629999999998 1600560313
200.0663 1600560313
182.6036 1600560313
182.6036 1600560313
182.6036 1600560313
182.6036 1600560313
182.60379999999998 1600560313
182.6033 1600560313
182.60350000000003 1600560313
173.9407 1600560313
173.9409 1600560313
173.9409 1600560313
173.9407 1600560313
173.9408 1600560313
173.9409 1600560313
173.94099999999997 1600560313
176.6766 1600560313
176.67680000000001 1600560313
176.67680000000001 1600560313
176.6767 1600560313
176.6769 1600560313
176.6768 1600560313
176.6769 1600560313
174.7856 1600560313
174.78529999999998 1600560313
174.7856 1600560313
174.7857 1600560313
174.78539999999998 1600560313
174.78539999999998 1600560313
174.7855 1600560313
186.6502 1600560313
186.6502 1600560313
186.65030000000002 1600560313
186.6501 1600560313
186.6502 1600560313
186.6499 1600560313
186.6501 1600560313
178.4043 1600560313
178.4039 1600560313
178.4041 1600560313
178.40419999999997 1600560313
178.40429999999998 1600560313
178.4041 1600560313
178.404 1600560313
183.51309999999998 1600560313
183.5132 1600560313
183.5129 1600560313
183.5132 1600560313
183.5131 1600560313
183.513 1600560313
183.513 1600560313
200.25199999999998 1600560313
200.25209999999998 1600560313
200.00099999999998 1600560313
200.00109999999998 1600560313
200.001 1600560313
200.25199999999998 1600560313
200.18130000000002 1600560313
172.0063 1600560313
172.00629999999998 1600560313
172.00590000000003 1600560313
172.00609999999998 1600560313
172.00629999999998 1600560313
172.0061 1600560313
172.0062 1600560313
181.8662 1600560313
181.8663 1600560313
181.8662 1600560313
181.8661 1600560313
181.8661 1600560313
181.86579999999998 1600560313
181.8662 1600560313
178.9982 1600560313
178.99800000000002 1600560313
178.99820000000003 1600560313
178.99800000000002 1600560313
178.99820000000003 1600560313
178.99810000000002 1600560313
178.99790000000002 1600560313
175.2021 1600560313
175.2018 1600560313
175.202 1600560313
175.20190000000002 1600560313
175.2019 1600560313
175.202 1600560313
175.202 1600560313
175.9347 1600560313
175.9343 1600560313
175.9347 1600560313
175.9344 1600560313
175.9346 1600560313
175.9345 1600560313
175.9347 1600560313
188.6 1600560313
188.6003 1600560313
188.6001 1600560313
188.60029999999998 1600560313
188.60039999999998 1600560313
188.60039999999998 1600560313
188.6003 1600560313
190.08429999999998 1600560313
190.0844 1600560313
190.0842 1600560313
190.0845 1600560313
190.0841 1600560313
190.08440000000002 1600560313
190.0844 1600560313
197.1911 1600560313
197.1921 1600560313
197.12519999999998 1600560313
197.1252 1600560313
197.192 1600560313
197.192 1600560313
197.19189999999998 1600560313
174.7368 1600560313
174.7371 1600560313
174.7369 1600560313
174.7369 1600560313
174.7368 1600560313
174.7371 1600560313
174.7372 1600560313
172.8164 1600560313
172.8163 1600560313
172.8162 1600560313
172.8164 1600560313
172.81640000000002 1600560313
172.8161 1600560313
172.8161 1600560313
169.2867 1600560313
169.2867 1600560313
169.2865 1600560313
169.2863 1600560313
169.2866 1600560313
169.28660000000002 1600560313
169.2865 1600560313
180.9755 1600560313
180.9754 1600560313
180.9755 1600560313
180.97549999999998 1600560313
180.9752 1600560313
180.97500000000002 1600560313
180.9754 1600560313
115.5209 1600560313
115.5213 1600560313
115.5209 1600560313
115.5213 1600560313
115.521 1600560313
115.521 1600560313
115.5214 1600560313
169.6891 1600560313
169.6892 1600560313
169.6889 1600560313
169.6888 1600560313
169.689 1600560313
169.6889 1600560313
169.68910000000002 1600560313
171.9378 1600560313
171.9378 1600560313
171.9375 1600560313
171.9379 1600560313
171.938 1600560313
171.9377 1600560313
171.9378 1600560313
166.7604 1600560313
166.7601 1600560313
166.7599 1600560313
166.7603 1600560313
166.7598 1600560313
166.7602 1600560313
166.7603 1600560313
197.0564 1600560313
194.7142 1600560313
197.0555 1600560313
194.71429999999998 1600560313
194.71439999999998 1600560313
194.714 1600560313
194.7144 1600560313
172.4734 1600560313
172.4735 1600560313
172.4733 1600560313
172.47349999999997 1600560313
172.47310000000002 1600560313
172.4733 1600560313
172.4733 1600560313
173.99280000000002 1600560313
173.9931 1600560313
173.9931 1600560313
173.9929 1600560313
173.9929 1600560313
173.9931 1600560313
173.9928 1600560313
167.0658 1600560313
167.0659 1600560313
167.066 1600560313
167.066 1600560313
167.06570000000002 1600560313
167.0656 1600560313
167.0657 1600560313
171.4308 1600560313
171.4309 1600560313
171.43099999999998 1600560313
171.4306 1600560313
171.43099999999998 1600560313
171.4306 1600560313
171.4309 1600560313
172.3604 1600560313
172.3603 1600560313
172.36010000000002 1600560313
172.36 1600560313
172.36010000000002 1600560313
172.36020000000002 1600560313
172.3604 1600560313
171.6408 1600560313
171.6404 1600560313
171.64059999999998 1600560313
171.6407 1600560313
171.6406 1600560313
171.6405 1600560313
171.6403 1600560313
169.7408 1600560313
169.7403 1600560313
169.7405 1600560313
169.74069999999998 1600560313
169.7404 1600560313
169.7408 1600560313
169.7407 1600560313
198.5392 1600560313
199.9082 1600560313
199.9082 1600560313
199.9083 1600560313
199.90699999999998 1600560313
199.90800000000002 1600560313
199.9082 1600560313
166.6081 1600560313
166.6077 1600560313
166.60799999999998 1600560313
166.608 1600560313
166.608 1600560313
166.6079 1600560313
166.6079 1600560313
172.672 1600560313
172.67239999999998 1600560313
172.67239999999998 1600560313
172.6723 1600560313
172.6723 1600560313
172.672 1600560313
172.6719 1600560313
167.3578 1600560313
167.3579 1600560313
167.35750000000002 1600560313
167.3579 1600560313
167.35770000000002 1600560313
167.3577 1600560313
167.3577 1600560313
183.3638 1600560313
183.364 1600560313
183.3641 1600560313
183.36399999999998 1600560313
183.3641 1600560313
183.3641 1600560313
183.3641 1600560313
143.3392 1600560313
143.339 1600560313
143.3392 1600560313
143.3391 1600560313
143.33929999999998 1600560313
143.3389 1600560313
143.3393 1600560313
170.7684 1600560313
170.76829999999998 1600560313
170.76829999999998 1600560313
170.768 1600560313
170.76839999999999 1600560313
170.76819999999998 1600560313
170.7683 1600560313
181.97070000000002 1600560313
181.97080000000003 1600560313
181.9709 1600560313
181.971 1600560313
181.9708 1600560313
181.9709 1600560313
181.97109999999998 1600560313
200.0011 1600560313
200.001 1600560313
200.1236 1600560313
200.12359999999998 1600560313
200.1235 1600560313
200.1234 1600560313
200.1236 1600560313
172.425 1600560313
172.4253 1600560313
172.4252 1600560313
172.4254 1600560313
172.4253 1600560313
172.4254 1600560313
172.4252 1600560313
171.23000000000002 1600560313
171.2303 1600560313
171.2301 1600560313
171.2301 1600560313
171.2303 1600560313
171.2302 1600560313
171.2303 1600560313
168.2865 1600560313
168.2865 1600560313
168.2863 1600560313
168.2862 1600560313
168.2862 1600560313
168.2865 1600560313
168.2862 1600560313
174.4676 1600560313
174.4672 1600560313
174.4673 1600560313
174.4675 1600560313
174.4675 1600560313
174.4674 1600560313
174.4674 1600560313
191.4728 1600560313
191.4727 1600560313
191.4725 1600560313
191.4729 1600560313
191.4729 1600560313
191.4727 1600560313
191.4727 1600560313
168.05630000000002 1600560313
168.05579999999998 1600560313
168.0562 1600560313
168.0563 1600560313
168.0563 1600560313
168.05610000000001 1600560313
168.05610000000001 1600560313
177.5249 1600560313
177.5251 1600560313
177.5251 1600560313
177.5249 1600560313
177.5249 1600560313
177.5252 1600560313
177.5252 1600560313
198.5921 1600560313
196.9158 1600560313
198.5912 1600560313
198.5922 1600560313
196.91590000000002 1600560313
198.592 1600560313
196.91590000000002 1600560313
167.4683 1600560313
167.4682 1600560313
167.4686 1600560313
167.4683 1600560313
167.4684 1600560313
167.4684 1600560313
167.4684 1600560313
173.9385 1600560313
173.9383 1600560313
173.9386 1600560313
173.9386 1600560313
173.93849999999998 1600560313
173.9385 1600560313
173.9382 1600560313
170.1843 1600560313
170.18439999999998 1600560313
170.1842 1600560313
170.1838 1600560313
170.18429999999998 1600560313
170.18439999999998 1600560313
170.1843 1600560313
187.7978 1600560313
187.7976 1600560313
187.79780000000002 1600560313
187.79770000000002 1600560313
187.79739999999998 1600560313
187.7979 1600560313
187.79749999999999 1600560313
113.92360000000001 1600560313
113.9234 1600560313
113.9233 1600560313
113.9234 1600560313
113.9232 1600560313
113.92339999999999 1600560313
113.9234 1600560313
166.8308 1600560313
166.83110000000002 1600560313
166.83079999999998 1600560313
166.831 1600560313
166.8309 1600560313
166.831 1600560313
166.8307 1600560313
169.3881 1600560313
169.38799999999998 1600560313
169.3882 1600560313
169.3878 1600560313
169.388 1600560313
169.3882 1600560313
169.3881 1600560313
198.6585 1600560313
198.59459999999999 1600560313
198.59459999999999 1600560313
199.3761 1600560313
199.3761 1600560313
199.3761 1600560313
199.3761 1600560313
183.1429 1600560313
183.14309999999998 1600560313
183.143 1600560313
183.143 1600560313
183.1433 1600560313
183.143 1600560313
183.1432 1600560313
174.3612 1600560313
174.36110000000002 1600560313
174.3609 1600560313
174.36079999999998 1600560313
174.36110000000002 1600560313
174.3611 1600560313
174.361 1600560313
143.4434 1600560313
143.4432 1600560313
143.4434 1600560313
143.4434 1600560313
143.4432 1600560313
143.4434 1600560313
143.44330000000002 1600560313
172.1485 1600560313
172.1483 1600560313
172.14839999999998 1600560313
172.14849999999998 1600560313
172.1482 1600560313
172.1481 1600560313
172.1483 1600560313
170.34380000000002 1600560313
170.3435 1600560313
170.3438 1600560313
170.34359999999998 1600560313
170.3434 1600560313
170.34349999999998 1600560313
170.3435 1600560313
179.2707 1600560313
179.27100000000002 1600560313
179.2708 1600560313
179.2709 1600560313
179.27110000000002 1600560313
179.27069999999998 1600560313
179.2706 1600560313
176.53040000000001 1600560313
176.53040000000001 1600560313
176.53040000000001 1600560313
176.5304 1600560313
176.5301 1600560313
176.5302 1600560313
176.5306 1600560313
200.1173 1600560313
200.1165 1600560313
198.9178 1600560313
200.0675 1600560313
200.0674 1600560313
200.0676 1600560313
200.0675 1600560313
190.5377 1600560313
190.5379 1600560313
190.5379 1600560313
190.5376 1600560313
190.5379 1600560313
190.538 1600560313
190.5381 1600560313
181.7169 1600560313
181.71720000000002 1600560313
181.71710000000002 1600560313
181.7173 1600560313
181.717 1600560313
181.7173 1600560313
181.7172 1600560313
180.0667 1600560313
180.0668 1600560313
180.0667 1600560313
180.06689999999998 1600560313
180.0666 1600560313
180.0667 1600560313
180.06640000000002 1600560313
166.89000000000001 1600560313
166.8901 1600560313
166.89010000000002 1600560313
166.89030000000002 1600560313
166.8899 1600560313
166.89 1600560313
166.8902 1600560313
174.4147 1600560313
174.4146 1600560313
174.4147 1600560313
174.41449999999998 1600560313
174.4144 1600560313
174.4145 1600560313
174.4146 1600560313
174.98590000000002 1600560313
174.9862 1600560313
174.9858 1600560313
174.9863 1600560313
174.9858 1600560313
174.9861 1600560313
174.9862 1600560313
179.106 1600560313
179.10639999999998 1600560313
179.1063 1600560313
179.1062 1600560313
179.1062 1600560313
179.10629999999998 1600560313
179.1062 1600560313
194.2637 1600560313
194.2636 1600560313
194.2638 1600560313
194.2636 1600560313
194.2637 1600560313
196.75 1600560313
196.7488 1600560313
184.3274 1600560313
184.32760000000002 1600560313
184.32750000000001 1600560313
184.3275 1600560313
184.3274 1600560313
184.32729999999998 1600560313
184.3272 1600560313
185.7441 1600560313
185.7442 1600560313
185.74419999999998 1600560313
185.7441 1600560313
185.7438 1600560313
185.744 1600560313
185.7439 1600560313
183.9816 1600560313
183.98149999999998 1600560313
183.9813 1600560313
183.9814 1600560313
183.9815 1600560313
183.9816 1600560313
183.98170000000002 1600560313
186.9463 1600560313
186.9465 1600560313
186.9462 1600560313
186.94639999999998 1600560313
186.94629999999998 1600560313
186.9461 1600560313
186.94639999999998 1600560313
177.3351 1600560313
177.33509999999998 1600560313
177.335 1600560313
177.33520000000001 1600560313
177.3353 1600560313
177.3351 1600560313
177.3348 1600560313
143.9877 1600560313
143.9877 1600560313
143.9877 1600560313
143.98749999999998 1600560313
143.98749999999998 1600560313
143.9877 1600560313
143.98749999999998 1600560313
186.551 1600560313
186.5511 1600560313
186.55079999999998 1600560313
186.551 1600560313
186.55089999999998 1600560313
186.5512 1600560313
186.5511 1600560313
198.1773 1600560313
198.17770000000002 1600560313
198.1775 1600560313
198.17759999999998 1600560313
198.1777 1600560313
198.17749999999998 1600560313
198.1776 1600560313
177.85580000000002 1600560313
177.85569999999998 1600560313
177.8554 1600560313
177.8554 1600560313
177.8557 1600560313
177.85569999999998 1600560313
177.8557 1600560313
173.1917 1600560313
173.1917 1600560313
173.1915 1600560313
173.1918 1600560313
173.1917 1600560313
173.1917 1600560313
173.1916 1600560313
170.1223 1600560313
170.1223 1600560313
170.1226 1600560313
170.1224 1600560313
170.12249999999997 1600560313
170.1223 1600560313
170.1222 1600560313
183.8816 1600560313
183.88150000000002 1600560313
183.8814 1600560313
183.8818 1600560313
183.8818 1600560313
183.8817 1600560313
183.88170000000002 1600560313
178.0676 1600560313
178.0677 1600560313
178.06750000000002 1600560313
178.0672 1600560313
178.06740000000002 1600560313
178.0675 1600560313
178.06750000000002 1600560313
174.67170000000002 1600560313
174.6719 1600560313
174.67209999999997 1600560313
174.672 1600560313
174.67219999999998 1600560313
174.672 1600560313
174.672 1600560313
172.52100000000002 1600560313
172.5207 1600560313
172.52089999999998 1600560313
172.521 1600560313
172.52089999999998 1600560313
172.52100000000002 1600560313
172.5207 1600560313
170.9299 1600560313
170.93019999999999 1600560313
170.93 1600560313
170.9301 1600560313
170.9298 1600560313
170.92999999999998 1600560313
170.9299 1600560313
197.537 1600560313
197.5368 1600560313
195.3308 1600560313
197.537 1600560313
197.5368 1600560313
197.53699999999998 1600560313
195.3309 1600560313
174.5645 1600560313
174.5647 1600560313
174.56480000000002 1600560313
174.5648 1600560313
174.5645 1600560313
174.56459999999998 1600560313
174.56490000000002 1600560313
175.7345 1600560313
175.7345 1600560313
175.73430000000002 1600560313
175.7344 1600560313
175.7345 1600560313
175.73409999999998 1600560313
175.7345 1600560313
184.5025 1600560313
184.50230000000002 1600560313
184.50240000000002 1600560313
184.5022 1600560313
184.50220000000002 1600560313
184.5025 1600560313
184.5024 1600560313
171.3792 1600560313
171.3794 1600560313
171.37949999999998 1600560313
171.3793 1600560313
171.3793 1600560313
171.37949999999998 1600560313
171.3792 1600560313
184.165 1600560313
184.1648 1600560313
184.1649 1600560313
184.165 1600560313
184.16479999999999 1600560313
184.1647 1600560313
184.1649 1600560313
177.00230000000002 1600560313
177.0025 1600560313
177.0024 1600560313
177.0026 1600560313
177.0025 1600560313
177.0024 1600560313
177.0027 1600560313
143.4943 1600560313
143.4943 1600560313
143.4942 1600560313
143.49439999999998 1600560313
143.4944 1600560313
143.49419999999998 1600560313
143.4943 1600560313
191.9135 1600560313
191.9135 1600560313
191.9136 1600560313
191.9138 1600560313
191.913 1600560313
191.9137 1600560313
191.9137 1600560313
185.2826 1600560313
185.28289999999998 1600560313
185.2828 1600560313
185.2828 1600560313
185.2826 1600560313
185.2826 1600560313
185.2829 1600560313
171.87609999999998 1600560313
171.87619999999998 1600560313
171.8758 1600560313
171.8759 1600560313
171.87589999999997 1600560313
171.876 1600560313
171.87609999999998 1600560313
173.8064 1600560313
173.8063 1600560313
173.80610000000001 1600560313
173.8062 1600560313
173.806 1600560313
173.80620000000002 1600560313
173.806 1600560313
177.47650000000002 1600560313
177.4768 1600560313
177.4766 1600560313
177.4764 1600560313
177.4766 1600560313
177.47650000000002 1600560313
177.4765 1600560313
165.6027 1600560313
165.6026 1600560313
165.60229999999999 1600560313
165.6026 1600560313
165.6027 1600560313
165.6024 1600560313
165.6025 1600560313
171.699 1600560313
171.699 1600560313
171.6991 1600560313
171.69889999999998 1600560313
171.69910000000002 1600560313
171.6987 1600560313
171.699 1600560313
183.62890000000002 1600560313
183.629 1600560313
183.6286 1600560313
183.6288 1600560313
183.62869999999998 1600560313
183.6289 1600560313
183.6284 1600560313
199.9596 1600560313
199.37570000000002 1600560313
199.9598 1600560313
198.5917 1600560313
198.59130000000002 1600560313
199.9599 1600560313
199.9598 1600560313
169.8363 1600560313
169.8362 1600560313
169.83630000000002 1600560313
169.8362 1600560313
169.8358 1600560313
169.8363 1600560313
169.8358 1600560313
186.8946 1600560313
186.89419999999998 1600560313
186.8946 1600560313
186.89450000000002 1600560313
186.8947 1600560313
186.8944 1600560313
186.89430000000002 1600560313
168.4011 1600560313
168.401 1600560313
168.4005 1600560313
168.40099999999998 1600560313
168.4009 1600560313
168.4009 1600560313
168.401 1600560313
178.1775 1600560313
178.1774 1600560313
178.1772 1600560313
178.17759999999998 1600560313
178.17759999999998 1600560313
178.1773 1600560313
178.1775 1600560313
143.55200000000002 1600560313
143.55210000000002 1600560313
143.552 1600560313
143.55190000000002 1600560313
143.5521 1600560313
143.5521 1600560313
143.5523 1600560313
179.6756 1600560313
179.6757 1600560313
179.6754 1600560313
179.6753 1600560313
179.6755 1600560313
179.6756 1600560313
179.6754 1600560313
174.252 1600560313
174.2519 1600560313
174.25160000000002 1600560313
174.2517 1600560313
174.252 1600560313
174.2518 1600560313
174.2519 1600560313
196.7485 1600560313
196.74869999999999 1600560313
196.74859999999998 1600560313
196.7487 1600560313
196.74859999999998 1600560313
196.7481 1600560313
196.7486 1600560313
170.71480000000003 1600560313
170.7146 1600560313
170.71470000000002 1600560313
170.71460000000002 1600560313
170.71439999999998 1600560313
170.7147 1600560313
170.71439999999998 1600560313
168.3342 1600560313
168.3343 1600560313
168.3344 1600560313
168.3341 1600560313
168.3341 1600560313
168.3344 1600560313
168.33409999999998 1600560313
142.06150000000002 1600560313
142.0616 1600560313
142.0616 1600560313
142.06140000000002 1600560313
142.0613 1600560313
142.0617 1600560313
142.0615 1600560313
191.2538 1600560313
191.2538 1600560313
191.2535 1600560313
191.2538 1600560313
191.2538 1600560313
191.2533 1600560313
191.2537 1600560313
175.3189 1600560313
175.3189 1600560313
175.31910000000002 1600560313
175.3191 1600560313
175.3187 1600560313
175.3188 1600560313
175.3187 1600560313
171.1803 1600560313
171.1805 1600560313
171.1804 1600560313
171.1801 1600560313
171.18040000000002 1600560313
171.1803 1600560313
171.1802 1600560313
182.5388 1600560313
182.53910000000002 1600560313
182.5388 1600560313
182.53900000000002 1600560313
182.5386 1600560313
182.5389 1600560313
182.5389 1600560313
199.0221 1600560313
199.02370000000002 1600560313
199.02450000000002 1600560313
199.0221 1600560313
199.6844 1600560313
199.6844 1600560313
199.6842 1600560313
170.4017 1600560313
170.4022 1600560313
170.40220000000002 1600560313
170.4021 1600560313
170.40210000000002 1600560313
170.40189999999998 1600560313
170.4023 1600560313
142.8403 1600560313
142.8403 1600560313
142.8398 1600560313
142.8402 1600560313
142.8399 1600560313
142.84040000000002 1600560313
142.84029999999998 1600560313
166.9493 1600560313
166.94910000000002 1600560313
166.9493 1600560313
166.94910000000002 1600560313
166.9488 1600560313
166.9488 1600560313
166.9493 1600560313
182.7434 1600560313
182.7435 1600560313
182.7433 1600560313
182.7434 1600560313
182.74360000000001 1600560313
182.74360000000001 1600560313
182.7435 1600560313
167.0152 1600560313
167.0154 1600560313
167.0154 1600560313
167.0154 1600560313
167.0152 1600560313
167.0151 1600560313
167.01500000000001 1600560313
183.2627 1600560313
183.2631 1600560313
183.26319999999998 1600560313
183.2628 1600560313
183.263 1600560313
183.2629 1600560313
183.2629 1600560313
171.58280000000002 1600560313
171.5826 1600560313
171.58249999999998 1600560313
171.5829 1600560313
171.5827 1600560313
171.58239999999998 1600560313
171.5829 1600560313
194.6622 1600560313
194.6621 1600560313
194.6622 1600560313
194.6622 1600560313
194.661 1600560313
194.66209999999998 1600560313
194.6624 1600560313
170.59910000000002 1600560313
170.5994 1600560313
170.5995 1600560313
170.5994 1600560313
170.5995 1600560313
170.59949999999998 1600560313
170.5994 1600560313
181.0249 1600560313
181.0247 1600560313
181.0248 1600560313
181.02499999999998 1600560313
181.02460000000002 1600560313
181.02499999999998 1600560313
181.0248 1600560313
176.6274 1600560313
176.62730000000002 1600560313
176.62699999999998 1600560313
176.6274 1600560313
176.6273 1600560313
176.62730000000002 1600560313
176.62720000000002 1600560313
186.0436 1600560313
186.0437 1600560313
186.0437 1600560313
186.0435 1600560313
186.0437 1600560313
186.04350000000002 1600560313
186.0439 1600560313
175.262 1600560313
175.2618 1600560313
175.2619 1600560313
175.2619 1600560313
175.26209999999998 1600560313
175.2619 1600560313
175.2619 1600560313
177.2891 1600560313
177.28900000000002 1600560313
177.2891 1600560313
177.28879999999998 1600560313
177.28900000000002 1600560313
177.28910000000002 1600560313
177.28900000000002 1600560313
184.6467 1600560313
184.6464 1600560313
184.64659999999998 1600560313
184.6466 1600560313
184.6466 1600560313
184.6467 1600560313
184.6465 1600560313
195.13160000000002 1600560313
195.1314 1600560313
195.1315 1600560313
195.1315 1600560313
195.1313 1600560313
197.4885 1600560313
197.4882 1600560313
182.48839999999998 1600560313
182.48829999999998 1600560313
182.4884 1600560313
182.48839999999998 1600560313
182.4882 1600560313
182.48839999999998 1600560313
182.4881 1600560313
172.7442 1600560313
172.74439999999998 1600560313
172.74439999999998 1600560313
172.7443 1600560313
172.74450000000002 1600560313
172.74429999999998 1600560313
172.7443 1600560313
170.2981 1600560313
170.2979 1600560313
170.298 1600560313
170.2981 1600560313
170.29819999999998 1600560313
170.29829999999998 1600560313
170.2983 1600560313
178.34210000000002 1600560313
178.34210000000002 1600560313
178.3419 1600560313
178.34189999999998 1600560313
178.342 1600560313
178.3423 1600560313
178.342 1600560313
172.2543 1600560313
172.2544 1600560313
172.2544 1600560313
172.2541 1600560313
172.2538 1600560313
172.25449999999998 1600560313
172.2545 1600560313
170.5483 1600560313
170.54829999999998 1600560313
170.54819999999998 1600560313
170.5481 1600560313
170.548 1600560313
170.5483 1600560313
170.5481 1600560313
142.0449 1600560313
142.04479999999998 1600560313
142.04489999999998 1600560313
142.04479999999998 1600560313
142.04440000000002 1600560313
142.04479999999998 1600560313
142.0448 1600560313
197.24530000000001 1600560313
197.2448 1600560313
197.2452 1600560313
197.2451 1600560313
197.24509999999998 1600560313
197.245 1600560313
197.2452 1600560313
175.9852 1600560313
175.98499999999999 1600560313
175.98510000000002 1600560313
175.9851 1600560313
175.9852 1600560313
175.98489999999998 1600560313
175.9851 1600560313
184.56820000000002 1600560313
184.56810000000002 1600560313
184.5682 1600560313
184.5677 1600560313
184.5679 1600560313
184.56810000000002 1600560313
184.5682 1600560313
180.2563 1600560313
180.2567 1600560313
180.2567 1600560313
180.2565 1600560313
180.2566 1600560313
180.2566 1600560313
180.2565 1600560313
172.1002 1600560313
172.1002 1600560313
172.1003 1600560313
172.1001 1600560313
172.1004 1600560313
172.1002 1600560313
172.1004 1600560313
179.78140000000002 1600560313
179.7818 1600560313
179.7815 1600560313
179.78169999999997 1600560313
179.7816 1600560313
179.78169999999997 1600560313
179.7816 1600560313
166.8322 1600560313
166.8322 1600560313
166.8325 1600560313
166.83249999999998 1600560313
166.8324 1600560313
166.8323 1600560313
166.8319 1600560313
142.1729 1600560313
142.1729 1600560313
142.1728 1600560313
142.173 1600560313
142.1728 1600560313
142.1728 1600560313
142.1727 1600560313
173.0862 1600560313
173.0865 1600560313
173.0863 1600560313
173.0861 1600560313
173.0863 1600560313
173.0863 1600560313
173.0865 1600560313
198.71179999999998 1600560313
197.4863 1600560313
197.4863 1600560313
197.48620000000003 1600560313
198.64579999999998 1600560313
198.646 1600560313
198.64600000000002 1600560313
169.0532 1600560313
169.0531 1600560313
169.05319999999998 1600560313
169.0526 1600560313
169.053 1600560313
169.053 1600560313
169.0531 1600560313
172.05100000000002 1600560313
172.05120000000002 1600560313
172.0511 1600560313
172.0512 1600560313
172.05120000000002 1600560313
172.05079999999998 1600560313
172.0508 1600560313
173.4782 1600560313
173.47809999999998 1600560313
173.47789999999998 1600560313
173.4781 1600560313
173.4782 1600560313
173.4782 1600560313
173.47840000000002 1600560313
179.0499 1600560313
179.0496 1600560313
179.0499 1600560313
179.0498 1600560313
179.0495 1600560313
179.04989999999998 1600560313
179.0497 1600560313
167.8 1600560313
167.80020000000002 1600560313
167.80040000000002 1600560313
167.80020000000002 1600560313
167.8004 1600560313
167.8004 1600560313
167.8002 1600560313
169.112 1600560313
169.1121 1600560313
169.112 1600560313
169.1119 1600560313
169.11159999999998 1600560313
169.11219999999997 1600560313
169.1119 1600560313
170.8648 1600560313
170.8647 1600560313
170.86460000000002 1600560313
170.86440000000002 1600560313
170.8647 1600560313
170.8648 1600560313
170.8649 1600560313
200.0692 1600560313
200.0693 1600560313
200.0693 1600560313
200.0695 1600560313
200.0697 1600560313
200.06969999999998 1600560313
200.0696 1600560313
177.5708 1600560313
177.5707 1600560313
177.571 1600560313
177.5711 1600560313
177.5709 1600560313
177.5711 1600560313
177.5709 1600560313
177.0466 1600560313
177.04690000000002 1600560313
177.04670000000002 1600560313
177.047 1600560313
177.0471 1600560313
177.0466 1600560313
177.047 1600560313
176.73090000000002 1600560313
176.73090000000002 1600560313
176.7307 1600560313
176.7308 1600560313
176.73049999999998 1600560313
176.7309 1600560313
176.7307 1600560313
169.4983 1600560313
169.4979 1600560313
169.4979 1600560313
169.4982 1600560313
169.4981 1600560313
169.4981 1600560313
169.4981 1600560313
140.8623 1600560313
140.86239999999998 1600560313
140.8628 1600560313
140.8626 1600560313
140.8627 1600560313
140.86270000000002 1600560313
140.86280000000002 1600560313
170.6585 1600560313
170.6586 1600560313
170.65910000000002 1600560313
170.65869999999998 1600560313
170.659 1600560313
170.65879999999999 1600560313
170.6591 1600560313
182.661 1600560313
182.661 1600560313
182.66070000000002 1600560313
182.6609 1600560313
182.661 1600560313
182.6609 1600560313
182.6608 1600560313
200.1293 1600560313
200.1285 1600560313
200.1293 1600560313
200.0006 1600560313
200.0006 1600560313
200.0006 1600560313
200.0006 1600560313
169.9402 1600560313
169.94 1600560313
169.94 1600560313
169.94 1600560313
169.9401 1600560313
169.9397 1600560313
169.9402 1600560313
178.80960000000002 1600560313
178.8092 1600560313
178.80970000000002 1600560313
178.80960000000002 1600560313
178.80939999999998 1600560313
178.8095 1600560313
178.80970000000002 1600560313
167.41770000000002 1600560313
167.4178 1600560313
167.4179 1600560313
167.4178 1600560313
167.4177 1600560313
167.4179 1600560313
167.4176 1600560313
182.2926 1600560313
182.2927 1600560313
182.293 1600560313
182.2927 1600560313
182.293 1600560313
182.29289999999997 1600560313
182.293 1600560313
180.0037 1600560313
180.00359999999998 1600560313
180.0035 1600560313
180.0034 1600560313
180.0036 1600560313
180.0035 1600560313
180.0034 1600560313
112.7093 1600560313
112.70939999999999 1600560313
112.7097 1600560313
112.7093 1600560313
112.70939999999999 1600560313
112.70939999999999 1600560313
112.70960000000001 1600560313
168.1135 1600560313
168.1133 1600560313
168.1135 1600560313
168.1136 1600560313
168.1134 1600560313
168.1134 1600560313
168.11350000000002 1600560313
199.2174 1600560313
199.21720000000002 1600560313
199.21509999999998 1600560313
200.2518 1600560313
199.2171 1600560313
199.2154 1600560313
199.2172 1600560313
168.6632 1600560313
168.66379999999998 1600560313
168.6635 1600560313
168.6635 1600560313
168.6636 1600560313
168.6634 1600560313
168.6637 1600560313
180.18499999999997 1600560313
180.1848 1600560313
180.185 1600560313
180.18480000000002 1600560313
180.185 1600560313
180.1847 1600560313
180.1849 1600560313
179.1554 1600560313
179.1553 1600560313
179.1555 1600560313
179.1554 1600560313
179.15550000000002 1600560313
179.1554 1600560313
179.1551 1600560313
185.4768 1600560313
185.4768 1600560313
185.4769 1600560313
185.47650000000002 1600560313
185.4765 1600560313
185.4767 1600560313
185.4767 1600560313
172.59040000000002 1600560313
172.59 1600560313
172.5898 1600560313
172.59 1600560313
172.59 1600560313
172.5902 1600560313
172.59040000000002 1600560313
175.0377 1600560313
175.0373 1600560313
175.0376 1600560313
175.0375 1600560313
175.0377 1600560313
175.0375 1600560313
175.03740000000002 1600560313
185.97140000000002 1600560313
185.9712 1600560313
185.9713 1600560313
185.9713 1600560313
185.9715 1600560313
185.97140000000002 1600560313
185.9711 1600560313
199.2887 1600560313
199.2887 1600560313
199.28859999999997 1600560313
199.2885 1600560313
199.2892 1600560313
198.58880000000002 1600560313
199.2885 1600560313
171.4779 1600560313
171.47789999999998 1600560313
171.4778 1600560313
171.478 1600560313
171.47760000000002 1600560313
171.4781 1600560313
171.4779 1600560313
184.8982 1600560313
184.89839999999998 1600560313
184.8983 1600560313
184.8984 1600560313
184.89829999999998 1600560313
184.8982 1600560313
184.898 1600560313
176.81990000000002 1600560313
176.8199 1600560313
176.8198 1600560313
176.81990000000002 1600560313
176.8199 1600560313
176.82000000000002 1600560313
176.81980000000001 1600560313
173.1914 1600560313
173.1912 1600560313
173.1914 1600560313
173.1912 1600560313
173.1913 1600560313
173.1914 1600560313
173.1915 1600560313
142.3269 1600560313
142.3268 1600560313
142.3269 1600560313
142.327 1600560313
142.3271 1600560313
142.3268 1600560313
142.3268 1600560313
173.392 1600560313
173.39190000000002 1600560313
173.3919 1600560313
173.3921 1600560313
173.392 1600560313
173.39180000000002 1600560313
173.392 1600560313
166.8889 1600560313
166.88930000000002 1600560313
166.8891 1600560313
166.8894 1600560313
166.88899999999998 1600560313
166.8893 1600560313
166.8891 1600560313
199.4777 1600560313
199.4776 1600560313
199.4776 1600560313
199.4774 1600560313
199.4777 1600560313
199.5243 1600560313
199.4776 1600560313
166.52800000000002 1600560313
166.5282 1600560313
166.5283 1600560313
166.5282 1600560313
166.5279 1600560313
166.5283 1600560313
166.5282 1600560313
178.29010000000002 1600560313
178.29029999999997 1600560313
178.2905 1600560313
178.29039999999998 1600560313
178.2903 1600560313
178.2903 1600560313
178.2904 1600560313
141.8306 1600560313
141.8305 1600560313
141.83079999999998 1600560313
141.8308 1600560313
141.83069999999998 1600560313
141.8303 1600560313
141.8307 1600560313
175.683 1600560313
175.68290000000002 1600560313
175.68280000000001 1600560313
175.683 1600560313
175.6827 1600560313
175.683 1600560313
175.68269999999998 1600560313
173.7609 1600560313
173.761 1600560313
173.761 1600560313
173.7612 1600560313
173.7611 1600560313
173.7612 1600560313
173.7608 1600560313
183.5841 1600560313
183.58380000000002 1600560313
183.584 1600560313
183.5839 1600560313
183.584 1600560313
183.5838 1600560313
183.5839 1600560313
179.4456 1600560313
179.44559999999998 1600560313
179.4458 1600560313
179.4458 1600560313
179.446 1600560313
179.4459 1600560313
179.4456 1600560313
198.0798 1600560313
198.07999999999998 1600560313
198.0799 1600560313
198.0798 1600560313
198.07999999999998 1600560313
199.684 1600560313
199.0215 1600560313
178.0169 1600560313
178.0168 1600560313
178.0169 1600560313
178.0168 1600560313
178.0169 1600560313
178.01659999999998 1600560313
178.0172 1600560313
166.19219999999999 1600560313
166.19199999999998 1600560313
166.19219999999999 1600560313
166.19219999999999 1600560313
166.1921 1600560313
166.19209999999998 1600560313
166.1921 1600560313
188.0053 1600560313
188.0052 1600560313
188.0052 1600560313
188.0054 1600560313
188.0053 1600560313
188.00549999999998 1600560313
188.0055 1600560313
191.0341 1600560313
191.0341 1600560313
191.034 1600560313
191.0339 1600560313
191.0342 1600560313
191.0342 1600560313
191.0339 1600560313
188.8543 1600560313
188.8543 1600560313
188.85399999999998 1600560313
188.8544 1600560313
188.8542 1600560313
188.8543 1600560313
188.8542 1600560313
187.6832 1600560313
187.6834 1600560313
187.6833 1600560313
187.6833 1600560313
187.6833 1600560313
187.6832 1600560313
187.6834 1600560313
183.728 1600560313
183.72820000000002 1600560313
183.7278 1600560313
183.7279 1600560313
183.72799999999998 1600560313
183.7281 1600560313
183.728 1600560313
198.32899999999998 1600560313
198.3835 1600560313
198.329 1600560313
198.3289 1600560313
198.3835 1600560313
198.3835 1600560313
198.3288 1600560313
181.2611 1600560313
181.2614 1600560313
181.2611 1600560313
181.2611 1600560313
181.26129999999998 1600560313
181.261 1600560313
181.2613 1600560313
182.2329 1600560313
182.2329 1600560313
182.233 1600560313
182.233 1600560313
182.2328 1600560313
182.2331 1600560313
182.2329 1600560313
183.41160000000002 1600560313
183.4118 1600560313
183.41209999999998 1600560313
183.41209999999998 1600560313
183.412 1600560313
183.41199999999998 1600560313
183.4119 1600560313
181.32920000000001 1600560313
181.32920000000001 1600560313
181.32920000000001 1600560313
181.32909999999998 1600560313
181.3293 1600560313
181.329 1600560313
181.3291 1600560313
170.6617 1600560313
170.6617 1600560313
170.6616 1600560313
170.6618 1600560313
170.6616 1600560313
170.6612 1600560313
170.6617 1600560313
182.96210000000002 1600560313
182.9624 1600560313
182.96259999999998 1600560313
182.9625 1600560313
182.9624 1600560313
182.9626 1600560313
182.9623 1600560313
177.9404 1600560313
177.9404 1600560313
177.9402 1600560313
177.9403 1600560313
177.9405 1600560313
177.94050000000001 1600560313
177.94050000000001 1600560313
175.5011 1600560313
175.5014 1600560313
175.50140000000002 1600560313
175.50099999999998 1600560313
175.50140000000002 1600560313
175.50130000000001 1600560313
175.5012 1600560313
198.52700000000002 1600560313
196.54389999999998 1600560313
198.46380000000002 1600560313
198.4637 1600560313
198.46370000000002 1600560313
198.46380000000002 1600560313
198.4637 1600560313
172.3012 1600560313
172.30089999999998 1600560313
172.3009 1600560313
172.301 1600560313
172.30100000000002 1600560313
172.30100000000002 1600560313
172.3011 1600560313
187.4966 1600560313
187.49620000000002 1600560313
187.4964 1600560313
187.4966 1600560313
187.4963 1600560313
187.4965 1600560313
187.4964 1600560313
184.0455 1600560313
184.0454 1600560313
184.0456 1600560313
184.0457 1600560313
184.0456 1600560313
184.0455 1600560313
184.0456 1600560313
186.4445 1600560313
186.44449999999998 1600560313
186.4447 1600560313
186.44480000000001 1600560313
186.4446 1600560313
186.4447 1600560313
186.4444 1600560313
169.6896 1600560313
169.6896 1600560313
169.68939999999998 1600560313
169.6895 1600560313
169.68970000000002 1600560313
169.6895 1600560313
169.6895 1600560313
171.79600000000002 1600560313
171.7962 1600560313
171.79600000000002 1600560313
171.79590000000002 1600560313
171.79600000000002 1600560313
171.7962 1600560313
171.7962 1600560313
190.2699 1600560313
190.2702 1600560313
190.2701 1600560313
190.2702 1600560313
190.2703 1600560313
190.27009999999999 1600560313
190.27009999999999 1600560313
198.64579999999998 1600560313
198.64589999999998 1600560313
198.64589999999998 1600560313
198.64569999999998 1600560313
198.646 1600560313
198.64579999999998 1600560313
198.6459 1600560313
176.4153 1600560313
176.4152 1600560313
176.4151 1600560313
176.4155 1600560313
176.4155 1600560313
176.4155 1600560313
176.4154 1600560313
175.1522 1600560313
175.15220000000002 1600560313
175.15169999999998 1600560313
175.1521 1600560313
175.1521 1600560313
175.15189999999998 1600560313
175.15230000000003 1600560313
180.5036 1600560313
180.5036 1600560313
180.5034 1600560313
180.50300000000001 1600560313
180.5034 1600560313
180.50349999999997 1600560313
180.5033 1600560313
186.32399999999998 1600560313
186.32410000000002 1600560313
186.3243 1600560313
186.3243 1600560313
186.3239 1600560313
186.32430000000002 1600560313
186.3243 1600560313
170.2461 1600560313
170.2459 1600560313
170.24579999999997 1600560313
170.24609999999998 1600560313
170.2459 1600560313
170.24599999999998 1600560313
170.246 1600560313
177.7558 1600560313
177.75570000000002 1600560313
177.7559 1600560313
177.7556 1600560313
177.7559 1600560313
177.7559 1600560313
177.7558 1600560313
176.8666 1600560313
176.8667 1600560313
176.86620000000002 1600560313
176.8664 1600560313
176.8666 1600560313
176.86659999999998 1600560313
176.8664 1600560313
199.68529999999998 1600560313
199.685 1600560313
200.18 1600560313
199.6847 1600560313
200.1795 1600560313
199.6847 1600560313
199.68470000000002 1600560313
175.5667 1600560313
175.5663 1600560313
175.5668 1600560313
175.5664 1600560313
175.56660000000002 1600560313
175.56640000000002 1600560313
175.5667 1600560313
172.97670000000002 1600560313
172.9766 1600560313
172.9767 1600560313
172.9769 1600560313
172.977 1600560313
172.9769 1600560313
172.977 1600560313
178.8614 1600560313
178.861 1600560313
178.8614 1600560313
178.8613 1600560313
178.8612 1600560313
178.8611 1600560313
178.8612 1600560313
141.2362 1600560313
141.23610000000002 1600560313
141.23600000000002 1600560313
141.23600000000002 1600560313
141.2361 1600560313
141.2362 1600560313
141.2362 1600560313
176.2573 1600560313
176.257 1600560313
176.25730000000001 1600560313
176.25699999999998 1600560313
176.2572 1600560313
176.2572 1600560313
176.257 1600560313
169.54709999999997 1600560313
169.5472 1600560313
169.5471 1600560313
169.5467 1600560313
169.54709999999997 1600560313
169.5469 1600560313
169.5472 1600560313
193.79270000000002 1600560313
193.79260000000002 1600560313
193.7928 1600560313
193.7927 1600560313
193.79270000000002 1600560313
193.7928 1600560313
193.7928 1600560313
198.59609999999998 1600560313
199.42690000000002 1600560313
199.4296 1600560313
198.596 1600560313
199.4288 1600560313
199.42690000000002 1600560313
197.12470000000002 1600560313
170.01289999999997 1600560313
170.0129 1600560313
170.013 1600560313
170.01299999999998 1600560313
170.0129 1600560313
170.0128 1600560313
170.0131 1600560313
171.06990000000002 1600560313
171.0698 1600560313
171.0695 1600560313
171.0696 1600560313
171.06980000000001 1600560313
171.06949999999998 1600560313
171.06980000000001 1600560313
181.1357 1600560313
181.1357 1600560313
181.1357 1600560313
181.13549999999998 1600560313
181.13590000000002 1600560313
181.1355 1600560313
181.1355 1600560313
166.6585 1600560313
166.6583 1600560313
166.65810000000002 1600560313
166.6586 1600560313
166.6584 1600560313
166.6584 1600560313
166.6586 1600560313
176.0484 1600560313
176.0487 1600560313
176.0486 1600560313
176.04840000000002 1600560313
176.04840000000002 1600560313
176.04850000000002 1600560313
176.0486 1600560313
168.5351 1600560313
168.53549999999998 1600560313
168.53549999999998 1600560313
168.5357 1600560313
168.5355 1600560313
168.5357 1600560313
168.53560000000002 1600560313
141.8835 1600560313
141.8832 1600560313
141.8835 1600560313
141.88320000000002 1600560313
141.883 1600560313
141.8835 1600560313
141.8834 1600560313
199.47719999999998 1600560313
199.4772 1600560313
199.47719999999998 1600560313
199.47740000000002 1600560313
199.4773 1600560313
198.6454 1600560313
198.6454 1600560313
144.4485 1600560313
144.4486 1600560313
144.4485 1600560313
144.4488 1600560313
144.4487 1600560313
144.4488 1600560313
144.4486 1600560313
179.2186 1600560313
179.2185 1600560313
179.2187 1600560313
179.2187 1600560313
179.2187 1600560313
179.2186 1600560313
179.2184 1600560313
174.8714 1600560313
174.8715 1600560313
174.87169999999998 1600560313
174.8714 1600560313
174.8716 1600560313
174.8716 1600560313
174.8715 1600560313
184.9969 1600560313
184.9965 1600560313
184.99689999999998 1600560313
184.9967 1600560313
184.9968 1600560313
184.99689999999998 1600560313
184.9966 1600560313
171.2782 1600560313
171.278 1600560313
171.2784 1600560313
171.278 1600560313
171.27829999999997 1600560313
171.27839999999998 1600560313
171.27829999999997 1600560313
177.80749999999998 1600560313
177.8072 1600560313
177.80730000000003 1600560313
177.80759999999998 1600560313
177.8075 1600560313
177.8075 1600560313
177.80759999999998 1600560313
177.1191 1600560313
177.1191 1600560313
177.11909999999997 1600560313
177.119 1600560313
177.1188 1600560313
177.1189 1600560313
177.119 1600560313
200.07 1600560313
200.06980000000001 1600560313
200.0698 1600560313
200.0698 1600560313
200.06990000000002 1600560313
200.06990000000002 1600560313
200.0696 1600560313
179.3741 1600560313
179.37449999999998 1600560313
179.37419999999997 1600560313
179.37439999999998 1600560313
179.3743 1600560313
179.3744 1600560313
179.3743 1600560313
189.4114 1600560313
189.4116 1600560313
189.41119999999998 1600560313
189.4114 1600560313
189.4115 1600560313
189.4112 1600560313
189.41129999999998 1600560313
188.5463 1600560313
188.5462 1600560313
188.5462 1600560313
188.5462 1600560313
188.54610000000002 1600560313
188.54590000000002 1600560313
188.5461 1600560313
190.3666 1600560313
190.3664 1600560313
190.36630000000002 1600560313
190.3665 1600560313
190.3667 1600560313
190.36640000000003 1600560313
190.3666 1600560313
183.00799999999998 1600560313
183.00799999999998 1600560313
183.00779999999997 1600560313
183.00809999999998 1600560313
183.00789999999998 1600560313
183.00789999999998 1600560313
183.0077 1600560313
191.145 1600560313
191.1449 1600560313
191.1451 1600560313
191.145 1600560313
191.14520000000002 1600560313
191.1447 1600560313
191.1449 1600560313
166.4606 1600560313
166.4604 1600560313
166.46020000000001 1600560313
166.4604 1600560313
166.4602 1600560313
166.4604 1600560313
166.4604 1600560313
198.0312 1600560313
199.6358 1600560313
198.0311 1600560313
199.6359 1600560313
198.0312 1600560313
198.0311 1600560313
199.63569999999999 1600560313
184.9485 1600560313
184.9486 1600560313
184.9487 1600560313
184.9484 1600560313
184.9487 1600560313
184.9488 1600560313
184.9487 1600560313
182.4382 1600560313
182.43800000000002 1600560313
182.4382 1600560313
182.438 1600560313
182.438 1600560313
182.4378 1600560313
182.4383 1600560313
143.5526 1600560313
143.55270000000002 1600560313
143.5525 1600560313
143.5525 1600560313
143.5525 1600560313
143.5524 1600560313
143.5526 1600560313
183.7758 1600560313
183.7758 1600560313
183.7759 1600560313
183.7757 1600560313
183.7756 1600560313
183.7759 1600560313
183.7758 1600560313
188.44570000000002 1600560313
188.44570000000002 1600560313
188.44580000000002 1600560313
188.44590000000002 1600560313
188.44570000000002 1600560313
188.4455 1600560313
188.4458 1600560313
179.911 1600560313
179.91140000000001 1600560313
179.9112 1600560313
179.9113 1600560313
179.9111 1600560313
179.9112 1600560313
179.9111 1600560313
182.3396 1600560313
182.3396 1600560313
182.3395 1600560313
182.3397 1600560313
182.33970000000002 1600560313
182.33970000000002 1600560313
182.3394 1600560313
197.3108 1600560313
197.3108 1600560313
197.3106 1600560313
197.3106 1600560313
197.3106 1600560313
197.3106 1600560313
197.3109 1600560313
