0.6101 1600635987
0.6101000000000001 1600635987
0.6698999999999999 1600635987
0.6700999999999999 1600635987
0.6698000000000001 1600635987
0.6696 1600635987
0.6696 1600635987
0.6698 1600635987
0.6695 1600635987
0.6691 1600635987
0.6695 1600635987
0.7301 1600635987
0.6699999999999999 1600635987
0.6695 1600635987
0.6696 1600635987
0.7302 1600635987
0.6698 1600635987
0.6694 1600635987
0.6694 1600635987
0.6695 1600635987
0.6695 1600635987
0.6697 1600635987
0.6698 1600635987
0.6696 1600635987
0.6694 1600635987
0.6695 1600635987
0.6694 1600635987
0.6697 1600635987
0.6694 1600635987
0.6696 1600635987
0.6694 1600635987
0.6696 1600635987
0.7303 1600635987
0.6696 1600635987
0.6702 1600635987
0.6698999999999999 1600635987
0.8237000000000001 1600635987
0.6625000000000001 1600635987
0.6100000000000001 1600635987
0.6698999999999999 1600635987
0.6698000000000001 1600635987
0.6099000000000001 1600635987
0.6693 1600635987
0.6693 1600635987
0.6695 1600635987
0.6701999999999999 1600635987
0.6697 1600635987
0.6695 1600635987
0.6693 1600635987
0.7497 1600635987
0.7497 1600635987
0.7498 1600635987
0.7496 1600635987
0.6698 1600635987
0.6697 1600635987
0.5136 1600635987
0.5276 1600635987
0.8343 1600635987
0.8345 1600635987
0.8344 1600635987
0.8344 1600635987
0.5275 1600635987
0.5272 1600635987
1.0267 1600635987
1.0266 1600635987
1.0267 1600635987
0.5278999999999999 1600635987
0.5274 1600635987
1.0343 1600635987
0.5275 1600635987
0.9492 1600635987
1.0344 1600635987
0.931 1600635987
0.9312 1600635987
1.0004 1600635987
0.9311 1600635987
1.0343 1600635987
1.0267 1600635987
0.9312 1600635987
1.0034 1600635987
0.5273 1600635987
0.596 1600635987
0.5274 1600635987
0.8345 1600635987
0.8345 1600635987
0.8344 1600635987
1.0033 1600635987
0.5276 1600635987
0.5275 1600635987
0.5275 1600635987
0.5277 1600635987
0.5274 1600635987
1.0345 1600635987
0.5276 1600635987
0.5273 1600635987
0.5136 1600635987
1.0097 1600635987
1.0266 1600635987
0.5274 1600635987
0.5272 1600635987
1.0266 1600635987
1.0342 1600635987
0.5276 1600635987
0.5275 1600635987
0.9311 1600635987
1.0266 1600635987
0.9314 1600635987
0.9313 1600635987
0.9312 1600635987
0.9312 1600635987
1.0099 1600635987
1.0345 1600635987
1.0265 1600635987
0.9312 1600635987
0.9312 1600635987
1.0265 1600635987
0.5276 1600635987
0.5275 1600635987
0.6126 1600635987
0.5274 1600635987
0.6128 1600635987
0.5274 1600635987
0.5276 1600635987
0.5273 1600635987
1.0344 1600635987
0.5275 1600635987
0.6356 1600635987
0.7492 1600635987
0.6954 1600635987
0.6102 1600635987
0.9388000000000001 1600635987
0.6911 1600635987
0.9385000000000001 1600635987
1.018 1600635987
0.35929999999999995 1600635987
0.7084 1600635987
0.6955 1600635987
0.6908 1600635987
0.7925 1600635987
0.9387000000000001 1600635987
1.0313 1600635987
0.9387000000000001 1600635987
0.398 1600635987
0.7835 1600635987
0.9388000000000001 1600635987
0.9387000000000001 1600635987
0.9386000000000001 1600635987
0.6906 1600635987
0.7927 1600635987
0.7383 1600635987
1.0181 1600635987
1.0179 1600635987
1.0413 1600635987
1.0413 1600635987
0.7927 1600635987
0.6592 1600635987
0.7925 1600635987
0.7383 1600635987
1.0414 1600635987
0.39780000000000004 1600635987
0.5581 1600635987
0.5581 1600635987
0.7925 1600635987
0.4467 1600635987
1.0408 1600635987
1.0411 1600635987
0.6394 1600635987
0.7926 1600635987
1.0412 1600635987
1.0414 1600635987
0.639 1600635987
0.7252 1600635987
0.7927 1600635987
1.0181 1600635987
1.0315 1600635987
1.0316 1600635987
1.0179 1600635987
1.018 1600635987
0.7383 1600635987
0.7928 1600635987
0.6388 1600635987
0.6392 1600635987
0.6392 1600635987
0.6393 1600635987
0.8363 1600635987
0.7383 1600635987
0.9389000000000001 1600635987
1.0408 1600635987
0.9389000000000001 1600635987
0.9388000000000001 1600635987
0.9388000000000001 1600635987
1.0315 1600635987
0.7252 1600635987
0.6391 1600635987
0.7257 1600635987
0.7925 1600635987
0.7381 1600635987
0.7926 1600635987
0.7384999999999999 1600635987
0.7927 1600635987
0.7253 1600635987
0.7253999999999999 1600635987
0.6392 1600635987
0.8074999999999999 1600635987
0.7925 1600635987
0.7381 1600635987
0.7927 1600635987
0.7413 1600635987
0.7928999999999999 1600635987
0.7157 1600635987
0.6392 1600635987
0.7927 1600635987
0.8073999999999999 1600635987
0.8076000000000001 1600635987
0.808 1600635987
0.8072999999999999 1600635987
0.8075999999999999 1600635987
0.8071999999999999 1600635987
0.7926 1600635987
0.8070999999999999 1600635987
1.0412 1600635987
0.8074999999999999 1600635987
0.7926 1600635987
0.7925 1600635987
0.7926 1600635987
0.7924 1600635987
0.8072999999999999 1600635987
0.7925 1600635987
0.9278 1600635987
0.8073999999999999 1600635987
0.8079000000000001 1600635987
0.8069 1600635987
1.0407 1600635987
0.7925 1600635987
0.8073999999999999 1600635987
0.7924 1600635987
0.9579 1600635987
0.9391 1600635987
0.7924 1600635987
0.7926 1600635987
0.8076000000000001 1600635987
1.0411 1600635987
0.7926 1600635987
1.0412 1600635987
1.0415 1600635987
1.0412 1600635987
0.8079000000000001 1600635987
0.8073999999999999 1600635987
0.7928999999999999 1600635987
0.7923 1600635987
0.7928999999999999 1600635987
0.7923 1600635987
0.7929999999999999 1600635987
0.8077999999999999 1600635987
0.008500000000000008 1600635987
0.5134000000000001 1600635987
0.808 1600635987
0.8069999999999999 1600635987
1.0407 1600635987
0.8076000000000001 1600635987
0.8075000000000001 1600635987
0.8073999999999999 1600635987
0.8071999999999999 1600635987
1.0411 1600635987
0.8073999999999999 1600635987
0.8074000000000001 1600635987
0.8073999999999999 1600635987
0.5126000000000001 1600635987
0.8071999999999999 1600635987
1.0413 1600635987
1.0412 1600635987
0.8071999999999999 1600635987
0.8071999999999999 1600635987
0.8071999999999999 1600635987
0.8075000000000001 1600635987
0.008000000000000007 1600635987
0.42000000000000004 1600635987
0.9278 1600635987
0.41990000000000005 1600635987
0.42000000000000004 1600635987
0.9386000000000001 1600635987
0.8295999999999999 1600635987
0.9386000000000001 1600635987
0.42000000000000004 1600635987
0.5343 1600635987
0.7413 1600635987
0.8076000000000001 1600635987
0.8077000000000001 1600635987
0.8074000000000001 1600635987
0.9309000000000001 1600635987
0.8076000000000001 1600635987
0.9388000000000001 1600635987
0.7926 1600635987
0.9390000000000001 1600635987
0.9395 1600635987
0.9390000000000001 1600635987
0.9388000000000001 1600635987
0.9275 1600635987
0.9387000000000001 1600635987
0.9386000000000001 1600635987
0.9309000000000001 1600635987
0.9388000000000001 1600635987
0.9309000000000001 1600635987
0.9391 1600635987
0.9279 1600635987
0.9308000000000001 1600635987
0.9388000000000001 1600635987
0.9387000000000001 1600635987
0.7926 1600635987
0.9390000000000001 1600635987
0.9389000000000001 1600635987
0.9276 1600635987
0.7382 1600635987
0.9387000000000001 1600635987
0.7381 1600635987
0.9384999999999999 1600635987
0.7382 1600635987
0.7381 1600635987
0.9277 1600635987
0.9309000000000001 1600635987
0.9307000000000001 1600635987
0.9387000000000001 1600635987
0.9391 1600635987
0.7381 1600635987
0.738 1600635987
0.9387000000000001 1600635987
0.931 1600635987
0.9388000000000001 1600635987
0.7382 1600635987
0.9389000000000001 1600635987
0.9388000000000001 1600635987
0.9305000000000001 1600635987
0.7381 1600635987
0.9388000000000001 1600635987
0.8903000000000001 1600635987
0.8902000000000001 1600635987
0.9386000000000001 1600635987
0.7382 1600635987
0.9387000000000001 1600635987
0.9386000000000001 1600635987
0.9385000000000001 1600635987
0.9309000000000001 1600635987
0.9388000000000001 1600635987
0.534 1600635987
0.9388000000000001 1600635987
0.9388000000000001 1600635987
0.9276 1600635987
0.9383999999999999 1600635987
0.4547 1600635987
0.7082 1600635987
0.9582999999999999 1600635987
0.9589000000000001 1600635987
0.9587000000000001 1600635987
0.9586000000000001 1600635987
0.9581 1600635987
0.9582999999999999 1600635987
0.9587000000000001 1600635987
0.7085 1600635987
0.9581 1600635987
0.9581999999999999 1600635987
0.9586000000000001 1600635987
0.7083 1600635987
0.9585999999999999 1600635987
0.9588000000000001 1600635987
0.9585999999999999 1600635987
0.9582999999999999 1600635987
0.9582999999999999 1600635987
0.9581999999999999 1600635987
0.9585999999999999 1600635987
0.9585999999999999 1600635987
0.9588000000000001 1600635987
0.9589000000000001 1600635987
0.9583999999999999 1600635987
0.9581 1600635987
0.9581999999999999 1600635987
0.9585999999999999 1600635987
0.9588000000000001 1600635987
0.9582999999999999 1600635987
0.9587000000000001 1600635987
0.9585999999999999 1600635987
0.9587000000000001 1600635987
0.9581999999999999 1600635987
0.9582999999999999 1600635987
0.9587000000000001 1600635987
0.9585999999999999 1600635987
0.9584999999999999 1600635987
0.958 1600635987
0.9583999999999999 1600635987
0.9582999999999999 1600635987
0.9583999999999999 1600635987
0.9581 1600635987
0.9583999999999999 1600635987
0.9585999999999999 1600635987
0.9584999999999999 1600635987
0.9588000000000001 1600635987
0.9584999999999999 1600635987
0.9584999999999999 1600635987
0.4546 1600635987
0.9584999999999999 1600635987
0.9584999999999999 1600635987
0.9586000000000001 1600635987
0.9587000000000001 1600635987
0.9584999999999999 1600635987
0.9582999999999999 1600635987
0.9582999999999999 1600635987
0.9582999999999999 1600635987
0.9586000000000001 1600635987
0.9583999999999999 1600635987
0.9585999999999999 1600635987
0.9581999999999999 1600635987
0.9587000000000001 1600635987
0.9585999999999999 1600635987
0.9586000000000001 1600635987
0.9583999999999999 1600635987
0.9583999999999999 1600635987
0.9581999999999999 1600635987
0.9584999999999999 1600635987
0.9587000000000001 1600635987
0.9582999999999999 1600635987
0.9583999999999999 1600635987
0.9592 1600635987
0.6493 1600635987
0.6476 1600635987
0.7378 1600635987
0.8543000000000001 1600635987
0.7377 1600635987
0.8110999999999999 1600635987
0.8109 1600635987
0.8111999999999999 1600635987
0.8109 1600635987
0.8109 1600635987
0.8109999999999999 1600635987
0.8108 1600635987
0.8109999999999999 1600635987
0.8108 1600635987
0.8108 1600635987
0.8113999999999999 1600635987
0.8111999999999999 1600635987
0.8107 1600635987
0.8106 1600635987
0.8109 1600635987
0.8107 1600635987
0.8109 1600635987
0.8109 1600635987
0.8107 1600635987
0.8109 1600635987
0.8105 1600635987
0.8110999999999999 1600635987
0.8107 1600635987
0.8110999999999999 1600635987
0.738 1600635987
0.8111999999999999 1600635987
0.8108 1600635987
0.8108 1600635987
0.8109999999999999 1600635987
0.8111999999999999 1600635987
0.8109999999999999 1600635987
0.8109999999999999 1600635987
0.8108 1600635987
0.8109 1600635987
0.8108 1600635987
0.8107 1600635987
0.8109 1600635987
0.8109999999999999 1600635987
0.8107 1600635987
0.8110999999999999 1600635987
0.8110999999999999 1600635987
0.8109999999999999 1600635987
0.8109999999999999 1600635987
0.8109999999999999 1600635987
0.8110999999999999 1600635987
0.8112999999999999 1600635987
0.8109999999999999 1600635987
0.8111999999999999 1600635987
0.8111999999999999 1600635987
0.8108 1600635987
0.8110999999999999 1600635987
0.8109999999999999 1600635987
0.8110999999999999 1600635987
0.8107 1600635987
0.8543000000000001 1600635987
0.8108 1600635987
0.8544 1600635987
0.8106 1600635987
0.8110999999999999 1600635987
0.8106 1600635987
0.8106 1600635987
0.8108 1600635987
0.8110999999999999 1600635987
0.8542000000000001 1600635987
0.8109 1600635987
0.8112999999999999 1600635987
0.738 1600635987
0.6491 1600635987
0.647 1600635987
0.6472 1600635987
0.6471 1600635987
0.7378 1600635987
0.6996 1600635987
0.7376 1600635987
0.6471 1600635987
0.7377 1600635987
0.6472 1600635987
0.6472 1600635987
0.6997 1600635987
0.6472 1600635987
0.647 1600635987
0.6995 1600635987
0.2822 1600635987
0.2821 1600635987
0.2821 1600635987
0.6496999999999999 1600635987
