0.22190000000000004 1600215386
0.2334 1600215386
0.29350000000000004 1600215386
0.21039999999999998 1600215386
0.38220000000000004 1600215386
0.22379999999999994 1600215386
0.2888 1600215386
0.2684 1600215386
0.184 1600215386
0.34769999999999995 1600215386
0.1946 1600215386
0.1735 1600215386
0.29350000000000004 1600215386
0.23969999999999997 1600215386
0.22679999999999995 1600215386
0.3479999999999999 1600215386
0.3421 1600215386
0.1693 1600215386
0.22190000000000004 1600215386
0.3475 1600215386
0.21049999999999996 1600215386
0.2474 1600215386
0.24209999999999993 1600215386
0.18289999999999995 1600215386
0.2087 1600215386
0.2086 1600215386
0.16649999999999998 1600215386
0.2284 1600215386
0.188 1600215386
0.24730000000000002 1600215386
0.19419999999999998 1600215386
0.23320000000000002 1600215386
0.2272 1600215386
0.22749999999999998 1600215386
0.23320000000000002 1600215386
0.22300000000000003 1600215386
0.22810000000000002 1600215386
0.24809999999999993 1600215386
0.22749999999999998 1600215386
0.25189999999999996 1600215386
0.23100000000000004 1600215386
0.2476 1600215386
0.23989999999999995 1600215386
0.34149999999999997 1600215386
0.24630000000000002 1600215386
0.2151 1600215386
0.24279999999999996 1600215386
0.20679999999999998 1600215386
0.33879999999999993 1600215386
0.22600000000000003 1600215386
0.22510000000000002 1600215386
0.22579999999999995 1600215386
0.24189999999999995 1600215386
0.2132 1600215386
0.23420000000000002 1600215386
0.2345 1600215386
0.17259999999999998 1600215386
0.35669999999999996 1600215386
0.36899999999999994 1600215386
0.2272 1600215386
0.30129999999999996 1600215386
0.18429999999999996 1600215386
0.23400000000000004 1600215386
0.2002 1600215386
0.36920000000000003 1600215386
0.25379999999999997 1600215386
0.25920000000000004 1600215386
0.18409999999999999 1600215386
0.1926 1600215386
0.20899999999999996 1600215386
0.22949999999999998 1600215386
0.3834 1600215386
0.25789999999999996 1600215386
0.1763 1600215386
0.25730000000000003 1600215386
0.23289999999999994 1600215386
0.27840000000000004 1600215386
0.25309999999999994 1600215386
0.19639999999999996 1600215386
0.22889999999999994 1600215386
0.24379999999999996 1600215386
0.18409999999999999 1600215386
0.22600000000000003 1600215386
0.25179999999999997 1600215386
0.25930000000000003 1600215386
0.22269999999999995 1600215386
0.3128 1600215386
0.20029999999999998 1600215386
0.23359999999999997 1600215386
0.24220000000000003 1600215386
0.22879999999999995 1600215386
0.24359999999999998 1600215386
0.24769999999999998 1600215386
0.15639999999999998 1600215386
0.1941 1600215386
0.21009999999999995 1600215386
0.2504 1600215386
0.24389999999999995 1600215386
0.18569999999999998 1600215386
0.22510000000000002 1600215386
0.21139999999999998 1600215386
0.1871 1600215386
0.2274 1600215386
0.22969999999999996 1600215386
0.24779999999999996 1600215386
0.21239999999999998 1600215386
0.20599999999999996 1600215386
0.22779999999999995 1600215386
0.2042 1600215386
0.2062 1600215386
0.2041 1600215386
0.2415 1600215386
0.25720000000000004 1600215386
0.36869999999999997 1600215386
0.23089999999999994 1600215386
0.20079999999999998 1600215386
0.2132 1600215386
0.19129999999999997 1600215386
0.24169999999999997 1600215386
0.32849999999999996 1600215386
0.23049999999999998 1600215386
0.23120000000000002 1600215386
0.24809999999999993 1600215386
0.22610000000000002 1600215386
0.17369999999999997 1600215386
0.25719999999999993 1600215386
0.24509999999999993 1600215386
0.23049999999999998 1600215386
0.2066 1600215386
0.2344 1600215386
0.25279999999999997 1600215386
0.3129 1600215386
0.1931 1600215386
0.24210000000000004 1600215386
0.2737 1600215386
0.2253 1600215386
0.2575 1600215386
0.19479999999999997 1600215386
0.2514 1600215386
0.19669999999999999 1600215386
0.22889999999999994 1600215386
0.35710000000000003 1600215386
0.21449999999999997 1600215386
0.2584 1600215386
0.28819999999999996 1600215386
0.23310000000000003 1600215386
0.28839999999999993 1600215386
0.2415 1600215386
0.3473 1600215386
0.28950000000000004 1600215386
0.20879999999999999 1600215386
0.2624 1600215386
0.24179999999999996 1600215386
0.22269999999999995 1600215386
0.24220000000000003 1600215386
0.2026 1600215386
0.2906 1600215386
0.20989999999999998 1600215386
0.2514 1600215386
0.182 1600215386
0.18669999999999998 1600215386
0.3474 1600215386
0.2577 1600215386
0.29319999999999996 1600215386
0.2071 1600215386
0.1849 1600215386
0.24220000000000003 1600215386
0.2555 1600215386
0.25099999999999995 1600215386
0.20809999999999995 1600215386
0.21259999999999996 1600215386
0.23789999999999994 1600215386
0.21059999999999995 1600215386
0.30829999999999996 1600215386
0.23079999999999995 1600215386
0.24209999999999993 1600215386
0.28850000000000003 1600215386
0.22569999999999996 1600215386
0.20779999999999998 1600215386
0.22510000000000002 1600215386
0.20289999999999997 1600215386
0.19729999999999998 1600215386
0.2272 1600215386
0.22769999999999996 1600215386
0.1961 1600215386
0.24320000000000003 1600215386
0.26789999999999997 1600215386
0.23400000000000004 1600215386
0.292 1600215386
0.22699999999999992 1600215386
0.2091 1600215386
0.2193 1600215386
0.22800000000000004 1600215386
0.23300000000000004 1600215386
0.3481 1600215386
0.2475 1600215386
0.2057 1600215386
0.20239999999999997 1600215386
0.1699 1600215386
0.38430000000000003 1600215386
0.2515 1600215386
0.1951 1600215386
0.2465 1600215386
0.2444 1600215386
0.19579999999999997 1600215386
0.2543 1600215386
0.1829 1600215386
0.2141 1600215386
0.23410000000000003 1600215386
0.2273 1600215386
0.24430000000000002 1600215386
0.17029999999999995 1600215386
0.22879999999999995 1600215386
0.23359999999999997 1600215386
0.22179999999999994 1600215386
0.2666 1600215386
0.31349999999999995 1600215386
0.23179999999999995 1600215386
0.2928 1600215386
0.22489999999999993 1600215386
0.22169999999999995 1600215386
0.1951 1600215386
0.1805 1600215386
0.2678 1600215386
0.2096 1600215386
0.20889999999999997 1600215386
0.25079999999999997 1600215386
0.1689 1600215386
0.2081 1600215386
0.14079999999999998 1600215386
0.23369999999999996 1600215386
0.24630000000000002 1600215386
0.22549999999999998 1600215386
0.43019999999999997 1600215386
0.3744 1600215386
0.24199999999999994 1600215386
0.22200000000000003 1600215386
0.293 1600215386
0.3323 1600215386
0.2264 1600215386
0.1824 1600215386
0.2898 1600215386
0.21279999999999993 1600215386
0.22910000000000003 1600215386
0.27840000000000004 1600215386
0.22259999999999996 1600215386
0.24510000000000004 1600215386
0.20659999999999995 1600215386
0.2272 1600215386
0.3479999999999999 1600215386
0.23789999999999994 1600215386
0.20599999999999996 1600215386
0.20239999999999997 1600215386
0.19679999999999997 1600215386
0.36789999999999995 1600215386
0.19829999999999998 1600215386
0.34779999999999994 1600215386
0.2086 1600215386
0.22910000000000003 1600215386
0.22169999999999995 1600215386
0.32759999999999995 1600215386
0.22899999999999993 1600215386
0.2102 1600215386
0.21559999999999996 1600215386
0.19639999999999996 1600215386
0.27829999999999994 1600215386
0.32959999999999995 1600215386
0.18009999999999998 1600215386
0.23399999999999993 1600215386
0.22149999999999997 1600215386
0.33059999999999995 1600215386
0.2017 1600215386
0.19619999999999999 1600215386
0.2284 1600215386
0.3686 1600215386
0.20479999999999998 1600215386
0.21239999999999998 1600215386
0.19539999999999996 1600215386
0.26299999999999996 1600215386
0.22699999999999992 1600215386
0.22169999999999995 1600215386
0.2566 1600215386
0.16449999999999998 1600215386
0.2748 1600215386
0.2543 1600215386
0.2435 1600215386
0.24630000000000002 1600215386
0.22579999999999995 1600215386
0.242 1600215386
0.19120000000000004 1600215386
0.254 1600215386
0.22399999999999998 1600215386
0.28990000000000005 1600215386
0.36760000000000004 1600215386
0.271 1600215386
0.2378 1600215386
0.22750000000000004 1600215386
0.24329999999999996 1600215386
0.252 1600215386
0.3277 1600215386
0.2156 1600215386
0.19790000000000002 1600215386
0.29269999999999996 1600215386
0.19019999999999998 1600215386
0.27690000000000003 1600215386
0.3277 1600215386
0.2782 1600215386
0.22850000000000004 1600215386
0.20790000000000003 1600215386
0.20879999999999999 1600215386
0.27480000000000004 1600215386
0.22950000000000004 1600215386
0.2037 1600215386
0.3679 1600215386
0.1956 1600215386
0.3677 1600215386
0.3689 1600215386
0.3499 1600215386
0.2542 1600215386
0.2103 1600215386
0.35869999999999996 1600215386
0.36909999999999993 1600215386
0.24369999999999997 1600215386
0.1951 1600215386
0.2515 1600215386
0.36789999999999995 1600215386
0.2507 1600215386
0.22299999999999992 1600215386
0.23110000000000003 1600215386
0.2936 1600215386
0.2577 1600215386
0.3693 1600215386
0.3277999999999999 1600215386
0.29549999999999993 1600215386
0.19569999999999999 1600215386
0.2894999999999999 1600215386
0.23979999999999996 1600215386
0.24320000000000003 1600215386
0.24299999999999994 1600215386
0.2113 1600215386
0.29190000000000005 1600215386
0.19219999999999998 1600215386
0.2268 1600215386
0.2854 1600215386
0.20829999999999999 1600215386
0.3101 1600215386
0.16649999999999998 1600215386
0.21689999999999993 1600215386
0.22679999999999995 1600215386
0.27829999999999994 1600215386
0.23349999999999999 1600215386
0.19929999999999998 1600215386
0.2395 1600215386
0.1951 1600215386
0.20629999999999998 1600215386
0.1694 1600215386
0.2476 1600215386
0.27999999999999997 1600215386
0.2343 1600215386
0.3680999999999999 1600215386
0.22289999999999993 1600215386
0.3680999999999999 1600215386
0.32939999999999997 1600215386
0.23089999999999994 1600215386
0.22979999999999995 1600215386
0.1684 1600215386
0.1977 1600215386
0.2152 1600215386
0.19679999999999997 1600215386
0.23020000000000002 1600215386
0.34179999999999994 1600215386
0.19569999999999999 1600215386
0.3479999999999999 1600215386
0.22589999999999993 1600215386
0.2531999999999999 1600215386
0.3676 1600215386
0.22989999999999994 1600215386
0.19129999999999997 1600215386
0.20179999999999998 1600215386
0.294 1600215386
0.2132 1600215386
0.22079999999999994 1600215386
0.2253 1600215386
0.2087 1600215386
0.24909999999999993 1600215386
0.17529999999999996 1600215386
0.20349999999999996 1600215386
0.36799999999999994 1600215386
0.23799999999999993 1600215386
0.30319999999999997 1600215386
0.24089999999999995 1600215386
0.25199999999999995 1600215386
0.28629999999999994 1600215386
0.27040000000000003 1600215386
0.2272 1600215386
0.2894999999999999 1600215386
0.18409999999999999 1600215386
0.20839999999999997 1600215386
0.24199999999999994 1600215386
0.3676 1600215386
0.21800000000000003 1600215386
0.20329999999999998 1600215386
0.2547 1600215386
0.2544 1600215386
0.20909999999999995 1600215386
0.185 1600215386
0.1729 1600215386
0.21269999999999994 1600215386
0.19339999999999996 1600215386
0.21469999999999995 1600215386
0.27829999999999994 1600215386
0.22599999999999992 1600215386
0.30870000000000003 1600215386
0.2577 1600215386
0.188 1600215386
0.3479999999999999 1600215386
0.22989999999999994 1600215386
0.28629999999999994 1600215386
0.16609999999999997 1600215386
0.3291 1600215386
0.342 1600215386
0.22559999999999997 1600215386
0.36769999999999997 1600215386
0.20609999999999995 1600215386
0.22000000000000003 1600215386
0.24209999999999993 1600215386
0.22779999999999995 1600215386
0.1951 1600215386
0.2675 1600215386
0.21759999999999996 1600215386
0.28099999999999997 1600215386
0.2924999999999999 1600215386
0.27829999999999994 1600215386
0.22749999999999998 1600215386
0.25989999999999996 1600215386
0.22559999999999997 1600215386
0.24479999999999996 1600215386
0.32759999999999995 1600215386
0.21379999999999993 1600215386
0.19699999999999995 1600215386
0.18389999999999995 1600215386
0.2914999999999999 1600215386
0.17179999999999995 1600215386
0.17609999999999998 1600215386
0.2016 1600215386
0.19499999999999995 1600215386
0.28609999999999997 1600215386
0.22149999999999997 1600215386
0.19629999999999997 1600215386
0.21749999999999997 1600215386
0.3277999999999999 1600215386
0.2795 1600215386
0.19139999999999996 1600215386
0.22759999999999997 1600215386
0.20189999999999997 1600215386
0.23020000000000002 1600215386
0.24799999999999994 1600215386
0.24379999999999996 1600215386
0.2027 1600215386
0.2415 1600215386
0.18409999999999999 1600215386
0.21300000000000002 1600215386
0.16819999999999996 1600215386
0.20149999999999996 1600215386
0.2544 1600215386
0.19469999999999998 1600215386
0.21279999999999993 1600215386
0.2504 1600215386
0.16919999999999996 1600215386
0.22879999999999995 1600215386
0.22979999999999995 1600215386
0.20899999999999996 1600215386
0.27829999999999994 1600215386
0.19849999999999995 1600215386
0.20689999999999997 1600215386
0.25109999999999993 1600215386
0.23099999999999993 1600215386
0.22810000000000002 1600215386
0.24169999999999997 1600215386
0.23149999999999998 1600215386
0.18679999999999997 1600215386
0.29119999999999996 1600215386
0.24020000000000002 1600215386
0.24909999999999993 1600215386
0.19839999999999997 1600215386
0.19629999999999997 1600215386
0.3418999999999999 1600215386
0.19629999999999997 1600215386
0.25379999999999997 1600215386
0.16519999999999996 1600215386
0.2224 1600215386
0.2544 1600215386
0.2293 1600215386
0.24409999999999993 1600215386
0.18369999999999997 1600215386
0.22749999999999998 1600215386
0.25109999999999993 1600215386
0.20889999999999997 1600215386
0.2294 1600215386
0.20889999999999997 1600215386
0.22210000000000002 1600215386
0.2575 1600215386
0.22189999999999993 1600215386
0.28639999999999993 1600215386
0.2415 1600215386
0.19799999999999995 1600215386
0.3474 1600215386
0.2748 1600215386
0.23099999999999993 1600215386
0.38219999999999993 1600215386
0.21200000000000002 1600215386
0.21159999999999995 1600215386
