0.2349 1600214849
0.23829999999999996 1600214849
0.2299 1600214849
0.25749999999999995 1600214849
0.269 1600214849
0.24559999999999993 1600214849
0.26949999999999996 1600214849
0.24719999999999998 1600214849
0.3095 1600214849
0.24739999999999995 1600214849
0.25839999999999996 1600214849
0.22150000000000003 1600214849
0.24670000000000003 1600214849
0.21929999999999994 1600214849
0.2359 1600214849
0.22829999999999995 1600214849
0.2289 1600214849
0.22039999999999993 1600214849
0.23519999999999996 1600214849
0.26249999999999996 1600214849
0.18179999999999996 1600214849
0.30879999999999996 1600214849
0.22129999999999994 1600214849
0.29699999999999993 1600214849
0.28179999999999994 1600214849
0.21029999999999993 1600214849
0.23829999999999996 1600214849
0.2659 1600214849
0.23239999999999994 1600214849
0.2812 1600214849
0.2518 1600214849
0.2238 1600214849
0.25139999999999996 1600214849
0.22309999999999997 1600214849
0.23839999999999995 1600214849
0.22809999999999997 1600214849
0.22299999999999998 1600214849
0.2471 1600214849
0.22999999999999998 1600214849
0.3329 1600214849
0.19179999999999997 1600214849
0.24249999999999994 1600214849
0.33809999999999996 1600214849
0.22649999999999992 1600214849
0.21439999999999992 1600214849
0.2823 1600214849
0.19389999999999996 1600214849
0.2469 1600214849
0.25249999999999995 1600214849
0.26639999999999997 1600214849
0.2581 1600214849
0.21989999999999998 1600214849
0.22119999999999995 1600214849
0.25859999999999994 1600214849
0.26990000000000003 1600214849
0.26549999999999996 1600214849
0.23199999999999998 1600214849
0.2845 1600214849
0.26059999999999994 1600214849
0.22009999999999996 1600214849
0.28049999999999997 1600214849
0.23199999999999998 1600214849
0.2883 1600214849
0.26369999999999993 1600214849
0.20419999999999994 1600214849
0.31399999999999995 1600214849
0.23139999999999994 1600214849
0.25849999999999995 1600214849
0.27979999999999994 1600214849
0.28179999999999994 1600214849
0.21960000000000002 1600214849
0.22460000000000002 1600214849
0.21439999999999992 1600214849
0.23149999999999993 1600214849
0.28259999999999996 1600214849
0.26959999999999995 1600214849
0.3144 1600214849
0.2258 1600214849
0.19109999999999994 1600214849
0.34850000000000003 1600214849
0.2148 1600214849
0.2318 1600214849
0.2249 1600214849
0.35 1600214849
0.24970000000000003 1600214849
0.18599999999999994 1600214849
0.27049999999999996 1600214849
0.20299999999999996 1600214849
0.2481 1600214849
0.2309 1600214849
0.24770000000000003 1600214849
0.21009999999999995 1600214849
0.28169999999999995 1600214849
0.24559999999999993 1600214849
0.2258 1600214849
0.24219999999999997 1600214849
0.2791 1600214849
0.2791 1600214849
0.2713 1600214849
0.20350000000000001 1600214849
0.22619999999999996 1600214849
0.23209999999999997 1600214849
0.24280000000000002 1600214849
0.23849999999999993 1600214849
0.2248 1600214849
0.23219999999999996 1600214849
0.23629999999999995 1600214849
0.28049999999999997 1600214849
0.2802 1600214849
0.3459 1600214849
0.22649999999999992 1600214849
0.24570000000000003 1600214849
0.265 1600214849
0.20099999999999996 1600214849
0.26080000000000003 1600214849
0.2198 1600214849
0.2583 1600214849
0.2914 1600214849
0.2299 1600214849
0.22660000000000002 1600214849
0.1996 1600214849
0.22599999999999998 1600214849
0.25549999999999995 1600214849
0.2733 1600214849
0.24319999999999997 1600214849
0.2388 1600214849
0.22099999999999997 1600214849
0.19979999999999998 1600214849
0.22089999999999999 1600214849
0.2651 1600214849
0.21409999999999996 1600214849
0.2693 1600214849
0.31099999999999994 1600214849
0.22089999999999999 1600214849
0.26549999999999996 1600214849
0.22899999999999998 1600214849
0.3143 1600214849
0.2248 1600214849
0.24919999999999998 1600214849
0.22549999999999992 1600214849
0.23370000000000002 1600214849
0.24819999999999998 1600214849
0.18089999999999995 1600214849
0.2811 1600214849
0.2693 1600214849
0.24819999999999998 1600214849
0.2629 1600214849
0.21819999999999995 1600214849
0.2623 1600214849
0.25259999999999994 1600214849
0.26039999999999996 1600214849
0.33829999999999993 1600214849
0.22999999999999998 1600214849
0.2359 1600214849
0.22339999999999993 1600214849
0.24959999999999993 1600214849
0.254 1600214849
0.25049999999999994 1600214849
0.25 1600214849
0.27190000000000003 1600214849
0.2803 1600214849
0.2409 1600214849
0.28869999999999996 1600214849
0.25059999999999993 1600214849
0.237 1600214849
0.22599999999999998 1600214849
0.22439999999999993 1600214849
0.27969999999999995 1600214849
0.20379999999999998 1600214849
0.2247 1600214849
0.2724 1600214849
0.3085 1600214849
0.2319 1600214849
0.23019999999999996 1600214849
0.18379999999999996 1600214849
0.2207 1600214849
0.26269999999999993 1600214849
0.241 1600214849
0.26859999999999995 1600214849
0.26879999999999993 1600214849
0.28049999999999997 1600214849
0.26249999999999996 1600214849
0.24249999999999994 1600214849
0.28959999999999997 1600214849
0.2623 1600214849
0.2583 1600214849
0.24759999999999993 1600214849
0.24319999999999997 1600214849
0.24919999999999998 1600214849
0.22439999999999993 1600214849
0.253 1600214849
0.34509999999999996 1600214849
0.28979999999999995 1600214849
0.22309999999999997 1600214849
0.2653 1600214849
0.30889999999999995 1600214849
0.2552 1600214849
0.3406 1600214849
0.22039999999999993 1600214849
0.3144 1600214849
0.30369999999999997 1600214849
0.24049999999999994 1600214849
0.2812 1600214849
0.22250000000000003 1600214849
0.24329999999999996 1600214849
0.2558 1600214849
0.30389999999999995 1600214849
0.2946 1600214849
0.26869999999999994 1600214849
0.2506999999999999 1600214849
0.27949999999999997 1600214849
0.22060000000000002 1600214849
0.21889999999999998 1600214849
0.2481 1600214849
0.23509999999999998 1600214849
0.2522 1600214849
0.28159999999999996 1600214849
0.2802 1600214849
0.25 1600214849
0.2731 1600214849
0.21829999999999994 1600214849
0.24729999999999996 1600214849
0.23460000000000003 1600214849
0.2318 1600214849
0.23149999999999993 1600214849
0.2743 1600214849
0.3000999999999999 1600214849
0.2773 1600214849
0.25780000000000003 1600214849
0.2329 1600214849
0.24849999999999994 1600214849
0.23660000000000003 1600214849
0.26659999999999995 1600214849
0.348 1600214849
0.20040000000000002 1600214849
0.22300000000000003 1600214849
0.235 1600214849
0.22139999999999993 1600214849
0.2841 1600214849
0.2885 1600214849
0.25849999999999995 1600214849
0.2532 1600214849
0.25849999999999995 1600214849
0.25349999999999995 1600214849
0.27759999999999996 1600214849
0.21739999999999993 1600214849
0.27259999999999995 1600214849
0.22109999999999996 1600214849
0.2338 1600214849
0.22999999999999998 1600214849
0.30909999999999993 1600214849
0.2842 1600214849
0.22029999999999994 1600214849
0.2506999999999999 1600214849
0.24239999999999995 1600214849
0.26849999999999996 1600214849
0.26239999999999997 1600214849
0.24639999999999995 1600214849
0.2647999999999999 1600214849
0.235 1600214849
0.23170000000000002 1600214849
0.22660000000000002 1600214849
0.22260000000000002 1600214849
0.20919999999999994 1600214849
0.2328 1600214849
0.27669999999999995 1600214849
0.22539999999999993 1600214849
0.21009999999999995 1600214849
0.25859999999999994 1600214849
0.2229 1600214849
0.21589999999999998 1600214849
0.259 1600214849
0.26249999999999996 1600214849
0.26049999999999995 1600214849
0.24729999999999996 1600214849
0.27049999999999996 1600214849
0.26349999999999996 1600214849
0.24680000000000002 1600214849
0.22499999999999998 1600214849
0.23360000000000003 1600214849
0.22899999999999998 1600214849
0.26539999999999997 1600214849
0.2702 1600214849
0.27479999999999993 1600214849
0.2556999999999999 1600214849
0.23149999999999993 1600214849
0.22009999999999996 1600214849
0.2902 1600214849
0.2025 1600214849
0.22639999999999993 1600214849
0.2802 1600214849
0.2521 1600214849
0.26539999999999997 1600214849
0.20029999999999992 1600214849
0.21450000000000002 1600214849
0.2811 1600214849
0.21960000000000002 1600214849
0.27059999999999995 1600214849
0.2813 1600214849
0.2277 1600214849
0.19630000000000003 1600214849
0.2006 1600214849
0.24970000000000003 1600214849
0.21439999999999992 1600214849
0.26669999999999994 1600214849
0.23199999999999998 1600214849
0.23759999999999992 1600214849
0.264 1600214849
0.2136 1600214849
0.26449999999999996 1600214849
0.25259999999999994 1600214849
0.2913 1600214849
0.22649999999999992 1600214849
0.2289 1600214849
0.2429 1600214849
0.28979999999999995 1600214849
0.2662 1600214849
0.25239999999999996 1600214849
0.24519999999999997 1600214849
0.21029999999999993 1600214849
0.22660000000000002 1600214849
0.2556999999999999 1600214849
0.2026 1600214849
0.23219999999999996 1600214849
0.24819999999999998 1600214849
0.28279999999999994 1600214849
0.26959999999999995 1600214849
0.27879999999999994 1600214849
0.34619999999999995 1600214849
0.25559999999999994 1600214849
0.28689999999999993 1600214849
0.21040000000000003 1600214849
0.22799999999999998 1600214849
0.23109999999999997 1600214849
0.3097 1600214849
0.22729999999999995 1600214849
0.30909999999999993 1600214849
0.2651 1600214849
0.2197 1600214849
0.22659999999999997 1600214849
0.23109999999999997 1600214849
0.2792 1600214849
0.29079999999999995 1600214849
0.19089999999999996 1600214849
0.21009999999999995 1600214849
0.2609 1600214849
0.24759999999999993 1600214849
0.21289999999999998 1600214849
0.2899999999999999 1600214849
0.2773 1600214849
0.24770000000000003 1600214849
0.24070000000000003 1600214849
0.30899999999999994 1600214849
0.27179999999999993 1600214849
0.2506999999999999 1600214849
0.20090000000000002 1600214849
0.2399 1600214849
0.2522 1600214849
0.24329999999999996 1600214849
0.2902 1600214849
0.28700000000000003 1600214849
0.20279999999999998 1600214849
0.23439999999999994 1600214849
0.26069999999999993 1600214849
0.24019999999999997 1600214849
0.23270000000000002 1600214849
0.271 1600214849
0.28300000000000003 1600214849
0.2491 1600214849
0.23360000000000003 1600214849
0.3463 1600214849
0.241 1600214849
0.2227 1600214849
0.22299999999999998 1600214849
0.2258 1600214849
0.1905 1600214849
0.2219 1600214849
0.22699999999999998 1600214849
0.26269999999999993 1600214849
0.24719999999999998 1600214849
0.2911 1600214849
0.2103 1600214849
0.321 1600214849
0.26230000000000003 1600214849
0.24780000000000002 1600214849
0.2865 1600214849
0.248 1600214849
0.24739999999999995 1600214849
0.29179999999999995 1600214849
0.2227 1600214849
0.19409999999999994 1600214849
0.2811 1600214849
0.277 1600214849
0.2248 1600214849
0.22319999999999995 1600214849
0.25239999999999996 1600214849
0.23199999999999998 1600214849
0.23209999999999997 1600214849
0.2309 1600214849
0.20279999999999998 1600214849
0.28 1600214849
0.24759999999999993 1600214849
0.2824 1600214849
0.2471 1600214849
0.26249999999999996 1600214849
0.2734 1600214849
0.27159999999999995 1600214849
0.23209999999999997 1600214849
0.28049999999999997 1600214849
0.2025 1600214849
0.26659999999999995 1600214849
0.2872 1600214849
0.28400000000000003 1600214849
0.2881 1600214849
0.19879999999999998 1600214849
0.22329999999999994 1600214849
0.22199999999999998 1600214849
0.19119999999999993 1600214849
0.24859999999999993 1600214849
0.21439999999999992 1600214849
0.347 1600214849
0.28889999999999993 1600214849
0.2903 1600214849
0.25090000000000007 1600214849
0.1856 1600214849
0.34639999999999993 1600214849
0.278 1600214849
0.26549999999999996 1600214849
0.3144 1600214849
0.27379999999999993 1600214849
0.2884 1600214849
0.2471 1600214849
0.3146 1600214849
0.25539999999999996 1600214849
0.20419999999999994 1600214849
0.28279999999999994 1600214849
0.27959999999999996 1600214849
0.2319 1600214849
0.28579999999999994 1600214849
0.3113 1600214849
0.25859999999999994 1600214849
0.2348 1600214849
0.2793 1600214849
0.23120000000000002 1600214849
0.20289999999999997 1600214849
0.2249 1600214849
0.19319999999999993 1600214849
0.2237 1600214849
0.2629 1600214849
0.27979999999999994 1600214849
0.2279 1600214849
0.2752 1600214849
0.24749999999999994 1600214849
0.2188 1600214849
0.22639999999999993 1600214849
0.26510000000000006 1600214849
0.2873 1600214849
0.2712 1600214849
0.26469999999999994 1600214849
0.24559999999999993 1600214849
0.23199999999999998 1600214849
0.26449999999999996 1600214849
0.23260000000000003 1600214849
0.27830000000000005 1600214849
0.2499 1600214849
0.24739999999999995 1600214849
0.25849999999999995 1600214849
0.3207 1600214849
0.20029999999999992 1600214849
0.19340000000000002 1600214849
0.2584 1600214849
0.2818 1600214849
0.3147 1600214849
0.26439999999999997 1600214849
0.2519 1600214849
0.22629999999999995 1600214849
0.2264 1600214849
0.2005 1600214849
0.2744 1600214849
0.2595 1600214849
0.2803 1600214849
0.23329999999999995 1600214849
0.19499999999999995 1600214849
0.2862 1600214849
0.22649999999999992 1600214849
0.22239999999999993 1600214849
0.28300000000000003 1600214849
0.20109999999999995 1600214849
0.3042 1600214849
0.3097 1600214849
0.23349999999999993 1600214849
0.2475 1600214849
0.22260000000000002 1600214849
0.27949999999999997 1600214849
0.28259999999999996 1600214849
0.2232 1600214849
0.2885 1600214849
0.24409999999999998 1600214849
0.2348 1600214849
0.23249999999999993 1600214849
0.3154 1600214849
0.24780000000000002 1600214849
0.23509999999999998 1600214849
0.1931 1600214849
0.24639999999999995 1600214849
0.2711 1600214849
0.2653 1600214849
0.31460000000000005 1600214849
0.2693 1600214849
0.2622 1600214849
0.3486 1600214849
0.22490000000000004 1600214849
