100.3405 1600652264
95.4781 1600652264
99.448 1600652264
101.4647 1600652264
103.8665 1600652264
105.61319999999999 1600652264
109.759 1600652264
112.9236 1600652264
116.9181 1600652264
113.0829 1600652264
116.87049999999999 1600652264
118.2362 1600652264
118.3022 1600652264
119.71809999999999 1600652264
119.9455 1600652264
121.06609999999999 1600652264
126.9433 1600652264
126.8933 1600652264
117.99889999999999 1600652264
122.951 1600652264
121.53290000000001 1600652264
126.9267 1600652264
128.1026 1600652264
117.9584 1600652264
120.2411 1600652264
127.799 1600652264
127.1897 1600652264
127.26729999999999 1600652264
121.5636 1600652264
128.9519 1600652264
121.5662 1600652264
118.98939999999999 1600652264
122.8879 1600652264
12.6842 1600652264
123.1259 1600652264
96.7696 1600652264
102.2199 1600652264
96.3868 1600652264
108.3156 1600652264
112.5248 1600652264
115.5043 1600652264
117.06729999999999 1600652264
120.6845 1600652264
120.32679999999999 1600652264
123.8329 1600652264
121.3879 1600652264
126.8788 1600652264
127.2677 1600652264
128.35670000000002 1600652264
130.3117 1600652264
129.2712 1600652264
128.6685 1600652264
128.3676 1600652264
126.947 1600652264
114.05839999999999 1600652264
123.3524 1600652264
11.6038 1600652264
11.4064 1600652264
96.05369999999999 1600652264
98.472 1600652264
103.0377 1600652264
106.1302 1600652264
108.17219999999999 1600652264
106.9637 1600652264
114.1059 1600652264
116.8738 1600652264
123.12259999999999 1600652264
116.49719999999999 1600652264
127.7486 1600652264
117.7428 1600652264
120.43339999999999 1600652264
108.1454 1600652264
115.5984 1600652264
120.7958 1600652264
118.3972 1600652264
123.2409 1600652264
127.2872 1600652264
121.97699999999999 1600652264
116.1824 1600652264
121.8902 1600652264
127.4881 1600652264
129.7856 1600652264
130.3693 1600652264
39.605199999999996 1600652264
128.5254 1600652264
16.4132 1600652264
88.3535 1600652264
95.6923 1600652264
99.4502 1600652264
103.8261 1600652264
107.0697 1600652264
110.67399999999999 1600652264
109.7847 1600652264
114.3178 1600652264
114.4905 1600652264
118.2431 1600652264
120.493 1600652264
118.217 1600652264
120.8652 1600652264
120.75659999999999 1600652264
120.6974 1600652264
127.81649999999999 1600652264
120.8096 1600652264
120.17229999999999 1600652264
122.24289999999999 1600652264
118.2978 1600652264
128.7803 1600652264
115.8689 1600652264
15.837100000000001 1600652264
100.76559999999999 1600652264
102.9148 1600652264
109.402 1600652264
112.9335 1600652264
117.8977 1600652264
121.0334 1600652264
120.87559999999999 1600652264
124.1768 1600652264
126.9469 1600652264
125.8952 1600652264
120.80539999999999 1600652264
128.07059999999998 1600652264
120.5679 1600652264
8.6546 1600652264
112.56179999999999 1600652264
118.8521 1600652264
4.2612000000000005 1600652264
102.4142 1600652264
121.0467 1600652264
104.08640000000001 1600652264
108.6684 1600652264
112.4824 1600652264
110.0048 1600652264
113.23169999999999 1600652264
117.4044 1600652264
114.3063 1600652264
118.2355 1600652264
118.5094 1600652264
117.2064 1600652264
121.86590000000001 1600652264
123.0591 1600652264
121.9333 1600652264
123.27890000000001 1600652264
115.8366 1600652264
120.7304 1600652264
116.9215 1600652264
128.0532 1600652264
133.6431 1600652264
51.031099999999995 1600652264
130.5199 1600652264
23.5158 1600652264
99.15599999999999 1600652264
102.3437 1600652264
105.5364 1600652264
102.4512 1600652264
106.4271 1600652264
109.023 1600652264
109.22619999999999 1600652264
112.0217 1600652264
116.7995 1600652264
119.9505 1600652264
120.7035 1600652264
119.9318 1600652264
116.50139999999999 1600652264
9.065800000000001 1600652264
116.5766 1600652264
101.0872 1600652264
121.19839999999999 1600652264
116.7278 1600652264
113.7439 1600652264
112.4259 1600652264
115.15259999999999 1600652264
117.9025 1600652264
121.0394 1600652264
127.6093 1600652264
121.8269 1600652264
119.3171 1600652264
122.0778 1600652264
118.2968 1600652264
127.3901 1600652264
101.2162 1600652264
109.2883 1600652264
107.0057 1600652264
112.6417 1600652264
100.52650000000001 1600652264
111.17760000000001 1600652264
115.14320000000001 1600652264
114.6906 1600652264
119.8173 1600652264
112.8058 1600652264
110.1068 1600652264
115.19300000000001 1600652264
16.4755 1600652264
102.3553 1600652264
119.7714 1600652264
108.3106 1600652264
113.4612 1600652264
119.90559999999999 1600652264
13.9896 1600652264
125.90849999999999 1600652264
122.3655 1600652264
85.66810000000001 1600652264
88.7624 1600652264
92.1937 1600652264
107.05260000000001 1600652264
127.61059999999999 1600652264
97.2748 1600652264
102.0393 1600652264
104.0924 1600652264
101.6065 1600652264
107.1396 1600652264
107.3038 1600652264
109.5741 1600652264
113.5053 1600652264
116.25319999999999 1600652264
121.4366 1600652264
120.9273 1600652264
125.3078 1600652264
128.6471 1600652264
128.08599999999998 1600652264
113.3668 1600652264
119.839 1600652264
113.6452 1600652264
109.7541 1600652264
113.2693 1600652264
115.5364 1600652264
121.2183 1600652264
116.63889999999999 1600652264
128.4112 1600652264
35.263999999999996 1600652264
97.8879 1600652264
116.1626 1600652264
99.4097 1600652264
110.9716 1600652264
4.9915 1600652264
117.3534 1600652264
96.6448 1600652264
100.5123 1600652264
102.7799 1600652264
105.98339999999999 1600652264
112.9639 1600652264
117.1519 1600652264
118.8194 1600652264
122.503 1600652264
127.07509999999999 1600652264
123.0758 1600652264
127.6604 1600652264
125.7559 1600652264
97.49 1600652264
121.1217 1600652264
97.152 1600652264
128.3699 1600652264
110.748 1600652264
128.5418 1600652264
98.7933 1600652264
112.6281 1600652264
127.0887 1600652264
38.670899999999996 1600652264
105.7386 1600652264
110.9486 1600652264
24.9412 1600652264
100.184 1600652264
106.6028 1600652264
108.0165 1600652264
110.4083 1600652264
110.9279 1600652264
112.499 1600652264
116.5061 1600652264
113.1753 1600652264
115.3226 1600652264
116.2313 1600652264
119.0361 1600652264
118.6765 1600652264
121.7535 1600652264
127.05 1600652264
128.1573 1600652264
128.1792 1600652264
128.191 1600652264
128.255 1600652264
128.8846 1600652264
129.5354 1600652264
127.96969999999999 1600652264
129.019 1600652264
129.1229 1600652264
128.37539999999998 1600652264
130.4282 1600652264
128.4123 1600652264
55.056000000000004 1600652264
102.4449 1600652264
107.5829 1600652264
128.2255 1600652264
18.020599999999998 1600652264
104.7589 1600652264
109.6549 1600652264
112.76989999999999 1600652264
116.0549 1600652264
119.814 1600652264
122.2337 1600652264
122.8015 1600652264
117.4832 1600652264
120.17790000000001 1600652264
124.1862 1600652264
76.8381 1600652264
122.8048 1600652264
129.95 1600652264
96.86189999999999 1600652264
115.7854 1600652264
104.3871 1600652264
104.1559 1600652264
108.2435 1600652264
108.67269999999999 1600652264
113.5636 1600652264
115.4261 1600652264
119.7632 1600652264
119.7225 1600652264
120.5725 1600652264
119.7711 1600652264
120.99289999999999 1600652264
127.1177 1600652264
127.81689999999999 1600652264
127.8698 1600652264
126.2972 1600652264
119.1028 1600652264
32.8758 1600652264
103.0372 1600652264
110.4047 1600652264
106.4639 1600652264
113.2133 1600652264
117.9109 1600652264
120.83749999999999 1600652264
126.53 1600652264
113.5665 1600652264
106.2243 1600652264
15.68 1600652264
90.97409999999999 1600652264
98.0366 1600652264
105.84909999999999 1600652264
106.58709999999999 1600652264
109.7644 1600652264
114.10849999999999 1600652264
106.7191 1600652264
110.17229999999999 1600652264
106.9893 1600652264
4.5843 1600652264
103.517 1600652264
108.0932 1600652264
109.98389999999999 1600652264
111.9543 1600652264
113.30069999999999 1600652264
117.0564 1600652264
115.4466 1600652264
115.7897 1600652264
115.6101 1600652264
118.2068 1600652264
118.3041 1600652264
117.2802 1600652264
118.0814 1600652264
118.6972 1600652264
119.6644 1600652264
118.3383 1600652264
122.4079 1600652264
111.1494 1600652264
114.7111 1600652264
120.4114 1600652264
117.8806 1600652264
38.878699999999995 1600652264
22.482 1600652264
85.19579999999999 1600652264
91.7724 1600652264
100.8515 1600652264
114.2698 1600652264
104.5132 1600652264
106.3154 1600652264
109.7704 1600652264
109.2697 1600652264
108.3289 1600652264
110.9606 1600652264
113.4015 1600652264
128.661 1600652264
90.0313 1600652264
101.9376 1600652264
111.45439999999999 1600652264
113.6133 1600652264
115.22279999999999 1600652264
116.8721 1600652264
121.041 1600652264
118.0563 1600652264
118.1017 1600652264
121.289 1600652264
119.7277 1600652264
123.2666 1600652264
121.8218 1600652264
127.83500000000001 1600652264
117.1694 1600652264
127.3952 1600652264
128.5337 1600652264
124.4966 1600652264
107.696 1600652264
116.1906 1600652264
123.0784 1600652264
128.8401 1600652264
32.3866 1600652264
116.60799999999999 1600652264
129.4873 1600652264
17.0828 1600652264
89.4943 1600652264
92.3027 1600652264
99.99849999999999 1600652264
103.1652 1600652264
104.0431 1600652264
106.3326 1600652264
108.6792 1600652264
120.16929999999999 1600652264
105.4205 1600652264
109.46209999999999 1600652264
114.54299999999999 1600652264
118.3984 1600652264
121.22619999999999 1600652264
125.9921 1600652264
128.75549999999998 1600652264
127.1276 1600652264
132.4288 1600652264
127.2023 1600652264
106.28529999999999 1600652264
117.7453 1600652264
121.90889999999999 1600652264
43.4729 1600652264
106.2024 1600652264
114.3584 1600652264
21.256999999999998 1600652264
114.1001 1600652264
117.9238 1600652264
123.5539 1600652264
117.9286 1600652264
88.9881 1600652264
95.44789999999999 1600652264
99.60589999999999 1600652264
105.2161 1600652264
116.6219 1600652264
122.4293 1600652264
99.9468 1600652264
107.0376 1600652264
110.3059 1600652264
110.3687 1600652264
109.87519999999999 1600652264
113.8959 1600652264
113.9525 1600652264
117.75479999999999 1600652264
122.5705 1600652264
113.89909999999999 1600652264
122.5762 1600652264
117.64689999999999 1600652264
128.7592 1600652264
112.8377 1600652264
128.77179999999998 1600652264
112.2105 1600652264
118.3911 1600652264
120.8972 1600652264
124.8976 1600652264
121.0206 1600652264
122.8497 1600652264
6.0697 1600652264
81.4363 1600652264
84.90379999999999 1600652264
126.9743 1600652264
129.3848 1600652264
126.7576 1600652264
127.6099 1600652264
121.9982 1600652264
90.65259999999999 1600652264
118.2272 1600652264
88.0702 1600652264
97.4479 1600652264
88.50489999999999 1600652264
96.3488 1600652264
99.485 1600652264
102.7093 1600652264
100.95259999999999 1600652264
104.23519999999999 1600652264
106.57 1600652264
108.911 1600652264
116.68759999999999 1600652264
106.4181 1600652264
116.3746 1600652264
105.5262 1600652264
111.8948 1600652264
108.264 1600652264
112.4755 1600652264
117.0994 1600652264
112.9751 1600652264
126.6934 1600652264
113.8061 1600652264
115.63419999999999 1600652264
11.7954 1600652264
119.4001 1600652264
120.8754 1600652264
119.47439999999999 1600652264
121.3047 1600652264
119.4787 1600652264
86.6943 1600652264
118.5916 1600652264
116.88199999999999 1600652264
123.1638 1600652264
115.12469999999999 1600652264
121.9031 1600652264
114.6654 1600652264
122.3027 1600652264
88.5591 1600652264
93.6596 1600652264
90.0456 1600652264
99.45649999999999 1600652264
103.1191 1600652264
102.69069999999999 1600652264
