27.553900000000002 1600345679
27.454 1600345679
23.0973 1600345679
19.3955 1600345679
8.8232 1600345679
6.0816 1600345679
11.3519 1600345679
22.0765 1600345679
27.136400000000002 1600345679
26.6777 1600345679
24.979000000000003 1600345679
12.631900000000002 1600345679
4.1927 1600345679
1.4736 1600345679
9.047300000000002 1600345679
17.1 1600345679
27.5024 1600345679
27.136300000000002 1600345679
20.5667 1600345679
20.7788 1600345679
22.4581 1600345679
20.9128 1600345679
9.173 1600345679
10.870800000000001 1600345679
19.3951 1600345679
23.2798 1600345679
20.5012 1600345679
10.897 1600345679
22.128700000000002 1600345679
27.5573 1600345679
12.562100000000001 1600345679
20.5668 1600345679
27.557100000000002 1600345679
27.4918 1600345679
23.1981 1600345679
5.7922 1600345679
8.5518 1600345679
12.6448 1600345679
27.5574 1600345679
12.615400000000001 1600345679
13.132100000000001 1600345679
9.039000000000001 1600345679
25.8462 1600345679
26.819200000000002 1600345679
13.223700000000001 1600345679
22.9831 1600345679
9.039000000000001 1600345679
21.848200000000002 1600345679
4.5826 1600345679
23.061300000000003 1600345679
12.187700000000001 1600345679
13.690900000000001 1600345679
16.4179 1600345679
23.1985 1600345679
27.236800000000002 1600345679
27.406200000000002 1600345679
18.8599 1600345679
12.086 1600345679
18.8942 1600345679
20.8813 1600345679
21.9025 1600345679
4.6843 1600345679
23.28 1600345679
3.9645 1600345679
13.2375 1600345679
26.277800000000003 1600345679
26.7295 1600345679
5.805 1600345679
5.8607000000000005 1600345679
26.4779 1600345679
6.4231 1600345679
11.501900000000001 1600345679
18.8675 1600345679
8.229000000000001 1600345679
19.451800000000002 1600345679
24.866400000000002 1600345679
8.689900000000002 1600345679
27.5118 1600345679
22.1519 1600345679
20.697200000000002 1600345679
5.8053 1600345679
22.156000000000002 1600345679
7.1533 1600345679
23.134700000000002 1600345679
7.1358 1600345679
27.378 1600345679
26.332 1600345679
7.579 1600345679
22.009900000000002 1600345679
16.3724 1600345679
27.235400000000002 1600345679
5.8805 1600345679
4.4013 1600345679
12.5753 1600345679
10.020000000000001 1600345679
12.5744 1600345679
25.2853 1600345679
12.6661 1600345679
7.5982 1600345679
12.705200000000001 1600345679
17.0777 1600345679
12.750100000000002 1600345679
8.737300000000001 1600345679
18.8598 1600345679
10.8971 1600345679
27.439600000000002 1600345679
12.4829 1600345679
18.860300000000002 1600345679
25.1526 1600345679
24.8884 1600345679
21.8934 1600345679
25.310200000000002 1600345679
13.6911 1600345679
26.787 1600345679
27.378 1600345679
12.5161 1600345679
21.0682 1600345679
19.4266 1600345679
22.9524 1600345679
7.5786999999999995 1600345679
19.7847 1600345679
23.2073 1600345679
27.235500000000002 1600345679
27.377100000000002 1600345679
8.758600000000001 1600345679
4.4532 1600345679
20.7285 1600345679
23.2364 1600345679
12.7756 1600345679
27.518700000000003 1600345679
24.9789 1600345679
16.1824 1600345679
21.8515 1600345679
16.2588 1600345679
20.7848 1600345679
2.8468999999999998 1600345679
16.8413 1600345679
27.541900000000002 1600345679
4.5043999999999995 1600345679
17.1001 1600345679
16.418400000000002 1600345679
8.976600000000001 1600345679
18.867800000000003 1600345679
26.2694 1600345679
18.8671 1600345679
26.228 1600345679
9.106599999999998 1600345679
25.846700000000002 1600345679
9.1729 1600345679
9.1067 1600345679
27.511300000000002 1600345679
12.4923 1600345679
11.523900000000001 1600345679
18.6365 1600345679
23.135 1600345679
5.9495 1600345679
26.6853 1600345679
24.9392 1600345679
23.4591 1600345679
16.4211 1600345679
6.3475 1600345679
27.5056 1600345679
24.9637 1600345679
17.0861 1600345679
10.5324 1600345679
17.1322 1600345679
9.1004 1600345679
26.2694 1600345679
24.7999 1600345679
11.985800000000001 1600345679
27.5117 1600345679
12.6319 1600345679
12.631699999999999 1600345679
19.673000000000002 1600345679
10.571000000000002 1600345679
6.3656999999999995 1600345679
21.886300000000002 1600345679
20.8292 1600345679
12.6828 1600345679
21.869400000000002 1600345679
22.687900000000003 1600345679
4.4963 1600345679
12.6835 1600345679
24.9624 1600345679
16.2303 1600345679
24.8258 1600345679
27.4539 1600345679
16.453 1600345679
17.0531 1600345679
6.4677 1600345679
22.137900000000002 1600345679
23.1183 1600345679
26.2999 1600345679
23.1982 1600345679
27.306800000000003 1600345679
17.0862 1600345679
10.5674 1600345679
7.5847999999999995 1600345679
27.3782 1600345679
8.3529 1600345679
8.4061 1600345679
23.1999 1600345679
27.3701 1600345679
8.4565 1600345679
11.884500000000001 1600345679
2.8475 1600345679
19.6254 1600345679
9.0478 1600345679
23.1938 1600345679
16.4759 1600345679
4.6579999999999995 1600345679
9.1964 1600345679
10.8972 1600345679
17.1321 1600345679
23.146 1600345679
25.3456 1600345679
20.4511 1600345679
27.4248 1600345679
11.206199999999999 1600345679
19.462 1600345679
20.7496 1600345679
20.6429 1600345679
21.8636 1600345679
5.3867 1600345679
3.8024999999999998 1600345679
26.2279 1600345679
25.2635 1600345679
6.4672 1600345679
5.7812 1600345679
26.2624 1600345679
20.7847 1600345679
11.1072 1600345679
21.8479 1600345679
21.9436 1600345679
9.065600000000002 1600345679
10.467600000000001 1600345679
26.278100000000002 1600345679
23.459300000000002 1600345679
17.1003 1600345679
21.902 1600345679
5.8053 1600345679
20.869 1600345679
20.5666 1600345679
20.8844 1600345679
10.2039 1600345679
25.323600000000003 1600345679
19.8418 1600345679
8.6013 1600345679
19.9345 1600345679
23.459400000000002 1600345679
9.173 1600345679
21.9019 1600345679
7.6992 1600345679
27.253700000000002 1600345679
23.1114 1600345679
12.6452 1600345679
16.42 1600345679
23.135 1600345679
25.0931 1600345679
17.0583 1600345679
26.634700000000002 1600345679
25.0699 1600345679
6.5973 1600345679
9.1803 1600345679
17.131600000000002 1600345679
17.086000000000002 1600345679
19.4546 1600345679
5.8053 1600345679
4.1886 1600345679
21.9434 1600345679
19.4179 1600345679
6.3454 1600345679
25.0287 1600345679
20.6854 1600345679
16.4528 1600345679
19.3761 1600345679
19.375700000000002 1600345679
22.128700000000002 1600345679
6.6058 1600345679
23.194100000000002 1600345679
19.4266 1600345679
7.5243 1600345679
8.669400000000001 1600345679
21.8945 1600345679
19.4266 1600345679
26.4307 1600345679
26.1823 1600345679
26.4695 1600345679
14.9205 1600345679
27.5534 1600345679
27.2703 1600345679
7.5794 1600345679
8.3561 1600345679
12.6166 1600345679
11.2621 1600345679
12.707400000000002 1600345679
14.2205 1600345679
27.5533 1600345679
13.1312 1600345679
25.0686 1600345679
13.131 1600345679
25.3112 1600345679
27.5031 1600345679
2.7653 1600345679
13.2532 1600345679
11.3337 1600345679
27.4248 1600345679
12.565900000000001 1600345679
25.3104 1600345679
22.1292 1600345679
25.755300000000002 1600345679
12.5653 1600345679
26.819000000000003 1600345679
19.0278 1600345679
16.4222 1600345679
18.946 1600345679
4.5893 1600345679
16.517200000000003 1600345679
21.5071 1600345679
26.5714 1600345679
19.4514 1600345679
22.1448 1600345679
27.4922 1600345679
7.5793 1600345679
8.7505 1600345679
5.9146 1600345679
19.4521 1600345679
9.1728 1600345679
12.631900000000002 1600345679
24.707800000000002 1600345679
12.6517 1600345679
25.310200000000002 1600345679
8.4564 1600345679
9.215200000000001 1600345679
25.223000000000003 1600345679
22.128600000000002 1600345679
10.5655 1600345679
25.3107 1600345679
25.9041 1600345679
11.3516 1600345679
16.2298 1600345679
26.229100000000003 1600345679
18.7972 1600345679
25.346700000000002 1600345679
26.595000000000002 1600345679
16.491 1600345679
3.3683 1600345679
10.5675 1600345679
23.1346 1600345679
24.8761 1600345679
25.7549 1600345679
6.0832999999999995 1600345679
27.575300000000002 1600345679
27.5572 1600345679
25.889300000000002 1600345679
9.187 1600345679
12.6162 1600345679
5.9394 1600345679
24.8278 1600345679
3.9657 1600345679
6.6055 1600345679
12.7498 1600345679
8.846200000000001 1600345679
10.709000000000001 1600345679
26.5639 1600345679
21.9435 1600345679
9.116200000000001 1600345679
16.4528 1600345679
5.1292 1600345679
26.7493 1600345679
27.557100000000002 1600345679
9.0473 1600345679
5.3868 1600345679
27.593500000000002 1600345679
6.1472 1600345679
24.8241 1600345679
6.2597000000000005 1600345679
0.7373999999999999 1600345679
11.5446 1600345679
4.1889 1600345679
6.408399999999999 1600345679
27.5936 1600345679
22.3961 1600345679
4.2226 1600345679
4.4017 1600345679
17.1321 1600345679
6.0698 1600345679
20.520400000000002 1600345679
5.3867 1600345679
23.2798 1600345679
25.3553 1600345679
9.1727 1600345679
12.665799999999999 1600345679
26.7494 1600345679
5.8619 1600345679
13.287199999999999 1600345679
8.7593 1600345679
26.5959 1600345679
27.5532 1600345679
8.7596 1600345679
9.196200000000001 1600345679
27.5532 1600345679
22.0169 1600345679
5.3759999999999994 1600345679
10.6241 1600345679
6.385 1600345679
8.0013 1600345679
24.8616 1600345679
6.4086 1600345679
17.1335 1600345679
20.8293 1600345679
20.9195 1600345679
21.928900000000002 1600345679
26.788700000000002 1600345679
27.557000000000002 1600345679
4.2223 1600345679
9.9131 1600345679
23.28 1600345679
9.1733 1600345679
12.4474 1600345679
4.222799999999999 1600345679
21.857400000000002 1600345679
12.4831 1600345679
18.174200000000003 1600345679
7.6489 1600345679
16.9955 1600345679
16.422800000000002 1600345679
16.994600000000002 1600345679
9.2147 1600345679
4.1887 1600345679
4.7834 1600345679
27.124200000000002 1600345679
17.1003 1600345679
7.5237 1600345679
19.4516 1600345679
21.4375 1600345679
26.5953 1600345679
20.7334 1600345679
7.5845 1600345679
13.3321 1600345679
9.1004 1600345679
23.28 1600345679
23.726200000000002 1600345679
25.291 1600345679
4.3429 1600345679
27.2532 1600345679
24.717100000000002 1600345679
25.3461 1600345679
5.3872 1600345679
10.2706 1600345679
27.555300000000003 1600345679
10.5673 1600345679
7.0745000000000005 1600345679
5.8619 1600345679
8.1262 1600345679
18.9923 1600345679
16.2889 1600345679
7.6052 1600345679
20.7498 1600345679
26.1828 1600345679
8.7368 1600345679
17.134 1600345679
6.4348 1600345679
25.037 1600345679
19.451 1600345679
17.1319 1600345679
19.4149 1600345679
22.32 1600345679
20.828500000000002 1600345679
20.7061 1600345679
21.9434 1600345679
26.3577 1600345679
6.6055 1600345679
5.8609 1600345679
6.6329 1600345679
10.9206 1600345679
8.4078 1600345679
20.5687 1600345679
4.3435 1600345679
20.5674 1600345679
8.5706 1600345679
27.557000000000002 1600345679
6.4763 1600345679
10.9823 1600345679
9.0081 1600345679
12.749600000000001 1600345679
20.645500000000002 1600345679
13.2871 1600345679
9.0073 1600345679
20.7498 1600345679
24.7189 1600345679
11.3529 1600345679
6.4326 1600345679
20.791 1600345679
27.3045 1600345679
27.552400000000002 1600345679
4.3431 1600345679
27.5572 1600345679
20.7867 1600345679
4.6843 1600345679
13.300199999999998 1600345679
10.5075 1600345679
16.4682 1600345679
25.8566 1600345679
9.173 1600345679
16.517300000000002 1600345679
19.102700000000002 1600345679
5.6855 1600345679
17.085800000000003 1600345679
19.945 1600345679
23.125600000000002 1600345679
0.009699999999999986 1600345679
