12.8569 1600645884
12.1961 1600645884
8.488900000000001 1600645884
8.6821 1600645884
13.4218 1600645884
9.211699999999999 1600645884
12.6053 1600645884
7.3529 1600645884
14.1877 1600645884
5.4665 1600645884
9.204899999999999 1600645884
12.225999999999999 1600645884
13.5345 1600645884
4.3753 1600645884
13.8073 1600645884
8.4849 1600645884
14.058 1600645884
12.581199999999999 1600645884
13.256499999999999 1600645884
3.9704000000000006 1600645884
12.9575 1600645884
4.290900000000001 1600645884
13.774 1600645884
8.785599999999999 1600645884
13.094399999999998 1600645884
3.7695 1600645884
13.5788 1600645884
5.0936 1600645884
10.6818 1600645884
3.2235 1600645884
13.5032 1600645884
3.537 1600645884
10.2586 1600645884
4.668200000000001 1600645884
13.0469 1600645884
11.320699999999999 1600645884
14.071900000000001 1600645884
12.456399999999999 1600645884
13.306199999999999 1600645884
10.1543 1600645884
5.2144 1600645884
9.4439 1600645884
9.4102 1600645884
14.1275 1600645884
12.7122 1600645884
5.2029000000000005 1600645884
6.7828 1600645884
12.8873 1600645884
8.993799999999998 1600645884
13.0345 1600645884
9.5339 1600645884
14.008199999999999 1600645884
9.413599999999999 1600645884
14.307200000000002 1600645884
13.3464 1600645884
12.379900000000001 1600645884
4.8914 1600645884
13.101899999999999 1600645884
4.7833000000000006 1600645884
13.6548 1600645884
11.3136 1600645884
12.874899999999998 1600645884
9.703399999999998 1600645884
12.7698 1600645884
5.0063 1600645884
13.251199999999999 1600645884
9.122399999999999 1600645884
13.477699999999999 1600645884
9.3316 1600645884
13.132 1600645884
9.4123 1600645884
13.104600000000001 1600645884
8.9198 1600645884
12.7896 1600645884
13.0658 1600645884
9.527099999999999 1600645884
10.1931 1600645884
4.1508 1600645884
13.013599999999999 1600645884
12.8172 1600645884
13.4938 1600645884
4.2156 1600645884
14.101199999999999 1600645884
4.7689 1600645884
13.286000000000001 1600645884
9.4059 1600645884
13.0118 1600645884
4.4681 1600645884
12.6147 1600645884
4.8983 1600645884
13.3761 1600645884
9.1498 1600645884
13.1448 1600645884
5.4848 1600645884
13.6787 1600645884
9.446200000000001 1600645884
13.178199999999999 1600645884
13.0628 1600645884
13.123199999999999 1600645884
12.188400000000001 1600645884
12.874 1600645884
4.069100000000001 1600645884
10.996799999999999 1600645884
9.3064 1600645884
13.897 1600645884
8.0734 1600645884
10.699599999999998 1600645884
8.389199999999999 1600645884
14.2946 1600645884
11.6106 1600645884
8.632100000000001 1600645884
12.9379 1600645884
9.5243 1600645884
10.2172 1600645884
4.2966 1600645884
14.349 1600645884
8.562600000000002 1600645884
13.2277 1600645884
4.8627 1600645884
12.9123 1600645884
8.6345 1600645884
13.327399999999999 1600645884
3.7843 1600645884
13.3852 1600645884
4.0724 1600645884
13.8968 1600645884
8.357700000000001 1600645884
13.4756 1600645884
8.544099999999998 1600645884
9.7178 1600645884
9.743400000000001 1600645884
12.9051 1600645884
4.7224 1600645884
14.0618 1600645884
8.4133 1600645884
14.359800000000002 1600645884
9.2834 1600645884
12.7716 1600645884
2.8583000000000003 1600645884
13.6715 1600645884
11.3119 1600645884
12.7317 1600645884
4.0922 1600645884
13.403799999999999 1600645884
4.958200000000001 1600645884
12.7782 1600645884
9.333599999999999 1600645884
9.271799999999999 1600645884
13.2119 1600645884
2.547 1600645884
13.672699999999999 1600645884
4.6719 1600645884
14.034 1600645884
5.6445 1600645884
13.359 1600645884
7.3557 1600645884
11.018699999999999 1600645884
5.1236 1600645884
13.7197 1600645884
5.5449 1600645884
13.210899999999999 1600645884
5.3216 1600645884
10.133899999999999 1600645884
7.8113 1600645884
13.4982 1600645884
11.355500000000001 1600645884
13.498099999999999 1600645884
6.2924 1600645884
13.517100000000001 1600645884
4.4694 1600645884
11.5686 1600645884
7.9525999999999994 1600645884
13.559099999999999 1600645884
9.488700000000001 1600645884
10.1928 1600645884
4.4436 1600645884
14.0339 1600645884
3.7611 1600645884
14.290899999999999 1600645884
4.6685 1600645884
10.211799999999998 1600645884
4.7694 1600645884
12.3392 1600645884
8.5194 1600645884
13.8476 1600645884
13.26 1600645884
7.5693 1600645884
14.2074 1600645884
7.4429 1600645884
14.293 1600645884
3.1858 1600645884
12.9119 1600645884
12.239899999999999 1600645884
13.736899999999999 1600645884
9.446 1600645884
12.8474 1600645884
13.0632 1600645884
13.4325 1600645884
8.405899999999999 1600645884
12.874099999999999 1600645884
8.658299999999999 1600645884
13.3948 1600645884
9.3416 1600645884
9.933399999999999 1600645884
9.885 1600645884
12.966000000000001 1600645884
8.5007 1600645884
12.9187 1600645884
9.2052 1600645884
12.273499999999999 1600645884
8.4419 1600645884
9.8361 1600645884
8.412199999999999 1600645884
13.206399999999999 1600645884
8.6481 1600645884
12.507200000000001 1600645884
4.8628 1600645884
13.0781 1600645884
4.9199 1600645884
8.7075 1600645884
12.278699999999999 1600645884
8.502500000000001 1600645884
13.6288 1600645884
8.5701 1600645884
10.274299999999998 1600645884
4.5217 1600645884
13.3796 1600645884
8.544099999999998 1600645884
13.6077 1600645884
12.5713 1600645884
13.9901 1600645884
7.367 1600645884
12.979999999999999 1600645884
9.664700000000002 1600645884
12.499500000000001 1600645884
4.0947000000000005 1600645884
14.0365 1600645884
3.8733 1600645884
12.7288 1600645884
4.2085 1600645884
14.1495 1600645884
11.3121 1600645884
12.936599999999999 1600645884
8.540799999999999 1600645884
13.376199999999999 1600645884
8.9561 1600645884
13.3927 1600645884
8.3485 1600645884
10.0074 1600645884
9.7333 1600645884
13.838700000000001 1600645884
8.6035 1600645884
12.5518 1600645884
4.9554 1600645884
12.411800000000001 1600645884
9.308399999999999 1600645884
9.4055 1600645884
12.7303 1600645884
12.7084 1600645884
12.798200000000001 1600645884
12.194 1600645884
13.946000000000002 1600645884
6.148000000000001 1600645884
13.2363 1600645884
11.735899999999999 1600645884
13.6998 1600645884
7.6049 1600645884
14.160699999999999 1600645884
9.5952 1600645884
13.4465 1600645884
11.328299999999999 1600645884
13.560400000000001 1600645884
12.494399999999999 1600645884
13.748199999999999 1600645884
4.9754000000000005 1600645884
9.937100000000001 1600645884
8.564699999999998 1600645884
14.1643 1600645884
12.251900000000001 1600645884
12.906600000000001 1600645884
4.8405000000000005 1600645884
10.924299999999999 1600645884
3.7027 1600645884
13.3266 1600645884
5.4665 1600645884
11.2944 1600645884
3.8573 1600645884
13.140600000000001 1600645884
3.5380000000000003 1600645884
9.5371 1600645884
5.1925 1600645884
13.6212 1600645884
9.369800000000001 1600645884
13.58 1600645884
13.1101 1600645884
11.3159 1600645884
13.6001 1600645884
8.6957 1600645884
12.9187 1600645884
8.6583 1600645884
13.6237 1600645884
9.9371 1600645884
13.2993 1600645884
4.5943 1600645884
13.264999999999999 1600645884
9.613299999999999 1600645884
9.205300000000001 1600645884
6.3766 1600645884
12.9032 1600645884
9.634 1600645884
13.4657 1600645884
8.412099999999999 1600645884
13.822299999999998 1600645884
4.3347999999999995 1600645884
12.7973 1600645884
3.9706 1600645884
9.8561 1600645884
5.6695 1600645884
8.772699999999999 1600645884
10.2182 1600645884
9.6694 1600645884
4.4348 1600645884
13.3851 1600645884
4.7893 1600645884
14.2884 1600645884
8.842300000000002 1600645884
9.2617 1600645884
3.5373 1600645884
13.811 1600645884
9.412 1600645884
12.9925 1600645884
13.278 1600645884
4.488300000000001 1600645884
13.578999999999999 1600645884
5.0858 1600645884
9.6639 1600645884
6.5036000000000005 1600645884
13.671199999999999 1600645884
8.572099999999999 1600645884
13.1855 1600645884
11.312199999999999 1600645884
12.729500000000002 1600645884
4.8524 1600645884
13.620199999999999 1600645884
11.420399999999999 1600645884
13.0344 1600645884
2.4725 1600645884
13.4747 1600645884
9.733699999999999 1600645884
13.265500000000001 1600645884
13.3323 1600645884
12.469700000000001 1600645884
12.3042 1600645884
13.1669 1600645884
9.315000000000001 1600645884
10.9367 1600645884
5.7886999999999995 1600645884
9.4813 1600645884
12.662799999999999 1600645884
12.802299999999999 1600645884
5.265000000000001 1600645884
13.699000000000002 1600645884
9.114400000000002 1600645884
13.8714 1600645884
4.6232 1600645884
10.0305 1600645884
4.4624 1600645884
11.444500000000001 1600645884
12.8173 1600645884
4.723800000000001 1600645884
13.559000000000001 1600645884
3.5827 1600645884
10.3868 1600645884
9.3608 1600645884
13.801599999999999 1600645884
8.5213 1600645884
12.6638 1600645884
2.2058 1600645884
12.985299999999999 1600645884
4.8402 1600645884
14.4284 1600645884
9.0846 1600645884
12.722299999999999 1600645884
5.4657 1600645884
10.872599999999998 1600645884
4.5196000000000005 1600645884
13.1439 1600645884
7.9529000000000005 1600645884
13.315299999999999 1600645884
8.334700000000002 1600645884
13.878599999999999 1600645884
9.506 1600645884
13.622200000000001 1600645884
12.751700000000001 1600645884
13.1805 1600645884
5.3396 1600645884
9.771400000000002 1600645884
3.6597000000000004 1600645884
10.790799999999999 1600645884
4.3933 1600645884
13.851899999999999 1600645884
4.3651 1600645884
12.7819 1600645884
9.8822 1600645884
9.1391 1600645884
13.2598 1600645884
11.333699999999999 1600645884
13.7226 1600645884
9.5861 1600645884
10.2553 1600645884
4.2845 1600645884
13.673699999999998 1600645884
8.531099999999999 1600645884
13.3408 1600645884
8.613299999999999 1600645884
12.957699999999999 1600645884
8.501199999999999 1600645884
13.748099999999999 1600645884
4.9092 1600645884
13.744399999999999 1600645884
8.5037 1600645884
10.6449 1600645884
4.5733 1600645884
14.3327 1600645884
8.6511 1600645884
13.9131 1600645884
8.543600000000001 1600645884
13.641499999999999 1600645884
4.1914 1600645884
14.248800000000001 1600645884
4.8703 1600645884
9.6341 1600645884
9.283299999999999 1600645884
12.875599999999999 1600645884
4.057 1600645884
12.712 1600645884
8.603900000000001 1600645884
13.1846 1600645884
8.503599999999999 1600645884
12.6834 1600645884
10.0099 1600645884
8.7489 1600645884
10.371300000000002 1600645884
1.5194999999999999 1600645884
13.8585 1600645884
4.2523 1600645884
10.816899999999999 1600645884
4.402 1600645884
14.4233 1600645884
8.5268 1600645884
13.640699999999999 1600645884
12.491100000000001 1600645884
13.553899999999999 1600645884
3.9023000000000003 1600645884
13.7766 1600645884
12.8112 1600645884
13.756499999999999 1600645884
4.6173 1600645884
14.1204 1600645884
4.7976 1600645884
14.0162 1600645884
9.3487 1600645884
12.956299999999999 1600645884
3.5017 1600645884
13.4688 1600645884
8.3692 1600645884
14.3298 1600645884
8.9194 1600645884
12.4193 1600645884
3.583 1600645884
13.403599999999999 1600645884
4.1190999999999995 1600645884
13.917 1600645884
8.375800000000002 1600645884
13.007000000000001 1600645884
11.4382 1600645884
7.414000000000001 1600645884
8.9127 1600645884
8.879199999999999 1600645884
9.1866 1600645884
9.077599999999999 1600645884
13.0115 1600645884
7.569 1600645884
13.5317 1600645884
8.466000000000001 1600645884
14.3506 1600645884
7.9524 1600645884
12.473600000000001 1600645884
9.416200000000002 1600645884
13.770199999999999 1600645884
9.505899999999999 1600645884
14.233400000000001 1600645884
12.846499999999999 1600645884
13.291400000000001 1600645884
4.6191 1600645884
12.873899999999999 1600645884
4.1074 1600645884
13.395100000000001 1600645884
3.703 1600645884
13.9984 1600645884
7.3524 1600645884
9.942100000000002 1600645884
8.660699999999999 1600645884
12.7629 1600645884
6.3766 1600645884
13.867899999999999 1600645884
12.3094 1600645884
13.7821 1600645884
9.514100000000001 1600645884
13.9408 1600645884
12.910499999999999 1600645884
8.562000000000001 1600645884
