0.5082 1600634734
0.9808000000000001 1600634734
0.29410000000000003 1600634734
0.7846000000000001 1600634734
0.6751 1600634734
0.7443000000000001 1600634734
0.6397 1600634734
0.8856999999999999 1600634734
0.359 1600634734
0.8821000000000001 1600634734
0.5798000000000001 1600634734
0.8931 1600634734
0.19950000000000004 1600634734
0.8299000000000001 1600634734
0.7929 1600634734
0.615 1600634734
0.5084000000000001 1600634734
0.9822 1600634734
0.32330000000000003 1600634734
0.42600000000000005 1600634734
0.40680000000000005 1600634734
0.7368 1600634734
0.4065000000000001 1600634734
0.7486 1600634734
0.47340000000000004 1600634734
0.9582999999999999 1600634734
0.5592 1600634734
0.6112000000000001 1600634734
0.40770000000000006 1600634734
0.8244 1600634734
0.7505000000000001 1600634734
0.5006 1600634734
0.2452 1600634734
0.9729000000000001 1600634734
0.4094 1600634734
0.9259999999999999 1600634734
0.0796 1600634734
0.9241000000000001 1600634734
0.6396000000000001 1600634734
0.7484000000000001 1600634734
0.426 1600634734
0.9261000000000001 1600634734
0.4983000000000001 1600634734
0.7591 1600634734
0.40770000000000006 1600634734
0.7989 1600634734
0.7517 1600634734
0.46720000000000006 1600634734
0.5086 1600634734
0.9730000000000001 1600634734
0.3175 1600634734
0.8568 1600634734
0.6002000000000001 1600634734
0.7371000000000001 1600634734
0.6394000000000001 1600634734
0.6833 1600634734
0.2975 1600634734
0.6564000000000001 1600634734
0.5999 1600634734
0.9108 1600634734
0.6966 1600634734
0.8247 1600634734
0.6651 1600634734
0.8898000000000001 1600634734
0.35860000000000003 1600634734
0.9728000000000001 1600634734
0.785 1600634734
1.0192 1600634734
0.6002000000000001 1600634734
0.736 1600634734
0.5099 1600634734
0.8865000000000001 1600634734
0.5657000000000001 1600634734
0.8596000000000001 1600634734
0.49840000000000007 1600634734
0.7593000000000001 1600634734
0.24810000000000001 1600634734
0.8707 1600634734
0.6651 1600634734
0.8899000000000001 1600634734
0.22330000000000003 1600634734
0.9731000000000001 1600634734
0.29400000000000004 1600634734
1.016 1600634734
0.5566 1600634734
0.8179000000000001 1600634734
0.28470000000000006 1600634734
0.7486 1600634734
0.18700000000000003 1600634734
0.8419 1600634734
0.35250000000000004 1600634734
0.8164 1600634734
0.2446 1600634734
0.8037000000000001 1600634734
0.7505000000000001 1600634734
0.665 1600634734
0.5084000000000001 1600634734
0.9732000000000001 1600634734
0.5166000000000001 1600634734
0.8677000000000001 1600634734
0.392 1600634734
0.7535000000000001 1600634734
0.6383000000000001 1600634734
0.5660000000000001 1600634734
0.7102 1600634734
0.13810000000000003 1600634734
0.6131000000000001 1600634734
0.40770000000000006 1600634734
0.8346 1600634734
0.29410000000000003 1600634734
0.6017 1600634734
0.2453 1600634734
0.9255 1600634734
0.4106000000000001 1600634734
0.8728 1600634734
0.5565 1600634734
0.7437 1600634734
0.6829000000000001 1600634734
0.9485000000000001 1600634734
0.42600000000000005 1600634734
0.6161 1600634734
0.46020000000000005 1600634734
0.6970000000000001 1600634734
0.19300000000000003 1600634734
0.7837000000000001 1600634734
0.3924000000000001 1600634734
0.8124 1600634734
0.4277000000000001 1600634734
0.7610999999999999 1600634734
0.4254 1600634734
1.0165 1600634734
0.3355 1600634734
0.7401 1600634734
0.05740000000000001 1600634734
0.8869 1600634734
0.5161 1600634734
0.8987 1600634734
0.4274 1600634734
0.9111 1600634734
0.6966 1600634734
0.7835000000000001 1600634734
0.6652 1600634734
0.8831 1600634734
0.43710000000000004 1600634734
0.9257 1600634734
0.785 1600634734
1.0166 1600634734
0.5567000000000001 1600634734
0.7358 1600634734
0.05700000000000002 1600634734
0.8868 1600634734
0.32410000000000005 1600634734
0.8164 1600634734
0.42680000000000007 1600634734
0.6968000000000001 1600634734
0.15430000000000002 1600634734
0.7837000000000001 1600634734
0.20010000000000003 1600634734
0.6764 1600634734
0.4368000000000001 1600634734
0.9728000000000001 1600634734
0.40980000000000005 1600634734
0.974 1600634734
0.19660000000000002 1600634734
0.8181 1600634734
0.5633 1600634734
0.7536 1600634734
0.31599999999999995 1600634734
0.7237 1600634734
0.12789999999999999 1600634734
0.8083 1600634734
0.5638000000000001 1600634734
0.799 1600634734
0.6651 1600634734
0.8834 1600634734
0.1423 1600634734
0.9730000000000001 1600634734
0.4094 1600634734
0.9641 1600634734
0.5565 1600634734
0.9307000000000001 1600634734
0.25939999999999996 1600634734
0.9873000000000001 1600634734
0.5656 1600634734
0.9089 1600634734
0.4676 1600634734
0.9114 1600634734
0.5636 1600634734
0.8085 1600634734
0.6652 1600634734
0.8906000000000001 1600634734
0.4368000000000001 1600634734
0.8441000000000001 1600634734
0.15669999999999998 1600634734
0.8574999999999999 1600634734
0.5566 1600634734
0.7658 1600634734
0.6395000000000001 1600634734
0.9484000000000001 1600634734
0.47350000000000003 1600634734
0.8415 1600634734
0.4819 1600634734
0.7841 1600634734
0.5103 1600634734
0.7839 1600634734
0.8293 1600634734
0.43720000000000003 1600634734
0.784 1600634734
0.8440000000000001 1600634734
1.0196 1600634734
0.5117 1600634734
0.6006 1600634734
0.3822 1600634734
0.7527 1600634734
0.3258 1600634734
0.7097 1600634734
0.6467 1600634734
0.911 1600634734
0.6113000000000001 1600634734
0.6992 1600634734
0.6648000000000001 1600634734
0.7549 1600634734
0.24639999999999998 1600634734
0.4032 1600634734
0.42490000000000006 1600634734
1.0198 1600634734
0.5022000000000001 1600634734
0.8423 1600634734
0.6395000000000001 1600634734
0.9262000000000001 1600634734
0.1399 1600634734
0.8812 1600634734
0.46720000000000006 1600634734
0.9194 1600634734
0.7601 1600634734
0.7829 1600634734
0.19910000000000003 1600634734
0.6549 1600634734
0.2251 1600634734
0.8908 1600634734
0.32320000000000004 1600634734
0.8603000000000001 1600634734
0.6005 1600634734
0.46820000000000006 1600634734
0.24640000000000004 1600634734
0.7851 1600634734
0.474 1600634734
0.6322 1600634734
0.4675 1600634734
0.9206000000000001 1600634734
0.1003 1600634734
0.7832 1600634734
0.0024000000000000132 1600634734
0.7863 1600634734
0.5087 1600634734
0.9252 1600634734
0.2934 1600634734
0.8450000000000001 1600634734
0.5569000000000001 1600634734
0.7346 1600634734
0.2463 1600634734
0.7595000000000001 1600634734
0.42680000000000007 1600634734
0.9742 1600634734
0.46720000000000006 1600634734
0.8173 1600634734
0.612 1600634734
0.8697000000000001 1600634734
0.6657000000000001 1600634734
0.8835999999999999 1600634734
0.5091 1600634734
0.6064 1600634734
0.44400000000000006 1600634734
0.8657000000000001 1600634734
0.6009 1600634734
0.7347 1600634734
0.0028000000000000247 1600634734
0.9145000000000001 1600634734
0.3166 1600634734
0.6249 1600634734
0.46020000000000005 1600634734
0.9115 1600634734
0.485 1600634734
0.7448 1600634734
0.6652 1600634734
0.8911 1600634734
0.5303 1600634734
0.35409999999999997 1600634734
0.9257 1600634734
1.0199 1600634734
0.39380000000000004 1600634734
0.7347 1600634734
0.0024000000000000132 1600634734
0.9031 1600634734
0.1868 1600634734
0.9257 1600634734
0.002600000000000019 1600634734
0.9113 1600634734
0.6978000000000001 1600634734
0.8243 1600634734
0.40570000000000006 1600634734
0.8122 1600634734
0.3538 1600634734
0.7844 1600634734
0.7854 1600634734
1.0170000000000001 1600634734
0.394 1600634734
0.6686000000000001 1600634734
0.9904 1600634734
0.4267000000000001 1600634734
0.9521999999999999 1600634734
0.35219999999999996 1600634734
0.7864 1600634734
0.4848 1600634734
0.7984 1600634734
0.29200000000000004 1600634734
0.6651 1600634734
0.31120000000000003 1600634734
0.9727000000000001 1600634734
0.6125 1600634734
0.9262000000000001 1600634734
0.3842 1600634734
0.8822000000000001 1600634734
0.5626 1600634734
0.9477 1600634734
0.5662 1600634734
0.9524000000000001 1600634734
0.2762 1600634734
0.7714000000000001 1600634734
0.6971 1600634734
0.8251000000000001 1600634734
0.6649 1600634734
0.7862 1600634734
0.43700000000000006 1600634734
0.9730000000000001 1600634734
0.6679 1600634734
0.6488 1600634734
0.35750000000000004 1600634734
0.7357 1600634734
0.3691 1600634734
0.9822 1600634734
0.5663 1600634734
0.7884 1600634734
0.5122 1600634734
0.9154 1600634734
0.6972 1600634734
0.8724000000000001 1600634734
0.0023000000000000242 1600634734
0.7862 1600634734
0.39890000000000003 1600634734
0.9729000000000001 1600634734
0.7851 1600634734
0.9881 1600634734
0.6003000000000001 1600634734
0.7457 1600634734
0.3689 1600634734
0.9143000000000001 1600634734
0.5663 1600634734
0.9572 1600634734
0.5795 1600634734
0.9114 1600634734
0.6113000000000001 1600634734
0.8701000000000001 1600634734
0.2914 1600634734
0.6579 1600634734
0.35860000000000003 1600634734
0.8490000000000001 1600634734
0.785 1600634734
0.9736 1600634734
0.3002 1600634734
0.8824000000000001 1600634734
0.5625 1600634734
0.9142000000000001 1600634734
0.5660000000000001 1600634734
0.8916999999999999 1600634734
0.42680000000000007 1600634734
0.8142 1600634734
0.6114 1600634734
0.8706 1600634734
0.6648000000000001 1600634734
0.7809 1600634734
0.5086 1600634734
0.9731000000000001 1600634734
0.6125 1600634734
0.9422000000000001 1600634734
0.557 1600634734
0.8915 1600634734
0.28859999999999997 1600634734
0.9667000000000001 1600634734
0.4265 1600634734
0.8428 1600634734
0.35209999999999997 1600634734
0.8164 1600634734
0.1937 1600634734
0.8827 1600634734
0.6645000000000001 1600634734
0.8186 1600634734
0.18090000000000003 1600634734
0.9267000000000001 1600634734
0.7851 1600634734
0.6778000000000001 1600634734
0.5115000000000001 1600634734
0.8924000000000001 1600634734
0.2845 1600634734
0.8909 1600634734
0.5659000000000001 1600634734
0.9355 1600634734
0.6072000000000001 1600634734
0.8942000000000001 1600634734
0.8174 1600634734
0.7462000000000001 1600634734
0.8895 1600634734
0.14260000000000003 1600634734
0.9797 1600634734
0.5106 1600634734
0.8671 1600634734
0.6079 1600634734
0.7961 1600634734
0.6396000000000001 1600634734
1.0342 1600634734
0.5660000000000001 1600634734
0.8820000000000001 1600634734
0.2306 1600634734
0.6102000000000001 1600634734
0.1923 1600634734
0.8327 1600634734
0.22430000000000003 1600634734
0.6267 1600634734
0.3529 1600634734
0.9727000000000001 1600634734
0.7852 1600634734
1.0159 1600634734
0.46620000000000006 1600634734
0.7369 1600634734
0.6396000000000001 1600634734
0.7859 1600634734
0.5659000000000001 1600634734
0.9547000000000001 1600634734
0.4949 1600634734
0.48460000000000003 1600634734
0.5967 1600634734
0.8701000000000001 1600634734
0.47450000000000003 1600634734
0.8898000000000001 1600634734
0.2447 1600634734
0.9255 1600634734
0.668 1600634734
0.8444 1600634734
0.3821 1600634734
0.937 1600634734
0.5098 1600634734
0.6952 1600634734
0.8131 1600634734
0.9573 1600634734
0.4263 1600634734
0.5800000000000001 1600634734
0.6966 1600634734
0.8725 1600634734
0.49970000000000003 1600634734
0.8828 1600634734
0.4092 1600634734
0.9726000000000001 1600634734
0.6134000000000001 1600634734
0.9532 1600634734
0.6247 1600634734
1.0078 1600634734
0.3013 1600634734
0.7487 1600634734
0.13720000000000002 1600634734
0.9575 1600634734
0.4263 1600634734
0.5799000000000001 1600634734
0.611 1600634734
0.7877000000000001 1600634734
0.4747 1600634734
0.7892 1600634734
0.3581000000000001 1600634734
0.8929 1600634734
0.7855 1600634734
0.9963 1600634734
0.5188 1600634734
0.8826 1600634734
0.6833 1600634734
0.5208 1600634734
0.4256000000000001 1600634734
0.9262000000000001 1600634734
0.3933 1600634734
0.6104 1600634734
0.257 1600634734
0.8431000000000001 1600634734
0.6653 1600634734
0.5081 1600634734
0.5082 1600634734
0.9730000000000001 1600634734
0.9260999999999999 1600634734
0.5997 1600634734
0.4658 1600634734
0.8184 1600634734
0.6823 1600634734
0.8861000000000001 1600634734
0.5653 1600634734
0.9359 1600634734
0.4263 1600634734
0.7833 1600634734
0.15380000000000002 1600634734
0.7838 1600634734
0.6643 1600634734
0.8827 1600634734
0.4025000000000001 1600634734
0.98 1600634734
0.9261000000000001 1600634734
0.8677000000000001 1600634734
