0.8919999999999999 1600340428
0.8030999999999999 1600340428
0.9612 1600340428
1.0494 1600340428
0.9610000000000001 1600340428
0.8593 1600340428
1.5267 1600340428
0.9612 1600340428
1.0184 1600340428
1.0578 1600340428
0.8288 1600340428
1.0817 1600340428
1.2762000000000002 1600340428
0.6953 1600340428
0.8694999999999999 1600340428
1.3226 1600340428
0.8454999999999999 1600340428
1.044 1600340428
0.7775000000000001 1600340428
1.0571 1600340428
1.0439 1600340428
0.7576 1600340428
1.144 1600340428
1.0571 1600340428
0.8549 1600340428
1.3217999999999999 1600340428
1.0438 1600340428
0.9654 1600340428
0.9328000000000001 1600340428
0.9328000000000001 1600340428
0.9606000000000001 1600340428
0.8452 1600340428
0.8727 1600340428
0.8561000000000001 1600340428
0.8853 1600340428
0.8452 1600340428
0.8587 1600340428
1.4687 1600340428
0.8454999999999999 1600340428
0.8828 1600340428
0.9607000000000001 1600340428
0.8660000000000001 1600340428
0.8287 1600340428
0.855 1600340428
0.8727 1600340428
0.8452999999999999 1600340428
0.8124 1600340428
0.9610000000000001 1600340428
0.9823 1600340428
0.8683000000000001 1600340428
0.8565 1600340428
1.5428 1600340428
1.0439 1600340428
1.5344 1600340428
1.0585 1600340428
0.8540000000000001 1600340428
0.8536999999999999 1600340428
1.2992000000000001 1600340428
0.694 1600340428
0.8692 1600340428
0.8102 1600340428
0.8925000000000001 1600340428
1.4883 1600340428
0.8566 1600340428
1.5015999999999998 1600340428
0.8451 1600340428
0.8551 1600340428
1.0424 1600340428
1.0438 1600340428
0.8620000000000001 1600340428
0.8453999999999999 1600340428
1.044 1600340428
0.8693 1600340428
0.8284 1600340428
1.1509 1600340428
1.0584 1600340428
0.8560000000000001 1600340428
0.9611000000000001 1600340428
0.7082999999999999 1600340428
0.8285 1600340428
0.9495 1600340428
0.8028 1600340428
0.8591 1600340428
0.8827 1600340428
0.8284 1600340428
1.0437 1600340428
0.845 1600340428
1.0649 1600340428
1.0436 1600340428
0.8584 1600340428
0.8553999999999999 1600340428
0.9329000000000001 1600340428
0.6987000000000001 1600340428
1.044 1600340428
1.3226 1600340428
0.8042 1600340428
0.8533999999999999 1600340428
0.6921999999999999 1600340428
0.8559000000000001 1600340428
0.9609000000000001 1600340428
0.8391 1600340428
0.883 1600340428
1.3843 1600340428
0.8905000000000001 1600340428
0.9328000000000001 1600340428
0.7785 1600340428
1.4695 1600340428
1.2991 1600340428
1.0438 1600340428
0.8593999999999999 1600340428
0.8666 1600340428
1.0488 1600340428
0.8452 1600340428
1.4679000000000002 1600340428
0.867 1600340428
1.0586 1600340428
0.8541000000000001 1600340428
1.0866 1600340428
0.9607000000000001 1600340428
1.5266 1600340428
0.8452 1600340428
1.4146999999999998 1600340428
1.4665 1600340428
1.0987000000000002 1600340428
1.0437 1600340428
0.8451 1600340428
0.7498 1600340428
0.8452 1600340428
0.9606000000000001 1600340428
0.8540000000000001 1600340428
1.0439 1600340428
0.8451 1600340428
0.7259 1600340428
1.1773000000000002 1600340428
1.5343 1600340428
0.845 1600340428
1.0845000000000002 1600340428
1.2774 1600340428
1.044 1600340428
1.3834 1600340428
0.7721 1600340428
1.0583 1600340428
0.7069000000000001 1600340428
0.8554999999999999 1600340428
1.1507999999999998 1600340428
0.8533999999999999 1600340428
1.5342000000000002 1600340428
0.8689 1600340428
1.0577 1600340428
0.8122 1600340428
0.8452 1600340428
0.8621000000000001 1600340428
1.1275 1600340428
1.4684 1600340428
0.7785 1600340428
0.8454999999999999 1600340428
0.883 1600340428
0.7792000000000001 1600340428
0.883 1600340428
1.0584 1600340428
0.8567 1600340428
1.4905 1600340428
0.7622 1600340428
0.8200000000000001 1600340428
0.8663000000000001 1600340428
0.9605000000000001 1600340428
0.8828 1600340428
0.8285 1600340428
1.4672999999999998 1600340428
0.9610000000000001 1600340428
0.7769999999999999 1600340428
0.8922000000000001 1600340428
0.8668 1600340428
1.4148 1600340428
1.5006 1600340428
0.9609000000000001 1600340428
1.0847000000000002 1600340428
1.0759 1600340428
0.8284 1600340428
1.0572 1600340428
0.9608000000000001 1600340428
1.2989 1600340428
1.0491 1600340428
1.0485 1600340428
1.049 1600340428
0.8579000000000001 1600340428
1.0486 1600340428
0.6938 1600340428
0.8827 1600340428
0.9609000000000001 1600340428
0.7626 1600340428
0.8803000000000001 1600340428
1.049 1600340428
0.8539000000000001 1600340428
0.8668 1600340428
0.7724 1600340428
1.4689999999999999 1600340428
0.8552 1600340428
1.0816 1600340428
0.8456000000000001 1600340428
1.4678 1600340428
0.8537000000000001 1600340428
0.8589 1600340428
0.6914 1600340428
0.7799 1600340428
0.8449 1600340428
0.8452 1600340428
1.5343 1600340428
0.9653 1600340428
1.0487 1600340428
0.716 1600340428
1.0441 1600340428
0.8567 1600340428
0.8284 1600340428
0.812 1600340428
0.8453999999999999 1600340428
0.7626 1600340428
0.9606000000000001 1600340428
0.7993000000000001 1600340428
1.0569 1600340428
0.8532 1600340428
1.0441 1600340428
0.8492999999999999 1600340428
0.8535999999999999 1600340428
1.4689 1600340428
1.1105 1600340428
1.0758 1600340428
0.8206 1600340428
0.8533 1600340428
0.8286 1600340428
0.853 1600340428
0.8286 1600340428
0.8591 1600340428
0.8451 1600340428
1.0486 1600340428
1.5266000000000002 1600340428
0.7794000000000001 1600340428
1.1105 1600340428
1.4891999999999999 1600340428
0.9608000000000001 1600340428
0.8452 1600340428
0.7719 1600340428
0.8785000000000001 1600340428
0.8027 1600340428
0.8111999999999999 1600340428
1.0437 1600340428
0.8205 1600340428
1.1105999999999998 1600340428
0.7576 1600340428
1.4719000000000002 1600340428
0.8089999999999999 1600340428
1.2763 1600340428
1.0486 1600340428
1.3229000000000002 1600340428
1.4735 1600340428
1.0493000000000001 1600340428
1.0488 1600340428
0.8853 1600340428
0.8286 1600340428
0.8925000000000001 1600340428
1.0759 1600340428
1.0443 1600340428
0.9608000000000001 1600340428
0.8454999999999999 1600340428
0.845 1600340428
0.8041 1600340428
1.0586 1600340428
1.3233000000000001 1600340428
0.8537999999999999 1600340428
1.4668999999999999 1600340428
1.4922 1600340428
0.8551 1600340428
1.2994999999999999 1600340428
0.8452999999999999 1600340428
1.0649 1600340428
0.8457000000000001 1600340428
0.8553999999999999 1600340428
1.0575 1600340428
0.8568 1600340428
0.8693 1600340428
1.0428 1600340428
1.0848000000000002 1600340428
1.3219999999999998 1600340428
0.8587 1600340428
0.8451 1600340428
0.8219000000000001 1600340428
0.845 1600340428
1.4898 1600340428
0.8393999999999999 1600340428
0.8691 1600340428
0.8565 1600340428
0.8561000000000001 1600340428
0.8816999999999999 1600340428
1.044 1600340428
0.8807 1600340428
0.8726 1600340428
0.8141 1600340428
0.8694 1600340428
0.8117000000000001 1600340428
1.1108 1600340428
0.7292000000000001 1600340428
0.8219000000000001 1600340428
0.8453999999999999 1600340428
0.8549 1600340428
0.8131999999999999 1600340428
1.1106999999999998 1600340428
0.8822000000000001 1600340428
0.9651000000000001 1600340428
0.7214 1600340428
1.0439 1600340428
1.5153 1600340428
0.8558000000000001 1600340428
0.8534999999999999 1600340428
1.0441 1600340428
0.6929000000000001 1600340428
1.2990000000000002 1600340428
1.0860999999999998 1600340428
1.0586 1600340428
0.8461000000000001 1600340428
1.044 1600340428
0.8551 1600340428
1.3331 1600340428
0.6965000000000001 1600340428
0.8575999999999999 1600340428
1.0441 1600340428
1.5267 1600340428
1.5260000000000002 1600340428
0.7313000000000001 1600340428
0.855 1600340428
1.0759 1600340428
0.8567 1600340428
1.5264000000000002 1600340428
1.1128 1600340428
1.1273 1600340428
1.0539 1600340428
0.8561000000000001 1600340428
0.8916 1600340428
0.8451 1600340428
0.9328000000000001 1600340428
0.8692 1600340428
0.8621000000000001 1600340428
0.6956 1600340428
1.5002 1600340428
1.0436 1600340428
0.8452999999999999 1600340428
1.1814 1600340428
1.0489 1600340428
0.9609000000000001 1600340428
1.4977 1600340428
0.8851 1600340428
1.0581 1600340428
1.0572 1600340428
0.7996000000000001 1600340428
0.8392999999999999 1600340428
1.3356 1600340428
1.0584 1600340428
1.4641000000000002 1600340428
1.1027 1600340428
0.6952 1600340428
1.0643 1600340428
0.7163999999999999 1600340428
1.1105999999999998 1600340428
1.0643 1600340428
0.7354 1600340428
0.8537000000000001 1600340428
0.8453999999999999 1600340428
0.8589 1600340428
1.4639000000000002 1600340428
0.7746999999999999 1600340428
0.8451 1600340428
0.8534999999999999 1600340428
1.0587 1600340428
1.1105999999999998 1600340428
1.5343 1600340428
1.0441 1600340428
1.1105 1600340428
0.6919 1600340428
0.8665 1600340428
1.0583 1600340428
1.2774 1600340428
1.4942000000000002 1600340428
1.044 1600340428
1.044 1600340428
0.9606000000000001 1600340428
0.8566 1600340428
0.8451 1600340428
0.8454999999999999 1600340428
1.0574000000000001 1600340428
0.8025 1600340428
1.5426000000000002 1600340428
0.8692 1600340428
0.802 1600340428
1.1813000000000002 1600340428
0.8734 1600340428
0.7723 1600340428
0.8687 1600340428
0.8124 1600340428
0.8817999999999999 1600340428
0.6925000000000001 1600340428
1.1274000000000002 1600340428
0.9605000000000001 1600340428
1.0581 1600340428
0.8453999999999999 1600340428
1.4169 1600340428
1.2997 1600340428
1.0486 1600340428
1.0585 1600340428
0.8832 1600340428
1.044 1600340428
0.8803000000000001 1600340428
0.8123 1600340428
0.8662000000000001 1600340428
1.4148999999999998 1600340428
0.7645 1600340428
0.9508000000000001 1600340428
1.044 1600340428
0.8824000000000001 1600340428
1.1127000000000002 1600340428
0.8285 1600340428
1.4904000000000002 1600340428
0.855 1600340428
0.9609000000000001 1600340428
1.0581 1600340428
1.2762000000000002 1600340428
1.0815000000000001 1600340428
0.8807 1600340428
0.6956 1600340428
0.8535999999999999 1600340428
1.1023999999999998 1600340428
1.1273 1600340428
1.0579 1600340428
0.6917 1600340428
0.8589 1600340428
1.4233000000000002 1600340428
1.4683000000000002 1600340428
0.845 1600340428
0.7222 1600340428
1.1128 1600340428
1.4687999999999999 1600340428
0.7551000000000001 1600340428
1.5259 1600340428
0.8555999999999999 1600340428
0.8534999999999999 1600340428
0.855 1600340428
1.0579 1600340428
1.4689 1600340428
0.9608000000000001 1600340428
1.4677000000000002 1600340428
1.0577 1600340428
1.0815000000000001 1600340428
1.1127000000000002 1600340428
0.8140000000000001 1600340428
1.0577 1600340428
0.966 1600340428
0.9662999999999999 1600340428
0.845 1600340428
0.8826 1600340428
0.8664000000000001 1600340428
0.8453999999999999 1600340428
1.4148999999999998 1600340428
0.7784 1600340428
0.853 1600340428
0.8454999999999999 1600340428
1.0578 1600340428
0.845 1600340428
1.0438 1600340428
0.8552 1600340428
0.9654 1600340428
1.0682 1600340428
0.9495 1600340428
0.8059000000000001 1600340428
0.8285 1600340428
0.8723000000000001 1600340428
0.8488 1600340428
0.8692 1600340428
1.0841999999999998 1600340428
1.0582 1600340428
1.0552 1600340428
0.9608000000000001 1600340428
0.8457000000000001 1600340428
0.8488 1600340428
0.8672 1600340428
0.8661000000000001 1600340428
0.8220000000000001 1600340428
0.9655 1600340428
1.0436 1600340428
0.8549 1600340428
0.8687 1600340428
1.0582 1600340428
0.9501 1600340428
0.8452 1600340428
1.384 1600340428
0.8492999999999999 1600340428
0.8821000000000001 1600340428
1.5424000000000002 1600340428
0.8558000000000001 1600340428
0.8828 1600340428
0.9607000000000001 1600340428
0.8746 1600340428
0.8448 1600340428
0.8285 1600340428
0.859 1600340428
1.0553000000000001 1600340428
1.0437 1600340428
1.0581 1600340428
0.8668 1600340428
1.5426000000000002 1600340428
0.8722000000000001 1600340428
0.692 1600340428
0.8451 1600340428
0.8282 1600340428
1.4698000000000002 1600340428
