0.7711 1600210974
0.9132000000000001 1600210974
1.1211000000000002 1600210974
1.0271 1600210974
1.1347 1600210974
1.1159 1600210974
1.3557000000000001 1600210974
1.121 1600210974
1.1472000000000002 1600210974
1.1117 1600210974
1.0293 1600210974
1.1433 1600210974
1.2221000000000002 1600210974
1.0087000000000002 1600210974
1.1408 1600210974
1.2385000000000002 1600210974
1.1479 1600210974
1.1425999999999998 1600210974
0.8518 1600210974
1.1147 1600210974
1.1214 1600210974
0.8892000000000001 1600210974
1.1209000000000002 1600210974
1.1150000000000002 1600210974
1.0718 1600210974
1.2393999999999998 1600210974
1.1216 1600210974
1.1042999999999998 1600210974
1.0340000000000003 1600210974
0.9162 1600210974
1.1217000000000001 1600210974
1.0729000000000002 1600210974
0.983 1600210974
0.9977000000000001 1600210974
0.9133000000000001 1600210974
1.1318000000000001 1600210974
1.1157 1600210974
1.2968000000000002 1600210974
1.1479 1600210974
0.8516 1600210974
1.1218 1600210974
1.0343 1600210974
1.0293 1600210974
1.0714000000000001 1600210974
1.1407000000000003 1600210974
1.1319 1600210974
0.8816 1600210974
1.1211000000000002 1600210974
1.0339 1600210974
1.116 1600210974
1.1644999999999999 1600210974
1.3554 1600210974
1.1208 1600210974
1.3266 1600210974
0.9824 1600210974
1.073 1600210974
1.1048 1600210974
1.1480000000000001 1600210974
1.0594999999999999 1600210974
0.9824 1600210974
0.8863 1600210974
0.8814000000000001 1600210974
1.2311 1600210974
1.1054 1600210974
1.2389000000000001 1600210974
1.1064000000000003 1600210974
1.1031 1600210974
1.3352 1600210974
1.1419000000000001 1600210974
1.0727000000000002 1600210974
1.1481 1600210974
1.1254 1600210974
1.1153 1600210974
1.0702000000000003 1600210974
1.3553000000000002 1600210974
1.0041000000000002 1600210974
1.1408 1600210974
1.1211000000000002 1600210974
1.0598 1600210974
1.1117 1600210974
0.9161 1600210974
0.9195000000000001 1600210974
1.1158000000000001 1600210974
0.8808000000000001 1600210974
1.113 1600210974
1.1515 1600210974
1.1318000000000001 1600210974
1.1122999999999998 1600210974
1.1421999999999999 1600210974
1.0346000000000002 1600210974
1.0629 1600210974
1.1277 1600210974
0.9161 1600210974
1.121 1600210974
1.2391999999999999 1600210974
0.8572000000000001 1600210974
1.0731000000000002 1600210974
1.0633 1600210974
1.1156000000000001 1600210974
1.121 1600210974
1.1402 1600210974
0.8863 1600210974
0.9815000000000002 1600210974
0.9114000000000001 1600210974
1.0343 1600210974
0.9186 1600210974
1.2374999999999998 1600210974
0.9818000000000001 1600210974
1.1419000000000001 1600210974
1.0356999999999998 1600210974
1.1158000000000001 1600210974
1.0232999999999999 1600210974
1.1317 1600210974
1.2384 1600210974
1.0634000000000001 1600210974
1.1146000000000003 1600210974
1.1037 1600210974
1.322 1600210974
1.1211000000000002 1600210974
1.3554 1600210974
1.1316000000000002 1600210974
0.9815000000000002 1600210974
1.2222 1600210974
1.2562000000000002 1600210974
1.1215000000000002 1600210974
1.1315 1600210974
1.1164999999999998 1600210974
1.1319 1600210974
1.1208 1600210974
1.0732 1600210974
1.1341 1600210974
1.1317 1600210974
1.0594000000000001 1600210974
1.1212 1600210974
1.3267000000000002 1600210974
1.1068000000000002 1600210974
1.3556 1600210974
1.3356 1600210974
1.1343999999999999 1600210974
1.2385000000000002 1600210974
0.8476 1600210974
1.1149 1600210974
1.0598 1600210974
1.1154000000000002 1600210974
1.3558 1600210974
1.0735999999999999 1600210974
1.3557000000000001 1600210974
1.0159000000000002 1600210974
1.0352000000000001 1600210974
0.9118 1600210974
1.1320999999999999 1600210974
1.0955 1600210974
1.1427 1600210974
1.2964000000000002 1600210974
0.9112000000000001 1600210974
1.1320000000000001 1600210974
0.9058 1600210974
0.8863 1600210974
0.8566000000000001 1600210974
1.1147 1600210974
1.1551 1600210974
1.0004 1600210974
0.9118 1600210974
0.9067999999999999 1600210974
1.1156000000000001 1600210974
1.1196000000000002 1600210974
0.9107999999999999 1600210974
1.0724 1600210974
1.2384 1600210974
1.1213000000000002 1600210974
0.9104 1600210974
0.9251000000000001 1600210974
1.1408 1600210974
1.1568 1600210974
0.9863000000000001 1600210974
1.1207000000000003 1600210974
1.3552 1600210974
1.3555000000000001 1600210974
1.0952000000000002 1600210974
1.0224000000000002 1600210974
1.1206 1600210974
1.0337999999999998 1600210974
1.0243000000000002 1600210974
1.0335999999999999 1600210974
0.9820000000000001 1600210974
1.1145 1600210974
1.0497999999999998 1600210974
1.0634000000000001 1600210974
0.9316000000000001 1600210974
1.1211000000000002 1600210974
0.9179 1600210974
1.0965000000000003 1600210974
0.9818000000000001 1600210974
1.0887000000000002 1600210974
1.1156000000000001 1600210974
0.9203 1600210974
1.2223000000000002 1600210974
1.0703 1600210974
1.1521 1600210974
1.1480000000000001 1600210974
1.2391 1600210974
1.0352999999999999 1600210974
0.9822000000000001 1600210974
1.0341 1600210974
1.0088 1600210974
1.1313 1600210974
1.1319 1600210974
1.3267000000000002 1600210974
1.1755 1600210974
0.9816000000000001 1600210974
1.0634000000000001 1600210974
1.1343 1600210974
1.0356 1600210974
1.0733000000000001 1600210974
0.8862 1600210974
1.1319 1600210974
0.91 1600210974
1.1428000000000003 1600210974
0.9133000000000001 1600210974
1.1147 1600210974
1.1316000000000002 1600210974
1.121 1600210974
1.1313 1600210974
1.0710000000000002 1600210974
1.2375000000000003 1600210974
1.1199 1600210974
1.3356 1600210974
0.9204 1600210974
1.0710000000000002 1600210974
1.1070000000000002 1600210974
1.1481 1600210974
1.1313 1600210974
1.1156000000000001 1600210974
1.1318000000000001 1600210974
1.0037000000000003 1600210974
1.3552 1600210974
1.1491000000000002 1600210974
1.1213000000000002 1600210974
1.1146000000000003 1600210974
1.1207000000000003 1600210974
1.1318000000000001 1600210974
0.8892000000000001 1600210974
1.0522 1600210974
0.8906 1600210974
0.8893000000000001 1600210974
1.1425 1600210974
0.9292000000000001 1600210974
1.1200999999999999 1600210974
0.9208 1600210974
1.2974999999999999 1600210974
0.8813000000000001 1600210974
1.2386 1600210974
1.1117 1600210974
1.2393 1600210974
1.2562000000000002 1600210974
1.1568 1600210974
0.9811 1600210974
0.9317000000000001 1600210974
1.0724 1600210974
0.8564000000000002 1600210974
1.3551000000000002 1600210974
1.1205000000000003 1600210974
1.1217000000000001 1600210974
1.1068000000000002 1600210974
1.1317 1600210974
0.9131000000000001 1600210974
1.2561 1600210974
1.2384 1600210974
1.0727000000000002 1600210974
1.2374 1600210974
1.1145 1600210974
1.0710000000000002 1600210974
0.9817000000000001 1600210974
1.1320000000000001 1600210974
1.2565 1600210974
1.1480000000000001 1600210974
1.0749 1600210974
0.9816000000000001 1600210974
1.0729000000000002 1600210974
0.9822000000000001 1600210974
1.2382 1600210974
1.3267000000000002 1600210974
1.2387000000000001 1600210974
1.1153 1600210974
1.1314000000000002 1600210974
0.9827 1600210974
1.1315 1600210974
1.1143 1600210974
1.1221 1600210974
1.1156000000000001 1600210974
1.1479 1600210974
1.1221999999999999 1600210974
1.141 1600210974
1.1206 1600210974
0.9977000000000001 1600210974
1.1407000000000003 1600210974
1.1154000000000002 1600210974
1.1154000000000002 1600210974
0.8893000000000001 1600210974
1.1213000000000002 1600210974
1.0596 1600210974
1.1155 1600210974
1.1319 1600210974
1.0594999999999999 1600210974
0.9189000000000002 1600210974
1.134 1600210974
1.1296 1600210974
1.1044 1600210974
1.0598 1600210974
1.1208 1600210974
1.3354 1600210974
1.0739 1600210974
1.1480000000000001 1600210974
1.1346000000000003 1600210974
1.0596999999999999 1600210974
1.2311 1600210974
1.3552 1600210974
1.1145 1600210974
1.1313 1600210974
1.1212 1600210974
1.0293999999999999 1600210974
1.1564999999999999 1600210974
1.1555 1600210974
1.0728 1600210974
1.1346000000000003 1600210974
1.3268 1600210974
1.3357 1600210974
1.0594999999999999 1600210974
1.0949 1600210974
1.2985000000000002 1600210974
1.0310000000000001 1600210974
1.2384 1600210974
1.1345 1600210974
1.1209000000000002 1600210974
1.1463999999999999 1600210974
1.1221999999999999 1600210974
0.9204 1600210974
1.1318000000000001 1600210974
0.9659000000000001 1600210974
1.1402999999999999 1600210974
1.0346000000000002 1600210974
1.0594999999999999 1600210974
1.1117 1600210974
1.1208 1600210974
1.1319 1600210974
1.1505999999999998 1600210974
0.9825 1600210974
1.121 1600210974
1.1559 1600210974
0.9133000000000001 1600210974
1.0063 1600210974
1.1143 1600210974
0.8891000000000001 1600210974
0.983 1600210974
1.2393 1600210974
1.2564000000000002 1600210974
1.3357 1600210974
1.3356 1600210974
0.9164 1600210974
1.1125000000000003 1600210974
1.0596999999999999 1600210974
1.1214 1600210974
1.1478000000000002 1600210974
0.9162 1600210974
1.0628000000000002 1600210974
1.1320000000000001 1600210974
0.9828 1600210974
1.2221000000000002 1600210974
1.0594999999999999 1600210974
1.1318000000000001 1600210974
1.073 1600210974
0.9837000000000001 1600210974
1.1345 1600210974
1.3221000000000003 1600210974
1.1212 1600210974
1.1341999999999999 1600210974
1.0344000000000002 1600210974
1.1221999999999999 1600210974
1.0268000000000002 1600210974
1.3221000000000003 1600210974
1.3355000000000001 1600210974
1.121 1600210974
1.121 1600210974
1.1214 1600210974
1.1155 1600210974
1.1320000000000001 1600210974
1.1477 1600210974
1.1143 1600210974
0.8546000000000001 1600210974
1.3553000000000002 1600210974
0.9980000000000001 1600210974
0.8808000000000001 1600210974
1.1249000000000002 1600210974
1.1153 1600210974
0.9201 1600210974
1.1221999999999999 1600210974
0.8810000000000001 1600210974
0.9831 1600210974
1.0596 1600210974
1.134 1600210974
1.1517 1600210974
1.0230000000000001 1600210974
1.1320000000000001 1600210974
1.2388 1600210974
1.2565 1600210974
1.0324 1600210974
1.024 1600210974
1.0633 1600210974
1.1214 1600210974
1.0957 1600210974
0.9193000000000001 1600210974
1.1159 1600210974
1.1566999999999998 1600210974
0.8876000000000001 1600210974
1.129 1600210974
1.1427 1600210974
1.0343 1600210974
1.1343 1600210974
1.0712000000000002 1600210974
1.2965 1600210974
1.0741 1600210974
1.1214 1600210974
1.1117 1600210974
1.2401 1600210974
1.1215000000000002 1600210974
1.0968 1600210974
1.1526 1600210974
1.0293 1600210974
1.3553000000000002 1600210974
1.1423 1600210974
1.0244 1600210974
1.0598 1600210974
1.1153 1600210974
1.0263 1600210974
1.3004000000000002 1600210974
1.1319 1600210974
1.0596 1600210974
1.1214 1600210974
1.2393 1600210974
1.0594999999999999 1600210974
1.3359999999999999 1600210974
1.0343 1600210974
1.0725000000000002 1600210974
1.0712000000000002 1600210974
1.2311 1600210974
1.2396000000000003 1600210974
1.1427 1600210974
1.2401 1600210974
1.0038 1600210974
1.1419000000000001 1600210974
1.1343 1600210974
1.1153 1600210974
1.1566999999999998 1600210974
1.1059999999999999 1600210974
1.1082999999999998 1600210974
1.1318000000000001 1600210974
1.1165000000000003 1600210974
1.1154000000000002 1600210974
1.1480000000000001 1600210974
1.0265 1600210974
0.8815000000000001 1600210974
1.1320000000000001 1600210974
1.1063 1600210974
1.1564999999999999 1600210974
1.1317 1600210974
1.1517 1600210974
1.0531000000000001 1600210974
1.1069 1600210974
1.0343 1600210974
1.1298 1600210974
0.9178000000000001 1600210974
1.0713 1600210974
1.1155 1600210974
1.1320000000000001 1600210974
1.1221 1600210974
1.3559 1600210974
1.0352000000000001 1600210974
1.1291000000000002 1600210974
1.1347 1600210974
1.1317 1600210974
1.1481 1600210974
1.1402 1600210974
0.9827 1600210974
1.1402 1600210974
1.1045000000000003 1600210974
1.1216 1600210974
1.0732 1600210974
1.0089000000000001 1600210974
1.0260000000000002 1600210974
1.1631 1600210974
1.1319 1600210974
1.2403 1600210974
1.1480000000000001 1600210974
1.0598 1600210974
1.3551000000000002 1600210974
0.983 1600210974
0.9177000000000001 1600210974
1.1213000000000002 1600210974
0.9203 1600210974
1.1316000000000002 1600210974
1.1312000000000002 1600210974
1.1156000000000001 1600210974
1.1625999999999999 1600210974
1.1219000000000001 1600210974
1.0899 1600210974
1.1153 1600210974
1.3553000000000002 1600210974
1.1402 1600210974
1.0633 1600210974
1.1318000000000001 1600210974
1.0984000000000003 1600210974
1.2972000000000001 1600210974
