8.6568 1600333009
8.384 1600333009
9.349400000000001 1600333009
8.608 1600333009
9.6622 1600333009
9.2195 1600333009
9.063 1600333009
9.5732 1600333009
9.4616 1600333009
8.511800000000001 1600333009
9.894200000000001 1600333009
9.5698 1600333009
9.9429 1600333009
9.7731 1600333009
9.8949 1600333009
9.8583 1600333009
9.6822 1600333009
8.3521 1600333009
9.6509 1600333009
9.9315 1600333009
8.3751 1600333009
9.908 1600333009
9.582 1600333009
9.0806 1600333009
9.9192 1600333009
8.7781 1600333009
9.7012 1600333009
9.450000000000001 1600333009
9.871400000000001 1600333009
8.6766 1600333009
8.9574 1600333009
9.6864 1600333009
8.7209 1600333009
8.496500000000001 1600333009
9.7531 1600333009
9.7844 1600333009
8.719000000000001 1600333009
8.4237 1600333009
9.857000000000001 1600333009
9.8914 1600333009
9.803 1600333009
9.5798 1600333009
9.7043 1600333009
9.8591 1600333009
8.4152 1600333009
9.509300000000001 1600333009
9.7394 1600333009
9.8805 1600333009
9.7156 1600333009
9.9215 1600333009
9.557 1600333009
8.5348 1600333009
8.5942 1600333009
8.8916 1600333009
9.8998 1600333009
9.6318 1600333009
9.712 1600333009
9.797600000000001 1600333009
9.757200000000001 1600333009
8.7989 1600333009
9.595 1600333009
9.3416 1600333009
9.0882 1600333009
9.7611 1600333009
9.8699 1600333009
9.129 1600333009
9.7166 1600333009
9.692 1600333009
9.7735 1600333009
9.366900000000001 1600333009
8.352400000000001 1600333009
9.9063 1600333009
8.5292 1600333009
9.7547 1600333009
9.9032 1600333009
9.8315 1600333009
9.1423 1600333009
9.8596 1600333009
9.7187 1600333009
9.2728 1600333009
9.9061 1600333009
9.9003 1600333009
9.8902 1600333009
9.8864 1600333009
9.274000000000001 1600333009
9.274000000000001 1600333009
8.3996 1600333009
9.155700000000001 1600333009
9.875300000000001 1600333009
9.9289 1600333009
9.4192 1600333009
9.4765 1600333009
9.1297 1600333009
8.968900000000001 1600333009
9.855500000000001 1600333009
9.8211 1600333009
9.1721 1600333009
8.3377 1600333009
8.405100000000001 1600333009
9.848600000000001 1600333009
9.4671 1600333009
9.222000000000001 1600333009
8.3493 1600333009
8.5101 1600333009
8.846300000000001 1600333009
9.945 1600333009
9.754000000000001 1600333009
9.901200000000001 1600333009
9.916 1600333009
9.417 1600333009
9.9563 1600333009
9.5038 1600333009
8.5457 1600333009
9.8538 1600333009
9.704600000000001 1600333009
9.3078 1600333009
8.9311 1600333009
9.827300000000001 1600333009
9.909600000000001 1600333009
9.8739 1600333009
8.5348 1600333009
9.8717 1600333009
9.2569 1600333009
9.122300000000001 1600333009
9.656400000000001 1600333009
8.9141 1600333009
9.912 1600333009
8.4769 1600333009
8.3385 1600333009
9.9079 1600333009
9.5985 1600333009
9.9176 1600333009
8.3826 1600333009
9.5383 1600333009
9.8595 1600333009
9.739700000000001 1600333009
9.9223 1600333009
9.7225 1600333009
9.6247 1600333009
9.552 1600333009
9.126100000000001 1600333009
8.8356 1600333009
9.9528 1600333009
8.9526 1600333009
9.3894 1600333009
9.602400000000001 1600333009
9.2657 1600333009
9.7895 1600333009
8.9266 1600333009
8.6136 1600333009
9.8324 1600333009
9.594000000000001 1600333009
9.9276 1600333009
8.3338 1600333009
9.8537 1600333009
9.823500000000001 1600333009
9.3306 1600333009
9.1643 1600333009
9.8549 1600333009
8.5935 1600333009
9.6155 1600333009
8.499500000000001 1600333009
9.8701 1600333009
9.84 1600333009
9.7383 1600333009
8.8008 1600333009
9.2935 1600333009
9.9091 1600333009
8.8062 1600333009
9.1188 1600333009
9.6397 1600333009
9.1414 1600333009
9.8991 1600333009
9.815 1600333009
8.542200000000001 1600333009
8.884400000000001 1600333009
9.785400000000001 1600333009
9.8193 1600333009
9.7521 1600333009
9.9037 1600333009
8.9981 1600333009
8.450700000000001 1600333009
9.9021 1600333009
9.8663 1600333009
9.738 1600333009
8.7177 1600333009
8.9109 1600333009
9.9616 1600333009
9.8267 1600333009
9.3336 1600333009
8.6486 1600333009
9.630500000000001 1600333009
9.4605 1600333009
9.727400000000001 1600333009
9.6441 1600333009
9.5451 1600333009
9.904 1600333009
9.2406 1600333009
9.2987 1600333009
9.5515 1600333009
8.7011 1600333009
8.988900000000001 1600333009
9.129900000000001 1600333009
8.9826 1600333009
8.366200000000001 1600333009
8.4185 1600333009
9.3023 1600333009
9.8961 1600333009
9.6113 1600333009
9.6842 1600333009
9.9125 1600333009
9.0516 1600333009
8.934800000000001 1600333009
9.906500000000001 1600333009
9.6119 1600333009
8.5469 1600333009
9.7879 1600333009
9.8919 1600333009
9.639000000000001 1600333009
9.7447 1600333009
9.6807 1600333009
8.955 1600333009
9.812800000000001 1600333009
9.5512 1600333009
9.4593 1600333009
9.6277 1600333009
9.7256 1600333009
9.2469 1600333009
8.4824 1600333009
9.269300000000001 1600333009
9.6942 1600333009
8.8504 1600333009
9.5385 1600333009
9.5159 1600333009
9.4246 1600333009
9.505700000000001 1600333009
9.5535 1600333009
9.8612 1600333009
9.5197 1600333009
9.7573 1600333009
9.905700000000001 1600333009
8.3747 1600333009
9.8359 1600333009
8.9999 1600333009
9.6982 1600333009
9.7559 1600333009
9.7003 1600333009
9.8271 1600333009
9.889100000000001 1600333009
9.847100000000001 1600333009
8.6098 1600333009
9.3438 1600333009
9.8949 1600333009
8.3816 1600333009
9.617 1600333009
9.8515 1600333009
9.2504 1600333009
9.0036 1600333009
9.7583 1600333009
9.118 1600333009
9.8595 1600333009
9.1183 1600333009
9.9053 1600333009
9.900400000000001 1600333009
8.9388 1600333009
9.719100000000001 1600333009
9.1959 1600333009
9.842600000000001 1600333009
9.704600000000001 1600333009
8.6471 1600333009
9.4196 1600333009
9.711 1600333009
8.9162 1600333009
9.844800000000001 1600333009
9.885 1600333009
9.8092 1600333009
9.472900000000001 1600333009
9.904200000000001 1600333009
9.4574 1600333009
9.8354 1600333009
8.5938 1600333009
9.7446 1600333009
9.617 1600333009
9.613100000000001 1600333009
9.7217 1600333009
9.7791 1600333009
9.6978 1600333009
8.5197 1600333009
9.5197 1600333009
9.6765 1600333009
9.7223 1600333009
9.7586 1600333009
9.9068 1600333009
8.9501 1600333009
9.5914 1600333009
9.599 1600333009
9.228200000000001 1600333009
9.818800000000001 1600333009
9.469800000000001 1600333009
9.8393 1600333009
8.7977 1600333009
9.7484 1600333009
9.8607 1600333009
9.814 1600333009
8.484300000000001 1600333009
8.4623 1600333009
9.4824 1600333009
9.9199 1600333009
9.8709 1600333009
8.3576 1600333009
9.5062 1600333009
9.772400000000001 1600333009
9.46 1600333009
9.463700000000001 1600333009
9.7466 1600333009
9.7234 1600333009
9.4696 1600333009
9.5799 1600333009
9.8171 1600333009
8.9656 1600333009
9.902700000000001 1600333009
9.9008 1600333009
9.5629 1600333009
8.8648 1600333009
9.3575 1600333009
9.8831 1600333009
9.7934 1600333009
9.8986 1600333009
9.2285 1600333009
9.4795 1600333009
9.3903 1600333009
9.4452 1600333009
9.0188 1600333009
9.1873 1600333009
8.9611 1600333009
9.7181 1600333009
9.2432 1600333009
9.8231 1600333009
9.747900000000001 1600333009
9.7306 1600333009
9.9181 1600333009
9.6133 1600333009
9.881400000000001 1600333009
9.631 1600333009
9.758000000000001 1600333009
8.525500000000001 1600333009
9.7316 1600333009
9.3947 1600333009
9.7956 1600333009
9.4209 1600333009
9.8825 1600333009
9.6864 1600333009
8.6309 1600333009
9.8301 1600333009
9.8564 1600333009
8.7452 1600333009
8.7376 1600333009
9.569 1600333009
8.8294 1600333009
9.5847 1600333009
9.2674 1600333009
8.4551 1600333009
9.7619 1600333009
9.8834 1600333009
9.9042 1600333009
9.4863 1600333009
8.9586 1600333009
9.4456 1600333009
9.2042 1600333009
9.699900000000001 1600333009
8.711400000000001 1600333009
9.2867 1600333009
9.8902 1600333009
8.441600000000001 1600333009
9.1293 1600333009
9.743500000000001 1600333009
9.6121 1600333009
8.6865 1600333009
8.3834 1600333009
9.8716 1600333009
9.6213 1600333009
9.0342 1600333009
9.6911 1600333009
9.1935 1600333009
9.16 1600333009
9.6385 1600333009
9.855500000000001 1600333009
9.5291 1600333009
9.665700000000001 1600333009
9.6853 1600333009
9.5966 1600333009
9.8637 1600333009
9.5755 1600333009
8.5008 1600333009
9.7896 1600333009
9.7766 1600333009
9.1959 1600333009
9.8721 1600333009
9.450600000000001 1600333009
8.7477 1600333009
8.825800000000001 1600333009
9.762400000000001 1600333009
9.321900000000001 1600333009
8.6149 1600333009
9.911200000000001 1600333009
9.916500000000001 1600333009
9.8916 1600333009
9.8488 1600333009
9.4405 1600333009
8.3637 1600333009
9.2293 1600333009
8.9852 1600333009
9.7523 1600333009
9.6333 1600333009
9.854800000000001 1600333009
9.3682 1600333009
9.5701 1600333009
9.500200000000001 1600333009
9.7958 1600333009
9.0263 1600333009
8.6883 1600333009
8.377 1600333009
9.4781 1600333009
9.7891 1600333009
9.1311 1600333009
9.1716 1600333009
9.762500000000001 1600333009
8.494 1600333009
9.737200000000001 1600333009
9.8634 1600333009
9.3164 1600333009
9.586400000000001 1600333009
9.3954 1600333009
8.584200000000001 1600333009
9.9559 1600333009
9.7767 1600333009
9.638200000000001 1600333009
9.8332 1600333009
9.9106 1600333009
8.4213 1600333009
9.8775 1600333009
8.494200000000001 1600333009
9.689300000000001 1600333009
9.7032 1600333009
9.381400000000001 1600333009
9.1965 1600333009
9.830300000000001 1600333009
8.5973 1600333009
9.2109 1600333009
9.8222 1600333009
9.092500000000001 1600333009
8.874400000000001 1600333009
9.9108 1600333009
9.3488 1600333009
9.4261 1600333009
8.5966 1600333009
9.0426 1600333009
9.1361 1600333009
9.3307 1600333009
9.7173 1600333009
9.4862 1600333009
9.7935 1600333009
9.1463 1600333009
9.8431 1600333009
9.2635 1600333009
8.555 1600333009
9.7719 1600333009
9.607700000000001 1600333009
9.9049 1600333009
9.0324 1600333009
9.5295 1600333009
9.8994 1600333009
9.7463 1600333009
9.6539 1600333009
9.9059 1600333009
9.7574 1600333009
9.3465 1600333009
9.417300000000001 1600333009
9.798200000000001 1600333009
9.870700000000001 1600333009
8.8752 1600333009
9.420300000000001 1600333009
9.8954 1600333009
9.8832 1600333009
9.7469 1600333009
8.8673 1600333009
9.7689 1600333009
9.7855 1600333009
8.8969 1600333009
9.3384 1600333009
9.142700000000001 1600333009
9.8626 1600333009
9.9045 1600333009
9.9215 1600333009
9.5411 1600333009
8.713700000000001 1600333009
8.755 1600333009
8.330300000000001 1600333009
9.8801 1600333009
9.0954 1600333009
9.7704 1600333009
9.190900000000001 1600333009
9.5715 1600333009
8.785 1600333009
9.240400000000001 1600333009
8.8289 1600333009
8.6915 1600333009
9.471300000000001 1600333009
9.4031 1600333009
8.3716 1600333009
9.1563 1600333009
9.9076 1600333009
