2.761099999999999 1600327725
2.8230000000000004 1600327725
2.743500000000001 1600327725
1.229099999999999 1600327725
1.1312999999999995 1600327725
1.2917000000000005 1600327725
2.681899999999999 1600327725
2.6797999999999984 1600327725
2.714599999999999 1600327725
3.7484 1600327725
3.7501999999999995 1600327725
3.7188 1600327725
2.2722999999999995 1600327725
2.0663 1600327725
2.2652 1600327725
4.685500000000001 1600327725
4.6853 1600327725
4.498200000000001 1600327725
3.2743 1600327725
3.184799999999999 1600327725
3.1265 1600327725
3.8879 1600327725
3.892900000000001 1600327725
3.6707 1600327725
4.819100000000001 1600327725
4.864000000000001 1600327725
4.764200000000001 1600327725
2.9093999999999998 1600327725
3.3470999999999993 1600327725
3.3473000000000006 1600327725
2.8177000000000003 1600327725
2.7441000000000013 1600327725
2.712999999999999 1600327725
1.295399999999999 1600327725
1.2207999999999988 1600327725
1.1537000000000006 1600327725
4.2362 1600327725
4.236599999999999 1600327725
4.0097000000000005 1600327725
1.952399999999999 1600327725
2.0569000000000006 1600327725
2.0199999999999996 1600327725
1.9915000000000003 1600327725
1.8651 1600327725
1.9405999999999999 1600327725
2.2051 1600327725
2.2103 1600327725
2.1289000000000016 1600327725
2.4998000000000005 1600327725
2.4998000000000005 1600327725
2.5086000000000013 1600327725
4.230500000000001 1600327725
4.059900000000001 1600327725
4.179499999999999 1600327725
2.7108000000000008 1600327725
2.607199999999999 1600327725
2.8076999999999988 1600327725
1.5020000000000007 1600327725
1.5496999999999996 1600327725
1.3918999999999997 1600327725
1.873099999999999 1600327725
1.8735 1600327725
1.7141000000000002 1600327725
1.6402999999999999 1600327725
1.7428999999999988 1600327725
1.7088 1600327725
1.770999999999999 1600327725
1.7574000000000005 1600327725
1.7645 1600327725
2.8568999999999996 1600327725
2.749699999999999 1600327725
2.9578999999999986 1600327725
3.182500000000001 1600327725
3.1031000000000013 1600327725
3.1770999999999994 1600327725
4.556600000000001 1600327725
4.678699999999999 1600327725
4.5783000000000005 1600327725
2.3323 1600327725
2.2987 1600327725
2.304500000000001 1600327725
2.2827 1600327725
2.4118999999999993 1600327725
2.361600000000001 1600327725
3.5265000000000004 1600327725
3.5211000000000006 1600327725
3.5267 1600327725
0.9873000000000012 1600327725
1.0555000000000003 1600327725
1.0532000000000004 1600327725
5.1365 1600327725
5.1365 1600327725
5.1462 1600327725
0.4178999999999995 1600327725
0.5710999999999995 1600327725
0.5157999999999987 1600327725
2.0251 1600327725
2.0648999999999997 1600327725
2.0335 1600327725
4.136100000000001 1600327725
4.1357 1600327725
4.010399999999999 1600327725
0.9696999999999996 1600327725
1.0957999999999988 1600327725
1.048399999999999 1600327725
1.0620999999999992 1600327725
0.9152000000000005 1600327725
1.0800999999999998 1600327725
0.329600000000001 1600327725
0.4170000000000016 1600327725
0.5371000000000006 1600327725
3.8751999999999995 1600327725
3.8209 1600327725
3.8180999999999994 1600327725
2.8907000000000007 1600327725
2.9182999999999986 1600327725
2.8367999999999984 1600327725
4.121200000000002 1600327725
3.9856999999999996 1600327725
4.1152 1600327725
3.8945000000000007 1600327725
3.8887 1600327725
3.882999999999999 1600327725
1.2583000000000002 1600327725
1.4673999999999996 1600327725
1.4070999999999998 1600327725
2.9185 1600327725
2.9262999999999995 1600327725
2.9611 1600327725
1.5844999999999985 1600327725
1.3757000000000001 1600327725
1.5846999999999998 1600327725
1.3979 1600327725
1.2065000000000001 1600327725
1.3926999999999996 1600327725
0.9504999999999999 1600327725
0.9504999999999999 1600327725
0.9504000000000001 1600327725
4.520300000000001 1600327725
4.503499999999999 1600327725
4.520300000000001 1600327725
3.584199999999999 1600327725
3.400500000000001 1600327725
3.5847999999999995 1600327725
3.8370999999999995 1600327725
3.8987999999999996 1600327725
3.7714 1600327725
3.6176999999999992 1600327725
3.6753 1600327725
3.7566000000000006 1600327725
4.3667 1600327725
4.458600000000001 1600327725
4.3086 1600327725
1.247300000000001 1600327725
1.3247 1600327725
1.2392000000000003 1600327725
4.426399999999999 1600327725
4.316000000000001 1600327725
4.4267 1600327725
2.879900000000001 1600327725
2.7581000000000007 1600327725
2.7994000000000003 1600327725
0.5678000000000001 1600327725
0.5617999999999999 1600327725
0.5740000000000016 1600327725
1.1061999999999994 1600327725
1.0990000000000002 1600327725
1.105500000000001 1600327725
1.0229 1600327725
1.029 1600327725
1.0286000000000008 1600327725
4.5846 1600327725
4.478199999999999 1600327725
4.5844000000000005 1600327725
2.8758999999999997 1600327725
2.9106000000000005 1600327725
3.0715000000000003 1600327725
2.9651000000000014 1600327725
3.1099999999999994 1600327725
3.1096000000000004 1600327725
4.6518 1600327725
4.5723 1600327725
4.568 1600327725
3.8339 1600327725
3.833500000000001 1600327725
3.866299999999999 1600327725
4.453800000000001 1600327725
4.605400000000001 1600327725
4.604899999999999 1600327725
0.6971000000000007 1600327725
0.7035999999999998 1600327725
0.6404999999999994 1600327725
4.7095 1600327725
4.6289 1600327725
4.7759 1600327725
2.8820999999999994 1600327725
2.7935999999999996 1600327725
2.8825000000000003 1600327725
1.0986999999999991 1600327725
1.0991 1600327725
1.0688999999999993 1600327725
2.630700000000001 1600327725
2.6722 1600327725
2.7385 1600327725
2.7071000000000005 1600327725
2.7512000000000008 1600327725
2.681800000000001 1600327725
1.3951000000000011 1600327725
1.4009 1600327725
1.2571999999999992 1600327725
2.8443000000000005 1600327725
3.0182 1600327725
2.873900000000001 1600327725
2.5276999999999994 1600327725
2.5336999999999996 1600327725
2.3750999999999998 1600327725
4.353399999999999 1600327725
4.359999999999999 1600327725
4.3599 1600327725
1.9484000000000012 1600327725
1.975200000000001 1600327725
2.005700000000001 1600327725
3.8528000000000002 1600327725
3.7182999999999993 1600327725
3.8590999999999998 1600327725
3.0145 1600327725
3.009500000000001 1600327725
3.0784000000000002 1600327725
2.6158 1600327725
2.6888000000000005 1600327725
2.654399999999999 1600327725
2.9651999999999994 1600327725
2.9275 1600327725
2.967699999999999 1600327725
3.3245000000000005 1600327725
3.334900000000001 1600327725
3.329600000000001 1600327725
2.2927999999999997 1600327725
2.3034 1600327725
2.2979000000000003 1600327725
1.9307999999999996 1600327725
1.9129000000000005 1600327725
1.9306999999999999 1600327725
1.1556999999999995 1600327725
1.2491000000000003 1600327725
1.1296 1600327725
2.6262000000000008 1600327725
3.2772000000000006 1600327725
3.277199999999999 1600327725
2.6455 1600327725
2.6340000000000003 1600327725
2.6456 1600327725
4.097399999999999 1600327725
4.203800000000001 1600327725
4.203900000000001 1600327725
3.9490999999999996 1600327725
3.7957 1600327725
4.088699999999999 1600327725
2.2235999999999994 1600327725
2.2234 1600327725
2.1228999999999996 1600327725
0.4389000000000003 1600327725
0.3539999999999992 1600327725
0.4443999999999999 1600327725
2.4902000000000015 1600327725
2.548399999999999 1600327725
2.4185 1600327725
1.556799999999999 1600327725
1.5523000000000007 1600327725
1.5617 1600327725
3.1225000000000005 1600327725
2.8682 1600327725
3.1272 1600327725
1.2302999999999997 1600327725
1.2966000000000015 1600327725
1.2918000000000003 1600327725
0.5295000000000005 1600327725
0.5289999999999999 1600327725
0.5236999999999998 1600327725
1.6751000000000005 1600327725
1.6579999999999995 1600327725
1.6197999999999997 1600327725
2.727499999999999 1600327725
2.727599999999999 1600327725
2.6898 1600327725
0.849499999999999 1600327725
0.8478999999999992 1600327725
0.8862000000000005 1600327725
1.9412000000000003 1600327725
1.940900000000001 1600327725
1.8322000000000003 1600327725
2.4197000000000006 1600327725
2.3577999999999992 1600327725
2.3542999999999985 1600327725
1.7539999999999996 1600327725
1.7540999999999993 1600327725
1.7562999999999995 1600327725
1.9797000000000011 1600327725
1.9796999999999993 1600327725
1.7972000000000001 1600327725
1.9848 1600327725
1.3770000000000007 1600327725
1.9908000000000001 1600327725
3.1980000000000004 1600327725
3.2041000000000004 1600327725
3.2036999999999995 1600327725
4.286099999999999 1600327725
4.3223 1600327725
4.2859 1600327725
4.2326 1600327725
4.2174 1600327725
4.2325 1600327725
2.5797000000000008 1600327725
2.5859000000000005 1600327725
2.6555999999999997 1600327725
1.6867999999999999 1600327725
1.6867999999999999 1600327725
1.6867999999999999 1600327725
1.8371999999999993 1600327725
1.7735000000000003 1600327725
1.8193000000000001 1600327725
1.6683000000000003 1600327725
1.5382999999999996 1600327725
1.5667999999999989 1600327725
4.3889 1600327725
4.632199999999999 1600327725
4.5518 1600327725
4.6592 1600327725
4.7273 1600327725
4.809699999999999 1600327725
0.7520000000000007 1600327725
0.8558000000000003 1600327725
0.7872000000000003 1600327725
4.812000000000001 1600327725
5.066899999999999 1600327725
5.066699999999999 1600327725
3.2695999999999987 1600327725
3.2569 1600327725
3.2630999999999997 1600327725
1.9461999999999993 1600327725
1.8857999999999997 1600327725
2.0381 1600327725
1.322000000000001 1600327725
1.3275999999999986 1600327725
1.3270999999999997 1600327725
0.4446000000000012 1600327725
0.4442000000000004 1600327725
0.3005999999999993 1600327725
2.5892 1600327725
2.566700000000001 1600327725
2.5678 1600327725
0.7817000000000007 1600327725
0.9048999999999996 1600327725
0.9047999999999998 1600327725
5.1068999999999996 1600327725
5.1196 1600327725
5.0014 1600327725
1.9400000000000013 1600327725
1.9398999999999997 1600327725
1.8483999999999998 1600327725
0.5180000000000007 1600327725
0.5238999999999994 1600327725
0.523299999999999 1600327725
0.6456999999999997 1600327725
0.5785999999999998 1600327725
0.4985999999999997 1600327725
2.7261000000000006 1600327725
2.7261999999999986 1600327725
2.588899999999999 1600327725
3.8895999999999997 1600327725
3.8842 1600327725
3.8787000000000003 1600327725
5.0237 1600327725
4.9816 1600327725
4.926399999999999 1600327725
1.8549000000000007 1600327725
2.2103 1600327725
2.2157999999999998 1600327725
3.1517 1600327725
3.1534999999999993 1600327725
3.180300000000001 1600327725
4.4613 1600327725
4.480700000000001 1600327725
4.5205 1600327725
2.7456999999999994 1600327725
2.7452000000000005 1600327725
2.488999999999999 1600327725
0.42300000000000004 1600327725
0.5249999999999986 1600327725
0.4134999999999991 1600327725
2.8031000000000006 1600327725
2.9693000000000005 1600327725
2.964599999999999 1600327725
3.949 1600327725
3.887600000000001 1600327725
3.8203999999999994 1600327725
1.3893000000000004 1600327725
1.4688000000000017 1600327725
1.4307999999999996 1600327725
4.142299999999999 1600327725
4.142200000000001 1600327725
4.1227 1600327725
4.9887999999999995 1600327725
5.084399999999999 1600327725
5.084 1600327725
1.9258000000000006 1600327725
1.8249999999999993 1600327725
2.0282 1600327725
4.592600000000001 1600327725
4.514200000000001 1600327725
4.555199999999999 1600327725
3.9993 1600327725
3.792 1600327725
3.9541000000000004 1600327725
1.8829999999999991 1600327725
1.7561999999999998 1600327725
1.939 1600327725
1.1006999999999998 1600327725
1.1054999999999993 1600327725
1.2112999999999996 1600327725
1.1021 1600327725
1.0089000000000006 1600327725
1.137500000000001 1600327725
2.6952999999999996 1600327725
2.6331000000000007 1600327725
2.7369000000000003 1600327725
4.556899999999999 1600327725
4.379 1600327725
4.5572 1600327725
0.6799999999999997 1600327725
0.6803000000000008 1600327725
0.7353000000000005 1600327725
3.2011000000000003 1600327725
3.206199999999999 1600327725
3.2118 1600327725
2.7355 1600327725
2.8127999999999993 1600327725
2.8043999999999993 1600327725
1.0451999999999995 1600327725
0.9435000000000002 1600327725
1.012500000000001 1600327725
1.981300000000001 1600327725
2.1309000000000005 1600327725
2.1252000000000013 1600327725
2.650500000000001 1600327725
2.650500000000001 1600327725
2.629900000000001 1600327725
1.3917000000000002 1600327725
1.3844999999999992 1600327725
1.324300000000001 1600327725
4.893800000000001 1600327725
4.888300000000001 1600327725
4.4038 1600327725
0.9309000000000012 1600327725
0.7347999999999999 1600327725
0.8402999999999992 1600327725
1.5175999999999998 1600327725
1.3712 1600327725
1.4769000000000005 1600327725
1.8574000000000002 1600327725
1.9736999999999991 1600327725
1.8125 1600327725
1.1887999999999987 1600327725
1.0687999999999995 1600327725
1.0690000000000008 1600327725
3.1972000000000005 1600327725
3.1633999999999993 1600327725
3.2581999999999987 1600327725
0.2909000000000006 1600327725
0.7066999999999997 1600327725
0.7062999999999988 1600327725
2.667300000000001 1600327725
2.5625 1600327725
2.5213 1600327725
0.893699999999999 1600327725
1.2448000000000015 1600327725
1.2396000000000011 1600327725
1.5427 1600327725
1.4730000000000008 1600327725
1.4522000000000013 1600327725
1.4545999999999992 1600327725
1.452 1600327725
1.4543 1600327725
2.0976 1600327725
2.035300000000001 1600327725
2.0023 1600327725
2.546900000000001 1600327725
2.511700000000001 1600327725
2.5581000000000014 1600327725
4.111800000000001 1600327725
3.5017000000000014 1600327725
4.106999999999999 1600327725
5.031300000000002 1600327725
5.0375 1600327725
4.8019 1600327725
0.33649999999999913 1600327725
0.4324999999999992 1600327725
0.2956000000000003 1600327725
2.947899999999999 1600327725
2.9475 1600327725
2.8018 1600327725
1.0229999999999997 1600327725
1.0229999999999997 1600327725
0.7936000000000014 1600327725
5.108700000000001 1600327725
5.2356 1600327725
5.229699999999999 1600327725
1.7463999999999995 1600327725
1.6335999999999995 1600327725
1.7899000000000012 1600327725
1.8321000000000005 1600327725
1.8317999999999994 1600327725
1.6858000000000004 1600327725
2.4336 1600327725
2.4334999999999987 1600327725
2.4337 1600327725
2.6647 1600327725
2.658199999999999 1600327725
2.6706000000000003 1600327725
3.9712000000000014 1600327725
3.9300999999999995 1600327725
3.9712999999999994 1600327725
3.6728999999999985 1600327725
3.6472999999999995 1600327725
3.672599999999999 1600327725
3.6750000000000007 1600327725
3.7113999999999994 1600327725
3.6816999999999993 1600327725
3.0047999999999995 1600327725
3.0375999999999994 1600327725
3.0447000000000006 1600327725
0.4660000000000011 1600327725
0.3583999999999996 1600327725
0.47050000000000125 1600327725
0.9536000000000016 1600327725
0.9743000000000013 1600327725
0.9536999999999995 1600327725
1.4936999999999987 1600327725
1.4925999999999995 1600327725
1.5006000000000004 1600327725
2.6991999999999994 1600327725
2.7043999999999997 1600327725
2.7515 1600327725
0.530899999999999 1600327725
0.398299999999999 1600327725
0.47080000000000055 1600327725
2.916599999999999 1600327725
2.9162999999999997 1600327725
2.4864999999999995 1600327725
4.509 1600327725
4.495100000000001 1600327725
4.565999999999999 1600327725
2.8981000000000012 1600327725
2.8933 1600327725
2.459999999999999 1600327725
1.2211999999999996 1600327725
1.3841 1600327725
1.3895 1600327725
0.8216000000000001 1600327725
0.7774999999999999 1600327725
0.7078000000000007 1600327725
3.985900000000001 1600327725
4.1652999999999984 1600327725
3.8896999999999995 1600327725
2.7559999999999985 1600327725
2.7634999999999987 1600327725
2.7637 1600327725
2.4421 1600327725
2.5253999999999994 1600327725
2.4415000000000013 1600327725
1.3560999999999996 1600327725
1.4672 1600327725
1.4719999999999995 1600327725
1.0585000000000004 1600327725
1.1148000000000007 1600327725
1.1897000000000002 1600327725
2.6237999999999992 1600327725
2.6823999999999995 1600327725
2.6775 1600327725
1.0014000000000003 1600327725
0.9735999999999994 1600327725
0.972900000000001 1600327725
1.4274000000000004 1600327725
1.5262000000000011 1600327725
1.4384999999999994 1600327725
2.0051999999999985 1600327725
2.0055000000000014 1600327725
1.9893 1600327725
2.3584999999999994 1600327725
2.3587000000000007 1600327725
2.3584000000000014 1600327725
0.45260000000000034 1600327725
0.4850999999999992 1600327725
0.5485999999999986 1600327725
3.1796000000000006 1600327725
3.1226000000000003 1600327725
3.1224000000000007 1600327725
3.3773 1600327725
3.1012000000000004 1600327725
3.3719 1600327725
4.013100000000001 1600327725
4.013300000000001 1600327725
4.005799999999999 1600327725
0.9998000000000005 1600327725
1.125 1600327725
1.1197 1600327725
0.5111999999999988 1600327725
0.5445000000000011 1600327725
0.5056000000000012 1600327725
1.7653999999999996 1600327725
1.7660999999999998 1600327725
1.7721 1600327725
3.8640999999999988 1600327725
3.919599999999999 1600327725
3.9192 1600327725
3.9143999999999988 1600327725
3.9095000000000013 1600327725
3.904 1600327725
4.6678 1600327725
4.6272 1600327725
4.7377 1600327725
2.442500000000001 1600327725
2.4726999999999997 1600327725
2.438699999999999 1600327725
1.8003 1600327725
1.9063999999999997 1600327725
1.805299999999999 1600327725
2.4200999999999997 1600327725
2.4041999999999994 1600327725
2.4202000000000012 1600327725
1.3248000000000015 1600327725
1.2154999999999987 1600327725
1.3251999999999988 1600327725
3.662700000000001 1600327725
3.7170000000000005 1600327725
3.7013 1600327725
1.1824999999999992 1600327725
1.0558999999999994 1600327725
1.0931999999999995 1600327725
1.6687999999999992 1600327725
1.7241 1600327725
1.7117000000000004 1600327725
3.7798 1600327725
3.803000000000001 1600327725
3.8102 1600327725
3.8994999999999997 1600327725
3.9040999999999997 1600327725
3.9634 1600327725
2.1929000000000016 1600327725
2.2033000000000005 1600327725
2.197799999999999 1600327725
5.021299999999998 1600327725
5.021100000000001 1600327725
4.8832 1600327725
1.3140999999999998 1600327725
1.321299999999999 1600327725
1.2880000000000003 1600327725
2.5569000000000006 1600327725
2.5143000000000004 1600327725
2.4916 1600327725
2.1091999999999995 1600327725
2.0473999999999997 1600327725
2.1088000000000005 1600327725
3.6715 1600327725
3.6721000000000004 1600327725
3.6765000000000008 1600327725
2.0269999999999992 1600327725
1.937100000000001 1600327725
1.9901000000000018 1600327725
3.8690999999999995 1600327725
3.8688000000000002 1600327725
3.8636999999999997 1600327725
2.6275999999999993 1600327725
2.5046999999999997 1600327725
2.494999999999999 1600327725
4.5412 1600327725
4.491800000000001 1600327725
4.5412 1600327725
1.2110000000000003 1600327725
1.6750999999999987 1600327725
1.6827999999999985 1600327725
4.7027 1600327725
5.168800000000001 1600327725
5.1637 1600327725
1.2637 1600327725
1.2392000000000003 1600327725
1.362 1600327725
4.168799999999999 1600327725
4.1766000000000005 1600327725
4.169499999999999 1600327725
4.6486 1600327725
4.7166999999999994 1600327725
4.7994 1600327725
3.5119000000000007 1600327725
3.360999999999999 1600327725
3.5313999999999997 1600327725
1.3544 1600327725
1.3542000000000005 1600327725
0.9840999999999998 1600327725
3.7615 1600327725
3.6082 1600327725
3.7616000000000014 1600327725
1.8841 1600327725
1.9098999999999986 1600327725
1.9246999999999996 1600327725
3.737400000000001 1600327725
3.847999999999999 1600327725
3.847200000000001 1600327725
2.2051999999999996 1600327725
2.8264000000000014 1600327725
2.8262 1600327725
2.1750000000000007 1600327725
2.143600000000001 1600327725
2.109499999999999 1600327725
4.7408 1600327725
4.760000000000002 1600327725
4.7544 1600327725
1.1874000000000002 1600327725
1.247300000000001 1600327725
1.1875 1600327725
4.5655 1600327725
4.5661000000000005 1600327725
4.6785 1600327725
2.128 1600327725
2.1240000000000006 1600327725
2.1402 1600327725
1.0162999999999993 1600327725
1.1166999999999998 1600327725
1.0981000000000005 1600327725
1.3291999999999984 1600327725
1.2701000000000011 1600327725
1.270199999999999 1600327725
4.295 1600327725
4.2895 1600327725
4.295200000000001 1600327725
3.9453999999999994 1600327725
3.6751000000000005 1600327725
3.7683 1600327725
2.8541000000000007 1600327725
2.8432000000000013 1600327725
2.8485999999999994 1600327725
1.9496000000000002 1600327725
1.8954000000000004 1600327725
1.8825000000000003 1600327725
2.5237999999999996 1600327725
2.548400000000001 1600327725
2.3773 1600327725
3.5924999999999994 1600327725
3.7372999999999994 1600327725
3.7322000000000006 1600327725
1.2344000000000008 1600327725
1.2342999999999993 1600327725
1.0892 1600327725
3.037799999999999 1600327725
3.070500000000001 1600327725
2.987400000000001 1600327725
3.9147999999999996 1600327725
3.9075000000000006 1600327725
3.806000000000001 1600327725
4.4224 1600327725
4.498800000000001 1600327725
4.4929999999999986 1600327725
0.9634999999999998 1600327725
0.9578000000000007 1600327725
0.9577999999999989 1600327725
1.5631000000000004 1600327725
1.4842999999999993 1600327725
1.3587999999999987 1600327725
0.8947000000000003 1600327725
0.8994999999999997 1600327725
0.8994 1600327725
1.6896000000000004 1600327725
1.7609999999999992 1600327725
1.6353000000000009 1600327725
3.575000000000001 1600327725
3.7759 1600327725
3.780899999999999 1600327725
2.1083 1600327725
2.090200000000001 1600327725
2.0172999999999988 1600327725
4.6838 1600327725
4.7524 1600327725
4.638 1600327725
2.1095000000000006 1600327725
2.1143 1600327725
2.1151 1600327725
1.892199999999999 1600327725
1.7630999999999997 1600327725
1.7868999999999993 1600327725
0.41140000000000043 1600327725
0.46940000000000026 1600327725
0.33679999999999843 1600327725
3.546099999999999 1600327725
3.5515000000000008 1600327725
3.411299999999999 1600327725
4.7330000000000005 1600327725
4.7698 1600327725
4.8491 1600327725
3.816799999999999 1600327725
3.7261000000000006 1600327725
4.3077000000000005 1600327725
3.4849999999999994 1600327725
3.4792999999999985 1600327725
3.4895999999999994 1600327725
1.1849000000000007 1600327725
1.1471999999999998 1600327725
1.2151999999999994 1600327725
0.6979999999999986 1600327725
0.6809999999999992 1600327725
0.6259999999999994 1600327725
1.9992 1600327725
2.055300000000001 1600327725
2.0549 1600327725
3.9687 1600327725
3.9141999999999992 1600327725
3.8353 1600327725
0.5528000000000013 1600327725
0.4731000000000005 1600327725
0.5090000000000003 1600327725
1.3920999999999992 1600327725
1.3950999999999993 1600327725
1.392900000000001 1600327725
3.6899999999999995 1600327725
3.6905 1600327725
3.5306999999999995 1600327725
3.592600000000001 1600327725
3.438699999999999 1600327725
3.4719999999999995 1600327725
4.735999999999999 1600327725
4.4985 1600327725
4.428100000000001 1600327725
3.200100000000001 1600327725
3.2700999999999993 1600327725
3.2383999999999986 1600327725
4.381699999999999 1600327725
4.8256 1600327725
4.2607 1600327725
1.8582999999999998 1600327725
1.8969000000000005 1600327725
1.8940000000000001 1600327725
1.2975000000000012 1600327725
1.3465000000000007 1600327725
1.3895 1600327725
2.4969 1600327725
2.4251000000000005 1600327725
2.4292999999999996 1600327725
2.646000000000001 1600327725
2.5944000000000003 1600327725
2.5266 1600327725
3.4429 1600327725
3.4137000000000004 1600327725
3.4582000000000015 1600327725
1.112 1600327725
0.9677000000000007 1600327725
1.0495 1600327725
2.9275 1600327725
2.9946 1600327725
2.9239999999999995 1600327725
2.9685000000000006 1600327725
3.4697000000000013 1600327725
3.4707999999999988 1600327725
2.3946000000000005 1600327725
2.392899999999999 1600327725
2.3908000000000005 1600327725
0.5764999999999993 1600327725
0.569799999999999 1600327725
0.5762 1600327725
3.9239999999999995 1600327725
3.9741 1600327725
4.4727 1600327725
4.915800000000001 1600327725
4.9153 1600327725
4.921799999999999 1600327725
1.9539000000000009 1600327725
1.9215 1600327725
1.909600000000001 1600327725
3.6468999999999987 1600327725
3.4491000000000014 1600327725
3.646699999999999 1600327725
2.4799999999999986 1600327725
2.4795 1600327725
2.2384000000000004 1600327725
3.2682 1600327725
3.2926 1600327725
3.125 1600327725
2.657399999999999 1600327725
2.718400000000001 1600327725
2.5984 1600327725
3.700799999999999 1600327725
3.6956000000000007 1600327725
3.4047 1600327725
1.3432999999999993 1600327725
1.3263999999999996 1600327725
1.3656000000000006 1600327725
5.037699999999999 1600327725
4.9573 1600327725
5.072800000000001 1600327725
0.5997000000000003 1600327725
0.31569999999999965 1600327725
0.5945 1600327725
4.1324999999999985 1600327725
4.154 1600327725
4.1919 1600327725
3.0602 1600327725
2.4136000000000006 1600327725
3.0602 1600327725
1.4992 1600327725
1.2086999999999986 1600327725
1.4940999999999995 1600327725
2.9692000000000007 1600327725
3.035399999999999 1600327725
2.8583 1600327725
4.0626 1600327725
4.155700000000001 1600327725
4.195500000000001 1600327725
1.7545000000000002 1600327725
1.7540999999999993 1600327725
1.1442000000000014 1600327725
2.6562 1600327725
2.6510999999999996 1600327725
2.5625 1600327725
2.439 1600327725
2.4443 1600327725
2.4443 1600327725
3.128 1600327725
3.0959000000000003 1600327725
3.058 1600327725
0.48139999999999894 1600327725
0.35490000000000066 1600327725
0.48080000000000034 1600327725
1.0252 1600327725
0.9888000000000012 1600327725
1.0652000000000008 1600327725
4.7827 1600327725
4.849599999999999 1600327725
4.7841000000000005 1600327725
3.5196000000000005 1600327725
3.4201999999999995 1600327725
3.5250000000000004 1600327725
2.3802000000000003 1600327725
2.431799999999999 1600327725
2.4071 1600327725
2.7651000000000003 1600327725
2.6622000000000003 1600327725
2.7067999999999994 1600327725
2.5577000000000005 1600327725
2.6525000000000016 1600327725
2.529 1600327725
1.2341999999999995 1600327725
1.2956000000000003 1600327725
1.2291000000000007 1600327725
1.998000000000001 1600327725
1.8595999999999986 1600327725
1.9979999999999993 1600327725
1.7179000000000002 1600327725
1.6727999999999987 1600327725
1.755700000000001 1600327725
2.351099999999999 1600327725
2.2386 1600327725
2.3504000000000005 1600327725
0.525599999999999 1600327725
0.41669999999999874 1600327725
0.5205000000000002 1600327725
1.5366999999999997 1600327725
1.5762999999999998 1600327725
1.7660999999999998 1600327725
0.46690000000000076 1600327725
0.5967000000000002 1600327725
0.46809999999999974 1600327725
1.6805000000000003 1600327725
1.6799 1600327725
1.609399999999999 1600327725
3.3214000000000006 1600327725
3.2832999999999988 1600327725
3.2502999999999993 1600327725
1.8984000000000005 1600327725
1.7002000000000006 1600327725
1.8985000000000003 1600327725
1.5541999999999998 1600327725
1.5545000000000009 1600327725
0.9750999999999994 1600327725
2.4509000000000007 1600327725
2.4245 1600327725
2.3168000000000006 1600327725
2.9505 1600327725
2.8092000000000006 1600327725
2.9509000000000007 1600327725
3.8226999999999993 1600327725
3.9000000000000004 1600327725
3.8988999999999994 1600327725
3.021799999999999 1600327725
2.9557 1600327725
2.9750999999999994 1600327725
2.381400000000001 1600327725
2.2670000000000012 1600327725
2.3817000000000004 1600327725
5.2004 1600327725
5.195399999999999 1600327725
5.2012 1600327725
1.2334999999999994 1600327725
1.1522000000000006 1600327725
1.1135000000000002 1600327725
3.651 1600327725
3.662000000000001 1600327725
3.6560000000000006 1600327725
3.052199999999999 1600327725
3.0503 1600327725
2.985100000000001 1600327725
5.1082 1600327725
5.102599999999999 1600327725
5.1134 1600327725
2.3895999999999997 1600327725
2.4504 1600327725
2.4452999999999996 1600327725
2.5984 1600327725
2.7051 1600327725
2.705499999999999 1600327725
2.8292 1600327725
2.6485000000000003 1600327725
2.8240999999999996 1600327725
1.0931999999999995 1600327725
0.8015000000000008 1600327725
1.097900000000001 1600327725
1.1829999999999998 1600327725
1.1710000000000012 1600327725
1.2812999999999999 1600327725
4.9207 1600327725
4.9155999999999995 1600327725
4.699300000000001 1600327725
1.4689999999999994 1600327725
1.5541 1600327725
1.5402000000000005 1600327725
3.007299999999999 1600327725
3.0073000000000008 1600327725
3.0052000000000003 1600327725
4.0556 1600327725
4.1533000000000015 1600327725
4.1524 1600327725
4.8917 1600327725
4.860700000000001 1600327725
4.9533000000000005 1600327725
5.273899999999999 1600327725
4.7620000000000005 1600327725
5.268599999999999 1600327725
2.320499999999999 1600327725
2.4003999999999994 1600327725
2.293100000000001 1600327725
0.7914000000000012 1600327725
0.8904000000000014 1600327725
0.9253 1600327725
2.9679 1600327725
2.7629 1600327725
2.965 1600327725
3.478399999999999 1600327725
3.4465999999999983 1600327725
3.5502000000000002 1600327725
3.6898999999999997 1600327725
3.6900999999999993 1600327725
3.6846999999999994 1600327725
2.166400000000001 1600327725
2.2959999999999994 1600327725
2.2239000000000004 1600327725
4.4702 1600327725
4.506500000000001 1600327725
4.397599999999999 1600327725
3.6104000000000003 1600327725
3.6104000000000003 1600327725
3.667 1600327725
1.7560000000000002 1600327725
1.7102999999999984 1600327725
1.732899999999999 1600327725
2.301400000000001 1600327725
2.2962000000000007 1600327725
2.0807 1600327725
4.877700000000001 1600327725
4.9297 1600327725
4.753799999999998 1600327725
2.253 1600327725
2.2745999999999995 1600327725
2.2746000000000013 1600327725
2.7776000000000014 1600327725
2.6541999999999994 1600327725
2.777899999999999 1600327725
1.9981000000000009 1600327725
1.9985999999999997 1600327725
1.8638999999999992 1600327725
4.001200000000001 1600327725
4.001000000000001 1600327725
4.0565 1600327725
3.877799999999999 1600327725
3.8751999999999995 1600327725
3.8366000000000007 1600327725
5.094299999999999 1600327725
5.168700000000001 1600327725
5.168899999999999 1600327725
0.9989000000000008 1600327725
1.0778999999999996 1600327725
1.1445999999999987 1600327725
2.812899999999999 1600327725
2.6468000000000007 1600327725
2.8132 1600327725
0.6248999999999985 1600327725
0.37320000000000064 1600327725
0.6306999999999992 1600327725
1.7332999999999998 1600327725
1.1570999999999998 1600327725
1.2378999999999998 1600327725
2.8451000000000004 1600327725
2.8606999999999996 1600327725
2.855599999999999 1600327725
3.3529 1600327725
2.841100000000001 1600327725
3.357099999999999 1600327725
4.6485 1600327725
4.4877 1600327725
4.6548 1600327725
3.1404999999999994 1600327725
3.0625999999999998 1600327725
3.186400000000001 1600327725
3.6476000000000006 1600327725
3.6476999999999986 1600327725
3.4267000000000003 1600327725
3.464500000000001 1600327725
3.501099999999999 1600327725
3.5610999999999997 1600327725
1.6926000000000005 1600327725
1.7138000000000009 1600327725
1.7088 1600327725
4.1065000000000005 1600327725
3.977499999999999 1600327725
4.106299999999999 1600327725
2.7774 1600327725
2.7833000000000006 1600327725
2.7836 1600327725
1.6073000000000004 1600327725
1.607899999999999 1600327725
1.601700000000001 1600327725
0.9406999999999996 1600327725
0.9741999999999997 1600327725
1.0888000000000009 1600327725
2.8530999999999995 1600327725
2.8528000000000002 1600327725
2.9353999999999996 1600327725
3.0478000000000005 1600327725
3.2157999999999998 1600327725
3.2576 1600327725
1.375 1600327725
1.3741000000000003 1600327725
1.3754000000000008 1600327725
0.7315000000000005 1600327725
0.6311999999999998 1600327725
0.7311000000000014 1600327725
1.1555999999999997 1600327725
1.1610000000000014 1600327725
1.1613999999999987 1600327725
4.875 1600327725
4.8695 1600327725
4.870000000000001 1600327725
0.49409999999999954 1600327725
0.49960000000000093 1600327725
0.31869999999999976 1600327725
1.5069999999999997 1600327725
1.545 1600327725
1.517100000000001 1600327725
2.9048 1600327725
3.0671 1600327725
3.0618999999999996 1600327725
1.5831999999999997 1600327725
1.5780999999999992 1600327725
1.5729000000000006 1600327725
2.652800000000001 1600327725
2.6580000000000013 1600327725
2.6572999999999993 1600327725
0.8948999999999998 1600327725
0.8629999999999995 1600327725
0.8658999999999999 1600327725
2.7918000000000003 1600327725
2.791599999999999 1600327725
2.791500000000001 1600327725
1.2667000000000002 1600327725
1.1540999999999997 1600327725
1.2264999999999997 1600327725
4.8803 1600327725
4.950999999999999 1600327725
4.8611 1600327725
1.6927000000000003 1600327725
1.689 1600327725
1.6026000000000007 1600327725
1.2699999999999996 1600327725
1.1649999999999991 1600327725
1.3041999999999998 1600327725
1.125 1600327725
1.307599999999999 1600327725
1.3021000000000011 1600327725
2.1164999999999985 1600327725
2.1167 1600327725
1.5789000000000009 1600327725
3.9961 1600327725
3.9962 1600327725
3.9962 1600327725
2.1191000000000013 1600327725
2.218300000000001 1600327725
2.2200999999999986 1600327725
2.571399999999999 1600327725
2.575799999999999 1600327725
2.5915999999999997 1600327725
0.7860000000000014 1600327725
0.6248000000000005 1600327725
0.6623999999999999 1600327725
0.5602999999999998 1600327725
0.5655999999999999 1600327725
0.5709999999999997 1600327725
1.4886999999999997 1600327725
1.4118999999999993 1600327725
1.4251000000000005 1600327725
1.1918999999999986 1600327725
1.2174999999999994 1600327725
1.1959999999999997 1600327725
4.505000000000001 1600327725
4.6958 1600327725
4.701700000000001 1600327725
2.3112999999999992 1600327725
2.338000000000001 1600327725
2.3771000000000004 1600327725
0.3991000000000007 1600327725
0.5639000000000003 1600327725
0.5037000000000003 1600327725
4.3453 1600327725
4.4030000000000005 1600327725
4.315000000000001 1600327725
2.9825000000000017 1600327725
2.9822000000000006 1600327725
2.9636999999999993 1600327725
1.1931999999999992 1600327725
1.1885000000000012 1600327725
0.9454000000000011 1600327725
0.4640000000000004 1600327725
0.46419999999999995 1600327725
0.3163999999999998 1600327725
4.7362 1600327725
5.207600000000001 1600327725
5.2021000000000015 1600327725
2.0889000000000006 1600327725
2.020200000000001 1600327725
1.9764999999999997 1600327725
2.1942999999999984 1600327725
2.1271000000000004 1600327725
2.1541999999999994 1600327725
2.9174000000000007 1600327725
2.3254 1600327725
2.9117999999999995 1600327725
1.0840000000000014 1600327725
1.1734000000000009 1600327725
1.2851 1600327725
3.869299999999999 1600327725
3.795 1600327725
3.8689999999999998 1600327725
1.3989999999999991 1600327725
1.2971000000000004 1600327725
1.4948999999999995 1600327725
0.35079999999999956 1600327725
0.5183 1600327725
0.4155999999999995 1600327725
4.071499999999999 1600327725
4.199999999999999 1600327725
4.0318000000000005 1600327725
2.568299999999999 1600327725
2.546900000000001 1600327725
2.562899999999999 1600327725
1.283199999999999 1600327725
1.1673999999999989 1600327725
1.2886000000000006 1600327725
2.5744000000000007 1600327725
2.5845000000000002 1600327725
2.550700000000001 1600327725
1.3383000000000003 1600327725
1.4711999999999996 1600327725
1.3126999999999995 1600327725
2.395999999999999 1600327725
2.453900000000001 1600327725
2.3764000000000003 1600327725
4.177999999999999 1600327725
4.3635 1600327725
4.199100000000001 1600327725
1.2851 1600327725
0.7496000000000009 1600327725
1.285400000000001 1600327725
2.6754999999999995 1600327725
3.1220999999999997 1600327725
3.1167 1600327725
5.0463000000000005 1600327725
5.086699999999999 1600327725
5.1592 1600327725
4.911900000000001 1600327725
4.9117 1600327725
4.8124 1600327725
2.9132999999999996 1600327725
3.0328 1600327725
2.8897000000000013 1600327725
4.8132 1600327725
4.8786000000000005 1600327725
4.9802 1600327725
1.5978000000000012 1600327725
1.5976 1600327725
1.4396000000000004 1600327725
0.3484999999999996 1600327725
0.41410000000000124 1600327725
0.4494999999999987 1600327725
4.007099999999999 1600327725
4.092600000000001 1600327725
4.007199999999999 1600327725
4.6385000000000005 1600327725
4.643600000000001 1600327725
4.3187000000000015 1600327725
4.931100000000001 1600327725
5.159600000000001 1600327725
5.047400000000001 1600327725
1.3275000000000006 1600327725
1.5410000000000004 1600327725
1.4139 1600327725
2.059800000000001 1600327725
2.0653000000000006 1600327725
1.9809 1600327725
5.155900000000001 1600327725
5.0961 1600327725
5.217699999999999 1600327725
1.5220000000000002 1600327725
1.5966000000000005 1600327725
1.591899999999999 1600327725
4.616299999999999 1600327725
4.575899999999999 1600327725
4.6166 1600327725
1.8704 1600327725
1.8702000000000005 1600327725
1.8704 1600327725
2.196299999999999 1600327725
2.2142999999999997 1600327725
2.2144999999999992 1600327725
2.3878000000000004 1600327725
2.324 1600327725
2.3253999999999984 1600327725
1.6060999999999996 1600327725
1.7680000000000007 1600327725
1.6079999999999988 1600327725
0.9991000000000003 1600327725
1.0667000000000009 1600327725
1.0686 1600327725
1.6525999999999996 1600327725
1.6488999999999994 1600327725
1.5287000000000006 1600327725
5.0173000000000005 1600327725
4.994299999999999 1600327725
5.017200000000001 1600327725
1.0703999999999994 1600327725
1.0699000000000005 1600327725
1.1635000000000009 1600327725
3.639199999999999 1600327725
3.6435999999999993 1600327725
3.6433999999999997 1600327725
0.7101000000000006 1600327725
0.7101000000000006 1600327725
0.5440000000000005 1600327725
1.8549999999999986 1600327725
1.9623999999999988 1600327725
1.8276000000000003 1600327725
1.2218 1600327725
1.222100000000001 1600327725
1.2274999999999991 1600327725
2.7456999999999994 1600327725
2.6026999999999987 1600327725
2.7409999999999997 1600327725
1.1776 1600327725
1.2601999999999993 1600327725
1.2919 1600327725
3.5981000000000005 1600327725
3.592599999999999 1600327725
3.126800000000001 1600327725
3.983599999999999 1600327725
4.187900000000001 1600327725
4.1876 1600327725
1.513300000000001 1600327725
1.3826999999999998 1600327725
1.5554999999999986 1600327725
3.681800000000001 1600327725
3.6883 1600327725
3.6877999999999993 1600327725
2.977500000000001 1600327725
2.9770000000000003 1600327725
2.856 1600327725
1.6920000000000002 1600327725
1.6915999999999993 1600327725
1.6170000000000009 1600327725
3.314499999999999 1600327725
3.314499999999999 1600327725
3.1645000000000003 1600327725
2.9642 1600327725
2.964500000000001 1600327725
2.7790999999999997 1600327725
3.2792000000000012 1600327725
3.346 1600327725
3.3179 1600327725
1.3457000000000008 1600327725
1.498800000000001 1600327725
1.4985 1600327725
2.315100000000001 1600327725
2.319699999999999 1600327725
2.1889000000000003 1600327725
1.9732000000000003 1600327725
2.064499999999999 1600327725
2.0701 1600327725
2.9326999999999988 1600327725
2.932500000000001 1600327725
2.9360999999999997 1600327725
1.9183000000000003 1600327725
1.2898999999999994 1600327725
1.9123999999999999 1600327725
1.8185000000000002 1600327725
1.4296000000000006 1600327725
1.2025000000000006 1600327725
0.9527999999999999 1600327725
1.1056000000000008 1600327725
1.0995000000000008 1600327725
0.31760000000000055 1600327725
0.39009999999999856 1600327725
0.40939999999999976 1600327725
2.3527000000000005 1600327725
2.3443000000000005 1600327725
2.3528000000000002 1600327725
2.144499999999999 1600327725
2.1804000000000006 1600327725
2.1753 1600327725
2.9915000000000003 1600327725
2.8393999999999995 1600327725
2.9849999999999994 1600327725
4.4145 1600327725
4.420400000000001 1600327725
4.5725999999999996 1600327725
1.997399999999999 1600327725
1.997399999999999 1600327725
1.9811999999999994 1600327725
3.035300000000001 1600327725
3.0349000000000004 1600327725
2.8819999999999997 1600327725
2.0900999999999996 1600327725
2.0958000000000006 1600327725
2.0958000000000006 1600327725
0.8701000000000008 1600327725
0.6871000000000009 1600327725
0.870099999999999 1600327725
3.6549000000000014 1600327725
3.6613000000000007 1600327725
3.6616 1600327725
2.4497 1600327725
2.4499999999999993 1600327725
2.2302999999999997 1600327725
2.124599999999999 1600327725
2.1243 1600327725
2.1189999999999998 1600327725
0.7261999999999986 1600327725
0.7311999999999994 1600327725
0.7308000000000003 1600327725
2.8080999999999996 1600327725
2.9222 1600327725
2.9228000000000005 1600327725
1.5702999999999996 1600327725
1.4657 1600327725
1.4657 1600327725
1.7078000000000007 1600327725
1.700899999999999 1600327725
1.7012 1600327725
1.5907 1600327725
1.0175999999999998 1600327725
1.5975000000000001 1600327725
3.1073999999999984 1600327725
3.004100000000001 1600327725
3.1129999999999995 1600327725
3.5000999999999998 1600327725
3.5947000000000013 1600327725
3.5229 1600327725
2.3455999999999992 1600327725
2.7650000000000006 1600327725
2.770299999999999 1600327725
1.0969999999999995 1600327725
1.091899999999999 1600327725
0.9959000000000007 1600327725
4.5588000000000015 1600327725
4.5045 1600327725
4.3652 1600327725
1.0286000000000008 1600327725
1.0282999999999998 1600327725
1.022499999999999 1600327725
1.050699999999999 1600327725
1.0505000000000013 1600327725
0.9775999999999989 1600327725
4.668899999999999 1600327725
4.6561 1600327725
4.498200000000001 1600327725
4.8064 1600327725
4.849600000000001 1600327725
4.849599999999999 1600327725
2.4131 1600327725
2.4681999999999995 1600327725
2.4681999999999995 1600327725
3.971300000000001 1600327725
3.971499999999999 1600327725
3.8568999999999996 1600327725
0.9459999999999997 1600327725
0.9314999999999998 1600327725
0.9258999999999986 1600327725
0.9111000000000011 1600327725
0.8460000000000001 1600327725
0.8048000000000002 1600327725
5.1601 1600327725
5.1464 1600327725
5.160399999999999 1600327725
2.2234 1600327725
2.137599999999999 1600327725
2.2234999999999996 1600327725
3.4510000000000005 1600327725
3.4620999999999995 1600327725
3.4567999999999994 1600327725
4.9381 1600327725
4.973799999999999 1600327725
4.8575 1600327725
1.6194000000000006 1600327725
1.981399999999999 1600327725
1.6424000000000003 1600327725
1.5065999999999988 1600327725
1.6335999999999995 1600327725
1.6058000000000003 1600327725
0.5144000000000002 1600327725
0.6439000000000004 1600327725
0.5909000000000013 1600327725
4.463800000000001 1600327725
4.4742999999999995 1600327725
4.4688 1600327725
