6.658999999999999 1600328124
6.6638 1600328124
6.6541999999999994 1600328124
6.5059000000000005 1600328124
6.5122 1600328124
6.511700000000001 1600328124
5.574199999999999 1600328124
5.5768 1600328124
5.573599999999999 1600328124
4.916499999999999 1600328124
4.916100000000002 1600328124
4.880399999999998 1600328124
2.982400000000002 1600328124
3.0006000000000004 1600328124
2.994300000000001 1600328124
3.853300000000001 1600328124
3.8653000000000013 1600328124
3.860500000000002 1600328124
5.1251000000000015 1600328124
5.131300000000001 1600328124
5.130099999999999 1600328124
3.1103000000000005 1600328124
3.1102000000000007 1600328124
3.104000000000001 1600328124
6.730799999999999 1600328124
6.719899999999999 1600328124
6.725999999999999 1600328124
7.197300000000002 1600328124
7.081099999999999 1600328124
7.197899999999999 1600328124
7.2264 1600328124
7.2280000000000015 1600328124
7.214900000000002 1600328124
6.546799999999999 1600328124
6.524199999999999 1600328124
6.546899999999999 1600328124
4.480899999999998 1600328124
4.483700000000001 1600328124
4.483599999999999 1600328124
5.719899999999999 1600328124
5.724699999999999 1600328124
5.725000000000001 1600328124
5.9548000000000005 1600328124
5.983600000000001 1600328124
5.9672 1600328124
3.988999999999999 1600328124
3.9890999999999988 1600328124
3.9718 1600328124
3.0523000000000007 1600328124
3.0462000000000007 1600328124
3.0578000000000003 1600328124
6.7544 1600328124
6.754999999999999 1600328124
6.749500000000001 1600328124
4.884900000000002 1600328124
4.8603999999999985 1600328124
4.8902 1600328124
5.8370999999999995 1600328124
5.827399999999999 1600328124
5.821899999999999 1600328124
5.5539999999999985 1600328124
5.532 1600328124
5.554500000000001 1600328124
6.332799999999999 1600328124
6.3383 1600328124
6.327999999999999 1600328124
7.1579999999999995 1600328124
7.1526 1600328124
7.147 1600328124
2.4793000000000003 1600328124
2.5406999999999993 1600328124
2.5406999999999993 1600328124
5.447699999999999 1600328124
5.3789 1600328124
5.3666 1600328124
3.7818999999999985 1600328124
3.7767999999999997 1600328124
3.7718000000000007 1600328124
5.253 1600328124
5.2293 1600328124
5.2044999999999995 1600328124
5.3155 1600328124
5.331099999999999 1600328124
5.3260000000000005 1600328124
4.9956 1600328124
4.989699999999999 1600328124
4.9855 1600328124
6.3687999999999985 1600328124
6.384200000000002 1600328124
6.364300000000002 1600328124
5.377599999999999 1600328124
5.383199999999999 1600328124
5.3736 1600328124
5.590299999999999 1600328124
5.5962 1600328124
5.5958999999999985 1600328124
6.649800000000001 1600328124
6.661200000000001 1600328124
6.6615 1600328124
6.243900000000002 1600328124
6.249599999999999 1600328124
6.2551000000000005 1600328124
4.177000000000001 1600328124
4.1823999999999995 1600328124
4.1823999999999995 1600328124
6.448900000000002 1600328124
6.4346 1600328124
6.4398 1600328124
5.3086 1600328124
5.2044999999999995 1600328124
5.2981 1600328124
4.943900000000001 1600328124
4.949499999999999 1600328124
4.937999999999999 1600328124
6.531699999999999 1600328124
6.5272999999999985 1600328124
6.521700000000001 1600328124
3.597800000000001 1600328124
3.6038999999999994 1600328124
3.5920999999999985 1600328124
5.8809999999999985 1600328124
5.869400000000001 1600328124
5.895100000000001 1600328124
6.838000000000001 1600328124
6.833399999999999 1600328124
6.839500000000001 1600328124
2.6397999999999993 1600328124
2.622700000000002 1600328124
2.639899999999999 1600328124
5.225099999999999 1600328124
5.237599999999999 1600328124
5.242900000000001 1600328124
6.0448 1600328124
6.050500000000001 1600328124
6.055899999999999 1600328124
5.4315 1600328124
5.433400000000001 1600328124
5.4032 1600328124
6.8088999999999995 1600328124
6.8087 1600328124
6.807800000000002 1600328124
7.145200000000001 1600328124
7.1685 1600328124
7.168299999999999 1600328124
6.725299999999999 1600328124
6.732799999999999 1600328124
6.738299999999999 1600328124
7.229600000000001 1600328124
7.231000000000002 1600328124
7.231100000000001 1600328124
5.8321000000000005 1600328124
5.8264 1600328124
5.832599999999998 1600328124
5.549800000000001 1600328124
5.5449 1600328124
5.549700000000001 1600328124
5.234299999999999 1600328124
5.255299999999998 1600328124
5.2547 1600328124
7.1198999999999995 1600328124
7.111599999999999 1600328124
7.115 1600328124
6.5136 1600328124
6.519400000000001 1600328124
6.502200000000002 1600328124
1.972999999999999 1600328124
1.9732000000000003 1600328124
1.9650999999999996 1600328124
7.030100000000001 1600328124
7.013300000000001 1600328124
7.0227 1600328124
5.980599999999999 1600328124
5.980799999999999 1600328124
5.9731000000000005 1600328124
6.9108 1600328124
6.916200000000002 1600328124
6.905700000000001 1600328124
7.456999999999999 1600328124
7.4505 1600328124
7.450699999999999 1600328124
7.3438 1600328124
7.3544 1600328124
7.349100000000002 1600328124
7.183399999999999 1600328124
7.1892 1600328124
7.177899999999999 1600328124
5.7958 1600328124
5.8012999999999995 1600328124
5.7903 1600328124
2.7414000000000005 1600328124
2.741100000000001 1600328124
2.7170000000000005 1600328124
2.6624000000000017 1600328124
2.6631 1600328124
2.6691999999999982 1600328124
5.6852 1600328124
5.699600000000002 1600328124
5.707799999999999 1600328124
5.450899999999999 1600328124
5.452200000000001 1600328124
5.4528 1600328124
2.7203999999999997 1600328124
2.7261000000000006 1600328124
2.7157 1600328124
4.1295 1600328124
4.129300000000001 1600328124
4.1357 1600328124
3.795799999999998 1600328124
3.7963000000000005 1600328124
3.7691 1600328124
6.825200000000001 1600328124
6.8085 1600328124
6.829999999999998 1600328124
6.262500000000001 1600328124
6.2562000000000015 1600328124
6.267900000000001 1600328124
5.422999999999998 1600328124
5.429800000000002 1600328124
5.435500000000001 1600328124
3.8690999999999995 1600328124
3.9566 1600328124
3.9307 1600328124
5.000399999999999 1600328124
5.032299999999999 1600328124
5.0379000000000005 1600328124
4.487299999999999 1600328124
4.480399999999998 1600328124
4.487599999999999 1600328124
4.5556 1600328124
4.560899999999998 1600328124
4.565800000000001 1600328124
3.4643999999999995 1600328124
3.458499999999999 1600328124
3.4421 1600328124
4.273200000000001 1600328124
4.252599999999999 1600328124
4.267799999999998 1600328124
6.542999999999999 1600328124
6.5413 1600328124
6.453700000000001 1600328124
2.9198999999999984 1600328124
2.920399999999999 1600328124
2.920300000000001 1600328124
6.2974 1600328124
6.297499999999999 1600328124
6.3026 1600328124
5.9063 1600328124
5.9277999999999995 1600328124
5.9228000000000005 1600328124
4.607099999999999 1600328124
4.607100000000001 1600328124
4.6076999999999995 1600328124
5.335099999999999 1600328124
5.3466000000000005 1600328124
5.3466000000000005 1600328124
6.230700000000001 1600328124
6.237499999999999 1600328124
6.236500000000001 1600328124
5.5525 1600328124
5.5585 1600328124
5.558399999999999 1600328124
3.347200000000001 1600328124
3.3469999999999978 1600328124
3.341799999999999 1600328124
3.0684000000000005 1600328124
3.0747000000000018 1600328124
3.0675999999999988 1600328124
4.5159 1600328124
4.5108999999999995 1600328124
4.515699999999999 1600328124
6.910300000000001 1600328124
6.924200000000001 1600328124
6.9169 1600328124
6.7645 1600328124
6.769300000000001 1600328124
6.758000000000001 1600328124
5.125599999999999 1600328124
5.098500000000001 1600328124
5.130700000000001 1600328124
6.346499999999999 1600328124
6.3406 1600328124
6.346799999999998 1600328124
5.676400000000001 1600328124
5.7026 1600328124
5.704199999999998 1600328124
7.1539 1600328124
7.1593 1600328124
7.164 1600328124
4.895099999999999 1600328124
4.889900000000001 1600328124
4.895600000000002 1600328124
6.859099999999998 1600328124
6.8481999999999985 1600328124
6.854200000000002 1600328124
5.561499999999999 1600328124
5.556599999999998 1600328124
5.5618 1600328124
6.634400000000001 1600328124
6.651100000000001 1600328124
6.651400000000001 1600328124
6.1996 1600328124
6.2058 1600328124
6.194400000000002 1600328124
4.939700000000002 1600328124
4.925799999999999 1600328124
4.945399999999998 1600328124
6.512200000000002 1600328124
6.493900000000002 1600328124
6.5062 1600328124
2.918799999999999 1600328124
2.9307 1600328124
2.9254999999999995 1600328124
4.9162 1600328124
4.916499999999999 1600328124
4.9056 1600328124
4.511000000000001 1600328124
4.510699999999998 1600328124
4.5113 1600328124
7.2028 1600328124
7.197900000000001 1600328124
7.207900000000002 1600328124
5.705 1600328124
5.706300000000001 1600328124
5.705500000000001 1600328124
5.358500000000001 1600328124
5.358300000000002 1600328124
5.352099999999998 1600328124
4.932599999999999 1600328124
4.914800000000001 1600328124
4.927 1600328124
4.718399999999999 1600328124
4.712900000000001 1600328124
4.718700000000002 1600328124
5.3286 1600328124
5.3286 1600328124
5.322199999999999 1600328124
6.192900000000002 1600328124
6.1678999999999995 1600328124
6.187200000000001 1600328124
6.9388000000000005 1600328124
6.9437 1600328124
6.943599999999998 1600328124
4.608599999999999 1600328124
4.615600000000001 1600328124
4.6143 1600328124
6.1484999999999985 1600328124
6.1431000000000004 1600328124
6.148500000000002 1600328124
5.532200000000001 1600328124
5.532099999999998 1600328124
5.521300000000002 1600328124
3.8394999999999992 1600328124
3.8343999999999987 1600328124
3.8286 1600328124
5.790800000000001 1600328124
5.8001000000000005 1600328124
5.800000000000001 1600328124
3.2712999999999983 1600328124
3.271399999999998 1600328124
3.2601999999999993 1600328124
6.7523 1600328124
6.7523 1600328124
6.7448999999999995 1600328124
4.022699999999999 1600328124
4.0169 1600328124
4.0230999999999995 1600328124
5.660399999999999 1600328124
5.665700000000001 1600328124
5.666800000000002 1600328124
2.706199999999999 1600328124
2.712299999999999 1600328124
2.7120999999999995 1600328124
7.1549 1600328124
7.156700000000001 1600328124
7.1549 1600328124
6.5219000000000005 1600328124
6.547300000000002 1600328124
6.553100000000001 1600328124
5.993599999999999 1600328124
6.0062999999999995 1600328124
5.999999999999998 1600328124
3.9720000000000013 1600328124
3.9613000000000014 1600328124
3.9769999999999985 1600328124
4.894900000000002 1600328124
4.889100000000001 1600328124
4.895299999999999 1600328124
4.5327 1600328124
4.5268 1600328124
4.532399999999999 1600328124
6.740599999999999 1600328124
6.747200000000001 1600328124
6.7469 1600328124
4.364499999999998 1600328124
4.359300000000001 1600328124
4.359699999999998 1600328124
5.672999999999998 1600328124
5.667300000000001 1600328124
5.6175999999999995 1600328124
4.8794 1600328124
4.8795 1600328124
4.8728 1600328124
5.828800000000001 1600328124
5.820700000000002 1600328124
5.8284 1600328124
5.773800000000001 1600328124
5.794499999999999 1600328124
5.7806999999999995 1600328124
7.177 1600328124
7.156200000000002 1600328124
7.170000000000002 1600328124
3.9602999999999984 1600328124
3.967599999999999 1600328124
3.9610000000000003 1600328124
2.7906999999999993 1600328124
2.7856000000000005 1600328124
2.784399999999998 1600328124
6.214100000000002 1600328124
6.213099999999999 1600328124
6.2141 1600328124
6.307100000000002 1600328124
6.308399999999999 1600328124
6.3079 1600328124
6.410399999999999 1600328124
6.4147 1600328124
6.414899999999998 1600328124
6.7363 1600328124
6.726099999999999 1600328124
6.730900000000002 1600328124
5.3871 1600328124
5.3825 1600328124
5.3879 1600328124
5.647600000000001 1600328124
5.652799999999999 1600328124
5.6602 1600328124
6.298599999999999 1600328124
6.282700000000002 1600328124
6.298299999999999 1600328124
3.840300000000001 1600328124
3.851700000000001 1600328124
3.8520000000000003 1600328124
2.1721000000000004 1600328124
2.1663999999999994 1600328124
2.1613000000000007 1600328124
2.871199999999998 1600328124
2.871100000000002 1600328124
2.8713000000000015 1600328124
5.821200000000001 1600328124
5.8276 1600328124
5.828299999999999 1600328124
5.480800000000002 1600328124
5.475599999999998 1600328124
5.458499999999999 1600328124
5.917100000000001 1600328124
5.9228000000000005 1600328124
5.906799999999999 1600328124
7.1036 1600328124
7.151299999999999 1600328124
7.145400000000002 1600328124
5.5135000000000005 1600328124
5.5137 1600328124
5.4976 1600328124
4.298599999999999 1600328124
4.304299999999998 1600328124
4.293800000000001 1600328124
5.693999999999999 1600328124
5.6937 1600328124
5.6807 1600328124
3.200899999999999 1600328124
3.1986000000000008 1600328124
3.2142999999999997 1600328124
6.822400000000002 1600328124
6.582599999999999 1600328124
6.829699999999999 1600328124
5.0288 1600328124
5.035 1600328124
5.0177 1600328124
5.898700000000002 1600328124
5.904600000000002 1600328124
5.8916 1600328124
6.186300000000001 1600328124
6.192400000000001 1600328124
6.191899999999999 1600328124
4.7659 1600328124
4.7765 1600328124
4.770999999999999 1600328124
2.6762999999999977 1600328124
2.6539 1600328124
2.6767000000000003 1600328124
7.078900000000001 1600328124
7.047599999999999 1600328124
7.079000000000001 1600328124
6.8453 1600328124
6.850900000000001 1600328124
6.8347 1600328124
5.5618 1600328124
5.555200000000001 1600328124
5.5618 1600328124
2.6104000000000003 1600328124
2.6096000000000004 1600328124
2.6168999999999993 1600328124
5.640499999999999 1600328124
5.645999999999999 1600328124
5.6229 1600328124
6.447499999999998 1600328124
6.447699999999999 1600328124
6.441099999999999 1600328124
6.9162 1600328124
6.916500000000001 1600328124
6.910099999999998 1600328124
5.2789 1600328124
5.276700000000002 1600328124
5.276600000000002 1600328124
4.987 1600328124
4.993800000000002 1600328124
4.988499999999998 1600328124
6.144499999999999 1600328124
6.149700000000001 1600328124
6.150399999999999 1600328124
2.9361000000000015 1600328124
2.9301000000000013 1600328124
2.9415999999999993 1600328124
4.954000000000001 1600328124
4.9649 1600328124
4.959200000000001 1600328124
5.366300000000001 1600328124
5.360999999999999 1600328124
5.3665 1600328124
6.155500000000002 1600328124
6.161199999999999 1600328124
6.134300000000001 1600328124
5.4998000000000005 1600328124
5.4801 1600328124
5.492700000000001 1600328124
4.375 1600328124
4.370099999999999 1600328124
4.3651 1600328124
5.749100000000002 1600328124
5.7379 1600328124
5.748899999999999 1600328124
7.411400000000002 1600328124
7.423499999999999 1600328124
7.417700000000002 1600328124
3.6255000000000024 1600328124
3.6304 1600328124
3.6309999999999985 1600328124
5.882100000000001 1600328124
5.887500000000001 1600328124
5.881799999999998 1600328124
2.2105999999999995 1600328124
2.2101000000000024 1600328124
2.2041000000000004 1600328124
5.2471 1600328124
5.2468 1600328124
5.241 1600328124
6.2301 1600328124
6.229399999999998 1600328124
6.223800000000001 1600328124
4.5676000000000005 1600328124
4.568099999999999 1600328124
4.568299999999999 1600328124
4.511000000000001 1600328124
4.511100000000001 1600328124
4.5001999999999995 1600328124
2.8309000000000015 1600328124
2.8309000000000015 1600328124
2.8301999999999996 1600328124
5.315300000000001 1600328124
5.315899999999999 1600328124
5.316700000000001 1600328124
4.863999999999999 1600328124
4.856299999999999 1600328124
4.8635 1600328124
4.390999999999998 1600328124
4.390799999999999 1600328124
4.385199999999999 1600328124
5.280599999999998 1600328124
5.2926 1600328124
5.286499999999998 1600328124
5.576100000000002 1600328124
5.5760000000000005 1600328124
5.5761 1600328124
5.621 1600328124
5.615 1600328124
5.620900000000001 1600328124
5.906799999999999 1600328124
5.923599999999999 1600328124
5.929699999999999 1600328124
4.866199999999999 1600328124
4.8527000000000005 1600328124
4.871599999999999 1600328124
4.211699999999999 1600328124
4.216700000000001 1600328124
4.211800000000002 1600328124
3.5858000000000008 1600328124
3.5917999999999974 1600328124
3.5915000000000017 1600328124
4.2583 1600328124
4.2520000000000024 1600328124
4.257800000000001 1600328124
2.1057999999999986 1600328124
2.099899999999998 1600328124
2.0946999999999996 1600328124
6.587899999999999 1600328124
6.581900000000001 1600328124
6.587900000000001 1600328124
6.553000000000001 1600328124
6.551 1600328124
6.5527999999999995 1600328124
5.640199999999998 1600328124
5.640599999999999 1600328124
5.645899999999999 1600328124
4.934899999999999 1600328124
4.932600000000001 1600328124
4.918600000000001 1600328124
7.131500000000001 1600328124
7.156599999999999 1600328124
7.1516 1600328124
5.017900000000001 1600328124
5.026599999999998 1600328124
5.026900000000001 1600328124
7.2576 1600328124
7.251900000000001 1600328124
7.241100000000001 1600328124
6.338400000000002 1600328124
6.3253 1600328124
6.338900000000001 1600328124
1.766399999999999 1600328124
1.7280999999999995 1600328124
1.7664000000000009 1600328124
3.2452000000000005 1600328124
3.2353000000000005 1600328124
3.217600000000001 1600328124
6.732399999999998 1600328124
6.7258 1600328124
6.732800000000001 1600328124
3.635299999999999 1600328124
3.6348999999999982 1600328124
3.634499999999999 1600328124
4.7272 1600328124
4.727499999999999 1600328124
4.732200000000002 1600328124
6.711100000000002 1600328124
6.720700000000001 1600328124
6.720100000000002 1600328124
5.117600000000001 1600328124
5.112499999999999 1600328124
5.090200000000001 1600328124
6.162099999999999 1600328124
6.169299999999998 1600328124
6.1686 1600328124
3.7398999999999987 1600328124
3.755499999999998 1600328124
3.755200000000002 1600328124
6.572900000000002 1600328124
6.575499999999998 1600328124
6.581099999999999 1600328124
4.9444 1600328124
4.914900000000001 1600328124
4.9445 1600328124
6.9457 1600328124
6.944900000000002 1600328124
6.939500000000001 1600328124
4.791299999999998 1600328124
4.785800000000002 1600328124
4.797600000000001 1600328124
5.650400000000001 1600328124
5.649699999999999 1600328124
5.644400000000001 1600328124
5.4017 1600328124
5.407100000000002 1600328124
5.407299999999999 1600328124
2.6928 1600328124
2.6707 1600328124
2.6304999999999996 1600328124
4.5191 1600328124
4.532400000000001 1600328124
4.5252 1600328124
5.808400000000001 1600328124
5.819299999999998 1600328124
5.8138000000000005 1600328124
2.416100000000002 1600328124
2.4212000000000007 1600328124
2.4037000000000024 1600328124
5.706800000000001 1600328124
5.700299999999999 1600328124
5.729699999999999 1600328124
5.7059000000000015 1600328124
5.706100000000001 1600328124
5.691299999999998 1600328124
3.7840999999999987 1600328124
3.8076000000000008 1600328124
3.8073999999999995 1600328124
6.416499999999999 1600328124
6.410900000000002 1600328124
6.1922 1600328124
6.246499999999999 1600328124
6.24 1600328124
6.2391999999999985 1600328124
5.677900000000001 1600328124
5.685400000000001 1600328124
5.690499999999998 1600328124
3.1899999999999995 1600328124
3.1958 1600328124
3.1964999999999986 1600328124
7.508699999999999 1600328124
7.4933 1600328124
7.501799999999999 1600328124
5.5725999999999996 1600328124
5.5992000000000015 1600328124
5.5725999999999996 1600328124
5.636499999999998 1600328124
5.6423000000000005 1600328124
5.6479 1600328124
4.828899999999999 1600328124
4.840700000000002 1600328124
4.840400000000001 1600328124
6.909799999999999 1600328124
6.893299999999998 1600328124
6.909899999999999 1600328124
2.535999999999998 1600328124
2.5410000000000004 1600328124
2.5357999999999983 1600328124
6.9016 1600328124
6.9017 1600328124
6.8911 1600328124
2.9951000000000008 1600328124
2.9937999999999985 1600328124
2.9951999999999988 1600328124
3.0176999999999996 1600328124
3.0183 1600328124
3.0123000000000015 1600328124
6.6738 1600328124
6.673300000000001 1600328124
6.6736 1600328124
1.5928000000000004 1600328124
1.5953000000000017 1600328124
1.592600000000001 1600328124
5.5184000000000015 1600328124
5.523999999999999 1600328124
5.513 1600328124
3.4146 1600328124
3.4107000000000003 1600328124
3.404299999999999 1600328124
6.140300000000002 1600328124
6.133100000000001 1600328124
6.150800000000002 1600328124
6.2269000000000005 1600328124
6.2258 1600328124
6.2204 1600328124
4.1219 1600328124
4.127300000000002 1600328124
4.0952 1600328124
5.148200000000001 1600328124
5.1484000000000005 1600328124
5.1052 1600328124
3.7708999999999975 1600328124
3.770199999999999 1600328124
3.7653 1600328124
6.927699999999998 1600328124
6.921699999999998 1600328124
6.9209 1600328124
5.0958999999999985 1600328124
5.092999999999998 1600328124
5.101699999999999 1600328124
5.308399999999999 1600328124
5.296499999999998 1600328124
5.308199999999999 1600328124
6.350599999999998 1600328124
6.3446 1600328124
6.350699999999998 1600328124
6.981399999999999 1600328124
6.975000000000001 1600328124
6.9809 1600328124
5.139900000000001 1600328124
5.1342 1600328124
5.145 1600328124
3.6237000000000013 1600328124
3.623199999999999 1600328124
3.623800000000001 1600328124
6.243700000000002 1600328124
6.237399999999999 1600328124
6.2486999999999995 1600328124
6.466700000000001 1600328124
6.461599999999999 1600328124
6.435199999999998 1600328124
5.052399999999999 1600328124
5.0459 1600328124
5.052299999999999 1600328124
6.233700000000001 1600328124
6.2386 1600328124
6.2394 1600328124
3.530999999999999 1600328124
3.5260999999999996 1600328124
3.5367999999999995 1600328124
2.901399999999999 1600328124
2.9068999999999985 1600328124
2.907 1600328124
5.2125 1600328124
5.2187 1600328124
5.224999999999998 1600328124
6.696500000000002 1600328124
6.6838 1600328124
6.696299999999999 1600328124
5.504899999999999 1600328124
5.511300000000002 1600328124
5.5047 1600328124
7.2005 1600328124
7.1995999999999984 1600328124
7.2048000000000005 1600328124
6.455299999999999 1600328124
6.4549 1600328124
6.4551 1600328124
6.542199999999999 1600328124
6.5428000000000015 1600328124
6.525099999999998 1600328124
4.971899999999998 1600328124
4.9718 1600328124
4.9558 1600328124
6.799200000000001 1600328124
6.8065999999999995 1600328124
6.805899999999999 1600328124
6.891 1600328124
6.885 1600328124
6.897699999999999 1600328124
4.347599999999998 1600328124
4.330799999999998 1600328124
4.341500000000002 1600328124
5.0509 1600328124
5.0436 1600328124
5.056600000000001 1600328124
6.8187999999999995 1600328124
6.824300000000001 1600328124
6.824100000000001 1600328124
2.5172000000000008 1600328124
2.5074999999999985 1600328124
2.5172000000000008 1600328124
6.089100000000002 1600328124
6.0684000000000005 1600328124
6.089 1600328124
6.361800000000001 1600328124
6.3553000000000015 1600328124
6.3614 1600328124
6.2010999999999985 1600328124
6.195599999999999 1600328124
6.208299999999998 1600328124
4.037900000000002 1600328124
4.050600000000001 1600328124
4.0565999999999995 1600328124
2.919699999999999 1600328124
2.9190000000000005 1600328124
2.9262000000000015 1600328124
6.3439 1600328124
6.3542999999999985 1600328124
6.3489 1600328124
3.7674000000000003 1600328124
3.759499999999999 1600328124
3.7616999999999994 1600328124
6.309499999999998 1600328124
6.294199999999998 1600328124
6.303800000000001 1600328124
3.612 1600328124
3.6045 1600328124
3.5983 1600328124
7.0489999999999995 1600328124
7.062000000000001 1600328124
7.055900000000001 1600328124
2.8613999999999997 1600328124
2.861100000000002 1600328124
2.855100000000002 1600328124
6.252999999999998 1600328124
6.268099999999999 1600328124
6.2628 1600328124
3.2095000000000002 1600328124
3.2515 1600328124
3.2514999999999983 1600328124
7.056100000000001 1600328124
7.030200000000001 1600328124
7.061800000000002 1600328124
6.042599999999998 1600328124
6.031499999999999 1600328124
6.042700000000002 1600328124
2.487000000000002 1600328124
2.4865999999999993 1600328124
2.481299999999999 1600328124
1.5883000000000003 1600328124
1.6127000000000002 1600328124
1.5629999999999988 1600328124
4.789199999999999 1600328124
4.794600000000001 1600328124
4.7669999999999995 1600328124
4.5961 1600328124
4.604100000000001 1600328124
4.597199999999999 1600328124
4.895300000000001 1600328124
4.8833 1600328124
4.895299999999999 1600328124
6.469000000000001 1600328124
6.474799999999998 1600328124
6.4742000000000015 1600328124
3.2417 1600328124
3.2417999999999996 1600328124
3.2232000000000003 1600328124
3.3111999999999977 1600328124
3.2944999999999993 1600328124
3.300399999999998 1600328124
7.180700000000002 1600328124
7.155099999999999 1600328124
7.181199999999999 1600328124
3.7439 1600328124
3.7388999999999992 1600328124
3.7513000000000005 1600328124
6.3627 1600328124
6.361899999999999 1600328124
6.361599999999999 1600328124
4.709 1600328124
4.713399999999998 1600328124
4.714 1600328124
6.340700000000002 1600328124
6.3536 1600328124
6.353999999999997 1600328124
3.174200000000001 1600328124
3.1686999999999994 1600328124
3.1735000000000007 1600328124
5.4719999999999995 1600328124
5.472300000000001 1600328124
5.4388000000000005 1600328124
3.5954000000000015 1600328124
3.5955000000000013 1600328124
3.5797000000000008 1600328124
4.858199999999998 1600328124
4.9023 1600328124
4.757200000000001 1600328124
4.1091 1600328124
4.2258 1600328124
4.2208000000000006 1600328124
7.053900000000002 1600328124
7.060500000000001 1600328124
7.060999999999998 1600328124
6.562100000000001 1600328124
6.5609 1600328124
6.556599999999998 1600328124
5.151700000000002 1600328124
5.1455 1600328124
5.157200000000001 1600328124
6.197199999999999 1600328124
6.1738 1600328124
6.2028 1600328124
6.3846000000000025 1600328124
6.3774999999999995 1600328124
6.377899999999999 1600328124
6.629799999999998 1600328124
6.6235 1600328124
6.6358000000000015 1600328124
4.7818999999999985 1600328124
4.7821 1600328124
4.788400000000001 1600328124
4.321199999999999 1600328124
4.315199999999999 1600328124
4.315799999999999 1600328124
5.7849 1600328124
5.7797 1600328124
5.784699999999999 1600328124
6.0397 1600328124
6.0291 1600328124
6.034200000000002 1600328124
7.210000000000001 1600328124
7.203300000000002 1600328124
7.210399999999998 1600328124
6.889800000000001 1600328124
6.8946000000000005 1600328124
6.883800000000001 1600328124
5.0838 1600328124
5.077300000000001 1600328124
5.090400000000001 1600328124
6.026599999999998 1600328124
6.027300000000002 1600328124
6.017800000000001 1600328124
4.7355 1600328124
4.730400000000001 1600328124
4.725500000000002 1600328124
6.2722999999999995 1600328124
6.282499999999999 1600328124
6.287000000000001 1600328124
5.625999999999998 1600328124
5.6204 1600328124
5.625599999999999 1600328124
6.771500000000001 1600328124
6.777199999999999 1600328124
6.776300000000001 1600328124
5.708400000000001 1600328124
5.699500000000002 1600328124
5.708600000000001 1600328124
4.458300000000001 1600328124
4.458500000000001 1600328124
4.441699999999999 1600328124
5.5786 1600328124
5.584299999999999 1600328124
5.5846 1600328124
3.3712 1600328124
3.376800000000001 1600328124
3.3767000000000014 1600328124
6.883799999999999 1600328124
6.884100000000002 1600328124
6.878100000000002 1600328124
4.4329 1600328124
4.421700000000001 1600328124
4.433099999999998 1600328124
5.9251999999999985 1600328124
5.934799999999999 1600328124
5.929999999999998 1600328124
4.892799999999999 1600328124
4.896600000000001 1600328124
4.902600000000001 1600328124
5.9841999999999995 1600328124
5.972599999999998 1600328124
5.984299999999999 1600328124
4.667400000000001 1600328124
4.677900000000001 1600328124
4.672499999999998 1600328124
2.9694000000000003 1600328124
2.9476999999999993 1600328124
2.969100000000001 1600328124
5.5771999999999995 1600328124
5.5832 1600328124
5.570499999999999 1600328124
3.8376 1600328124
3.8378000000000014 1600328124
3.7880000000000003 1600328124
6.6523 1600328124
6.651700000000002 1600328124
6.6457 1600328124
7.202500000000001 1600328124
7.2029 1600328124
7.208000000000002 1600328124
4.2713 1600328124
4.276699999999998 1600328124
4.265699999999999 1600328124
3.394499999999999 1600328124
3.3991999999999987 1600328124
3.405400000000002 1600328124
6.768799999999999 1600328124
6.7638 1600328124
6.768299999999998 1600328124
2.8573000000000004 1600328124
2.857099999999999 1600328124
2.8470000000000013 1600328124
5.862299999999999 1600328124
5.867300000000002 1600328124
5.873800000000001 1600328124
7.4472000000000005 1600328124
7.4544000000000015 1600328124
7.4612 1600328124
5.831300000000001 1600328124
5.8317 1600328124
5.819599999999999 1600328124
5.499599999999999 1600328124
5.493099999999998 1600328124
5.493400000000001 1600328124
6.463499999999998 1600328124
6.4574 1600328124
6.457599999999999 1600328124
5.800600000000001 1600328124
5.7822 1600328124
5.800700000000001 1600328124
4.4086 1600328124
4.4085 1600328124
4.4025 1600328124
6.208299999999998 1600328124
6.2142 1600328124
6.2136 1600328124
7.184000000000001 1600328124
7.178799999999999 1600328124
7.184900000000001 1600328124
4.0587 1600328124
4.0741 1600328124
4.068800000000001 1600328124
4.8277 1600328124
4.859400000000001 1600328124
4.859399999999999 1600328124
6.195699999999999 1600328124
6.1896 1600328124
6.200900000000001 1600328124
6.499400000000001 1600328124
6.4939 1600328124
6.478400000000001 1600328124
5.204600000000001 1600328124
5.210099999999999 1600328124
5.2049 1600328124
6.229900000000002 1600328124
6.2158 1600328124
6.208900000000002 1600328124
6.040699999999999 1600328124
6.061500000000002 1600328124
6.056600000000001 1600328124
7.4084 1600328124
7.413 1600328124
7.419600000000001 1600328124
3.5584000000000007 1600328124
3.5633999999999997 1600328124
3.5418000000000003 1600328124
5.935700000000001 1600328124
5.935399999999998 1600328124
5.940200000000001 1600328124
5.597399999999999 1600328124
5.5920000000000005 1600328124
5.587200000000001 1600328124
6.1861 1600328124
6.202899999999998 1600328124
6.202599999999999 1600328124
6.199499999999999 1600328124
6.205 1600328124
6.1807 1600328124
6.9201999999999995 1600328124
6.9506 1600328124
6.950699999999999 1600328124
5.4001 1600328124
5.3947 1600328124
5.3897999999999975 1600328124
5.2574999999999985 1600328124
5.258000000000001 1600328124
5.2524 1600328124
4.9138 1600328124
4.913900000000002 1600328124
4.892899999999999 1600328124
6.020899999999999 1600328124
6.0157000000000025 1600328124
6.0099 1600328124
5.9399 1600328124
5.934099999999999 1600328124
5.9354999999999976 1600328124
5.050700000000001 1600328124
5.0238 1600328124
5.045299999999999 1600328124
4.3614999999999995 1600328124
4.367300000000002 1600328124
4.3721 1600328124
5.5676999999999985 1600328124
5.5565999999999995 1600328124
5.5733999999999995 1600328124
7.4047 1600328124
7.410600000000002 1600328124
7.410800000000002 1600328124
6.429599999999999 1600328124
6.429699999999999 1600328124
6.429800000000002 1600328124
4.6119 1600328124
4.605500000000001 1600328124
4.611200000000002 1600328124
3.7744999999999997 1600328124
3.7745999999999995 1600328124
3.7738000000000014 1600328124
6.709999999999999 1600328124
6.709900000000001 1600328124
6.7052 1600328124
3.2705 1600328124
3.264899999999999 1600328124
3.270299999999999 1600328124
6.705399999999999 1600328124
6.7051 1600328124
6.693600000000002 1600328124
6.808399999999999 1600328124
6.7971 1600328124
6.808700000000002 1600328124
4.272 1600328124
4.2657000000000025 1600328124
4.2597000000000005 1600328124
6.267299999999999 1600328124
6.267899999999999 1600328124
6.2684 1600328124
6.608600000000001 1600328124
6.608400000000001 1600328124
6.5907 1600328124
2.0191000000000017 1600328124
2.0458999999999996 1600328124
2.0459000000000014 1600328124
5.677199999999999 1600328124
5.681899999999999 1600328124
5.6617 1600328124
7.1068 1600328124
7.107799999999999 1600328124
7.099199999999998 1600328124
4.904999999999999 1600328124
4.8926 1600328124
4.904200000000001 1600328124
7.266799999999998 1600328124
7.260999999999999 1600328124
7.266 1600328124
5.832099999999999 1600328124
5.826400000000001 1600328124
5.8370000000000015 1600328124
5.9428 1600328124
5.9365000000000006 1600328124
5.931699999999999 1600328124
7.170400000000001 1600328124
7.178100000000001 1600328124
7.177899999999999 1600328124
4.319299999999998 1600328124
4.3147 1600328124
4.304099999999998 1600328124
3.1826000000000008 1600328124
3.1769000000000016 1600328124
3.1829 1600328124
6.8772 1600328124
6.8850999999999996 1600328124
6.890999999999998 1600328124
6.341800000000001 1600328124
6.3421 1600328124
6.3469 1600328124
3.039600000000002 1600328124
3.0452999999999992 1600328124
3.0365 1600328124
7.0868 1600328124
7.092799999999999 1600328124
7.092899999999998 1600328124
3.178600000000001 1600328124
3.1720999999999986 1600328124
3.178700000000001 1600328124
4.8104 1600328124
4.786300000000001 1600328124
4.8043 1600328124
6.018999999999998 1600328124
6.0121 1600328124
6.019099999999998 1600328124
3.5662999999999982 1600328124
3.559199999999999 1600328124
3.5671999999999997 1600328124
2.237300000000001 1600328124
2.2483000000000004 1600328124
2.2424999999999997 1600328124
6.1507999999999985 1600328124
6.1456 1600328124
6.151300000000001 1600328124
3.281500000000001 1600328124
3.281699999999999 1600328124
3.2646999999999995 1600328124
3.1503000000000014 1600328124
3.1556999999999995 1600328124
3.1609000000000016 1600328124
6.922499999999998 1600328124
6.905799999999999 1600328124
6.917199999999999 1600328124
2.8465000000000007 1600328124
2.8413000000000004 1600328124
2.845699999999999 1600328124
5.732799999999999 1600328124
5.7265 1600328124
5.7331 1600328124
5.157600000000002 1600328124
5.146299999999998 1600328124
5.1578 1600328124
4.976300000000002 1600328124
4.976700000000001 1600328124
4.9655000000000005 1600328124
5.2132999999999985 1600328124
5.2262 1600328124
5.219900000000001 1600328124
5.1301000000000005 1600328124
5.1546 1600328124
5.154200000000001 1600328124
6.944699999999999 1600328124
6.938699999999999 1600328124
6.9442 1600328124
5.947700000000001 1600328124
5.9275 1600328124
5.935499999999999 1600328124
4.849599999999999 1600328124
4.835100000000001 1600328124
4.849600000000002 1600328124
5.597600000000002 1600328124
5.6053 1600328124
5.605200000000002 1600328124
5.8073 1600328124
5.801400000000001 1600328124
5.806999999999999 1600328124
6.889899999999999 1600328124
6.889200000000001 1600328124
6.8895 1600328124
5.937199999999999 1600328124
5.919299999999998 1600328124
5.931700000000001 1600328124
6.126099999999999 1600328124
6.135999999999999 1600328124
6.136900000000001 1600328124
3.7356 1600328124
3.728900000000001 1600328124
3.7355 1600328124
6.124700000000001 1600328124
6.135300000000001 1600328124
6.1404 1600328124
5.1457 1600328124
5.1456 1600328124
5.135299999999999 1600328124
5.555299999999999 1600328124
5.5557 1600328124
5.555900000000001 1600328124
6.5992999999999995 1600328124
6.599499999999999 1600328124
6.593399999999999 1600328124
5.228199999999999 1600328124
5.2132000000000005 1600328124
5.222099999999999 1600328124
5.669499999999999 1600328124
5.6706 1600328124
5.675800000000001 1600328124
3.389499999999998 1600328124
3.366900000000001 1600328124
3.3894 1600328124
6.784700000000001 1600328124
6.7901000000000025 1600328124
6.795 1600328124
4.304 1600328124
4.309499999999998 1600328124
4.292999999999999 1600328124
5.3742 1600328124
5.381899999999998 1600328124
5.382200000000001 1600328124
5.583299999999998 1600328124
5.5626 1600328124
5.583100000000002 1600328124
1.7538999999999998 1600328124
1.7485999999999997 1600328124
1.7591999999999999 1600328124
6.2188 1600328124
6.213600000000001 1600328124
6.211700000000002 1600328124
6.399600000000001 1600328124
6.388700000000002 1600328124
6.394299999999998 1600328124
3.7287999999999997 1600328124
3.74 1600328124
3.734400000000001 1600328124
4.774899999999999 1600328124
4.782 1600328124
4.781700000000001 1600328124
3.7201000000000004 1600328124
3.7256 1600328124
3.7149 1600328124
4.8735 1600328124
4.862500000000001 1600328124
4.8735 1600328124
4.8049 1600328124
4.796399999999998 1600328124
4.805200000000001 1600328124
4.825799999999999 1600328124
4.820600000000002 1600328124
4.825799999999999 1600328124
1.9690000000000012 1600328124
1.9690000000000012 1600328124
1.9690999999999992 1600328124
6.132 1600328124
6.125000000000002 1600328124
6.125799999999998 1600328124
5.7658999999999985 1600328124
5.76 1600328124
5.765599999999999 1600328124
5.856300000000001 1600328124
5.861599999999999 1600328124
5.856100000000001 1600328124
6.031700000000001 1600328124
6.026599999999998 1600328124
6.2247 1600328124
4.9854 1600328124
4.979000000000001 1600328124
4.978199999999999 1600328124
6.267099999999999 1600328124
6.256 1600328124
6.272300000000001 1600328124
2.6483000000000008 1600328124
2.6533999999999995 1600328124
2.6205000000000016 1600328124
1.9078 1600328124
1.9078 1600328124
1.9021000000000008 1600328124
4.578600000000002 1600328124
4.578300000000002 1600328124
4.5419 1600328124
6.281599999999999 1600328124
6.282600000000002 1600328124
6.2813 1600328124
6.5268000000000015 1600328124
6.5184999999999995 1600328124
6.518299999999998 1600328124
6.2567 1600328124
6.270100000000001 1600328124
6.270300000000001 1600328124
6.5587 1600328124
6.5585 1600328124
6.5527 1600328124
6.498699999999998 1600328124
6.4887000000000015 1600328124
6.505000000000001 1600328124
6.4649 1600328124
6.445500000000001 1600328124
6.459200000000001 1600328124
5.287799999999999 1600328124
5.263400000000001 1600328124
5.287600000000001 1600328124
5.918200000000001 1600328124
5.839900000000002 1600328124
5.913100000000002 1600328124
5.1418 1600328124
5.134599999999999 1600328124
5.140699999999999 1600328124
7.171999999999999 1600328124
7.1671 1600328124
7.167300000000001 1600328124
6.680900000000001 1600328124
6.681000000000001 1600328124
6.680900000000001 1600328124
7.393699999999999 1600328124
7.398900000000001 1600328124
7.398700000000002 1600328124
6.3027000000000015 1600328124
6.309100000000001 1600328124
6.308399999999999 1600328124
4.6281 1600328124
4.634399999999999 1600328124
4.6347999999999985 1600328124
4.654999999999999 1600328124
4.655099999999999 1600328124
4.6480000000000015 1600328124
7.2775 1600328124
7.2775 1600328124
7.241500000000002 1600328124
4.663300000000001 1600328124
4.656399999999998 1600328124
4.6632 1600328124
6.644799999999998 1600328124
6.6484000000000005 1600328124
6.6272 1600328124
4.674999999999999 1600328124
4.658600000000002 1600328124
4.680899999999999 1600328124
6.536899999999999 1600328124
6.5372 1600328124
6.531599999999999 1600328124
5.9831 1600328124
5.9251999999999985 1600328124
5.983199999999998 1600328124
4.150099999999998 1600328124
4.1434999999999995 1600328124
4.138200000000001 1600328124
3.7845999999999993 1600328124
3.7849999999999984 1600328124
3.769499999999999 1600328124
6.991800000000001 1600328124
6.986000000000001 1600328124
6.997700000000002 1600328124
3.1064999999999987 1600328124
3.1068 1600328124
3.1075 1600328124
5.589899999999998 1600328124
5.5953 1600328124
5.5954999999999995 1600328124
2.635699999999998 1600328124
2.640600000000001 1600328124
2.629900000000001 1600328124
6.4228999999999985 1600328124
6.414 1600328124
6.409099999999999 1600328124
4.5915 1600328124
4.577500000000001 1600328124
4.5920999999999985 1600328124
5.300000000000001 1600328124
5.3202 1600328124
5.279 1600328124
3.9048999999999996 1600328124
3.886800000000001 1600328124
3.9102999999999994 1600328124
6.674099999999999 1600328124
6.674199999999999 1600328124
6.6492 1600328124
5.981 1600328124
5.974699999999999 1600328124
5.9695 1600328124
5.280100000000001 1600328124
5.274899999999999 1600328124
5.284999999999998 1600328124
6.888 1600328124
6.888199999999999 1600328124
6.8812000000000015 1600328124
5.8094 1600328124
5.809899999999999 1600328124
5.8032 1600328124
3.5738000000000003 1600328124
3.5740999999999996 1600328124
3.5691999999999986 1600328124
6.405400000000002 1600328124
6.422200000000002 1600328124
6.428100000000001 1600328124
5.8104 1600328124
5.8161000000000005 1600328124
5.816000000000001 1600328124
6.337599999999998 1600328124
6.3431999999999995 1600328124
6.348600000000001 1600328124
6.785299999999999 1600328124
6.785099999999998 1600328124
6.786 1600328124
6.5138 1600328124
6.513300000000001 1600328124
6.514100000000001 1600328124
5.6799 1600328124
5.7224 1600328124
5.722499999999998 1600328124
6.3759000000000015 1600328124
6.3809000000000005 1600328124
6.375800000000002 1600328124
5.035499999999999 1600328124
5.040900000000001 1600328124
5.0412 1600328124
3.6655000000000015 1600328124
3.653100000000002 1600328124
3.6654 1600328124
6.027200000000001 1600328124
6.026799999999998 1600328124
6.0051999999999985 1600328124
3.2218999999999998 1600328124
3.2417999999999996 1600328124
3.2363000000000017 1600328124
3.648200000000001 1600328124
3.6478 1600328124
3.653599999999999 1600328124
3.9168999999999983 1600328124
3.9105000000000008 1600328124
3.8948 1600328124
4.030700000000001 1600328124
4.029999999999999 1600328124
4.035400000000001 1600328124
7.1812999999999985 1600328124
7.195300000000001 1600328124
7.1959 1600328124
6.624299999999998 1600328124
6.613299999999999 1600328124
6.6295 1600328124
