14.6214 1600221004
6.2323 1600221004
18.7935 1600221004
24.7442 1600221004
17.908 1600221004
24.7447 1600221004
25.037200000000002 1600221004
4.8122 1600221004
7.8482 1600221004
29.555799999999998 1600221004
29.524600000000003 1600221004
15.8929 1600221004
15.690600000000002 1600221004
8.3444 1600221004
10.0897 1600221004
6.0611999999999995 1600221004
23.555999999999997 1600221004
8.5308 1600221004
18.7788 1600221004
24.2824 1600221004
29.503500000000003 1600221004
24.1595 1600221004
23.594 1600221004
24.5229 1600221004
24.143099999999997 1600221004
25.096400000000003 1600221004
8.402899999999999 1600221004
25.026999999999997 1600221004
3.3442 1600221004
8.5048 1600221004
26.960299999999997 1600221004
8.428799999999999 1600221004
18.3652 1600221004
23.0833 1600221004
24.428500000000003 1600221004
3.5784 1600221004
23.5558 1600221004
3.8409 1600221004
23.626900000000003 1600221004
6.8004999999999995 1600221004
3.8629 1600221004
24.6978 1600221004
8.3946 1600221004
24.7652 1600221004
8.3943 1600221004
5.0641 1600221004
6.8175 1600221004
24.744500000000002 1600221004
8.3433 1600221004
23.611700000000003 1600221004
4.99 1600221004
3.6287999999999996 1600221004
23.6687 1600221004
25.0938 1600221004
29.524800000000003 1600221004
29.5668 1600221004
6.023 1600221004
8.344199999999999 1600221004
24.7448 1600221004
5.0001999999999995 1600221004
25.027299999999997 1600221004
6.5954999999999995 1600221004
6.8313 1600221004
18.3656 1600221004
24.7307 1600221004
7.9376 1600221004
11.9519 1600221004
25.965300000000003 1600221004
9.4988 1600221004
6.023999999999999 1600221004
9.4147 1600221004
2.0574 1600221004
24.142000000000003 1600221004
17.9436 1600221004
24.523100000000003 1600221004
25.4538 1600221004
7.9367 1600221004
24.764200000000002 1600221004
29.5533 1600221004
9.249699999999999 1600221004
6.061599999999999 1600221004
17.154899999999998 1600221004
25.0925 1600221004
3.6282999999999994 1600221004
29.5777 1600221004
29.5679 1600221004
29.534599999999998 1600221004
8.8241 1600221004
8.8239 1600221004
29.5683 1600221004
6.863099999999999 1600221004
7.833 1600221004
6.8626 1600221004
11.8772 1600221004
3.6838999999999995 1600221004
7.2715 1600221004
18.790200000000002 1600221004
9.5386 1600221004
17.154899999999998 1600221004
24.574199999999998 1600221004
29.5034 1600221004
11.8758 1600221004
3.6963 1600221004
9.5001 1600221004
10.1549 1600221004
17.0464 1600221004
24.6976 1600221004
24.7448 1600221004
16.143900000000002 1600221004
3.8029 1600221004
29.524700000000003 1600221004
10.2237 1600221004
24.6973 1600221004
22.895 1600221004
29.524900000000002 1600221004
18.3656 1600221004
18.7775 1600221004
26.562900000000003 1600221004
29.524900000000002 1600221004
4.811999999999999 1600221004
4.8256 1600221004
25.920099999999998 1600221004
6.0785 1600221004
5.1301 1600221004
6.8006 1600221004
9.6105 1600221004
7.2726999999999995 1600221004
9.6093 1600221004
9.1267 1600221004
16.146700000000003 1600221004
24.404500000000002 1600221004
28.909000000000002 1600221004
18.777700000000003 1600221004
7.2726 1600221004
9.609399999999999 1600221004
15.3401 1600221004
24.416400000000003 1600221004
16.145400000000002 1600221004
24.337100000000003 1600221004
4.811999999999999 1600221004
6.862399999999999 1600221004
24.7316 1600221004
3.6083999999999996 1600221004
5.3988 1600221004
6.3883 1600221004
29.4739 1600221004
25.028100000000002 1600221004
9.3746 1600221004
7.7582 1600221004
2.1207 1600221004
11.8791 1600221004
7.8332 1600221004
16.1462 1600221004
9.609399999999999 1600221004
5.5631 1600221004
18.778200000000002 1600221004
9.6288 1600221004
23.056700000000003 1600221004
3.0191999999999997 1600221004
23.595100000000002 1600221004
5.6499 1600221004
20.621699999999997 1600221004
3.8030000000000004 1600221004
6.5927999999999995 1600221004
9.6744 1600221004
24.3654 1600221004
24.7447 1600221004
25.965 1600221004
6.5352 1600221004
24.5742 1600221004
24.753500000000003 1600221004
1.8528 1600221004
5.0001999999999995 1600221004
5.6997 1600221004
25.069000000000003 1600221004
6.7305 1600221004
6.8712 1600221004
11.8517 1600221004
9.4136 1600221004
23.0423 1600221004
12.5816 1600221004
7.834199999999999 1600221004
25.0278 1600221004
11.8514 1600221004
26.96 1600221004
14.6782 1600221004
6.789899999999999 1600221004
16.143900000000002 1600221004
18.3654 1600221004
29.5561 1600221004
7.833399999999999 1600221004
7.872199999999999 1600221004
1.6146999999999998 1600221004
7.895899999999999 1600221004
25.965400000000002 1600221004
24.730700000000002 1600221004
6.8615 1600221004
10.2075 1600221004
18.7889 1600221004
25.9349 1600221004
1.5191000000000001 1600221004
24.7446 1600221004
9.159099999999999 1600221004
18.3658 1600221004
9.4995 1600221004
1.8918000000000001 1600221004
9.5386 1600221004
27.3148 1600221004
5.3697 1600221004
29.5777 1600221004
2.0587 1600221004
24.6647 1600221004
27.294500000000003 1600221004
26.645200000000003 1600221004
27.295 1600221004
27.549300000000002 1600221004
2.0582000000000003 1600221004
27.6578 1600221004
17.6578 1600221004
2.9086 1600221004
6.061 1600221004
2.6568 1600221004
6.719399999999999 1600221004
9.5833 1600221004
29.5036 1600221004
27.442700000000002 1600221004
6.789899999999999 1600221004
11.8754 1600221004
2.6714 1600221004
25.027700000000003 1600221004
29.5916 1600221004
5.0001 1600221004
8.0307 1600221004
6.8312 1600221004
11.0833 1600221004
11.8773 1600221004
25.0434 1600221004
11.0834 1600221004
29.556600000000003 1600221004
6.8709 1600221004
6.8711 1600221004
8.3449 1600221004
5.0638 1600221004
7.938000000000001 1600221004
24.744300000000003 1600221004
17.940700000000003 1600221004
9.6481 1600221004
17.1643 1600221004
8.3435 1600221004
29.556700000000003 1600221004
29.586399999999998 1600221004
29.6021 1600221004
5.0637 1600221004
9.1565 1600221004
29.567700000000002 1600221004
29.5863 1600221004
9.4119 1600221004
26.6166 1600221004
25.044300000000003 1600221004
26.6088 1600221004
5.9166 1600221004
29.5867 1600221004
24.731099999999998 1600221004
2.6712 1600221004
5.1293 1600221004
2.768 1600221004
16.063100000000002 1600221004
23.6113 1600221004
23.8017 1600221004
8.0432 1600221004
7.8332999999999995 1600221004
9.4998 1600221004
2.8787000000000003 1600221004
29.555999999999997 1600221004
9.4993 1600221004
9.9124 1600221004
3.2484 1600221004
9.6092 1600221004
29.5559 1600221004
9.587399999999999 1600221004
3.8038 1600221004
26.6702 1600221004
25.0436 1600221004
26.960700000000003 1600221004
4.0962 1600221004
7.857900000000001 1600221004
26.9612 1600221004
7.8482 1600221004
9.5875 1600221004
29.5246 1600221004
29.5777 1600221004
9.6091 1600221004
4.4151 1600221004
11.8774 1600221004
11.904399999999999 1600221004
16.143900000000002 1600221004
3.8617999999999997 1600221004
29.5777 1600221004
29.5562 1600221004
22.889300000000002 1600221004
4.3011 1600221004
18.779600000000002 1600221004
23.688399999999998 1600221004
4.997199999999999 1600221004
1.6141999999999999 1600221004
23.595799999999997 1600221004
10.7844 1600221004
23.6261 1600221004
11.8772 1600221004
7.846399999999999 1600221004
5.652699999999999 1600221004
9.6091 1600221004
25.964100000000002 1600221004
25.0275 1600221004
18.366400000000002 1600221004
24.664299999999997 1600221004
6.0608 1600221004
23.611600000000003 1600221004
10.0915 1600221004
6.8005 1600221004
29.552500000000002 1600221004
29.5246 1600221004
24.555300000000003 1600221004
9.5828 1600221004
6.8007 1600221004
26.4792 1600221004
23.6593 1600221004
7.8413 1600221004
9.6473 1600221004
10.0722 1600221004
26.5482 1600221004
10.0889 1600221004
29.5244 1600221004
24.9673 1600221004
23.875 1600221004
11.8753 1600221004
24.1237 1600221004
29.578000000000003 1600221004
29.602600000000002 1600221004
11.875399999999999 1600221004
27.292700000000004 1600221004
25.98 1600221004
25.076099999999997 1600221004
25.971700000000002 1600221004
7.8805 1600221004
11.8773 1600221004
29.578 1600221004
24.142000000000003 1600221004
7.880699999999999 1600221004
4.8130999999999995 1600221004
7.4578 1600221004
11.8772 1600221004
24.1433 1600221004
24.7446 1600221004
25.0922 1600221004
7.8483 1600221004
4.8119 1600221004
26.6455 1600221004
25.027900000000002 1600221004
6.0232 1600221004
9.1833 1600221004
26.669800000000002 1600221004
18.7795 1600221004
11.875499999999999 1600221004
23.6113 1600221004
8.345699999999999 1600221004
6.0796 1600221004
16.1436 1600221004
2.9857 1600221004
26.9622 1600221004
18.7778 1600221004
25.094900000000003 1600221004
29.524500000000003 1600221004
11.8521 1600221004
6.7394 1600221004
0.2942 1600221004
11.8367 1600221004
6.751399999999999 1600221004
9.1072 1600221004
9.6152 1600221004
18.3759 1600221004
9.0193 1600221004
23.3741 1600221004
25.095399999999998 1600221004
2.0701 1600221004
18.7776 1600221004
9.6099 1600221004
4.1209 1600221004
25.9651 1600221004
23.595100000000002 1600221004
29.564 1600221004
6.8177 1600221004
4.811999999999999 1600221004
29.4737 1600221004
4.8717999999999995 1600221004
6.8179 1600221004
4.8713 1600221004
29.578599999999998 1600221004
29.530900000000003 1600221004
4.9863 1600221004
4.9863 1600221004
23.0418 1600221004
16.143900000000002 1600221004
22.9232 1600221004
2.6550000000000002 1600221004
17.1553 1600221004
25.097800000000003 1600221004
3.3461 1600221004
2.8770000000000002 1600221004
23.5959 1600221004
2.9142 1600221004
6.085 1600221004
6.8709 1600221004
24.6997 1600221004
8.3451 1600221004
9.6723 1600221004
10.0718 1600221004
24.744699999999998 1600221004
18.274 1600221004
2.8903 1600221004
16.145100000000003 1600221004
3.0025 1600221004
3.628 1600221004
18.7897 1600221004
18.779 1600221004
3.3463 1600221004
23.615699999999997 1600221004
3.3457 1600221004
10.1897 1600221004
23.6113 1600221004
25.076900000000002 1600221004
3.6849 1600221004
4.4135 1600221004
25.0941 1600221004
18.197000000000003 1600221004
25.0274 1600221004
7.6287 1600221004
29.602400000000003 1600221004
4.101 1600221004
7.886699999999999 1600221004
11.878 1600221004
4.6633 1600221004
23.6286 1600221004
5.0484 1600221004
25.028399999999998 1600221004
9.1364 1600221004
29.612900000000003 1600221004
9.148 1600221004
9.6753 1600221004
9.6096 1600221004
6.063 1600221004
15.9385 1600221004
10.073 1600221004
29.602400000000003 1600221004
26.669700000000002 1600221004
11.8753 1600221004
10.072799999999999 1600221004
29.6022 1600221004
29.626399999999997 1600221004
4.8121 1600221004
5.3986 1600221004
6.8618 1600221004
29.601999999999997 1600221004
6.0617 1600221004
9.6476 1600221004
9.6096 1600221004
3.8032 1600221004
11.5695 1600221004
17.154400000000003 1600221004
11.696299999999999 1600221004
6.0622 1600221004
18.779000000000003 1600221004
25.9195 1600221004
24.7638 1600221004
25.9639 1600221004
11.5899 1600221004
29.503600000000002 1600221004
24.764100000000003 1600221004
7.2833 1600221004
18.2818 1600221004
23.5948 1600221004
11.8771 1600221004
16.147199999999998 1600221004
6.8011 1600221004
2.9852 1600221004
16.146700000000003 1600221004
6.8008999999999995 1600221004
8.3452 1600221004
29.563699999999997 1600221004
25.9673 1600221004
22.9043 1600221004
5.398300000000001 1600221004
18.8022 1600221004
7.881 1600221004
29.6124 1600221004
9.609 1600221004
4.6623 1600221004
24.417900000000003 1600221004
29.6023 1600221004
4.8115 1600221004
6.1365 1600221004
23.9936 1600221004
8.3452 1600221004
9.6763 1600221004
23.5937 1600221004
10.8168 1600221004
5.6514 1600221004
10.786999999999999 1600221004
6.024 1600221004
24.160300000000003 1600221004
14.9871 1600221004
24.175400000000003 1600221004
