16.8898 1600350606
7.7457 1600350606
5.2033 1600350606
7.7818 1600350606
10.0223 1600350606
8.3386 1600350606
12.6252 1600350606
3.5970999999999997 1600350606
22.9255 1600350606
22.8938 1600350606
22.6406 1600350606
9.0724 1600350606
12.6062 1600350606
9.060699999999999 1600350606
10.982 1600350606
20.0538 1600350606
9.6577 1600350606
22.8934 1600350606
9.706 1600350606
11.0304 1600350606
17.010099999999998 1600350606
12.6078 1600350606
5.1707 1600350606
7.784000000000001 1600350606
22.8902 1600350606
22.6387 1600350606
15.847999999999999 1600350606
11.2813 1600350606
12.607399999999998 1600350606
9.1693 1600350606
18.4297 1600350606
13.529499999999999 1600350606
9.186499999999999 1600350606
18.43 1600350606
20.9844 1600350606
2.9211 1600350606
13.5292 1600350606
14.601199999999999 1600350606
15.4537 1600350606
20.514699999999998 1600350606
17.2196 1600350606
15.748999999999999 1600350606
17.4834 1600350606
3.0215 1600350606
22.6386 1600350606
21.7398 1600350606
3.1749 1600350606
5.3951 1600350606
22.3159 1600350606
19.7953 1600350606
4.0441 1600350606
19.794 1600350606
3.5968 1600350606
4.5581000000000005 1600350606
22.9237 1600350606
4.5095 1600350606
10.0277 1600350606
7.9479999999999995 1600350606
18.4761 1600350606
9.9104 1600350606
8.662099999999999 1600350606
21.7394 1600350606
22.8919 1600350606
8.6619 1600350606
20.5167 1600350606
17.1683 1600350606
9.679599999999999 1600350606
11.5884 1600350606
13.1647 1600350606
3.6235 1600350606
20.5174 1600350606
12.4049 1600350606
7.2751 1600350606
3.1748 1600350606
11.6212 1600350606
12.438899999999999 1600350606
12.5787 1600350606
3.5576999999999996 1600350606
22.8937 1600350606
12.5163 1600350606
5.1455 1600350606
1.9399 1600350606
9.258099999999999 1600350606
4.766900000000001 1600350606
10.009799999999998 1600350606
18.43 1600350606
9.679599999999999 1600350606
4.0671 1600350606
13.587 1600350606
13.5298 1600350606
16.538 1600350606
1.9388 1600350606
7.784800000000001 1600350606
13.6032 1600350606
7.9517999999999995 1600350606
18.4296 1600350606
13.125399999999999 1600350606
4.2461 1600350606
22.8937 1600350606
22.9099 1600350606
11.4119 1600350606
13.588 1600350606
11.600499999999998 1600350606
13.589599999999999 1600350606
18.4757 1600350606
18.4297 1600350606
18.4498 1600350606
4.5411 1600350606
18.4758 1600350606
18.0591 1600350606
15.748999999999999 1600350606
18.357699999999998 1600350606
0.5609999999999999 1600350606
18.366699999999998 1600350606
22.9157 1600350606
3.4219 1600350606
13.407 1600350606
7.7869 1600350606
12.411 1600350606
15.7553 1600350606
16.788999999999998 1600350606
7.7969 1600350606
22.915599999999998 1600350606
9.4169 1600350606
7.9011000000000005 1600350606
9.900799999999998 1600350606
11.7747 1600350606
11.4109 1600350606
20.0883 1600350606
11.5513 1600350606
18.4802 1600350606
2.9461999999999997 1600350606
11.588 1600350606
3.5591 1600350606
22.895699999999998 1600350606
11.4108 1600350606
14.4438 1600350606
19.0753 1600350606
18.3665 1600350606
19.0529 1600350606
3.8231 1600350606
22.9104 1600350606
18.4806 1600350606
18.3661 1600350606
3.823 1600350606
4.5581 1600350606
13.3568 1600350606
10.195 1600350606
21.7477 1600350606
17.5305 1600350606
12.6062 1600350606
13.595799999999999 1600350606
16.6143 1600350606
14.2365 1600350606
16.8944 1600350606
3.8227999999999995 1600350606
20.5149 1600350606
5.9491000000000005 1600350606
22.8963 1600350606
5.1447 1600350606
8.7027 1600350606
4.8769 1600350606
11.2895 1600350606
9.677299999999999 1600350606
13.589599999999999 1600350606
11.600399999999999 1600350606
18.453 1600350606
11.2821 1600350606
5.1434 1600350606
22.8935 1600350606
21.738899999999997 1600350606
12.4032 1600350606
12.4031 1600350606
15.4613 1600350606
18.4762 1600350606
15.747399999999999 1600350606
5.447100000000001 1600350606
22.894199999999998 1600350606
3.9753000000000003 1600350606
12.41 1600350606
12.607 1600350606
17.5275 1600350606
3.9059999999999997 1600350606
9.1587 1600350606
12.607 1600350606
9.706 1600350606
13.589899999999998 1600350606
4.4908 1600350606
4.8755 1600350606
21.738799999999998 1600350606
22.641 1600350606
7.8221 1600350606
12.3353 1600350606
10.899999999999999 1600350606
15.845600000000001 1600350606
11.318 1600350606
16.651799999999998 1600350606
3.8418 1600350606
11.680399999999999 1600350606
4.8307 1600350606
8.661999999999999 1600350606
22.641099999999998 1600350606
11.5514 1600350606
12.194899999999999 1600350606
12.344199999999999 1600350606
16.7804 1600350606
15.845399999999998 1600350606
3.597 1600350606
4.2953 1600350606
16.756899999999998 1600350606
18.3669 1600350606
5.4567 1600350606
18.3498 1600350606
6.819100000000001 1600350606
11.680299999999999 1600350606
4.2014000000000005 1600350606
22.0179 1600350606
14.243599999999999 1600350606
4.5098 1600350606
14.2366 1600350606
6.9198 1600350606
22.3154 1600350606
22.9346 1600350606
7.7975 1600350606
5.143400000000001 1600350606
22.3151 1600350606
22.9264 1600350606
5.2751 1600350606
7.7847 1600350606
12.029499999999999 1600350606
8.3304 1600350606
11.136 1600350606
22.9258 1600350606
22.895699999999998 1600350606
21.7396 1600350606
17.484099999999998 1600350606
11.136199999999999 1600350606
8.3386 1600350606
22.893 1600350606
10.8112 1600350606
15.4513 1600350606
14.2377 1600350606
15.749099999999999 1600350606
17.3199 1600350606
4.4915 1600350606
22.3193 1600350606
15.7478 1600350606
18.4297 1600350606
9.6786 1600350606
18.43 1600350606
20.0575 1600350606
3.6231999999999998 1600350606
15.4526 1600350606
14.2378 1600350606
15.845399999999998 1600350606
17.3074 1600350606
2.8554 1600350606
21.5822 1600350606
8.3454 1600350606
3.8331999999999997 1600350606
9.6787 1600350606
21.7475 1600350606
16.9058 1600350606
11.2888 1600350606
2.6818999999999997 1600350606
18.4763 1600350606
11.551599999999999 1600350606
3.8343 1600350606
11.6005 1600350606
2.1319 1600350606
7.9035 1600350606
3.8658 1600350606
16.7801 1600350606
13.589599999999999 1600350606
16.8573 1600350606
19.795199999999998 1600350606
11.4109 1600350606
4.6504 1600350606
12.6249 1600350606
6.432 1600350606
13.5292 1600350606
18.4769 1600350606
22.9103 1600350606
6.9212 1600350606
4.2018 1600350606
8.1839 1600350606
22.6891 1600350606
8.3197 1600350606
9.678799999999999 1600350606
8.3387 1600350606
12.625 1600350606
9.6777 1600350606
4.1924 1600350606
16.919 1600350606
13.904 1600350606
4.4913 1600350606
4.491 1600350606
22.894 1600350606
21.5957 1600350606
12.437899999999999 1600350606
4.6107000000000005 1600350606
18.4301 1600350606
5.3546000000000005 1600350606
9.1748 1600350606
7.7782 1600350606
15.748899999999999 1600350606
14.601999999999999 1600350606
13.5627 1600350606
18.4951 1600350606
16.7809 1600350606
15.845399999999998 1600350606
16.8563 1600350606
7.902500000000001 1600350606
22.9106 1600350606
17.5282 1600350606
16.9179 1600350606
5.163600000000001 1600350606
17.4665 1600350606
5.1248000000000005 1600350606
9.493699999999999 1600350606
18.4296 1600350606
14.236799999999999 1600350606
18.479 1600350606
14.4451 1600350606
20.014499999999998 1600350606
14.603299999999999 1600350606
7.9126 1600350606
9.9005 1600350606
5.1434 1600350606
22.3156 1600350606
22.9238 1600350606
9.9871 1600350606
9.9173 1600350606
7.9034 1600350606
11.600299999999999 1600350606
12.6062 1600350606
13.5627 1600350606
14.2366 1600350606
14.6721 1600350606
8.328899999999999 1600350606
14.2351 1600350606
21.7394 1600350606
19.389 1600350606
12.607 1600350606
21.7389 1600350606
17.3319 1600350606
13.591299999999999 1600350606
5.5195 1600350606
16.9193 1600350606
5.3262 1600350606
22.8938 1600350606
5.5543000000000005 1600350606
12.345799999999999 1600350606
4.4322 1600350606
18.43 1600350606
4.4905 1600350606
4.5741000000000005 1600350606
14.2379 1600350606
9.9162 1600350606
14.2374 1600350606
9.8689 1600350606
18.430799999999998 1600350606
6.7513 1600350606
9.191899999999999 1600350606
14.235999999999999 1600350606
17.5972 1600350606
14.601299999999998 1600350606
5.1654 1600350606
9.1861 1600350606
16.2413 1600350606
9.6578 1600350606
15.9524 1600350606
19.2781 1600350606
9.6791 1600350606
5.297 1600350606
16.8899 1600350606
9.678899999999999 1600350606
12.1762 1600350606
18.4306 1600350606
9.963999999999999 1600350606
2.0519 1600350606
22.8935 1600350606
16.9919 1600350606
3.6950000000000003 1600350606
6.4998000000000005 1600350606
17.320999999999998 1600350606
6.9649 1600350606
9.9003 1600350606
9.9111 1600350606
17.4837 1600350606
14.7038 1600350606
18.4301 1600350606
13.234499999999999 1600350606
11.1364 1600350606
18.438299999999998 1600350606
19.1094 1600350606
11.3948 1600350606
5.2888 1600350606
19.2765 1600350606
19.389499999999998 1600350606
7.7975 1600350606
19.2764 1600350606
22.4479 1600350606
22.89 1600350606
4.2241 1600350606
11.6802 1600350606
8.328999999999999 1600350606
20.514599999999998 1600350606
14.2365 1600350606
11.4124 1600350606
14.2624 1600350606
6.569100000000001 1600350606
16.9194 1600350606
11.600299999999999 1600350606
14.9499 1600350606
18.4301 1600350606
6.9227 1600350606
7.910100000000001 1600350606
20.246299999999998 1600350606
15.1226 1600350606
9.4164 1600350606
16.8572 1600350606
15.846999999999998 1600350606
16.779799999999998 1600350606
4.5576 1600350606
11.623099999999999 1600350606
17.5251 1600350606
6.9197 1600350606
7.3257 1600350606
17.1266 1600350606
2.9207 1600350606
7.8234 1600350606
20.0553 1600350606
17.3253 1600350606
16.918599999999998 1600350606
17.4883 1600350606
8.3302 1600350606
4.2049 1600350606
9.678199999999999 1600350606
9.707999999999998 1600350606
10.826699999999999 1600350606
9.706399999999999 1600350606
13.9103 1600350606
12.3461 1600350606
15.3995 1600350606
7.901700000000001 1600350606
9.0905 1600350606
4.4906 1600350606
9.988399999999999 1600350606
22.9268 1600350606
14.238399999999999 1600350606
18.4294 1600350606
5.448 1600350606
10.367899999999999 1600350606
19.798099999999998 1600350606
13.4246 1600350606
16.8555 1600350606
18.0957 1600350606
19.391199999999998 1600350606
22.3186 1600350606
16.930699999999998 1600350606
9.679499999999999 1600350606
18.4762 1600350606
9.0258 1600350606
11.8814 1600350606
4.5582 1600350606
11.319199999999999 1600350606
6.5052 1600350606
14.236799999999999 1600350606
11.5513 1600350606
18.476399999999998 1600350606
12.6253 1600350606
18.4758 1600350606
17.3243 1600350606
6.8645000000000005 1600350606
6.964 1600350606
6.9221 1600350606
19.3739 1600350606
22.9239 1600350606
6.9565 1600350606
11.7636 1600350606
18.4759 1600350606
2.9329 1600350606
11.747 1600350606
15.999099999999999 1600350606
7.2249 1600350606
15.2819 1600350606
18.4296 1600350606
19.2776 1600350606
7.4464 1600350606
12.3681 1600350606
5.1165 1600350606
12.345099999999999 1600350606
16.7608 1600350606
21.4309 1600350606
5.2929 1600350606
6.2574000000000005 1600350606
16.6546 1600350606
9.9173 1600350606
14.236699999999999 1600350606
4.4903 1600350606
22.9234 1600350606
22.937 1600350606
6.9297 1600350606
11.6206 1600350606
4.5591 1600350606
12.606599999999998 1600350606
4.5735 1600350606
17.023 1600350606
12.623999999999999 1600350606
22.9236 1600350606
16.124499999999998 1600350606
