6.8075 1600643767
5.9293000000000005 1600643767
6.8255 1600643767
6.8256 1600643767
6.8255 1600643767
6.8256 1600643767
5.8711 1600643767
6.0731 1600643767
6.8257 1600643767
6.8868 1600643767
5.9963999999999995 1600643767
6.646 1600643767
6.7641 1600643767
6.8666 1600643767
6.7335 1600643767
6.7338 1600643767
6.8256000000000006 1600643767
6.6219 1600643767
6.2844 1600643767
5.6869 1600643767
6.5123 1600643767
5.9588 1600643767
6.5459000000000005 1600643767
6.8868 1600643767
6.8774 1600643767
6.8937 1600643767
6.8773 1600643767
6.8869 1600643767
6.064 1600643767
6.0638 1600643767
6.5462 1600643767
6.6110999999999995 1600643767
6.6832 1600643767
6.815300000000001 1600643767
6.8155 1600643767
6.8683 1600643767
6.8278 1600643767
6.8277 1600643767
6.815200000000001 1600643767
6.6111 1600643767
6.0638000000000005 1600643767
6.8876 1600643767
5.6270999999999995 1600643767
6.3881 1600643767
6.4648 1600643767
6.4646 1600643767
6.3881000000000006 1600643767
6.3882 1600643767
6.3882 1600643767
6.8891 1600643767
6.3882 1600643767
7.4047 1600643767
6.5461 1600643767
6.3883 1600643767
6.5216 1600643767
7.4184 1600643767
7.418200000000001 1600643767
6.5215000000000005 1600643767
6.7229 1600643767
7.406 1600643767
6.3835 1600643767
6.4784999999999995 1600643767
6.8084 1600643767
6.8086 1600643767
7.4098 1600643767
6.8084 1600643767
7.3948 1600643767
6.8084 1600643767
6.3697 1600643767
6.5162 1600643767
7.395 1600643767
6.4949 1600643767
7.3712 1600643767
7.3947 1600643767
7.3715 1600643767
6.5161999999999995 1600643767
6.4949 1600643767
7.4096 1600643767
6.5161999999999995 1600643767
6.5161 1600643767
7.4096 1600643767
6.5163 1600643767
3.9721 1600643767
4.3035 1600643767
4.3039 1600643767
4.3036 1600643767
4.3804 1600643767
4.3805 1600643767
4.3528 1600643767
4.3803 1600643767
4.3526 1600643767
4.3806 1600643767
4.3803 1600643767
4.0988 1600643767
4.0988 1600643767
4.3802 1600643767
4.3804 1600643767
4.3805 1600643767
4.3802 1600643767
4.3804 1600643767
4.3806 1600643767
3.6489 1600643767
4.2303 1600643767
7.2092 1600643767
7.4734 1600643767
7.4735 1600643767
7.4735 1600643767
7.5153 1600643767
7.5153 1600643767
8.014000000000001 1600643767
7.5153 1600643767
7.5154 1600643767
4.2303999999999995 1600643767
4.3803 1600643767
6.408799999999999 1600643767
6.0778 1600643767
4.2303999999999995 1600643767
5.7691 1600643767
6.9067 1600643767
7.1108 1600643767
7.2501 1600643767
7.2499 1600643767
7.2499 1600643767
7.249899999999999 1600643767
8.030800000000001 1600643767
7.1109 1600643767
7.2844999999999995 1600643767
7.6552 1600643767
7.6551 1600643767
7.6552 1600643767
7.6552 1600643767
7.655 1600643767
7.655 1600643767
6.87 1600643767
7.2091 1600643767
7.2093 1600643767
7.4097 1600643767
6.8549999999999995 1600643767
7.1613999999999995 1600643767
7.2168 1600643767
7.5193 1600643767
7.5194 1600643767
8.031099999999999 1600643767
8.030800000000001 1600643767
8.2871 1600643767
8.0307 1600643767
8.0307 1600643767
7.1617999999999995 1600643767
8.3581 1600643767
6.8247 1600643767
7.6901 1600643767
7.6901 1600643767
7.6958 1600643767
3.7533000000000003 1600643767
5.6822 1600643767
7.1979 1600643767
7.6957 1600643767
7.6956999999999995 1600643767
7.0878 1600643767
8.3581 1600643767
8.358099999999999 1600643767
8.3581 1600643767
8.357999999999999 1600643767
8.358400000000001 1600643767
8.3582 1600643767
7.0879 1600643767
8.3582 1600643767
8.3581 1600643767
8.358300000000002 1600643767
8.3582 1600643767
8.357899999999999 1600643767
3.7532 1600643767
8.358300000000002 1600643767
4.2097999999999995 1600643767
4.2099 1600643767
5.8316 1600643767
7.6913 1600643767
4.3646 1600643767
4.3646 1600643767
5.5464 1600643767
4.4768 1600643767
8.3581 1600643767
4.6816 1600643767
5.5541 1600643767
7.0878000000000005 1600643767
7.0876 1600643767
7.6866 1600643767
7.0878 1600643767
4.3645000000000005 1600643767
7.0878 1600643767
7.0882 1600643767
4.6261 1600643767
4.2098 1600643767
3.7533000000000003 1600643767
4.2024 1600643767
4.2652 1600643767
4.6147 1600643767
4.6401 1600643767
4.7281 1600643767
4.3078 1600643767
4.308 1600643767
4.3076 1600643767
4.5367 1600643767
4.5266 1600643767
4.6261 1600643767
4.6263 1600643767
4.6264 1600643767
4.2654 1600643767
4.6433 1600643767
4.6434 1600643767
4.6434 1600643767
4.6433 1600643767
4.2097999999999995 1600643767
4.2024 1600643767
4.692 1600643767
4.6922 1600643767
4.6922999999999995 1600643767
4.692399999999999 1600643767
5.480700000000001 1600643767
5.4809 1600643767
5.4808 1600643767
5.4811 1600643767
5.4809 1600643767
5.4811 1600643767
3.7532 1600643767
4.243600000000001 1600643767
4.728 1600643767
5.4809 1600643767
4.2438 1600643767
4.2437000000000005 1600643767
4.4596 1600643767
4.7284 1600643767
4.7284999999999995 1600643767
4.4596 1600643767
4.4775 1600643767
4.1916 1600643767
5.3989 1600643767
5.399 1600643767
5.4856 1600643767
4.2688999999999995 1600643767
4.269 1600643767
4.9478 1600643767
4.1917 1600643767
4.1917 1600643767
4.2688999999999995 1600643767
4.269 1600643767
5.5642 1600643767
4.1918 1600643767
4.1916 1600643767
4.4812 1600643767
5.5641 1600643767
5.5641 1600643767
5.5896 1600643767
4.4813 1600643767
5.2926 1600643767
5.3991999999999996 1600643767
5.2925 1600643767
5.3991999999999996 1600643767
4.1917 1600643767
4.4691 1600643767
5.7215 1600643767
5.7216 1600643767
4.469 1600643767
5.692200000000001 1600643767
4.4693 1600643767
5.3921 1600643767
5.5893999999999995 1600643767
5.3991 1600643767
4.4693000000000005 1600643767
4.7364 1600643767
5.3991 1600643767
5.392 1600643767
5.3991999999999996 1600643767
5.3991999999999996 1600643767
5.3991 1600643767
5.3992 1600643767
5.4856 1600643767
5.486 1600643767
5.3989 1600643767
5.7213 1600643767
3.7153 1600643767
5.4717 1600643767
5.4714 1600643767
5.7217 1600643767
5.4718 1600643767
5.7214 1600643767
5.7213 1600643767
5.721299999999999 1600643767
5.7216 1600643767
5.4713 1600643767
5.4717 1600643767
5.4715 1600643767
5.4714 1600643767
5.4718 1600643767
5.4716 1600643767
5.4716 1600643767
5.4715 1600643767
5.4716 1600643767
3.7502 1600643767
4.3159 1600643767
4.3159 1600643767
4.4241 1600643767
4.4245 1600643767
4.4242 1600643767
4.4242 1600643767
4.4242 1600643767
4.4242 1600643767
4.4242 1600643767
4.4241 1600643767
4.4245 1600643767
4.4571 1600643767
4.4568 1600643767
3.7506 1600643767
3.7506999999999997 1600643767
3.7504 1600643767
3.7504999999999997 1600643767
3.6992000000000003 1600643767
3.6989 1600643767
3.7505 1600643767
3.7504 1600643767
4.4569 1600643767
4.5567 1600643767
3.6365 1600643767
3.7395 1600643767
3.7395 1600643767
4.1661 1600643767
3.8983 1600643767
4.914 1600643767
4.9281 1600643767
3.8984000000000005 1600643767
3.8982 1600643767
3.8981 1600643767
4.9282 1600643767
3.8982 1600643767
4.1337 1600643767
4.1337 1600643767
4.1338 1600643767
4.447 1600643767
4.1338 1600643767
4.9141 1600643767
4.9141 1600643767
4.914 1600643767
4.9140999999999995 1600643767
4.9282 1600643767
3.6365000000000003 1600643767
4.3949 1600643767
4.3951 1600643767
3.6365000000000003 1600643767
4.2654000000000005 1600643767
4.2653 1600643767
4.4033 1600643767
4.4035 1600643767
4.4034 1600643767
4.4034 1600643767
4.4034 1600643767
4.2656 1600643767
4.2657 1600643767
4.9284 1600643767
4.2655 1600643767
4.928 1600643767
4.9283 1600643767
4.9283 1600643767
4.9281 1600643767
4.9281999999999995 1600643767
4.9281999999999995 1600643767
3.6365 1600643767
4.5431 1600643767
4.6373 1600643767
4.6669 1600643767
4.7355 1600643767
4.7355 1600643767
4.6668 1600643767
4.7352 1600643767
4.7357000000000005 1600643767
4.6671 1600643767
4.7603 1600643767
4.6371 1600643767
4.6371 1600643767
4.543 1600643767
5.1462 1600643767
5.1461 1600643767
4.5431 1600643767
5.146 1600643767
5.1461 1600643767
5.146100000000001 1600643767
5.146100000000001 1600643767
5.3729000000000005 1600643767
4.5565 1600643767
5.3729000000000005 1600643767
5.373 1600643767
5.373 1600643767
5.3729 1600643767
3.6366 1600643767
5.3729000000000005 1600643767
5.3729 1600643767
5.3729000000000005 1600643767
5.373 1600643767
5.373 1600643767
5.7644 1600643767
5.3727 1600643767
5.3728 1600643767
5.3728 1600643767
5.5295 1600643767
5.529599999999999 1600643767
5.5297 1600643767
5.773 1600643767
5.7729 1600643767
5.7642999999999995 1600643767
5.8141 1600643767
5.7156 1600643767
5.8588000000000005 1600643767
5.7028 1600643767
5.785200000000001 1600643767
5.4345 1600643767
5.7399000000000004 1600643767
5.7399 1600643767
5.7398 1600643767
5.3299 1600643767
5.5609 1600643767
5.8591 1600643767
5.6144 1600643767
5.5606 1600643767
5.6144 1600643767
5.773 1600643767
5.7854 1600643767
5.7729 1600643767
5.185 1600643767
5.5503 1600643767
5.859 1600643767
5.8586 1600643767
5.7853 1600643767
5.5503 1600643767
5.5503 1600643767
5.859 1600643767
5.5501000000000005 1600643767
5.7028 1600643767
5.7031 1600643767
5.6654 1600643767
5.2405 1600643767
5.4346 1600643767
5.8589 1600643767
5.6656 1600643767
5.5384 1600643767
5.4879 1600643767
5.4881 1600643767
5.4877 1600643767
5.6096 1600643767
5.4345 1600643767
5.5504999999999995 1600643767
5.702800000000001 1600643767
5.7731 1600643767
5.785200000000001 1600643767
5.7032 1600643767
5.5504 1600643767
5.2122 1600643767
5.4016 1600643767
5.4016 1600643767
5.4016 1600643767
5.4079 1600643767
5.4982999999999995 1600643767
5.5777 1600643767
5.6098 1600643767
5.4077 1600643767
5.8588 1600643767
5.4017 1600643767
5.4982 1600643767
5.6044 1600643767
5.4878 1600643767
5.5454 1600643767
5.6883 1600643767
5.5501000000000005 1600643767
5.5503 1600643767
5.7031 1600643767
5.7029000000000005 1600643767
5.8588 1600643767
5.4879 1600643767
5.8592 1600643767
5.4024 1600643767
5.6884 1600643767
5.7728 1600643767
5.7727 1600643767
5.7726 1600643767
5.7853 1600643767
3.7787 1600643767
5.7066 1600643767
4.3171 1600643767
4.3172 1600643767
4.3571 1600643767
5.263 1600643767
4.3568 1600643767
5.2631 1600643767
3.7788999999999997 1600643767
4.3568 1600643767
4.357 1600643767
3.7788999999999997 1600643767
4.3572999999999995 1600643767
4.3449 1600643767
4.345 1600643767
4.3450999999999995 1600643767
5.2372000000000005 1600643767
5.2372000000000005 1600643767
5.2373 1600643767
5.2372 1600643767
5.237 1600643767
5.2374 1600643767
5.2372 1600643767
5.6495999999999995 1600643767
5.7511 1600643767
5.9031 1600643767
5.9467 1600643767
5.9465 1600643767
5.9466 1600643767
