0.28669999999999995 1600355670
0.28700000000000003 1600355670
0.19580000000000003 1600355670
0.18430000000000002 1600355670
0.2714 1600355670
0.24170000000000003 1600355670
0.2516 1600355670
0.19590000000000002 1600355670
0.1723 1600355670
0.19680000000000003 1600355670
0.19190000000000002 1600355670
0.2459 1600355670
0.3043 1600355670
0.2098 1600355670
0.24180000000000001 1600355670
0.36229999999999996 1600355670
0.1819 1600355670
0.246 1600355670
0.28690000000000004 1600355670
0.17830000000000001 1600355670
0.2616 1600355670
0.2823 1600355670
0.2617 1600355670
0.1972 1600355670
0.2723 1600355670
0.20540000000000003 1600355670
0.24620000000000003 1600355670
0.2333 1600355670
0.18370000000000003 1600355670
0.1659 1600355670
0.24559999999999998 1600355670
0.2732 1600355670
0.24259999999999998 1600355670
0.1825 1600355670
0.28690000000000004 1600355670
0.24059999999999998 1600355670
0.17970000000000003 1600355670
0.3042 1600355670
0.18630000000000002 1600355670
0.2821 1600355670
0.2455 1600355670
0.2012 1600355670
0.1915 1600355670
0.28359999999999996 1600355670
0.2415 1600355670
0.18380000000000002 1600355670
0.19240000000000002 1600355670
0.20229999999999998 1600355670
0.277 1600355670
0.242 1600355670
0.2532 1600355670
0.2731 1600355670
0.2615 1600355670
0.30400000000000005 1600355670
0.1835 1600355670
0.2334 1600355670
0.23299999999999998 1600355670
0.1961 1600355670
0.17609999999999998 1600355670
0.2425 1600355670
0.2012 1600355670
0.2872 1600355670
0.16660000000000003 1600355670
0.27490000000000003 1600355670
0.279 1600355670
0.2464 1600355670
0.2711 1600355670
0.3144 1600355670
0.24620000000000003 1600355670
0.2724 1600355670
0.18630000000000002 1600355670
0.2617 1600355670
0.18520000000000003 1600355670
0.27180000000000004 1600355670
0.32820000000000005 1600355670
0.1996 1600355670
0.24230000000000002 1600355670
0.196 1600355670
0.2102 1600355670
0.2714 1600355670
0.2011 1600355670
0.2872 1600355670
0.24270000000000003 1600355670
0.28259999999999996 1600355670
0.2711 1600355670
0.24580000000000002 1600355670
0.2649 1600355670
0.1663 1600355670
0.246 1600355670
0.1763 1600355670
0.2731 1600355670
0.201 1600355670
0.1663 1600355670
0.27280000000000004 1600355670
0.2012 1600355670
0.193 1600355670
0.2724 1600355670
0.1768 1600355670
0.24259999999999998 1600355670
0.2012 1600355670
0.2051 1600355670
0.2872 1600355670
0.1834 1600355670
0.2871 1600355670
0.2022 1600355670
0.191 1600355670
0.36240000000000006 1600355670
0.24230000000000002 1600355670
0.2694 1600355670
0.2329 1600355670
0.19890000000000002 1600355670
0.18309999999999998 1600355670
0.23970000000000002 1600355670
0.2784 1600355670
0.2429 1600355670
0.21090000000000003 1600355670
0.2693 1600355670
0.30410000000000004 1600355670
0.1956 1600355670
0.28180000000000005 1600355670
0.2005 1600355670
0.18220000000000003 1600355670
0.3042 1600355670
0.18270000000000003 1600355670
0.246 1600355670
0.24580000000000002 1600355670
0.2098 1600355670
0.2011 1600355670
0.2615 1600355670
0.19190000000000002 1600355670
0.2619 1600355670
0.24 1600355670
0.24259999999999998 1600355670
0.2616 1600355670
0.30400000000000005 1600355670
0.2403 1600355670
0.32810000000000006 1600355670
0.3043 1600355670
0.23260000000000003 1600355670
0.2313 1600355670
0.28300000000000003 1600355670
0.1824 1600355670
0.20990000000000003 1600355670
0.18620000000000003 1600355670
0.3319 1600355670
0.2732 1600355670
0.2512 1600355670
0.199 1600355670
0.16649999999999998 1600355670
0.23820000000000002 1600355670
0.19979999999999998 1600355670
0.2531 1600355670
0.2617 1600355670
0.26890000000000003 1600355670
0.30469999999999997 1600355670
0.20450000000000002 1600355670
0.20140000000000002 1600355670
0.19290000000000002 1600355670
0.23170000000000002 1600355670
0.19669999999999999 1600355670
0.18359999999999999 1600355670
0.1986 1600355670
0.30479999999999996 1600355670
0.19280000000000003 1600355670
0.24120000000000003 1600355670
0.2454 1600355670
0.3046 1600355670
0.2724 1600355670
0.2691 1600355670
0.20190000000000002 1600355670
0.3045 1600355670
0.28259999999999996 1600355670
0.24209999999999998 1600355670
0.18330000000000002 1600355670
0.22949999999999998 1600355670
0.1956 1600355670
0.33089999999999997 1600355670
0.27290000000000003 1600355670
0.2532 1600355670
0.1977 1600355670
0.27270000000000005 1600355670
0.18470000000000003 1600355670
0.1981 1600355670
0.24230000000000002 1600355670
0.19630000000000003 1600355670
0.2534 1600355670
0.19740000000000002 1600355670
0.2097 1600355670
0.28190000000000004 1600355670
0.20240000000000002 1600355670
0.2384 1600355670
0.2704 1600355670
0.24280000000000002 1600355670
0.2732 1600355670
0.24170000000000003 1600355670
0.2794 1600355670
0.2693 1600355670
0.27249999999999996 1600355670
0.24620000000000003 1600355670
0.2112 1600355670
0.1901 1600355670
0.19180000000000003 1600355670
0.24170000000000003 1600355670
0.183 1600355670
0.2096 1600355670
0.2783 1600355670
0.18470000000000003 1600355670
0.30400000000000005 1600355670
0.2334 1600355670
0.178 1600355670
0.20950000000000002 1600355670
0.27259999999999995 1600355670
0.2734 1600355670
0.2734 1600355670
0.28700000000000003 1600355670
0.24080000000000001 1600355670
0.1925 1600355670
0.261 1600355670
0.2792 1600355670
0.18470000000000003 1600355670
0.2111 1600355670
0.3329 1600355670
0.1825 1600355670
0.23299999999999998 1600355670
0.1904 1600355670
0.2863 1600355670
0.3042 1600355670
0.2871 1600355670
0.2533 1600355670
0.19569999999999999 1600355670
0.1977 1600355670
0.21300000000000002 1600355670
0.24180000000000001 1600355670
0.24070000000000003 1600355670
0.18220000000000003 1600355670
0.2823 1600355670
0.18520000000000003 1600355670
0.2616 1600355670
0.19930000000000003 1600355670
0.19540000000000002 1600355670
0.1976 1600355670
0.2384 1600355670
0.2532 1600355670
0.2319 1600355670
0.2871 1600355670
0.2459 1600355670
0.3044 1600355670
0.26970000000000005 1600355670
0.2825 1600355670
0.2692 1600355670
0.2875 1600355670
0.22300000000000003 1600355670
0.18370000000000003 1600355670
0.192 1600355670
0.18030000000000002 1600355670
0.19790000000000002 1600355670
0.18059999999999998 1600355670
0.28180000000000005 1600355670
0.2534 1600355670
0.28680000000000005 1600355670
0.2811 1600355670
0.27259999999999995 1600355670
0.31220000000000003 1600355670
0.2 1600355670
0.20440000000000003 1600355670
0.28259999999999996 1600355670
0.2041 1600355670
0.191 1600355670
0.2333 1600355670
0.27890000000000004 1600355670
0.21100000000000002 1600355670
0.2334 1600355670
0.1784 1600355670
0.1982 1600355670
0.1753 1600355670
0.27759999999999996 1600355670
0.27580000000000005 1600355670
0.17820000000000003 1600355670
0.2328 1600355670
0.24280000000000002 1600355670
0.28680000000000005 1600355670
0.22649999999999998 1600355670
0.20090000000000002 1600355670
0.1819 1600355670
0.2203 1600355670
0.2051 1600355670
0.20550000000000002 1600355670
0.18359999999999999 1600355670
0.18370000000000003 1600355670
0.2 1600355670
0.1855 1600355670
0.18380000000000002 1600355670
0.2026 1600355670
0.2617 1600355670
0.1866 1600355670
0.24209999999999998 1600355670
0.17970000000000003 1600355670
0.21100000000000002 1600355670
0.20140000000000002 1600355670
0.27170000000000005 1600355670
0.243 1600355670
0.20550000000000002 1600355670
0.18470000000000003 1600355670
0.24259999999999998 1600355670
0.28290000000000004 1600355670
0.2724 1600355670
0.18030000000000002 1600355670
0.2329 1600355670
0.21000000000000002 1600355670
0.2616 1600355670
0.30369999999999997 1600355670
0.27249999999999996 1600355670
0.1865 1600355670
0.26180000000000003 1600355670
0.2096 1600355670
0.18520000000000003 1600355670
0.28200000000000003 1600355670
0.1824 1600355670
0.22010000000000002 1600355670
0.2616 1600355670
0.3087 1600355670
0.24259999999999998 1600355670
0.18270000000000003 1600355670
0.27059999999999995 1600355670
0.2015 1600355670
0.22649999999999998 1600355670
0.3042 1600355670
0.17659999999999998 1600355670
0.27049999999999996 1600355670
0.3043 1600355670
0.1839 1600355670
0.33120000000000005 1600355670
0.3328 1600355670
0.2614 1600355670
0.19990000000000002 1600355670
0.18370000000000003 1600355670
0.27959999999999996 1600355670
0.2405 1600355670
0.20029999999999998 1600355670
0.1854 1600355670
0.20090000000000002 1600355670
0.177 1600355670
0.1991 1600355670
0.24559999999999998 1600355670
0.18480000000000002 1600355670
0.2455 1600355670
0.18370000000000003 1600355670
0.1965 1600355670
0.18330000000000002 1600355670
0.28700000000000003 1600355670
0.18159999999999998 1600355670
0.18109999999999998 1600355670
0.2874 1600355670
0.18370000000000003 1600355670
0.23149999999999998 1600355670
0.17459999999999998 1600355670
0.3043 1600355670
0.2955 1600355670
0.2096 1600355670
0.18330000000000002 1600355670
0.243 1600355670
0.26180000000000003 1600355670
0.21100000000000002 1600355670
0.177 1600355670
0.2333 1600355670
0.2774 1600355670
0.20450000000000002 1600355670
0.3044 1600355670
0.1658 1600355670
0.19780000000000003 1600355670
0.2001 1600355670
0.16649999999999998 1600355670
0.26180000000000003 1600355670
0.33130000000000004 1600355670
0.196 1600355670
0.2617 1600355670
0.1658 1600355670
0.18380000000000002 1600355670
0.17570000000000002 1600355670
0.3042 1600355670
0.30410000000000004 1600355670
0.27290000000000003 1600355670
0.2369 1600355670
0.2614 1600355670
0.185 1600355670
0.24620000000000003 1600355670
0.1709 1600355670
0.16720000000000002 1600355670
0.28259999999999996 1600355670
0.2514 1600355670
0.1986 1600355670
0.2825 1600355670
0.24570000000000003 1600355670
0.2025 1600355670
0.28290000000000004 1600355670
0.1987 1600355670
0.28269999999999995 1600355670
0.19890000000000002 1600355670
0.2098 1600355670
0.2617 1600355670
0.24620000000000003 1600355670
0.18159999999999998 1600355670
0.19990000000000002 1600355670
0.201 1600355670
0.17830000000000001 1600355670
0.3176 1600355670
0.18420000000000003 1600355670
0.1725 1600355670
0.27270000000000005 1600355670
0.27059999999999995 1600355670
0.28269999999999995 1600355670
0.24270000000000003 1600355670
0.1981 1600355670
0.30490000000000006 1600355670
0.19890000000000002 1600355670
0.26180000000000003 1600355670
0.185 1600355670
0.2722 1600355670
0.19140000000000001 1600355670
0.33130000000000004 1600355670
0.23299999999999998 1600355670
0.19640000000000002 1600355670
0.19830000000000003 1600355670
0.24459999999999998 1600355670
0.2459 1600355670
0.271 1600355670
0.17060000000000003 1600355670
0.192 1600355670
0.32810000000000006 1600355670
0.26949999999999996 1600355670
0.18570000000000003 1600355670
0.20990000000000003 1600355670
0.18209999999999998 1600355670
0.19640000000000002 1600355670
0.33109999999999995 1600355670
0.24109999999999998 1600355670
0.20950000000000002 1600355670
0.27259999999999995 1600355670
0.24470000000000003 1600355670
0.1764 1600355670
0.30410000000000004 1600355670
0.20029999999999998 1600355670
0.27249999999999996 1600355670
0.27170000000000005 1600355670
0.1855 1600355670
0.3044 1600355670
0.2724 1600355670
0.279 1600355670
0.19880000000000003 1600355670
0.24609999999999999 1600355670
0.33340000000000003 1600355670
0.17980000000000002 1600355670
0.1975 1600355670
0.23349999999999999 1600355670
0.23410000000000003 1600355670
0.1987 1600355670
0.1849 1600355670
0.2113 1600355670
0.1684 1600355670
0.19740000000000002 1600355670
0.2873 1600355670
0.1724 1600355670
0.2126 1600355670
0.174 1600355670
0.21150000000000002 1600355670
0.246 1600355670
0.2692 1600355670
0.2333 1600355670
0.17470000000000002 1600355670
0.1723 1600355670
0.2824 1600355670
0.3329 1600355670
0.1996 1600355670
0.1965 1600355670
0.19979999999999998 1600355670
0.2263 1600355670
0.1824 1600355670
0.1855 1600355670
0.19530000000000003 1600355670
0.2136 1600355670
0.1815 1600355670
0.24109999999999998 1600355670
0.19930000000000003 1600355670
0.2056 1600355670
0.2338 1600355670
0.31220000000000003 1600355670
0.34209999999999996 1600355670
0.20090000000000002 1600355670
0.16549999999999998 1600355670
0.18209999999999998 1600355670
0.24130000000000001 1600355670
0.20540000000000003 1600355670
0.185 1600355670
0.20950000000000002 1600355670
0.3277 1600355670
0.24230000000000002 1600355670
0.30490000000000006 1600355670
0.2611 1600355670
0.28780000000000006 1600355670
0.2193 1600355670
0.21850000000000003 1600355670
0.17020000000000002 1600355670
0.185 1600355670
0.24570000000000003 1600355670
0.1972 1600355670
0.21140000000000003 1600355670
0.2513 1600355670
0.19979999999999998 1600355670
0.1778 1600355670
0.24020000000000002 1600355670
0.2714 1600355670
0.3044 1600355670
