0.17029999999999998 1600633159
0.1515 1600633159
0.1762 1600633159
0.17800000000000002 1600633159
0.16279999999999997 1600633159
0.1952 1600633159
0.1857 1600633159
0.1772 1600633159
0.2009 1600633159
0.18339999999999998 1600633159
0.2181 1600633159
0.1857 1600633159
0.23679999999999998 1600633159
0.19710000000000003 1600633159
0.19560000000000002 1600633159
0.20369999999999996 1600633159
0.1591 1600633159
0.2064 1600633159
0.15080000000000002 1600633159
0.19749999999999998 1600633159
0.14759999999999998 1600633159
0.12739999999999999 1600633159
0.1494 1600633159
0.20559999999999998 1600633159
0.16080000000000003 1600633159
0.1938 1600633159
0.1682 1600633159
0.1565 1600633159
0.13859999999999997 1600633159
0.1802 1600633159
0.19349999999999998 1600633159
0.20069999999999996 1600633159
0.1923 1600633159
0.1909 1600633159
0.1591 1600633159
0.161 1600633159
0.1903 1600633159
0.20659999999999998 1600633159
0.1484 1600633159
0.1489 1600633159
0.21109999999999998 1600633159
0.15059999999999998 1600633159
0.1947 1600633159
0.1909 1600633159
0.19249999999999998 1600633159
0.14609999999999998 1600633159
0.19720000000000001 1600633159
0.20059999999999997 1600633159
0.1811 1600633159
0.2024 1600633159
0.1554 1600633159
0.215 1600633159
0.2043 1600633159
0.23699999999999996 1600633159
0.17079999999999998 1600633159
0.2059 1600633159
0.2019 1600633159
0.1914 1600633159
0.22 1600633159
0.1848 1600633159
0.18510000000000001 1600633159
0.18339999999999998 1600633159
0.17599999999999996 1600633159
0.1418 1600633159
0.15969999999999998 1600633159
0.18239999999999998 1600633159
0.16080000000000003 1600633159
0.2325 1600633159
0.17989999999999998 1600633159
0.19359999999999997 1600633159
0.1595 1600633159
0.15119999999999997 1600633159
0.18539999999999998 1600633159
0.1536 1600633159
0.2048 1600633159
0.2181 1600633159
0.17439999999999997 1600633159
0.2327 1600633159
0.1978 1600633159
0.1687 1600633159
0.151 1600633159
0.19359999999999997 1600633159
0.19349999999999998 1600633159
0.19359999999999997 1600633159
0.1529 1600633159
0.2059 1600633159
0.165 1600633159
0.1948 1600633159
0.18989999999999999 1600633159
0.20659999999999998 1600633159
0.1978 1600633159
0.154 1600633159
0.1463 1600633159
0.23379999999999998 1600633159
0.1767 1600633159
0.17339999999999997 1600633159
0.16219999999999998 1600633159
0.1964 1600633159
0.19549999999999998 1600633159
0.2194 1600633159
0.19599999999999998 1600633159
0.18659999999999996 1600633159
0.21819999999999998 1600633159
0.159 1600633159
0.14620000000000002 1600633159
0.19559999999999997 1600633159
0.19159999999999996 1600633159
0.2179 1600633159
0.17900000000000002 1600633159
0.15159999999999998 1600633159
0.18849999999999997 1600633159
0.16739999999999997 1600633159
0.16890000000000002 1600633159
0.1589 1600633159
0.22180000000000002 1600633159
0.20169999999999996 1600633159
0.16879999999999998 1600633159
0.2322 1600633159
0.22229999999999997 1600633159
0.22639999999999996 1600633159
0.18749999999999997 1600633159
0.17329999999999998 1600633159
0.22279999999999997 1600633159
0.2176 1600633159
0.1842 1600633159
0.1737 1600633159
0.19509999999999997 1600633159
0.18539999999999998 1600633159
0.205 1600633159
0.2068 1600633159
0.1606 1600633159
0.209 1600633159
0.1838 1600633159
0.14859999999999998 1600633159
0.19149999999999998 1600633159
0.14830000000000002 1600633159
0.2048 1600633159
0.225 1600633159
0.21359999999999998 1600633159
0.1479 1600633159
0.15259999999999999 1600633159
0.1721 1600633159
0.1796 1600633159
0.20009999999999997 1600633159
0.19660000000000002 1600633159
0.2045 1600633159
0.2095 1600633159
0.1415 1600633159
0.2084 1600633159
0.1883 1600633159
0.1711 1600633159
0.16119999999999998 1600633159
0.20409999999999998 1600633159
0.20569999999999997 1600633159
0.1579 1600633159
0.16589999999999996 1600633159
0.16240000000000002 1600633159
0.16079999999999997 1600633159
0.1988 1600633159
0.2054 1600633159
0.20120000000000002 1600633159
0.21969999999999998 1600633159
0.1952 1600633159
0.2078 1600633159
0.2088 1600633159
0.1908 1600633159
0.20059999999999997 1600633159
0.2189 1600633159
0.15969999999999998 1600633159
0.1776 1600633159
0.15369999999999998 1600633159
0.14459999999999998 1600633159
0.20559999999999998 1600633159
0.1665 1600633159
0.18760000000000002 1600633159
0.21829999999999997 1600633159
0.20569999999999997 1600633159
0.2286 1600633159
0.16419999999999998 1600633159
0.17200000000000001 1600633159
0.14209999999999998 1600633159
0.19870000000000002 1600633159
0.2194 1600633159
0.213 1600633159
0.23139999999999997 1600633159
0.14619999999999997 1600633159
0.1672 1600633159
0.1974 1600633159
0.1499 1600633159
0.1761 1600633159
0.19809999999999997 1600633159
0.16779999999999998 1600633159
0.21439999999999998 1600633159
0.20339999999999997 1600633159
0.20279999999999998 1600633159
0.1795 1600633159
0.191 1600633159
0.1617 1600633159
0.2222 1600633159
0.16299999999999998 1600633159
0.14600000000000002 1600633159
0.2086 1600633159
0.2036 1600633159
0.15050000000000002 1600633159
0.18530000000000002 1600633159
0.19590000000000002 1600633159
0.16709999999999997 1600633159
0.2496 1600633159
0.1563 1600633159
0.2152 1600633159
0.1854 1600633159
0.19019999999999998 1600633159
0.20329999999999998 1600633159
0.1482 1600633159
0.1597 1600633159
0.1951 1600633159
0.194 1600633159
0.18030000000000002 1600633159
0.19129999999999997 1600633159
0.21739999999999998 1600633159
0.16349999999999998 1600633159
0.19440000000000002 1600633159
0.2532 1600633159
0.22089999999999999 1600633159
0.14489999999999997 1600633159
0.18180000000000002 1600633159
0.2415 1600633159
0.1592 1600633159
0.1482 1600633159
0.16620000000000001 1600633159
0.1587 1600633159
0.19829999999999998 1600633159
0.1735 1600633159
0.2108 1600633159
0.1669 1600633159
0.2133 1600633159
0.17959999999999998 1600633159
0.16809999999999997 1600633159
0.1683 1600633159
0.22110000000000002 1600633159
0.1891 1600633159
0.18919999999999998 1600633159
0.15860000000000002 1600633159
0.17980000000000002 1600633159
0.1825 1600633159
0.1901 1600633159
0.1563 1600633159
0.20489999999999997 1600633159
0.19429999999999997 1600633159
0.201 1600633159
0.185 1600633159
0.14500000000000002 1600633159
0.20679999999999998 1600633159
0.1483 1600633159
0.1851 1600633159
0.18730000000000002 1600633159
0.2094 1600633159
0.1338 1600633159
0.14609999999999998 1600633159
0.18589999999999998 1600633159
0.2083 1600633159
0.2119 1600633159
0.2018 1600633159
0.17589999999999997 1600633159
0.1832 1600633159
0.13570000000000002 1600633159
0.21059999999999998 1600633159
0.1509 1600633159
0.23379999999999998 1600633159
0.18789999999999998 1600633159
0.20170000000000002 1600633159
0.19849999999999998 1600633159
0.2065 1600633159
0.1938 1600633159
0.2305 1600633159
0.18300000000000002 1600633159
0.1414 1600633159
0.2159 1600633159
0.18689999999999998 1600633159
0.1934 1600633159
0.19499999999999998 1600633159
0.19849999999999998 1600633159
0.1448 1600633159
0.2256 1600633159
0.20049999999999998 1600633159
0.1736 1600633159
0.16590000000000002 1600633159
0.18949999999999997 1600633159
0.1449 1600633159
0.1984 1600633159
0.19820000000000002 1600633159
0.1448 1600633159
0.1848 1600633159
0.1554 1600633159
0.1747 1600633159
0.20209999999999997 1600633159
0.1646 1600633159
0.1942 1600633159
0.2023 1600633159
0.1801 1600633159
0.1924 1600633159
0.18300000000000002 1600633159
0.19160000000000002 1600633159
0.18339999999999998 1600633159
0.1354 1600633159
0.1989 1600633159
0.1777 1600633159
0.15530000000000002 1600633159
0.19060000000000002 1600633159
0.2048 1600633159
0.19660000000000002 1600633159
0.2008 1600633159
0.16190000000000002 1600633159
0.1374 1600633159
0.1842 1600633159
0.19460000000000002 1600633159
0.18739999999999998 1600633159
0.1792 1600633159
0.1672 1600633159
0.156 1600633159
0.2018 1600633159
0.2055 1600633159
0.1762 1600633159
0.1464 1600633159
0.2194 1600633159
0.2296 1600633159
0.24749999999999997 1600633159
0.2064 1600633159
0.1611 1600633159
0.19560000000000002 1600633159
0.19449999999999998 1600633159
0.15930000000000002 1600633159
0.17779999999999999 1600633159
0.1631 1600633159
0.19919999999999996 1600633159
0.19559999999999997 1600633159
0.1832 1600633159
0.21719999999999998 1600633159
0.16629999999999998 1600633159
0.1959 1600633159
0.21330000000000002 1600633159
0.19709999999999997 1600633159
0.1912 1600633159
0.2175 1600633159
0.17679999999999998 1600633159
0.2105 1600633159
0.21569999999999998 1600633159
0.2184 1600633159
0.21880000000000002 1600633159
0.1919 1600633159
0.1687 1600633159
0.1848 1600633159
0.1973 1600633159
0.16579999999999998 1600633159
0.17400000000000002 1600633159
0.2068 1600633159
0.19310000000000002 1600633159
0.1958 1600633159
0.1857 1600633159
0.18959999999999996 1600633159
0.2048 1600633159
0.1348 1600633159
0.20220000000000002 1600633159
0.19659999999999997 1600633159
0.21130000000000002 1600633159
0.1831 1600633159
0.16629999999999998 1600633159
0.1959 1600633159
0.21209999999999998 1600633159
0.16019999999999998 1600633159
0.2054 1600633159
0.22019999999999998 1600633159
0.1569 1600633159
0.21259999999999998 1600633159
0.22019999999999998 1600633159
0.147 1600633159
0.21619999999999998 1600633159
0.17839999999999998 1600633159
0.1979 1600633159
0.19870000000000002 1600633159
0.24899999999999997 1600633159
0.211 1600633159
0.18249999999999997 1600633159
0.2024 1600633159
0.1924 1600633159
0.1872 1600633159
0.16229999999999997 1600633159
0.19039999999999999 1600633159
0.1389 1600633159
0.1934 1600633159
0.1953 1600633159
0.1927 1600633159
0.22069999999999998 1600633159
0.17700000000000002 1600633159
0.15669999999999998 1600633159
0.1464 1600633159
0.14969999999999997 1600633159
0.1666 1600633159
0.19710000000000003 1600633159
0.18989999999999999 1600633159
0.1767 1600633159
0.1676 1600633159
0.14459999999999998 1600633159
0.19610000000000002 1600633159
0.18910000000000002 1600633159
0.2019 1600633159
0.22130000000000002 1600633159
0.14809999999999998 1600633159
0.16269999999999998 1600633159
0.1681 1600633159
0.1584 1600633159
0.1949 1600633159
0.16440000000000002 1600633159
0.19770000000000001 1600633159
0.1661 1600633159
0.19099999999999998 1600633159
0.20520000000000002 1600633159
0.16290000000000002 1600633159
0.2018 1600633159
0.204 1600633159
0.20209999999999997 1600633159
0.21359999999999998 1600633159
0.17600000000000002 1600633159
0.1485 1600633159
0.20509999999999998 1600633159
0.1621 1600633159
0.1872 1600633159
0.1818 1600633159
0.19560000000000002 1600633159
0.17679999999999998 1600633159
0.1589 1600633159
0.1888 1600633159
0.171 1600633159
0.211 1600633159
0.20559999999999998 1600633159
0.20720000000000002 1600633159
0.1672 1600633159
0.1969 1600633159
0.18789999999999998 1600633159
0.20470000000000002 1600633159
0.2326 1600633159
0.1837 1600633159
0.20220000000000002 1600633159
0.14609999999999998 1600633159
0.19149999999999998 1600633159
0.1922 1600633159
0.1798 1600633159
0.1837 1600633159
0.19849999999999998 1600633159
0.1818 1600633159
0.19760000000000003 1600633159
0.17479999999999998 1600633159
0.1651 1600633159
0.18339999999999998 1600633159
0.18860000000000002 1600633159
0.1998 1600633159
0.1458 1600633159
0.17279999999999998 1600633159
0.1591 1600633159
0.17529999999999998 1600633159
0.1928 1600633159
0.16269999999999998 1600633159
0.15940000000000001 1600633159
0.2191 1600633159
0.18999999999999997 1600633159
0.1878 1600633159
0.1635 1600633159
0.1752 1600633159
0.21459999999999999 1600633159
0.1793 1600633159
0.16879999999999998 1600633159
0.20169999999999996 1600633159
0.1816 1600633159
0.1625 1600633159
0.1958 1600633159
0.18709999999999996 1600633159
0.1722 1600633159
0.17300000000000001 1600633159
0.2211 1600633159
0.18460000000000001 1600633159
0.1947 1600633159
0.20109999999999997 1600633159
0.19460000000000002 1600633159
0.2119 1600633159
0.1873 1600633159
0.18550000000000003 1600633159
0.1672 1600633159
0.18560000000000001 1600633159
0.21280000000000002 1600633159
0.14870000000000003 1600633159
0.19710000000000003 1600633159
0.1978 1600633159
0.15940000000000001 1600633159
0.18639999999999998 1600633159
0.1934 1600633159
0.19299999999999998 1600633159
0.2035 1600633159
0.17679999999999998 1600633159
0.17439999999999997 1600633159
0.15919999999999998 1600633159
0.1636 1600633159
0.1611 1600633159
0.1853 1600633159
0.2115 1600633159
0.1677 1600633159
0.17439999999999997 1600633159
0.2095 1600633159
0.1772 1600633159
0.1968 1600633159
0.2119 1600633159
0.16839999999999997 1600633159
0.20169999999999996 1600633159
