1.0989 1600535363
1.0988 1600535363
1.099 1600535363
1.0946 1600535363
1.0987 1600535363
1.6566 1600535363
1.6573 1600535363
1.651 1600535363
1.6571 1600535363
1.6513 1600535363
1.7944 1600535363
1.7936 1600535363
1.7938 1600535363
1.7943 1600535363
1.7939 1600535363
1.0658 1600535363
1.058 1600535363
1.1172 1600535363
1.0627 1600535363
1.1172 1600535363
1.0596 1600535363
1.0607 1600535363
1.0613000000000001 1600535363
1.069 1600535363
1.0615 1600535363
1.9953999999999998 1600535363
1.9949999999999999 1600535363
1.9951 1600535363
1.9953 1600535363
1.9951999999999999 1600535363
1.5534000000000001 1600535363
1.5534 1600535363
1.5495 1600535363
1.5801 1600535363
1.5805 1600535363
1.9613 1600535363
1.9694 1600535363
1.9696000000000002 1600535363
1.9695 1600535363
1.9612000000000003 1600535363
1.926 1600535363
1.9261 1600535363
1.9261000000000001 1600535363
1.9260000000000002 1600535363
1.9258 1600535363
1.4404000000000001 1600535363
1.4405000000000001 1600535363
1.4605 1600535363
1.4401000000000002 1600535363
1.4607 1600535363
1.5454 1600535363
1.5447 1600535363
1.5443 1600535363
1.5443 1600535363
1.5455 1600535363
1.1233 1600535363
1.1239000000000001 1600535363
1.1122 1600535363
1.1291 1600535363
1.1145 1600535363
1.2311 1600535363
1.2204000000000002 1600535363
1.2174 1600535363
1.231 1600535363
1.2158 1600535363
1.0661 1600535363
1.0655 1600535363
1.0639 1600535363
1.0646 1600535363
1.0639 1600535363
1.2369 1600535363
1.2396 1600535363
1.2401 1600535363
1.2375 1600535363
1.2404000000000002 1600535363
1.2715 1600535363
1.2708000000000002 1600535363
1.2652 1600535363
1.2652 1600535363
1.2649000000000001 1600535363
1.2777 1600535363
1.2668000000000001 1600535363
1.2748 1600535363
1.2613 1600535363
1.2625 1600535363
1.738 1600535363
1.733 1600535363
1.738 1600535363
1.7332 1600535363
1.7332 1600535363
1.6926 1600535363
1.6807 1600535363
1.6926 1600535363
1.6926 1600535363
1.6807 1600535363
1.2783 1600535363
1.2928 1600535363
1.2778 1600535363
1.2927 1600535363
1.2925 1600535363
1.9446999999999999 1600535363
1.9447 1600535363
1.9448 1600535363
1.9448 1600535363
1.9448 1600535363
1.3864 1600535363
1.4883 1600535363
1.391 1600535363
1.3862 1600535363
1.4883 1600535363
1.7128 1600535363
1.7129 1600535363
1.7127000000000001 1600535363
1.7128 1600535363
1.7131 1600535363
1.4821 1600535363
1.4791 1600535363
1.4789 1600535363
1.4813 1600535363
1.4795 1600535363
1.4512 1600535363
1.4536 1600535363
1.4496 1600535363
1.4495 1600535363
1.4520000000000002 1600535363
1.9790999999999999 1600535363
1.9789999999999999 1600535363
1.9788000000000001 1600535363
1.9791 1600535363
1.9799 1600535363
1.3615000000000002 1600535363
1.3598000000000001 1600535363
1.3621 1600535363
1.3613 1600535363
1.3605 1600535363
1.6713 1600535363
1.6669 1600535363
1.6678 1600535363
1.657 1600535363
1.6656 1600535363
1.0733000000000001 1600535363
1.0765 1600535363
1.0727 1600535363
1.096 1600535363
1.0958 1600535363
0.9924 1600535363
0.9363000000000001 1600535363
0.9924 1600535363
0.9919999999999999 1600535363
0.9412999999999999 1600535363
2.1961000000000004 1600535363
2.1885 1600535363
2.1955999999999998 1600535363
2.1885999999999997 1600535363
2.1948999999999996 1600535363
1.5148000000000001 1600535363
1.5021 1600535363
1.5021 1600535363
1.5049000000000001 1600535363
1.5204 1600535363
1.0877000000000001 1600535363
1.087 1600535363
1.098 1600535363
1.099 1600535363
1.0981 1600535363
1.1773 1600535363
1.1831 1600535363
1.1800000000000002 1600535363
1.1871 1600535363
1.1816 1600535363
1.9965 1600535363
1.9885 1600535363
1.9962 1600535363
1.9886 1600535363
1.9963000000000002 1600535363
1.0438 1600535363
1.0546 1600535363
1.0429000000000002 1600535363
1.0451000000000001 1600535363
1.0545 1600535363
1.2586 1600535363
1.2544 1600535363
1.2515 1600535363
1.2517 1600535363
1.262 1600535363
1.3682 1600535363
1.3696 1600535363
1.3681 1600535363
1.368 1600535363
1.3679000000000001 1600535363
1.0392000000000001 1600535363
1.0391 1600535363
1.0090000000000001 1600535363
1.039 1600535363
1.0391000000000001 1600535363
1.6103 1600535363
1.6102 1600535363
1.6101 1600535363
1.6103 1600535363
1.6099 1600535363
1.9709999999999999 1600535363
1.9719 1600535363
1.9655999999999998 1600535363
1.9657000000000002 1600535363
1.9647 1600535363
0.9338 1600535363
0.9342000000000001 1600535363
0.9363999999999999 1600535363
0.9346000000000001 1600535363
0.9339000000000002 1600535363
1.9486999999999999 1600535363
1.9486999999999999 1600535363
1.9468999999999999 1600535363
1.9478000000000002 1600535363
1.9477000000000002 1600535363
1.9974999999999998 1600535363
2.0057 1600535363
2.003 1600535363
1.9903000000000002 1600535363
2.0062 1600535363
1.9703 1600535363
1.9606 1600535363
1.9704000000000002 1600535363
1.9606999999999999 1600535363
1.9704000000000002 1600535363
1.9926000000000001 1600535363
1.9927 1600535363
1.9927000000000001 1600535363
1.9925000000000002 1600535363
1.9925000000000002 1600535363
1.2462 1600535363
1.2457 1600535363
1.244 1600535363
1.2458 1600535363
1.244 1600535363
1.9879 1600535363
1.9795999999999998 1600535363
1.9792999999999998 1600535363
1.9879000000000002 1600535363
1.9879 1600535363
1.3958 1600535363
1.3955 1600535363
1.3982 1600535363
1.3955 1600535363
1.3963 1600535363
1.4081000000000001 1600535363
1.4081 1600535363
1.4078000000000002 1600535363
1.4078 1600535363
1.4075 1600535363
1.6773 1600535363
1.6769 1600535363
1.6771 1600535363
1.6772 1600535363
1.6764000000000001 1600535363
1.9032 1600535363
1.9032000000000002 1600535363
1.9032 1600535363
1.896 1600535363
1.8960000000000001 1600535363
1.2873 1600535363
1.2866 1600535363
1.2871000000000001 1600535363
1.2862 1600535363
1.2870000000000001 1600535363
1.2346 1600535363
1.2347000000000001 1600535363
1.2268000000000001 1600535363
1.2268000000000001 1600535363
1.2347000000000001 1600535363
2.0168 1600535363
2.0169 1600535363
1.981 1600535363
2.0168 1600535363
2.0168 1600535363
1.8576 1600535363
1.8576000000000001 1600535363
1.8575000000000002 1600535363
1.8178 1600535363
1.818 1600535363
1.329 1600535363
1.3285 1600535363
1.3289 1600535363
1.329 1600535363
1.3286 1600535363
1.6331 1600535363
1.6329 1600535363
1.6320000000000001 1600535363
1.6328 1600535363
1.6328 1600535363
1.6602 1600535363
1.6613 1600535363
1.6612 1600535363
1.6613 1600535363
1.6612 1600535363
1.83 1600535363
1.8302 1600535363
1.8302 1600535363
1.8303 1600535363
1.8301 1600535363
1.2231 1600535363
1.1522000000000001 1600535363
1.1485 1600535363
1.1523 1600535363
1.1817 1600535363
1.9144 1600535363
1.9242 1600535363
1.9143999999999999 1600535363
1.9143999999999999 1600535363
1.9241 1600535363
1.8219 1600535363
1.8224 1600535363
1.8224 1600535363
1.8224 1600535363
1.8221 1600535363
1.9829 1600535363
1.9829 1600535363
1.9830999999999999 1600535363
1.983 1600535363
1.9825000000000002 1600535363
1.3781 1600535363
1.3782 1600535363
1.3784 1600535363
1.3784 1600535363
1.3783 1600535363
1.9679 1600535363
1.9679000000000002 1600535363
1.9678000000000002 1600535363
1.9678000000000002 1600535363
1.9678000000000002 1600535363
1.0682 1600535363
1.0682 1600535363
1.0683 1600535363
1.0677 1600535363
1.0682 1600535363
1.6054000000000002 1600535363
1.6056000000000001 1600535363
1.6057000000000001 1600535363
1.6064 1600535363
1.6055000000000001 1600535363
2.2876 1600535363
2.2867 1600535363
2.2876999999999996 1600535363
2.2830999999999997 1600535363
2.2794 1600535363
2.2459000000000002 1600535363
2.246 1600535363
2.2519 1600535363
2.2462 1600535363
2.2519 1600535363
1.6435 1600535363
1.6443 1600535363
1.6441999999999999 1600535363
1.6438000000000001 1600535363
1.6441000000000001 1600535363
1.8468 1600535363
1.8466 1600535363
1.8466 1600535363
1.8462 1600535363
1.8467 1600535363
1.8057 1600535363
1.8054000000000001 1600535363
1.8055 1600535363
1.8057 1600535363
1.8055 1600535363
1.463 1600535363
1.4619 1600535363
1.4627000000000001 1600535363
1.4624 1600535363
1.4627000000000001 1600535363
1.6093 1600535363
1.6091 1600535363
1.6092 1600535363
1.6091 1600535363
1.6092 1600535363
1.5209000000000001 1600535363
1.5219 1600535363
1.521 1600535363
1.5218 1600535363
1.5213 1600535363
1.894 1600535363
1.894 1600535363
1.8938000000000001 1600535363
1.8939 1600535363
1.8941000000000001 1600535363
0.9225000000000001 1600535363
0.9267000000000001 1600535363
0.9233 1600535363
0.9906000000000001 1600535363
0.9907 1600535363
1.0547 1600535363
1.0547 1600535363
1.0716 1600535363
1.0716 1600535363
1.0546 1600535363
1.9383000000000001 1600535363
1.9475000000000002 1600535363
1.9383000000000001 1600535363
1.9384000000000001 1600535363
1.9384000000000001 1600535363
1.2552 1600535363
1.2603 1600535363
1.2603 1600535363
1.2604 1600535363
1.2547000000000001 1600535363
1.8689 1600535363
1.8689 1600535363
1.869 1600535363
1.8647 1600535363
1.8688 1600535363
1.8865 1600535363
1.8864 1600535363
1.8865999999999998 1600535363
1.8861999999999999 1600535363
1.8854000000000002 1600535363
1.9096000000000002 1600535363
1.9028999999999998 1600535363
1.9097 1600535363
1.903 1600535363
1.9027 1600535363
1.6024 1600535363
1.6022 1600535363
1.602 1600535363
1.6024 1600535363
1.6018000000000001 1600535363
1.9788000000000001 1600535363
1.9788999999999999 1600535363
1.9304 1600535363
1.9304000000000001 1600535363
1.9788000000000001 1600535363
1.5968 1600535363
1.5957999999999999 1600535363
1.5963 1600535363
1.5962 1600535363
1.5964 1600535363
1.9836 1600535363
1.9779 1600535363
1.9835 1600535363
1.9780000000000002 1600535363
1.9779000000000002 1600535363
1.9708999999999999 1600535363
1.9708999999999999 1600535363
1.9707999999999999 1600535363
1.9713 1600535363
1.9708999999999999 1600535363
1.9173000000000002 1600535363
1.9172000000000002 1600535363
1.9172000000000002 1600535363
1.9172 1600535363
1.9172000000000002 1600535363
1.8054000000000001 1600535363
1.8095 1600535363
1.8095 1600535363
1.8459 1600535363
1.8095 1600535363
2.2094 1600535363
2.1858 1600535363
2.2093999999999996 1600535363
2.2022 1600535363
2.1879999999999997 1600535363
1.9685000000000001 1600535363
1.9684 1600535363
1.9685 1600535363
1.9683 1600535363
1.9682000000000002 1600535363
1.0547 1600535363
1.0551000000000001 1600535363
1.0171000000000001 1600535363
1.0239 1600535363
1.0294 1600535363
1.9032 1600535363
1.9031 1600535363
1.9031999999999998 1600535363
1.9032000000000002 1600535363
1.903 1600535363
1.7406 1600535363
1.7412 1600535363
1.7406 1600535363
1.7411 1600535363
1.7411 1600535363
1.746 1600535363
1.7456 1600535363
1.7458 1600535363
1.7456 1600535363
1.7456 1600535363
1.0296 1600535363
1.0141 1600535363
1.014 1600535363
1.0683 1600535363
0.9591000000000001 1600535363
1.9287999999999998 1600535363
1.9288 1600535363
1.9288 1600535363
1.9286999999999999 1600535363
1.9399000000000002 1600535363
1.0299 1600535363
1.0299 1600535363
1.0071 1600535363
1.0066000000000002 1600535363
1.0141 1600535363
1.9594 1600535363
1.9479 1600535363
1.9587 1600535363
1.9607999999999999 1600535363
1.9608 1600535363
1.9403 1600535363
1.9439000000000002 1600535363
1.9438 1600535363
1.9297 1600535363
1.9326 1600535363
1.0443 1600535363
1.0433000000000001 1600535363
1.0445 1600535363
1.044 1600535363
1.0441 1600535363
0.9246000000000001 1600535363
0.9609000000000001 1600535363
0.9930000000000001 1600535363
0.9862 1600535363
1.0139 1600535363
1.9770999999999999 1600535363
1.9799000000000002 1600535363
1.9769999999999999 1600535363
1.9799000000000002 1600535363
1.98 1600535363
1.4809 1600535363
1.4815 1600535363
1.4811 1600535363
1.4812 1600535363
1.4817 1600535363
1.07 1600535363
1.0699 1600535363
1.0698 1600535363
1.07 1600535363
1.07 1600535363
0.9412 1600535363
0.9949000000000001 1600535363
0.9949000000000001 1600535363
0.9491 1600535363
0.9491 1600535363
1.9626 1600535363
1.9627 1600535363
1.9627 1600535363
1.9625 1600535363
1.9627000000000001 1600535363
1.2049 1600535363
1.2048 1600535363
1.2049 1600535363
1.2041 1600535363
1.2034 1600535363
1.5012 1600535363
1.5018 1600535363
1.5015 1600535363
1.5017 1600535363
1.5019 1600535363
1.0253 1600535363
1.0254 1600535363
1.0254 1600535363
1.0156 1600535363
1.0154 1600535363
1.9574000000000003 1600535363
1.9572999999999998 1600535363
1.9527999999999999 1600535363
1.9574000000000003 1600535363
1.9574 1600535363
1.6762 1600535363
1.6762000000000001 1600535363
1.6754 1600535363
1.6761000000000001 1600535363
1.6759 1600535363
1.9247 1600535363
1.9296 1600535363
1.9247 1600535363
1.9247 1600535363
1.9295000000000002 1600535363
1.5116 1600535363
1.5035 1600535363
1.5116 1600535363
1.5118 1600535363
1.5116 1600535363
1.9902 1600535363
1.9978000000000002 1600535363
1.9977999999999998 1600535363
1.9902000000000002 1600535363
1.9902 1600535363
1.6824000000000001 1600535363
1.6829 1600535363
1.6835 1600535363
1.6831 1600535363
1.6831 1600535363
1.9897000000000002 1600535363
1.9906000000000001 1600535363
1.9906000000000001 1600535363
1.9895999999999998 1600535363
1.9897 1600535363
1.262 1600535363
1.262 1600535363
1.2497 1600535363
1.2497 1600535363
1.2382 1600535363
1.9853 1600535363
1.9853999999999998 1600535363
1.9853 1600535363
1.9809 1600535363
1.9853 1600535363
1.7673 1600535363
1.7673 1600535363
1.7670000000000001 1600535363
1.7672 1600535363
1.7669000000000001 1600535363
1.0866 1600535363
1.0868 1600535363
1.0865 1600535363
1.0867 1600535363
1.0870000000000002 1600535363
1.375 1600535363
1.3694 1600535363
1.3692 1600535363
1.3752 1600535363
1.3751 1600535363
2.1508 1600535363
2.1459 1600535363
2.1503 1600535363
2.1485 1600535363
2.1516 1600535363
1.9047999999999998 1600535363
1.9048 1600535363
1.9045999999999998 1600535363
1.9045999999999998 1600535363
1.9047 1600535363
1.8348 1600535363
1.835 1600535363
1.835 1600535363
1.8352 1600535363
1.8395 1600535363
1.0114 1600535363
0.9607000000000001 1600535363
0.9607000000000001 1600535363
1.0114 1600535363
0.9611999999999999 1600535363
1.9235000000000002 1600535363
1.924 1600535363
1.9239000000000002 1600535363
1.9238 1600535363
1.9239000000000002 1600535363
1.9724 1600535363
1.9606999999999999 1600535363
1.9725 1600535363
1.9724000000000002 1600535363
1.9725 1600535363
1.7736 1600535363
1.7734 1600535363
1.7731000000000001 1600535363
1.7733 1600535363
1.7735 1600535363
1.6404 1600535363
1.6398000000000001 1600535363
1.6405 1600535363
1.6429 1600535363
1.6403 1600535363
1.9908 1600535363
1.9907000000000001 1600535363
1.9907000000000001 1600535363
1.9909000000000001 1600535363
1.9908 1600535363
1.9326999999999999 1600535363
1.9326999999999999 1600535363
1.9328 1600535363
1.9326999999999999 1600535363
1.933 1600535363
1.9893999999999998 1600535363
1.9893999999999998 1600535363
1.9894 1600535363
1.9891 1600535363
1.9893 1600535363
1.8615 1600535363
1.8617 1600535363
1.8616 1600535363
1.8615000000000002 1600535363
1.8613 1600535363
1.8265 1600535363
1.835 1600535363
1.8311 1600535363
1.835 1600535363
1.8351 1600535363
1.0693 1600535363
1.0691 1600535363
1.0695000000000001 1600535363
1.0689 1600535363
1.0675 1600535363
1.8094 1600535363
1.8089 1600535363
1.8095 1600535363
1.8095 1600535363
1.8096 1600535363
1.8183 1600535363
1.8179 1600535363
1.8181 1600535363
1.8179 1600535363
1.8185 1600535363
1.6919 1600535363
1.6904000000000001 1600535363
1.692 1600535363
1.692 1600535363
1.6919 1600535363
1.9909999999999999 1600535363
1.9909999999999999 1600535363
1.991 1600535363
1.9905 1600535363
1.9911 1600535363
1.5636 1600535363
1.5637 1600535363
1.5671 1600535363
1.5635000000000001 1600535363
1.5636 1600535363
1.071 1600535363
1.0709 1600535363
1.071 1600535363
1.0436 1600535363
1.0710000000000002 1600535363
1.9870999999999999 1600535363
1.9928 1600535363
1.9929 1600535363
1.9868999999999999 1600535363
1.9928000000000001 1600535363
1.5626 1600535363
1.5622 1600535363
1.5627 1600535363
1.5621 1600535363
1.5628 1600535363
1.8304 1600535363
1.8468 1600535363
1.8302 1600535363
1.8303 1600535363
1.8303 1600535363
1.9916999999999998 1600535363
1.9919 1600535363
1.9915999999999998 1600535363
1.9920000000000002 1600535363
1.9915 1600535363
1.9647 1600535363
1.9646000000000001 1600535363
1.9623 1600535363
1.9646 1600535363
1.9623 1600535363
1.9714 1600535363
1.9714 1600535363
1.9708999999999999 1600535363
1.9709 1600535363
1.9712000000000003 1600535363
1.8054000000000001 1600535363
1.8102 1600535363
1.8101 1600535363
1.8057 1600535363
1.81 1600535363
1.7501 1600535363
1.7501 1600535363
1.7496 1600535363
1.7489000000000001 1600535363
1.7501 1600535363
1.9869999999999999 1600535363
2.0 1600535363
1.9998000000000002 1600535363
1.9998999999999998 1600535363
1.9998000000000002 1600535363
1.9602 1600535363
1.9599000000000002 1600535363
1.9600000000000002 1600535363
1.9601 1600535363
1.9602 1600535363
1.9556000000000002 1600535363
1.9556 1600535363
1.9556000000000002 1600535363
1.9552 1600535363
1.9546999999999999 1600535363
1.9585 1600535363
1.9584000000000001 1600535363
1.9595000000000002 1600535363
1.9595 1600535363
1.9594000000000003 1600535363
1.3267 1600535363
1.3266 1600535363
1.3255 1600535363
1.3264 1600535363
1.3266 1600535363
1.0542 1600535363
1.0270000000000001 1600535363
1.0542 1600535363
1.028 1600535363
1.028 1600535363
1.7781 1600535363
1.7778 1600535363
1.7772 1600535363
1.7782 1600535363
1.7778 1600535363
1.8954000000000002 1600535363
1.8924 1600535363
1.8954000000000002 1600535363
1.8924999999999998 1600535363
1.8922999999999999 1600535363
0.9430000000000001 1600535363
0.9426000000000001 1600535363
0.9426000000000001 1600535363
0.925 1600535363
0.9409000000000001 1600535363
1.6522000000000001 1600535363
1.6523 1600535363
1.652 1600535363
1.6522 1600535363
1.6524 1600535363
1.8407 1600535363
1.8404 1600535363
1.8407 1600535363
1.8406 1600535363
1.8407 1600535363
1.9895999999999998 1600535363
1.9896000000000003 1600535363
1.989 1600535363
1.9892999999999998 1600535363
1.9897000000000002 1600535363
1.8553 1600535363
1.8549 1600535363
1.8553000000000002 1600535363
1.8552 1600535363
1.8554000000000002 1600535363
1.9616 1600535363
1.9682 1600535363
1.9680000000000002 1600535363
1.9617 1600535363
1.9681 1600535363
1.5757 1600535363
1.5757 1600535363
1.5743 1600535363
1.5757 1600535363
1.5757 1600535363
1.9885000000000002 1600535363
1.9885 1600535363
1.9885 1600535363
1.9885 1600535363
1.9821000000000002 1600535363
1.9909 1600535363
1.9909000000000001 1600535363
1.991 1600535363
1.9907000000000001 1600535363
1.9909999999999999 1600535363
1.3663 1600535363
1.3663 1600535363
1.3664 1600535363
1.3666 1600535363
1.3654000000000002 1600535363
1.9006 1600535363
1.9006999999999998 1600535363
1.9006 1600535363
1.9005999999999998 1600535363
1.9005 1600535363
2.0146 1600535363
2.0138999999999996 1600535363
2.0158 1600535363
2.0153 1600535363
2.0117 1600535363
1.9629999999999999 1600535363
1.9631999999999998 1600535363
1.9628999999999999 1600535363
1.9631 1600535363
1.9615000000000002 1600535363
1.7707 1600535363
1.7707 1600535363
1.7706 1600535363
1.7742 1600535363
1.7707000000000002 1600535363
0.9753000000000001 1600535363
0.9432 1600535363
0.9753000000000001 1600535363
0.9754 1600535363
0.9753000000000001 1600535363
1.9624000000000001 1600535363
1.9624000000000001 1600535363
1.9648999999999999 1600535363
1.9648999999999999 1600535363
1.9648999999999999 1600535363
1.8635 1600535363
1.8629 1600535363
1.8638000000000001 1600535363
1.8638 1600535363
1.8637000000000001 1600535363
0.9735 1600535363
0.9709000000000001 1600535363
0.9731000000000001 1600535363
0.9722999999999999 1600535363
0.9731 1600535363
1.8147 1600535363
1.8147 1600535363
1.8147 1600535363
1.8146 1600535363
1.8146 1600535363
1.9839 1600535363
1.9835000000000003 1600535363
1.9840000000000002 1600535363
1.9837000000000002 1600535363
1.9838000000000002 1600535363
1.0565 1600535363
1.0574000000000001 1600535363
1.0576 1600535363
1.0568 1600535363
1.0577 1600535363
1.1587 1600535363
1.1578 1600535363
1.1588 1600535363
1.1585 1600535363
1.1580000000000001 1600535363
1.2072 1600535363
1.2079 1600535363
1.2079 1600535363
1.2079 1600535363
1.2081 1600535363
1.7406000000000001 1600535363
1.7417 1600535363
1.7415 1600535363
1.7414 1600535363
1.7415 1600535363
1.4942 1600535363
1.4941 1600535363
1.4932 1600535363
1.4945000000000002 1600535363
1.4945000000000002 1600535363
1.9942000000000002 1600535363
1.9931999999999999 1600535363
1.9961 1600535363
1.9939 1600535363
1.9931 1600535363
1.9546 1600535363
1.9547 1600535363
1.9549 1600535363
1.9548999999999999 1600535363
1.9546 1600535363
1.754 1600535363
1.7530000000000001 1600535363
1.7539 1600535363
1.7537 1600535363
1.7537 1600535363
1.9689 1600535363
1.9687999999999999 1600535363
1.9689999999999999 1600535363
1.9684000000000001 1600535363
1.9687999999999999 1600535363
1.2533 1600535363
1.2534 1600535363
1.2530000000000001 1600535363
1.2533 1600535363
1.3096 1600535363
1.8833000000000002 1600535363
1.8836 1600535363
1.8838000000000001 1600535363
1.8839000000000001 1600535363
1.8839000000000001 1600535363
1.4629 1600535363
1.4623000000000002 1600535363
1.4625000000000001 1600535363
1.4629 1600535363
1.4629 1600535363
1.0302 1600535363
1.0302 1600535363
1.0302 1600535363
1.0302 1600535363
1.0302 1600535363
1.5332000000000001 1600535363
1.5328 1600535363
1.5325 1600535363
1.5332000000000001 1600535363
1.5331000000000001 1600535363
1.9586999999999999 1600535363
1.9600000000000002 1600535363
1.9601000000000002 1600535363
1.9602 1600535363
1.9601 1600535363
1.9899000000000002 1600535363
1.9897 1600535363
1.9896999999999998 1600535363
1.99 1600535363
1.9897 1600535363
1.9717000000000002 1600535363
1.9717000000000002 1600535363
1.9717 1600535363
1.9718000000000002 1600535363
1.9700000000000002 1600535363
1.5383 1600535363
1.593 1600535363
1.5385 1600535363
1.5399 1600535363
1.5399 1600535363
0.9726000000000001 1600535363
1.0398 1600535363
1.018 1600535363
1.0398 1600535363
1.0398 1600535363
1.5768 1600535363
1.5766 1600535363
1.5761 1600535363
1.577 1600535363
1.5766 1600535363
1.5297 1600535363
1.5288000000000002 1600535363
1.5296 1600535363
1.5294 1600535363
1.5299 1600535363
1.9428 1600535363
1.9429 1600535363
1.9428999999999998 1600535363
1.9428999999999998 1600535363
1.9428 1600535363
1.1991 1600535363
1.1991 1600535363
1.1995 1600535363
1.199 1600535363
1.1984000000000001 1600535363
1.992 1600535363
1.9898000000000002 1600535363
1.9921 1600535363
1.9920000000000002 1600535363
1.9897000000000002 1600535363
1.9345999999999999 1600535363
1.9342000000000001 1600535363
1.9338000000000002 1600535363
1.9344000000000001 1600535363
1.9343 1600535363
1.8049 1600535363
1.8312000000000002 1600535363
1.8311 1600535363
1.8091000000000002 1600535363
1.8311000000000002 1600535363
1.9678000000000002 1600535363
1.9678 1600535363
1.9635 1600535363
1.9777 1600535363
1.9635000000000002 1600535363
1.8428 1600535363
1.8426 1600535363
1.842 1600535363
1.8427 1600535363
1.8427 1600535363
1.9937 1600535363
1.9938000000000002 1600535363
1.9938000000000002 1600535363
1.9937999999999998 1600535363
1.9931999999999999 1600535363
1.0154 1600535363
0.9970000000000001 1600535363
0.9971000000000001 1600535363
1.0155 1600535363
1.0303 1600535363
1.9535 1600535363
1.9536 1600535363
1.9536000000000002 1600535363
1.9503 1600535363
1.9535 1600535363
1.0565 1600535363
1.0565 1600535363
1.0505 1600535363
1.0565 1600535363
0.9791 1600535363
1.9401 1600535363
1.9402 1600535363
1.9377000000000002 1600535363
1.9376000000000002 1600535363
1.9400000000000002 1600535363
1.2828000000000002 1600535363
1.2823 1600535363
1.2822 1600535363
1.2823 1600535363
1.2830000000000001 1600535363
1.6269 1600535363
1.6214 1600535363
1.6218000000000001 1600535363
1.6217 1600535363
1.6269 1600535363
1.8881999999999999 1600535363
1.8883 1600535363
1.8882 1600535363
1.8881 1600535363
1.8881999999999999 1600535363
1.9455000000000002 1600535363
1.9455 1600535363
1.9456000000000002 1600535363
1.9451999999999998 1600535363
1.9452 1600535363
1.016 1600535363
1.0159 1600535363
1.0159 1600535363
1.016 1600535363
1.0159 1600535363
1.9733 1600535363
1.9734 1600535363
1.9734 1600535363
1.9735 1600535363
1.9732999999999998 1600535363
1.6239999999999999 1600535363
1.6238000000000001 1600535363
1.6241 1600535363
1.624 1600535363
1.6233 1600535363
1.99 1600535363
1.99 1600535363
1.9889999999999999 1600535363
1.989 1600535363
1.99 1600535363
1.0050000000000001 1600535363
1.0036 1600535363
1.0141 1600535363
1.0038 1600535363
1.0302 1600535363
1.9143999999999999 1600535363
1.9144999999999999 1600535363
1.9058 1600535363
1.9145 1600535363
1.9061000000000001 1600535363
1.9851999999999999 1600535363
1.9909999999999999 1600535363
1.9909 1600535363
1.985 1600535363
1.9910999999999999 1600535363
1.695 1600535363
1.6952 1600535363
1.6949 1600535363
1.6955 1600535363
1.6954 1600535363
1.3326 1600535363
1.3314000000000001 1600535363
1.3319 1600535363
1.3325 1600535363
1.3319 1600535363
1.5179 1600535363
1.5191 1600535363
1.5190000000000001 1600535363
1.5189000000000001 1600535363
1.5188000000000001 1600535363
1.6363 1600535363
1.6363 1600535363
1.6362 1600535363
1.6365 1600535363
1.6357000000000002 1600535363
1.9416 1600535363
1.9353 1600535363
1.9416 1600535363
1.9416 1600535363
1.9355000000000002 1600535363
1.0549 1600535363
1.0548 1600535363
1.0403 1600535363
1.0401 1600535363
1.038 1600535363
1.1428 1600535363
1.1418 1600535363
1.1428 1600535363
1.1427 1600535363
1.1427 1600535363
1.35 1600535363
1.3503 1600535363
1.3501 1600535363
1.3492 1600535363
1.3497000000000001 1600535363
1.8793000000000002 1600535363
1.8812000000000002 1600535363
1.8812 1600535363
1.8793 1600535363
1.8811000000000002 1600535363
2.1713999999999998 1600535363
2.1670999999999996 1600535363
2.1865 1600535363
2.1879 1600535363
2.1871 1600535363
1.9579 1600535363
1.9583000000000002 1600535363
1.958 1600535363
1.9582 1600535363
1.9584000000000001 1600535363
1.5833 1600535363
1.5823 1600535363
1.5832 1600535363
1.5832000000000002 1600535363
1.5833000000000002 1600535363
1.4095 1600535363
1.4101000000000001 1600535363
1.409 1600535363
1.409 1600535363
1.4100000000000001 1600535363
1.8408 1600535363
1.8426 1600535363
1.8425 1600535363
1.8406 1600535363
1.8426 1600535363
1.9435000000000002 1600535363
1.9443000000000001 1600535363
1.9442 1600535363
1.9442 1600535363
1.944 1600535363
0.9766999999999999 1600535363
1.0412000000000001 1600535363
0.9768000000000001 1600535363
1.0413 1600535363
0.9767000000000001 1600535363
1.3001 1600535363
1.2999 1600535363
1.2995 1600535363
1.3004 1600535363
1.3001 1600535363
1.4519 1600535363
1.4514 1600535363
1.4522 1600535363
1.4517 1600535363
1.452 1600535363
1.1906 1600535363
1.1905000000000001 1600535363
1.1691 1600535363
1.151 1600535363
1.1657 1600535363
1.1537 1600535363
1.1542 1600535363
1.1545 1600535363
1.1543 1600535363
1.1540000000000001 1600535363
1.0545 1600535363
1.0545 1600535363
1.0549 1600535363
0.9794 1600535363
0.9717 1600535363
1.942 1600535363
1.9421000000000002 1600535363
1.9419000000000002 1600535363
1.942 1600535363
1.942 1600535363
1.7058 1600535363
1.7056 1600535363
1.7059 1600535363
1.7055 1600535363
1.7056 1600535363
1.9990999999999999 1600535363
1.9992 1600535363
1.9992 1600535363
1.9991 1600535363
1.9991 1600535363
1.9772999999999998 1600535363
1.9771 1600535363
1.9772 1600535363
1.9762 1600535363
1.9761000000000002 1600535363
1.9889 1600535363
1.9989999999999999 1600535363
1.9889000000000001 1600535363
1.9991 1600535363
1.9991999999999999 1600535363
1.9923 1600535363
1.9921 1600535363
1.9919000000000002 1600535363
1.9921000000000002 1600535363
1.9921000000000002 1600535363
1.7021 1600535363
1.7019 1600535363
1.7029 1600535363
1.7029 1600535363
1.7021 1600535363
1.9695 1600535363
1.9608999999999999 1600535363
1.9695000000000003 1600535363
1.9608 1600535363
1.9608 1600535363
1.8849000000000002 1600535363
1.8869 1600535363
1.8848 1600535363
1.8869 1600535363
1.8848 1600535363
1.5555 1600535363
1.5565 1600535363
1.5567 1600535363
1.5569 1600535363
1.5563 1600535363
1.0285 1600535363
0.9412999999999999 1600535363
0.931 1600535363
0.9413 1600535363
1.0284 1600535363
1.405 1600535363
1.4034 1600535363
1.4031 1600535363
1.4051 1600535363
1.4036 1600535363
1.9247999999999998 1600535363
1.9282 1600535363
1.9281 1600535363
1.9254000000000002 1600535363
1.9281 1600535363
1.2028 1600535363
1.2034 1600535363
1.2026000000000001 1600535363
1.2033 1600535363
1.203 1600535363
0.9671000000000001 1600535363
0.9668000000000001 1600535363
0.9668000000000001 1600535363
0.9672000000000001 1600535363
0.9669000000000001 1600535363
1.7573 1600535363
1.7576 1600535363
1.7574 1600535363
1.7567000000000002 1600535363
1.7575 1600535363
1.9762000000000002 1600535363
1.9763 1600535363
1.9762000000000002 1600535363
1.9762 1600535363
1.9762000000000002 1600535363
1.9857 1600535363
1.9857000000000002 1600535363
1.9899 1600535363
1.9858 1600535363
1.9857 1600535363
1.9418000000000002 1600535363
1.9418000000000002 1600535363
1.9417 1600535363
1.9418 1600535363
1.9417000000000002 1600535363
1.8288 1600535363
1.8232 1600535363
1.8232000000000002 1600535363
1.8288 1600535363
1.8232000000000002 1600535363
1.9909000000000001 1600535363
1.9907000000000001 1600535363
1.9906000000000001 1600535363
1.9905000000000002 1600535363
1.9911999999999999 1600535363
1.0156 1600535363
1.0684 1600535363
1.0684 1600535363
1.0004 1600535363
1.002 1600535363
1.996 1600535363
1.9863 1600535363
1.9899 1600535363
1.996 1600535363
1.9898000000000002 1600535363
1.9747999999999999 1600535363
1.9747 1600535363
1.9749999999999999 1600535363
1.9745 1600535363
1.9753 1600535363
1.0145 1600535363
0.9202000000000001 1600535363
0.9966999999999999 1600535363
0.9279 1600535363
0.9278000000000001 1600535363
1.5191000000000001 1600535363
1.5192 1600535363
1.5195 1600535363
1.5190000000000001 1600535363
1.5196 1600535363
1.2979 1600535363
1.2998 1600535363
1.2999 1600535363
1.2993000000000001 1600535363
1.2996 1600535363
1.864 1600535363
1.8635 1600535363
1.8636 1600535363
1.8638000000000001 1600535363
1.8639000000000001 1600535363
1.9399 1600535363
1.9400000000000002 1600535363
1.9401000000000002 1600535363
1.9401000000000002 1600535363
1.9402 1600535363
1.6956 1600535363
1.6952 1600535363
1.6953 1600535363
1.6954 1600535363
1.6954 1600535363
1.5044 1600535363
1.4891 1600535363
1.489 1600535363
1.4889000000000001 1600535363
1.4891 1600535363
1.9638000000000002 1600535363
1.9639 1600535363
1.9642 1600535363
1.9647 1600535363
1.9646 1600535363
1.3586 1600535363
1.3586 1600535363
1.3356 1600535363
1.3584 1600535363
1.3561 1600535363
1.9499 1600535363
1.9495 1600535363
1.9497000000000002 1600535363
1.9500000000000002 1600535363
1.9499000000000002 1600535363
1.734 1600535363
1.7336 1600535363
1.7339 1600535363
1.7339 1600535363
1.7337 1600535363
1.9596 1600535363
1.9696 1600535363
1.9697000000000002 1600535363
1.9697999999999998 1600535363
1.9697000000000002 1600535363
1.6564 1600535363
1.6564 1600535363
1.6564 1600535363
1.6564 1600535363
1.6540000000000001 1600535363
1.8086 1600535363
1.8085 1600535363
1.8085 1600535363
1.8083 1600535363
1.8084 1600535363
1.9546999999999999 1600535363
1.953 1600535363
1.9548 1600535363
1.9546999999999999 1600535363
1.9547 1600535363
1.9118000000000002 1600535363
1.9117000000000002 1600535363
1.8941999999999999 1600535363
1.8943 1600535363
1.9117000000000002 1600535363
1.3798 1600535363
1.3801 1600535363
1.3801 1600535363
1.379 1600535363
1.3805 1600535363
1.8159 1600535363
1.8161 1600535363
1.816 1600535363
1.8159 1600535363
1.8162 1600535363
1.9840000000000002 1600535363
1.9839 1600535363
1.9825000000000002 1600535363
1.9839000000000002 1600535363
1.9839000000000002 1600535363
1.7095 1600535363
1.7219 1600535363
1.7222 1600535363
1.71 1600535363
1.7222000000000002 1600535363
1.372 1600535363
1.373 1600535363
1.3727 1600535363
1.3728 1600535363
1.3728 1600535363
1.8911000000000002 1600535363
1.8911 1600535363
1.8912 1600535363
1.8921 1600535363
1.8910000000000002 1600535363
1.5457 1600535363
1.5458 1600535363
1.5936000000000001 1600535363
1.5458 1600535363
1.5422 1600535363
1.9632 1600535363
1.9616999999999998 1600535363
1.9630999999999998 1600535363
1.9616 1600535363
1.9630999999999998 1600535363
1.7767 1600535363
1.7767 1600535363
1.7862 1600535363
1.7862 1600535363
1.7767000000000002 1600535363
1.8349 1600535363
1.8311 1600535363
1.8311 1600535363
1.8343 1600535363
1.8349 1600535363
1.9798000000000002 1600535363
1.9800000000000002 1600535363
1.9801 1600535363
1.9802000000000002 1600535363
1.9801 1600535363
1.1718 1600535363
1.1718000000000002 1600535363
1.1713 1600535363
1.1723000000000001 1600535363
1.1719000000000002 1600535363
1.9293 1600535363
1.9293000000000002 1600535363
1.9291 1600535363
1.9292 1600535363
1.9293000000000002 1600535363
1.8776000000000002 1600535363
1.8772 1600535363
1.8726 1600535363
1.8771 1600535363
1.8772000000000002 1600535363
1.9914 1600535363
2.0021 1600535363
1.9914 1600535363
2.0021 1600535363
2.0021 1600535363
1.9855999999999998 1600535363
1.9855 1600535363
1.9854 1600535363
1.9862000000000002 1600535363
1.9857 1600535363
1.9388 1600535363
1.9434 1600535363
1.9386999999999999 1600535363
1.9387999999999999 1600535363
1.9387 1600535363
1.6102 1600535363
1.6141 1600535363
1.6127 1600535363
1.6161 1600535363
1.6174 1600535363
1.8838000000000001 1600535363
1.8830000000000002 1600535363
1.884 1600535363
1.8842 1600535363
1.8841 1600535363
1.9773 1600535363
1.9791 1600535363
1.9791 1600535363
1.9778 1600535363
1.9790999999999999 1600535363
1.9667000000000001 1600535363
1.9667 1600535363
1.9627 1600535363
1.9596 1600535363
1.9626000000000001 1600535363
1.0132 1600535363
0.9941 1600535363
1.0133 1600535363
1.0133 1600535363
1.0133 1600535363
1.3135000000000001 1600535363
1.3141 1600535363
1.3134000000000001 1600535363
1.3142 1600535363
1.3141 1600535363
1.4615 1600535363
1.4615 1600535363
1.4606000000000001 1600535363
1.4602 1600535363
1.461 1600535363
1.9783 1600535363
1.9796000000000002 1600535363
1.9783 1600535363
1.9794999999999998 1600535363
1.9797000000000002 1600535363
1.9908 1600535363
1.9906 1600535363
1.9905000000000002 1600535363
1.9904 1600535363
1.9905000000000002 1600535363
1.99 1600535363
1.9847000000000001 1600535363
1.99 1600535363
1.9899000000000002 1600535363
1.9846 1600535363
1.6621000000000001 1600535363
1.6624 1600535363
1.663 1600535363
1.663 1600535363
1.6628 1600535363
1.2761 1600535363
1.276 1600535363
1.2764 1600535363
1.2750000000000001 1600535363
1.2761 1600535363
1.0601 1600535363
1.0438 1600535363
1.0543 1600535363
1.0543 1600535363
1.06 1600535363
1.5216 1600535363
1.5221 1600535363
1.5216 1600535363
1.5222 1600535363
1.5222 1600535363
1.8951000000000002 1600535363
1.8602 1600535363
1.895 1600535363
1.8601 1600535363
1.8601 1600535363
1.2581 1600535363
1.258 1600535363
1.2582 1600535363
1.2584 1600535363
1.2581 1600535363
1.0301 1600535363
1.0069 1600535363
1.0142 1600535363
1.0302 1600535363
1.0070000000000001 1600535363
1.9408999999999998 1600535363
1.9304000000000001 1600535363
1.9324000000000001 1600535363
1.9408999999999998 1600535363
1.9324000000000001 1600535363
1.5517 1600535363
1.5488 1600535363
1.5497 1600535363
1.5517 1600535363
1.5517 1600535363
1.5924 1600535363
1.5921 1600535363
1.592 1600535363
1.5915 1600535363
1.5922 1600535363
1.6769 1600535363
1.6768 1600535363
1.6769 1600535363
1.6768 1600535363
1.6759000000000002 1600535363
1.9637 1600535363
1.9637 1600535363
1.9586 1600535363
1.9644 1600535363
1.9644 1600535363
1.014 1600535363
0.9834 1600535363
1.0155 1600535363
1.014 1600535363
0.9833000000000001 1600535363
0.9969000000000001 1600535363
1.0307 1600535363
1.0307 1600535363
1.0307 1600535363
0.9970000000000001 1600535363
1.9671999999999998 1600535363
1.9597 1600535363
1.9671999999999998 1600535363
1.9681 1600535363
1.9597 1600535363
1.6137 1600535363
1.6207 1600535363
1.6208 1600535363
1.6207 1600535363
1.6207 1600535363
2.001 1600535363
2.001 1600535363
1.9939000000000002 1600535363
2.001 1600535363
2.001 1600535363
1.3176 1600535363
1.3185 1600535363
1.3184 1600535363
1.3186 1600535363
1.3183 1600535363
1.3538 1600535363
1.3546 1600535363
1.3545 1600535363
1.3547 1600535363
1.355 1600535363
0.9592 1600535363
0.9592 1600535363
0.9331 1600535363
0.9592 1600535363
0.9331 1600535363
1.9921 1600535363
1.9884 1600535363
1.9905 1600535363
1.992 1600535363
1.9885000000000002 1600535363
1.4519 1600535363
1.4516 1600535363
1.452 1600535363
1.4518 1600535363
1.4520000000000002 1600535363
1.4851 1600535363
1.485 1600535363
1.4851 1600535363
1.4843000000000002 1600535363
1.4841000000000002 1600535363
1.788 1600535363
1.7922 1600535363
1.7922 1600535363
1.7923 1600535363
1.7922 1600535363
2.1911 1600535363
2.1933 1600535363
2.1815 1600535363
2.1853999999999996 1600535363
2.1915 1600535363
0.9963 1600535363
1.0146 1600535363
1.0223 1600535363
0.9962 1600535363
1.0146000000000002 1600535363
1.9792999999999998 1600535363
1.9786 1600535363
1.9795000000000003 1600535363
1.9791999999999998 1600535363
1.9793 1600535363
1.9232000000000002 1600535363
1.9227 1600535363
1.9224 1600535363
1.9226999999999999 1600535363
1.9226999999999999 1600535363
0.9925999999999999 1600535363
1.0718 1600535363
1.0548 1600535363
1.0717 1600535363
0.9930000000000001 1600535363
1.9904 1600535363
1.9904 1600535363
1.9889 1600535363
1.9904000000000002 1600535363
1.9870999999999999 1600535363
1.9908000000000001 1600535363
1.9908 1600535363
1.9903 1600535363
1.9907000000000001 1600535363
1.9908000000000001 1600535363
1.9986000000000002 1600535363
1.9987 1600535363
1.9986 1600535363
1.9892999999999998 1600535363
1.989 1600535363
1.9252 1600535363
1.9254000000000002 1600535363
1.9253000000000002 1600535363
1.9157 1600535363
1.9157000000000002 1600535363
1.5314 1600535363
1.5327 1600535363
1.5324 1600535363
1.5318 1600535363
1.5324 1600535363
1.7941 1600535363
1.7935 1600535363
1.7939 1600535363
1.7939 1600535363
1.7939 1600535363
1.9107 1600535363
1.9108 1600535363
1.9081000000000001 1600535363
1.9106999999999998 1600535363
1.9108000000000003 1600535363
1.9465000000000001 1600535363
1.9412 1600535363
1.9410999999999998 1600535363
1.9465 1600535363
1.9465000000000001 1600535363
1.1944000000000001 1600535363
1.1929 1600535363
1.2401 1600535363
1.2401 1600535363
1.1929 1600535363
1.9891999999999999 1600535363
1.9888000000000001 1600535363
1.9888 1600535363
1.9925000000000002 1600535363
1.9889000000000001 1600535363
1.7423 1600535363
1.7419 1600535363
1.742 1600535363
1.7416 1600535363
1.7419 1600535363
1.9938 1600535363
1.9932 1600535363
1.9936999999999998 1600535363
1.9932 1600535363
1.9937 1600535363
1.9889 1600535363
1.9889 1600535363
1.9886 1600535363
1.9886 1600535363
1.9886000000000001 1600535363
1.7238 1600535363
1.7237 1600535363
1.7234 1600535363
1.7237 1600535363
1.7236 1600535363
1.9252 1600535363
1.9252 1600535363
1.9205 1600535363
1.9205999999999999 1600535363
1.925 1600535363
1.9646000000000001 1600535363
1.9645 1600535363
1.96 1600535363
1.9646000000000001 1600535363
1.9646 1600535363
1.9798 1600535363
1.9795999999999998 1600535363
1.9796999999999998 1600535363
1.9788000000000001 1600535363
1.9797 1600535363
0.9591000000000001 1600535363
0.9590000000000001 1600535363
0.9590000000000001 1600535363
0.9590000000000001 1600535363
0.9140000000000001 1600535363
1.2709000000000001 1600535363
1.2704 1600535363
1.2707 1600535363
1.2706 1600535363
1.2697 1600535363
1.85 1600535363
1.8494 1600535363
1.8498 1600535363
1.8501 1600535363
1.8499 1600535363
0.9970000000000001 1600535363
1.0308 1600535363
1.0141 1600535363
1.0411 1600535363
1.0308000000000002 1600535363
1.6196 1600535363
1.6194 1600535363
1.6182 1600535363
1.6191 1600535363
1.6191 1600535363
1.9398000000000002 1600535363
1.9399000000000002 1600535363
1.9399000000000002 1600535363
1.9397000000000002 1600535363
1.9399000000000002 1600535363
1.0285 1600535363
1.0286 1600535363
0.9644000000000001 1600535363
1.0142 1600535363
1.0286 1600535363
1.4041000000000001 1600535363
1.404 1600535363
1.4041000000000001 1600535363
1.4039 1600535363
1.4039000000000001 1600535363
1.5376 1600535363
1.5412000000000001 1600535363
1.5377 1600535363
1.5417 1600535363
1.5411000000000001 1600535363
1.9929 1600535363
2.0021 1600535363
1.9928 1600535363
1.9928 1600535363
1.9929 1600535363
1.1599000000000002 1600535363
1.1607 1600535363
1.1608 1600535363
1.1609 1600535363
1.1600000000000001 1600535363
1.7344 1600535363
1.734 1600535363
1.7339 1600535363
1.7341 1600535363
1.7329 1600535363
1.7469000000000001 1600535363
1.7472 1600535363
1.7471 1600535363
1.7468000000000001 1600535363
1.7476 1600535363
1.6619 1600535363
1.6615 1600535363
1.6619000000000002 1600535363
1.6616 1600535363
1.6618000000000002 1600535363
1.0545 1600535363
1.0464 1600535363
1.0545 1600535363
1.0468 1600535363
1.0463 1600535363
1.993 1600535363
1.9930999999999999 1600535363
1.9894999999999998 1600535363
1.9876000000000003 1600535363
1.9876000000000003 1600535363
1.5268000000000002 1600535363
1.5268000000000002 1600535363
1.5257 1600535363
1.5268000000000002 1600535363
1.5270000000000001 1600535363
1.9135 1600535363
1.9187 1600535363
1.9187 1600535363
1.9136000000000002 1600535363
1.9186 1600535363
1.9986 1600535363
1.9986 1600535363
1.9986000000000002 1600535363
1.9985 1600535363
1.9986000000000002 1600535363
1.9427999999999999 1600535363
1.9428999999999998 1600535363
1.9429 1600535363
1.9427999999999999 1600535363
1.9368999999999998 1600535363
1.3375 1600535363
1.3374000000000001 1600535363
1.3365 1600535363
1.3376000000000001 1600535363
1.3372000000000002 1600535363
1.9473 1600535363
1.9451 1600535363
1.9517000000000002 1600535363
1.9504000000000001 1600535363
1.9507 1600535363
1.8688 1600535363
1.8688 1600535363
1.8687 1600535363
1.8688 1600535363
1.8688 1600535363
1.6566 1600535363
1.6567 1600535363
1.6566 1600535363
1.6566 1600535363
1.6565 1600535363
0.986 1600535363
1.0141 1600535363
1.014 1600535363
1.0141 1600535363
0.9872 1600535363
1.9633999999999998 1600535363
1.9726 1600535363
1.9726000000000001 1600535363
1.9727 1600535363
1.9726000000000001 1600535363
0.9982 1600535363
0.9982 1600535363
0.9982 1600535363
0.9627000000000001 1600535363
0.9628000000000001 1600535363
1.9930999999999999 1600535363
1.9930999999999999 1600535363
1.9925 1600535363
1.9924000000000002 1600535363
1.993 1600535363
0.998 1600535363
0.9512 1600535363
1.018 1600535363
0.998 1600535363
0.9901 1600535363
1.9639999999999997 1600535363
1.964 1600535363
1.9658 1600535363
1.9644000000000001 1600535363
1.9658000000000002 1600535363
1.0928 1600535363
1.0924 1600535363
1.0929 1600535363
1.0929 1600535363
1.0917000000000001 1600535363
1.6294 1600535363
1.6301 1600535363
1.6300999999999999 1600535363
1.6303 1600535363
1.6301 1600535363
0.9425000000000001 1600535363
1.0117 1600535363
0.9424000000000001 1600535363
1.0117 1600535363
0.9414999999999999 1600535363
1.9953 1600535363
2.0027999999999997 1600535363
1.9954 1600535363
2.0027999999999997 1600535363
2.0028 1600535363
2.0321 1600535363
2.0322 1600535363
2.0282 1600535363
2.0322 1600535363
2.0254 1600535363
1.3399 1600535363
1.3399 1600535363
1.3269 1600535363
1.3398 1600535363
1.3273 1600535363
1.8051000000000001 1600535363
1.8544 1600535363
1.8545 1600535363
1.8544 1600535363
1.8544 1600535363
1.8031 1600535363
1.8032000000000001 1600535363
1.8031 1600535363
1.803 1600535363
1.8032000000000001 1600535363
1.5904 1600535363
1.5904 1600535363
1.5904 1600535363
1.5893 1600535363
1.5904 1600535363
1.9793 1600535363
1.9793 1600535363
1.9893 1600535363
1.9699000000000002 1600535363
1.9793 1600535363
1.8362 1600535363
1.8354 1600535363
1.8363 1600535363
1.8368 1600535363
1.8366 1600535363
1.7991 1600535363
1.7947 1600535363
1.7991000000000001 1600535363
1.7947 1600535363
1.7950000000000002 1600535363
1.7273 1600535363
1.7273 1600535363
1.729 1600535363
1.729 1600535363
1.729 1600535363
1.0155 1600535363
1.0155 1600535363
1.0298 1600535363
1.0298 1600535363
0.9603000000000002 1600535363
1.9563000000000001 1600535363
1.9563 1600535363
1.9628 1600535363
1.9628999999999999 1600535363
1.9628999999999999 1600535363
1.9232999999999998 1600535363
1.9233 1600535363
1.9235 1600535363
1.9234000000000002 1600535363
1.9234000000000002 1600535363
1.7085 1600535363
1.7081 1600535363
1.7088 1600535363
1.7079 1600535363
1.7082000000000002 1600535363
1.512 1600535363
1.5675000000000001 1600535363
1.5283 1600535363
1.5156 1600535363
1.5318 1600535363
1.8809 1600535363
1.8770000000000002 1600535363
1.8773 1600535363
1.877 1600535363
1.8765 1600535363
1.8689 1600535363
1.869 1600535363
1.8689 1600535363
1.869 1600535363
1.8687 1600535363
1.9466999999999999 1600535363
1.9466999999999999 1600535363
1.947 1600535363
1.947 1600535363
1.9469 1600535363
1.8627 1600535363
1.8591 1600535363
1.8627 1600535363
1.8626 1600535363
1.8591 1600535363
1.9784 1600535363
1.9784000000000002 1600535363
1.9784 1600535363
1.9753999999999998 1600535363
1.9749999999999999 1600535363
0.9912000000000001 1600535363
0.9912000000000001 1600535363
0.9909000000000001 1600535363
1.014 1600535363
1.0208000000000002 1600535363
1.9662 1600535363
1.9706000000000001 1600535363
1.9705000000000001 1600535363
1.9661000000000002 1600535363
1.9599000000000002 1600535363
1.8553 1600535363
1.8483 1600535363
1.9096 1600535363
1.8555000000000001 1600535363
1.8483 1600535363
1.9947 1600535363
1.9905 1600535363
1.9906 1600535363
1.9908 1600535363
1.9906000000000001 1600535363
1.7536 1600535363
1.7532 1600535363
1.7535 1600535363
1.7533 1600535363
1.754 1600535363
1.9790999999999999 1600535363
1.9793 1600535363
1.9793 1600535363
1.9789999999999999 1600535363
1.9792999999999998 1600535363
0.9532 1600535363
0.9964 1600535363
0.9964999999999999 1600535363
0.9533 1600535363
0.9964000000000002 1600535363
1.474 1600535363
1.4741 1600535363
1.4723 1600535363
1.4726000000000001 1600535363
1.4742 1600535363
1.9919 1600535363
2.0007 1600535363
2.0004999999999997 1600535363
1.9906 1600535363
1.9949 1600535363
2.12 1600535363
2.1209 1600535363
2.1193999999999997 1600535363
2.1197 1600535363
2.1209 1600535363
1.2797 1600535363
1.2818 1600535363
1.2833 1600535363
1.2796 1600535363
1.2791000000000001 1600535363
1.4297 1600535363
1.4271 1600535363
1.4265 1600535363
1.4268 1600535363
1.4303000000000001 1600535363
0.9075 1600535363
0.9347000000000001 1600535363
0.9347000000000001 1600535363
0.9898 1600535363
0.9899 1600535363
1.8476000000000001 1600535363
1.8513 1600535363
1.8541 1600535363
1.8475 1600535363
1.8303 1600535363
1.8693 1600535363
1.8872 1600535363
1.8675 1600535363
1.8678 1600535363
1.8810000000000002 1600535363
1.9657 1600535363
1.9656999999999998 1600535363
1.9612999999999998 1600535363
1.9613 1600535363
1.9612 1600535363
1.2325000000000002 1600535363
1.2344 1600535363
1.2351 1600535363
1.2351 1600535363
1.2351 1600535363
1.4498 1600535363
1.4508 1600535363
1.4506 1600535363
1.4503 1600535363
1.4507 1600535363
1.5118 1600535363
1.5119 1600535363
1.5105 1600535363
1.5114 1600535363
1.5117 1600535363
1.9798 1600535363
1.9796 1600535363
1.9797000000000002 1600535363
1.9790999999999999 1600535363
1.9796000000000002 1600535363
1.556 1600535363
1.5559 1600535363
1.5558 1600535363
1.5554000000000001 1600535363
1.5562 1600535363
1.5918 1600535363
1.5916 1600535363
1.5908 1600535363
1.5917000000000001 1600535363
1.5916000000000001 1600535363
1.4061000000000001 1600535363
1.4061 1600535363
1.4247 1600535363
1.4062000000000001 1600535363
1.4061000000000001 1600535363
1.6838 1600535363
1.6838 1600535363
1.6842 1600535363
1.6835 1600535363
1.6841000000000002 1600535363
1.8874 1600535363
1.8916000000000002 1600535363
1.8916 1600535363
1.8875000000000002 1600535363
1.8875 1600535363
1.0405 1600535363
1.0406 1600535363
1.0405 1600535363
1.0406 1600535363
1.0309000000000001 1600535363
1.2259 1600535363
1.2267000000000001 1600535363
1.2263 1600535363
1.2263000000000002 1600535363
1.2264000000000002 1600535363
1.6766 1600535363
1.6767 1600535363
1.6764000000000001 1600535363
1.6765 1600535363
1.6768 1600535363
1.9649 1600535363
1.9653999999999998 1600535363
1.9648999999999999 1600535363
1.9648 1600535363
1.9648 1600535363
1.9965000000000002 1600535363
2.0050999999999997 1600535363
2.0054 1600535363
1.9964000000000002 1600535363
1.9964000000000002 1600535363
1.8549 1600535363
1.8551 1600535363
1.8553 1600535363
1.8552 1600535363
1.8555000000000001 1600535363
1.9024 1600535363
1.9027999999999998 1600535363
1.9026999999999998 1600535363
1.9027 1600535363
1.9022999999999999 1600535363
1.204 1600535363
1.2039 1600535363
1.202 1600535363
1.2034 1600535363
1.2041 1600535363
1.9918000000000002 1600535363
1.9918 1600535363
1.9916000000000003 1600535363
1.9918 1600535363
1.9917000000000002 1600535363
1.221 1600535363
1.2214 1600535363
1.2213 1600535363
1.2208 1600535363
1.2207000000000001 1600535363
1.7149 1600535363
1.715 1600535363
1.7146000000000001 1600535363
1.715 1600535363
1.7148 1600535363
1.1681000000000001 1600535363
1.1683000000000001 1600535363
1.1681000000000001 1600535363
1.1677000000000002 1600535363
1.1677000000000002 1600535363
1.3768 1600535363
1.3767 1600535363
1.377 1600535363
1.3763 1600535363
1.3765 1600535363
1.3139 1600535363
1.3117 1600535363
1.314 1600535363
1.3148 1600535363
1.3131000000000002 1600535363
1.1947 1600535363
1.2095 1600535363
1.1946 1600535363
1.218 1600535363
1.2109 1600535363
1.995 1600535363
1.9951 1600535363
1.9889999999999999 1600535363
1.9950999999999999 1600535363
1.9922000000000002 1600535363
1.9917 1600535363
1.9502000000000002 1600535363
1.9757 1600535363
1.9913999999999998 1600535363
1.9552 1600535363
1.5841 1600535363
1.584 1600535363
1.5837 1600535363
1.5839 1600535363
1.5839 1600535363
1.4004 1600535363
1.3995 1600535363
1.4016 1600535363
1.3998000000000002 1600535363
1.3996000000000002 1600535363
1.6449 1600535363
1.6457000000000002 1600535363
1.6460000000000001 1600535363
1.6447 1600535363
1.6449 1600535363
1.6593 1600535363
1.6592 1600535363
1.6591 1600535363
1.659 1600535363
1.6589 1600535363
1.4941 1600535363
1.4934 1600535363
1.4937 1600535363
1.4929000000000001 1600535363
1.4919 1600535363
0.9653 1600535363
0.9654 1600535363
0.9591000000000001 1600535363
0.9607000000000001 1600535363
0.9653 1600535363
1.4867000000000001 1600535363
1.5032 1600535363
1.4896 1600535363
1.4935 1600535363
1.4896 1600535363
1.2901 1600535363
1.2886 1600535363
1.2895 1600535363
1.2871000000000001 1600535363
1.2892000000000001 1600535363
1.9611999999999998 1600535363
1.9611 1600535363
1.9611999999999998 1600535363
1.9611999999999998 1600535363
1.9611 1600535363
1.6473 1600535363
1.6523 1600535363
1.6462 1600535363
1.6484 1600535363
1.6614 1600535363
1.0548 1600535363
1.0548 1600535363
1.0279 1600535363
1.0548 1600535363
1.0548 1600535363
1.7661 1600535363
1.766 1600535363
1.7661 1600535363
1.7689 1600535363
1.7685 1600535363
1.7422 1600535363
1.77 1600535363
1.7423 1600535363
1.7423 1600535363
1.7704 1600535363
1.0581 1600535363
1.0709 1600535363
1.0638 1600535363
1.0638 1600535363
1.0702 1600535363
1.9589999999999999 1600535363
1.9592 1600535363
1.9593 1600535363
1.959 1600535363
1.9593000000000003 1600535363
1.9325999999999999 1600535363
1.9325999999999999 1600535363
1.9326 1600535363
1.9297000000000002 1600535363
1.9279 1600535363
1.8522 1600535363
1.8601 1600535363
1.8602 1600535363
1.8601 1600535363
1.8602 1600535363
1.2211 1600535363
1.1954 1600535363
1.2174 1600535363
1.2009 1600535363
1.1755 1600535363
1.829 1600535363
1.8299 1600535363
1.8295000000000001 1600535363
1.8295 1600535363
1.8293000000000001 1600535363
1.4916 1600535363
1.535 1600535363
1.4984 1600535363
1.5406 1600535363
1.4912 1600535363
1.5492000000000001 1600535363
1.5706 1600535363
1.5496 1600535363
1.5705 1600535363
1.5507000000000002 1600535363
1.6226 1600535363
1.6164 1600535363
1.6227 1600535363
1.6148 1600535363
1.6226 1600535363
1.7313 1600535363
1.7332 1600535363
1.7364 1600535363
1.7331 1600535363
1.732 1600535363
1.3699000000000001 1600535363
1.3718000000000001 1600535363
1.3688 1600535363
1.3665 1600535363
1.3716000000000002 1600535363
1.5657 1600535363
1.5641 1600535363
1.5647 1600535363
1.5719 1600535363
1.5772000000000002 1600535363
1.1906 1600535363
1.1906 1600535363
1.1739000000000002 1600535363
1.1748 1600535363
1.1752 1600535363
1.0327000000000002 1600535363
1.0545 1600535363
1.0326000000000002 1600535363
1.0545 1600535363
1.0545 1600535363
1.4729 1600535363
1.4719 1600535363
1.473 1600535363
1.4725 1600535363
1.4728 1600535363
1.3757 1600535363
1.3754 1600535363
1.3812 1600535363
1.3812 1600535363
1.3757000000000001 1600535363
1.4184 1600535363
1.4635 1600535363
1.4154 1600535363
1.4685 1600535363
1.4159000000000002 1600535363
1.5772 1600535363
1.4699 1600535363
1.455 1600535363
1.455 1600535363
1.5771 1600535363
1.8297 1600535363
1.8298 1600535363
1.8296000000000001 1600535363
1.8295000000000001 1600535363
1.8297 1600535363
1.6371 1600535363
1.6373 1600535363
1.6375 1600535363
1.6372 1600535363
1.6365 1600535363
1.0022 1600535363
1.0374 1600535363
0.9955 1600535363
1.0438 1600535363
1.0374 1600535363
1.7878 1600535363
1.7882 1600535363
1.7873 1600535363
1.788 1600535363
1.7875 1600535363
1.0898 1600535363
1.0846 1600535363
1.09 1600535363
1.0845 1600535363
1.0898 1600535363
1.0825 1600535363
1.0823 1600535363
1.0822 1600535363
1.0821 1600535363
1.0817 1600535363
1.0661 1600535363
1.0677 1600535363
1.0641 1600535363
1.0667 1600535363
1.0221 1600535363
1.2599 1600535363
1.287 1600535363
1.2622 1600535363
1.2604 1600535363
1.2874 1600535363
1.2882 1600535363
1.2388000000000001 1600535363
1.2309 1600535363
1.2409 1600535363
1.224 1600535363
1.9649999999999999 1600535363
1.9650999999999998 1600535363
1.9650999999999998 1600535363
1.965 1600535363
1.965 1600535363
1.9618 1600535363
1.9679 1600535363
1.9679 1600535363
1.9675 1600535363
1.9673 1600535363
1.3867 1600535363
1.3824 1600535363
1.3764 1600535363
1.3756000000000002 1600535363
1.3752 1600535363
1.0543 1600535363
1.0706 1600535363
1.0543 1600535363
1.0422 1600535363
1.0415 1600535363
1.0276 1600535363
1.0276 1600535363
1.0636 1600535363
1.0277 1600535363
0.9365 1600535363
1.9158 1600535363
1.9152 1600535363
1.9157000000000002 1600535363
1.9159000000000002 1600535363
1.9165 1600535363
1.7189 1600535363
1.7179 1600535363
1.7182 1600535363
1.7185 1600535363
1.7181000000000002 1600535363
1.8292 1600535363
1.8242 1600535363
1.8286 1600535363
1.829 1600535363
1.8236 1600535363
0.9356 1600535363
0.9478 1600535363
1.0107 1600535363
0.9646000000000001 1600535363
0.9353 1600535363
1.672 1600535363
1.6717 1600535363
1.6722000000000001 1600535363
1.6724 1600535363
1.6722000000000001 1600535363
1.2403 1600535363
1.1877 1600535363
1.2403 1600535363
1.1878 1600535363
1.1776 1600535363
1.6702 1600535363
1.6702000000000001 1600535363
1.6692 1600535363
1.6703000000000001 1600535363
1.6699000000000002 1600535363
1.1829 1600535363
1.1829 1600535363
1.1829 1600535363
1.183 1600535363
1.183 1600535363
1.6907 1600535363
1.6907 1600535363
1.6902 1600535363
1.6906 1600535363
1.6903000000000001 1600535363
1.7173 1600535363
1.7821 1600535363
1.787 1600535363
1.6986 1600535363
1.6984000000000001 1600535363
1.9176 1600535363
1.9179000000000002 1600535363
1.9178 1600535363
1.9179 1600535363
1.9179 1600535363
1.8376000000000001 1600535363
1.8375 1600535363
1.8375 1600535363
1.8376 1600535363
1.8377000000000001 1600535363
1.0644 1600535363
1.0661 1600535363
1.0667 1600535363
1.0642 1600535363
1.0691000000000002 1600535363
1.1829 1600535363
1.1787 1600535363
1.1783000000000001 1600535363
1.1931 1600535363
1.1868 1600535363
