80.85149999999999 1600220509
98.7766 1600220509
86.32770000000001 1600220509
93.9088 1600220509
86.804 1600220509
82.1822 1600220509
97.03110000000001 1600220509
86.5167 1600220509
98.1827 1600220509
88.10870000000001 1600220509
98.6194 1600220509
90.16480000000001 1600220509
81.67530000000001 1600220509
92.285 1600220509
99.0586 1600220509
98.0708 1600220509
84.92840000000001 1600220509
99.058 1600220509
88.1444 1600220509
68.57560000000001 1600220509
87.6357 1600220509
92.3593 1600220509
78.0031 1600220509
83.43950000000001 1600220509
92.16760000000001 1600220509
97.5141 1600220509
85.7801 1600220509
67.28160000000001 1600220509
96.9374 1600220509
82.9767 1600220509
86.6307 1600220509
97.5031 1600220509
86.1343 1600220509
98.6535 1600220509
91.641 1600220509
71.94850000000001 1600220509
92.47200000000001 1600220509
99.4022 1600220509
98.6157 1600220509
75.63650000000001 1600220509
92.8939 1600220509
93.7907 1600220509
98.614 1600220509
74.52810000000001 1600220509
98.61919999999999 1600220509
92.3386 1600220509
79.0258 1600220509
92.2728 1600220509
46.20910000000001 1600220509
95.9987 1600220509
79.07530000000001 1600220509
96.6662 1600220509
98.4601 1600220509
79.6161 1600220509
74.2084 1600220509
86.86970000000001 1600220509
79.02340000000001 1600220509
84.8549 1600220509
98.9643 1600220509
84.92190000000001 1600220509
49.4307 1600220509
88.6395 1600220509
78.0002 1600220509
87.64450000000001 1600220509
79.3891 1600220509
96.8644 1600220509
83.26440000000001 1600220509
76.64200000000001 1600220509
81.50110000000001 1600220509
80.2958 1600220509
98.3331 1600220509
91.5924 1600220509
90.1005 1600220509
92.3395 1600220509
24.6575 1600220509
97.03110000000001 1600220509
97.51610000000001 1600220509
80.7052 1600220509
97.5775 1600220509
98.61370000000001 1600220509
82.1756 1600220509
98.9468 1600220509
95.06060000000001 1600220509
71.2983 1600220509
82.18310000000001 1600220509
85.73610000000001 1600220509
83.2414 1600220509
86.9317 1600220509
99.1164 1600220509
98.61370000000001 1600220509
83.5284 1600220509
86.5968 1600220509
84.9211 1600220509
97.501 1600220509
84.94030000000001 1600220509
86.1387 1600220509
80.6292 1600220509
96.9377 1600220509
85.78190000000001 1600220509
82.1767 1600220509
92.6083 1600220509
96.651 1600220509
84.8155 1600220509
87.2728 1600220509
85.0635 1600220509
97.84620000000001 1600220509
91.5275 1600220509
87.7479 1600220509
35.6986 1600220509
87.6221 1600220509
68.8005 1600220509
98.034 1600220509
80.5201 1600220509
99.6004 1600220509
91.47330000000001 1600220509
92.625 1600220509
72.3241 1600220509
98.15520000000001 1600220509
98.6198 1600220509
72.95290000000001 1600220509
79.0215 1600220509
98.77680000000001 1600220509
88.8271 1600220509
85.6756 1600220509
80.2175 1600220509
94.1479 1600220509
87.9306 1600220509
78.8709 1600220509
82.1765 1600220509
97.2704 1600220509
96.7684 1600220509
97.2279 1600220509
91.11580000000001 1600220509
99.6007 1600220509
98.3347 1600220509
72.8525 1600220509
79.67450000000001 1600220509
97.5779 1600220509
92.589 1600220509
85.73570000000001 1600220509
84.94080000000001 1600220509
98.1554 1600220509
98.8091 1600220509
0.8906000000000001 1600220509
44.7595 1600220509
97.5004 1600220509
93.8923 1600220509
98.0926 1600220509
80.2175 1600220509
81.1388 1600220509
86.6476 1600220509
92.62530000000001 1600220509
98.1547 1600220509
96.0937 1600220509
86.8523 1600220509
95.99600000000001 1600220509
81.1208 1600220509
91.7521 1600220509
92.47240000000001 1600220509
98.4599 1600220509
92.8668 1600220509
94.62429999999999 1600220509
72.9491 1600220509
82.17960000000001 1600220509
99.60040000000001 1600220509
99.0582 1600220509
98.0712 1600220509
92.4565 1600220509
88.4186 1600220509
98.0094 1600220509
72.8489 1600220509
92.62530000000001 1600220509
83.0827 1600220509
96.1091 1600220509
84.92790000000001 1600220509
98.2837 1600220509
83.8923 1600220509
99.6003 1600220509
91.0464 1600220509
86.8041 1600220509
64.5189 1600220509
94.64410000000001 1600220509
92.99860000000001 1600220509
96.666 1600220509
98.27000000000001 1600220509
93.88680000000001 1600220509
72.50720000000001 1600220509
90.94330000000001 1600220509
94.2941 1600220509
87.4744 1600220509
93.60260000000001 1600220509
73.5437 1600220509
79.62910000000001 1600220509
97.51729999999999 1600220509
86.8696 1600220509
73.53960000000001 1600220509
79.1249 1600220509
99.0583 1600220509
79.3897 1600220509
90.7103 1600220509
80.0836 1600220509
98.0346 1600220509
80.51880000000001 1600220509
90.32770000000001 1600220509
98.9724 1600220509
92.3594 1600220509
91.04820000000001 1600220509
96.311 1600220509
80.47200000000001 1600220509
98.6317 1600220509
92.1443 1600220509
91.24510000000001 1600220509
83.5276 1600220509
99.7424 1600220509
97.2282 1600220509
92.14280000000001 1600220509
98.167 1600220509
92.772 1600220509
74.0112 1600220509
85.74220000000001 1600220509
92.8669 1600220509
99.9284 1600220509
98.6537 1600220509
76.45800000000001 1600220509
96.6883 1600220509
99.0582 1600220509
92.45570000000001 1600220509
88.1085 1600220509
85.6755 1600220509
99.9283 1600220509
95.9963 1600220509
85.48530000000001 1600220509
92.8674 1600220509
91.5275 1600220509
93.57130000000001 1600220509
78.01180000000001 1600220509
77.9936 1600220509
92.3399 1600220509
88.83330000000001 1600220509
92.7702 1600220509
97.22800000000001 1600220509
88.4221 1600220509
84.8541 1600220509
90.378 1600220509
98.8086 1600220509
94.2906 1600220509
92.1503 1600220509
95.9516 1600220509
80.58 1600220509
99.0583 1600220509
91.7008 1600220509
98.571 1600220509
90.432 1600220509
98.7764 1600220509
94.62440000000001 1600220509
83.2407 1600220509
79.388 1600220509
87.9307 1600220509
84.815 1600220509
92.33850000000001 1600220509
96.181 1600220509
87.0193 1600220509
99.7039 1600220509
91.3887 1600220509
87.6395 1600220509
85.73580000000001 1600220509
87.4149 1600220509
91.0007 1600220509
97.8447 1600220509
79.6455 1600220509
90.3294 1600220509
82.1759 1600220509
91.5887 1600220509
99.3767 1600220509
84.9278 1600220509
93.6044 1600220509
87.018 1600220509
98.33250000000001 1600220509
91.7005 1600220509
52.7606 1600220509
88.64880000000001 1600220509
98.63250000000001 1600220509
83.8927 1600220509
92.19290000000001 1600220509
54.620999999999995 1600220509
86.3948 1600220509
98.7766 1600220509
99.25630000000001 1600220509
86.3119 1600220509
91.9453 1600220509
91.38430000000001 1600220509
66.7403 1600220509
92.501 1600220509
85.9948 1600220509
92.4727 1600220509
91.11590000000001 1600220509
64.51750000000001 1600220509
94.1669 1600220509
91.89370000000001 1600220509
71.29870000000001 1600220509
80.6289 1600220509
92.6057 1600220509
91.7474 1600220509
92.2851 1600220509
59.557 1600220509
97.7756 1600220509
91.38430000000001 1600220509
78.0089 1600220509
92.14280000000001 1600220509
99.096 1600220509
92.15010000000001 1600220509
92.5376 1600220509
98.2643 1600220509
92.674 1600220509
79.0215 1600220509
91.997 1600220509
75.8399 1600220509
79.4043 1600220509
92.4722 1600220509
92.93490000000001 1600220509
79.3909 1600220509
93.5709 1600220509
83.5406 1600220509
92.867 1600220509
96.65010000000001 1600220509
80.7226 1600220509
98.63250000000001 1600220509
82.68230000000001 1600220509
80.0543 1600220509
73.7479 1600220509
91.894 1600220509
90.37750000000001 1600220509
79.672 1600220509
93.1514 1600220509
98.0573 1600220509
80.51830000000001 1600220509
82.184 1600220509
85.7993 1600220509
80.4725 1600220509
83.3351 1600220509
94.7219 1600220509
93.0994 1600220509
84.8529 1600220509
97.22800000000001 1600220509
98.6193 1600220509
86.1637 1600220509
73.5386 1600220509
92.4732 1600220509
98.0091 1600220509
82.3496 1600220509
75.9055 1600220509
86.82130000000001 1600220509
92.1498 1600220509
86.5509 1600220509
92.6702 1600220509
80.6288 1600220509
92.60510000000001 1600220509
93.5429 1600220509
75.83970000000001 1600220509
93.6205 1600220509
87.748 1600220509
98.01360000000001 1600220509
98.5479 1600220509
70.9745 1600220509
78.0035 1600220509
91.0461 1600220509
92.2826 1600220509
92.6733 1600220509
77.9995 1600220509
96.37910000000001 1600220509
83.24210000000001 1600220509
97.2282 1600220509
92.7698 1600220509
98.4655 1600220509
98.052 1600220509
90.16460000000001 1600220509
98.6135 1600220509
94.1479 1600220509
80.05520000000001 1600220509
93.1376 1600220509
80.5592 1600220509
98.8091 1600220509
99.9286 1600220509
34.392399999999995 1600220509
80.83120000000001 1600220509
93.1515 1600220509
83.5663 1600220509
80.7891 1600220509
82.97930000000001 1600220509
96.2663 1600220509
93.7697 1600220509
83.33500000000001 1600220509
96.6889 1600220509
92.9997 1600220509
96.11030000000001 1600220509
97.5169 1600220509
78.009 1600220509
80.8171 1600220509
99.0963 1600220509
68.5753 1600220509
84.85230000000001 1600220509
97.5451 1600220509
84.81580000000001 1600220509
92.48660000000001 1600220509
79.4041 1600220509
99.60130000000001 1600220509
98.3337 1600220509
89.3794 1600220509
78.0039 1600220509
92.2856 1600220509
83.3585 1600220509
87.9299 1600220509
90.16460000000001 1600220509
91.1162 1600220509
95.41040000000001 1600220509
92.9984 1600220509
94.4597 1600220509
98.61919999999999 1600220509
99.9285 1600220509
82.46350000000001 1600220509
91.22420000000001 1600220509
96.6505 1600220509
94.6404 1600220509
85.7359 1600220509
98.5681 1600220509
98.17370000000001 1600220509
96.6427 1600220509
97.5002 1600220509
86.2887 1600220509
99.0961 1600220509
87.4651 1600220509
79.38850000000001 1600220509
87.0552 1600220509
91.9984 1600220509
90.2485 1600220509
92.28490000000001 1600220509
83.2384 1600220509
92.1682 1600220509
90.3279 1600220509
92.28490000000001 1600220509
76.4615 1600220509
87.6216 1600220509
93.6739 1600220509
92.9573 1600220509
79.0732 1600220509
99.3781 1600220509
98.7766 1600220509
94.2908 1600220509
83.8923 1600220509
97.5173 1600220509
95.0575 1600220509
97.5009 1600220509
82.46300000000001 1600220509
99.7378 1600220509
91.6466 1600220509
93.4799 1600220509
78.917 1600220509
98.6144 1600220509
79.6485 1600220509
66.6508 1600220509
84.81700000000001 1600220509
96.6899 1600220509
97.084 1600220509
98.9578 1600220509
72.5065 1600220509
84.9286 1600220509
97.6108 1600220509
86.2883 1600220509
99.38310000000001 1600220509
98.8157 1600220509
97.57770000000001 1600220509
85.78190000000001 1600220509
80.05290000000001 1600220509
99.92830000000001 1600220509
98.97330000000001 1600220509
85.7573 1600220509
82.1888 1600220509
97.11800000000001 1600220509
98.9471 1600220509
81.7442 1600220509
74.5282 1600220509
99.7186 1600220509
90.9291 1600220509
90.32770000000001 1600220509
91.2453 1600220509
93.88929999999999 1600220509
73.74730000000001 1600220509
91.7418 1600220509
96.1087 1600220509
93.4387 1600220509
76.46220000000001 1600220509
91.6142 1600220509
77.9929 1600220509
93.4385 1600220509
75.9047 1600220509
85.71600000000001 1600220509
98.5476 1600220509
98.1549 1600220509
96.9374 1600220509
79.0719 1600220509
79.1277 1600220509
93.09870000000001 1600220509
82.18 1600220509
79.543 1600220509
85.47930000000001 1600220509
94.722 1600220509
84.9406 1600220509
91.7602 1600220509
87.4675 1600220509
92.51639999999999 1600220509
82.183 1600220509
93.18350000000001 1600220509
