0.3625 1600641430
0.4516 1600641430
0.4528 1600641430
0.38569999999999993 1600641430
0.3229 1600641430
0.4537 1600641430
0.3344 1600641430
0.4527 1600641430
0.3722 1600641430
0.35169999999999996 1600641430
0.33809999999999996 1600641430
0.2732 1600641430
0.4709 1600641430
0.2885 1600641430
0.4001 1600641430
0.3281 1600641430
0.4516 1600641430
0.2702 1600641430
0.4518 1600641430
0.36269999999999997 1600641430
0.2946 1600641430
0.2971 1600641430
0.3833 1600641430
0.3155 1600641430
0.3046 1600641430
0.41669999999999996 1600641430
0.43720000000000003 1600641430
0.4183 1600641430
0.319 1600641430
0.4232 1600641430
0.2963 1600641430
0.369 1600641430
0.3113 1600641430
0.2935 1600641430
0.4514 1600641430
0.4203 1600641430
0.2831 1600641430
0.4706 1600641430
0.40270000000000006 1600641430
0.2848 1600641430
0.2789 1600641430
0.3288 1600641430
0.3215 1600641430
0.31579999999999997 1600641430
0.5609 1600641430
0.40149999999999997 1600641430
0.40049999999999997 1600641430
0.3387 1600641430
0.46240000000000003 1600641430
0.3132 1600641430
0.5332 1600641430
0.32849999999999996 1600641430
0.2905 1600641430
0.2928 1600641430
0.28359999999999996 1600641430
0.2671 1600641430
0.36169999999999997 1600641430
0.3089 1600641430
0.40349999999999997 1600641430
0.3116 1600641430
0.47419999999999995 1600641430
0.28809999999999997 1600641430
0.4921 1600641430
0.3901 1600641430
0.4222 1600641430
0.3448 1600641430
0.312 1600641430
0.2864 1600641430
0.5568 1600641430
0.2687 1600641430
0.39549999999999996 1600641430
0.3077 1600641430
0.3477 1600641430
0.2716 1600641430
0.43299999999999994 1600641430
0.3733 1600641430
0.299 1600641430
0.3466 1600641430
0.4195 1600641430
0.397 1600641430
0.3268 1600641430
0.33240000000000003 1600641430
0.3577 1600641430
0.3533 1600641430
0.3118 1600641430
0.3772 1600641430
0.3813 1600641430
0.3436 1600641430
0.2722 1600641430
0.3411 1600641430
0.3209 1600641430
0.3823 1600641430
0.3136 1600641430
0.3543 1600641430
0.2817 1600641430
0.2633 1600641430
0.2958 1600641430
0.3628 1600641430
0.4295 1600641430
0.2657 1600641430
0.39990000000000003 1600641430
0.28809999999999997 1600641430
0.3472 1600641430
0.45130000000000003 1600641430
0.3164 1600641430
0.3713 1600641430
0.3602 1600641430
0.41789999999999994 1600641430
0.44720000000000004 1600641430
0.2875 1600641430
0.3423 1600641430
0.2952 1600641430
0.47240000000000004 1600641430
0.42289999999999994 1600641430
0.3083 1600641430
0.3453 1600641430
0.38149999999999995 1600641430
0.2928 1600641430
0.284 1600641430
0.45289999999999997 1600641430
0.364 1600641430
0.4807 1600641430
0.4699 1600641430
0.35309999999999997 1600641430
0.2868 1600641430
0.5144 1600641430
0.2904 1600641430
0.32739999999999997 1600641430
0.30870000000000003 1600641430
0.302 1600641430
0.46499999999999997 1600641430
0.3919 1600641430
0.316 1600641430
0.44509999999999994 1600641430
0.3629 1600641430
0.322 1600641430
0.30670000000000003 1600641430
0.3399 1600641430
0.2839 1600641430
0.38659999999999994 1600641430
0.4023 1600641430
0.48029999999999995 1600641430
0.2658 1600641430
0.2823 1600641430
0.2739 1600641430
0.3089 1600641430
0.2708 1600641430
0.41100000000000003 1600641430
0.3341 1600641430
0.4656 1600641430
0.3165 1600641430
0.4858 1600641430
0.309 1600641430
0.44299999999999995 1600641430
0.268 1600641430
0.2722 1600641430
0.44830000000000003 1600641430
0.3767 1600641430
0.4736 1600641430
0.31479999999999997 1600641430
0.34650000000000003 1600641430
0.3909 1600641430
0.4041 1600641430
0.3646 1600641430
0.45399999999999996 1600641430
0.40090000000000003 1600641430
0.4315 1600641430
0.42379999999999995 1600641430
0.4215 1600641430
0.45089999999999997 1600641430
0.3325 1600641430
0.3216 1600641430
0.42389999999999994 1600641430
0.32489999999999997 1600641430
0.3342 1600641430
0.26589999999999997 1600641430
0.31329999999999997 1600641430
0.27799999999999997 1600641430
0.2765 1600641430
0.3761 1600641430
0.394 1600641430
0.36269999999999997 1600641430
0.2718 1600641430
0.3678 1600641430
0.3349 1600641430
0.5357999999999999 1600641430
0.33799999999999997 1600641430
0.3777 1600641430
0.4246 1600641430
0.4526 1600641430
0.32539999999999997 1600641430
0.3964 1600641430
0.39380000000000004 1600641430
0.2907 1600641430
0.28759999999999997 1600641430
0.3453 1600641430
0.44279999999999997 1600641430
0.3038 1600641430
0.2598 1600641430
0.49050000000000005 1600641430
0.4465 1600641430
0.2776 1600641430
0.3774 1600641430
0.3267 1600641430
0.4022 1600641430
0.3638 1600641430
0.32689999999999997 1600641430
0.3932 1600641430
0.4181 1600641430
0.3009 1600641430
0.395 1600641430
0.2693 1600641430
0.3518 1600641430
0.3723 1600641430
0.45109999999999995 1600641430
0.3092 1600641430
0.474 1600641430
0.3495 1600641430
0.4446 1600641430
0.3533 1600641430
0.49050000000000005 1600641430
0.27449999999999997 1600641430
0.3623 1600641430
0.3922 1600641430
0.44799999999999995 1600641430
0.46240000000000003 1600641430
0.4132 1600641430
0.40269999999999995 1600641430
0.2765 1600641430
0.2721 1600641430
0.39580000000000004 1600641430
0.4254 1600641430
0.2914 1600641430
0.317 1600641430
0.4569 1600641430
0.2794 1600641430
0.46520000000000006 1600641430
0.3386 1600641430
0.4454 1600641430
0.43189999999999995 1600641430
0.379 1600641430
0.3571 1600641430
0.38739999999999997 1600641430
0.43620000000000003 1600641430
0.42879999999999996 1600641430
0.30319999999999997 1600641430
0.2892 1600641430
0.3033 1600641430
0.3735 1600641430
0.3283 1600641430
0.35 1600641430
0.2968 1600641430
0.3432 1600641430
0.34149999999999997 1600641430
0.315 1600641430
0.385 1600641430
0.3339 1600641430
0.38650000000000007 1600641430
0.5429 1600641430
0.3624 1600641430
0.49540000000000006 1600641430
0.3743 1600641430
0.3126 1600641430
0.46199999999999997 1600641430
0.3195 1600641430
0.46610000000000007 1600641430
0.34540000000000004 1600641430
0.42410000000000003 1600641430
0.4514 1600641430
0.3079 1600641430
0.3341 1600641430
0.4344 1600641430
0.26739999999999997 1600641430
0.31170000000000003 1600641430
0.34800000000000003 1600641430
0.39590000000000003 1600641430
0.3901 1600641430
0.30060000000000003 1600641430
0.3301 1600641430
0.39980000000000004 1600641430
0.3436 1600641430
0.42010000000000003 1600641430
0.4474 1600641430
0.4607 1600641430
0.40290000000000004 1600641430
0.3181 1600641430
0.24570000000000003 1600641430
0.3582 1600641430
0.3247 1600641430
0.4182 1600641430
0.29610000000000003 1600641430
0.4567 1600641430
0.4506 1600641430
0.2943 1600641430
0.3408 1600641430
0.37770000000000004 1600641430
0.3759 1600641430
0.3509 1600641430
0.4226 1600641430
0.3952 1600641430
0.4202 1600641430
0.2685 1600641430
0.31070000000000003 1600641430
0.3139 1600641430
0.4642 1600641430
0.31089999999999995 1600641430
0.441 1600641430
0.4179 1600641430
0.34909999999999997 1600641430
0.4403 1600641430
0.3608 1600641430
0.4305 1600641430
0.3733 1600641430
0.32689999999999997 1600641430
0.4016 1600641430
0.42049999999999993 1600641430
0.2983 1600641430
0.4672 1600641430
0.25289999999999996 1600641430
0.4006 1600641430
0.46330000000000005 1600641430
0.3007 1600641430
0.3819 1600641430
0.3903 1600641430
0.3611 1600641430
0.2846 1600641430
0.3941 1600641430
0.2957 1600641430
0.4227000000000001 1600641430
0.327 1600641430
0.3503 1600641430
0.4226 1600641430
0.3849 1600641430
0.3383 1600641430
0.2753 1600641430
0.31620000000000004 1600641430
0.3496 1600641430
0.41370000000000007 1600641430
0.3536 1600641430
0.341 1600641430
0.26780000000000004 1600641430
0.38780000000000003 1600641430
0.5039 1600641430
0.3523 1600641430
0.4627 1600641430
0.2793 1600641430
0.36850000000000005 1600641430
0.2655 1600641430
0.3578 1600641430
0.4162 1600641430
0.3452 1600641430
0.3512 1600641430
0.47120000000000006 1600641430
0.4064 1600641430
0.3326 1600641430
0.3042 1600641430
0.3472 1600641430
0.36260000000000003 1600641430
0.3461 1600641430
0.3378 1600641430
0.2955 1600641430
0.3274 1600641430
0.33380000000000004 1600641430
0.45210000000000006 1600641430
0.45020000000000004 1600641430
0.3189 1600641430
0.2745 1600641430
0.29400000000000004 1600641430
0.3536 1600641430
0.36050000000000004 1600641430
0.3226 1600641430
0.3913 1600641430
0.4648 1600641430
0.3284 1600641430
0.4051 1600641430
0.2943 1600641430
0.35050000000000003 1600641430
0.4235 1600641430
0.29350000000000004 1600641430
0.327 1600641430
0.5027 1600641430
0.3738 1600641430
0.40970000000000006 1600641430
0.5656 1600641430
0.401 1600641430
0.36810000000000004 1600641430
0.37370000000000003 1600641430
0.338 1600641430
0.32080000000000003 1600641430
0.3345 1600641430
0.34390000000000004 1600641430
0.3428 1600641430
0.35050000000000003 1600641430
0.3397 1600641430
0.37370000000000003 1600641430
0.3952 1600641430
0.34550000000000003 1600641430
0.34450000000000003 1600641430
0.2883 1600641430
0.2934 1600641430
0.4217000000000001 1600641430
0.41869999999999996 1600641430
0.402 1600641430
0.3708 1600641430
0.3502 1600641430
0.3622 1600641430
0.369 1600641430
0.38439999999999996 1600641430
0.34900000000000003 1600641430
0.39260000000000006 1600641430
0.45200000000000007 1600641430
0.3983 1600641430
0.36410000000000003 1600641430
0.4971 1600641430
0.37770000000000004 1600641430
0.3073 1600641430
0.3798 1600641430
0.40160000000000007 1600641430
0.3609 1600641430
0.3972 1600641430
0.32180000000000003 1600641430
0.4317 1600641430
0.3546 1600641430
0.38550000000000006 1600641430
0.37570000000000003 1600641430
0.44720000000000004 1600641430
0.4527 1600641430
0.2637 1600641430
0.2995 1600641430
0.46220000000000006 1600641430
0.3375 1600641430
0.35650000000000004 1600641430
0.33809999999999996 1600641430
0.3004 1600641430
0.3406 1600641430
0.32170000000000004 1600641430
0.3443 1600641430
0.30060000000000003 1600641430
0.4254 1600641430
0.41800000000000004 1600641430
0.28490000000000004 1600641430
0.2736 1600641430
0.2679 1600641430
0.39039999999999997 1600641430
0.3432 1600641430
0.3326 1600641430
0.4183 1600641430
0.3255 1600641430
0.27440000000000003 1600641430
0.5568 1600641430
0.311 1600641430
0.3174 1600641430
0.3265 1600641430
0.2944 1600641430
0.39960000000000007 1600641430
0.3645 1600641430
0.3163 1600641430
0.265 1600641430
0.3799 1600641430
0.32830000000000004 1600641430
0.43100000000000005 1600641430
0.37360000000000004 1600641430
0.3406 1600641430
0.2867 1600641430
0.48430000000000006 1600641430
0.27 1600641430
0.38139999999999996 1600641430
0.45130000000000003 1600641430
0.4615 1600641430
0.4406 1600641430
0.40260000000000007 1600641430
0.2692 1600641430
0.3383 1600641430
0.37360000000000004 1600641430
0.379 1600641430
0.3057 1600641430
0.4545 1600641430
0.4415 1600641430
0.3285 1600641430
0.38770000000000004 1600641430
0.2964 1600641430
0.3794 1600641430
0.36360000000000003 1600641430
0.40080000000000005 1600641430
0.5005000000000001 1600641430
0.3793 1600641430
0.3149 1600641430
0.3346 1600641430
0.323 1600641430
0.3225 1600641430
0.30920000000000003 1600641430
0.4569 1600641430
0.39560000000000006 1600641430
0.39880000000000004 1600641430
0.4152 1600641430
0.2909 1600641430
0.5139 1600641430
0.46230000000000004 1600641430
0.41400000000000003 1600641430
0.34040000000000004 1600641430
0.49040000000000006 1600641430
0.2808 1600641430
0.46430000000000005 1600641430
0.3527 1600641430
0.29510000000000003 1600641430
0.2666 1600641430
0.7094 1600641430
0.3196 1600641430
0.3781 1600641430
0.38970000000000005 1600641430
0.3931 1600641430
0.3347 1600641430
