0.3537 1600641656
0.33609999999999995 1600641656
0.3356 1600641656
0.32610000000000006 1600641656
0.5194 1600641656
0.2515 1600641656
0.27540000000000003 1600641656
0.33509999999999995 1600641656
0.5386 1600641656
0.5483 1600641656
0.37229999999999996 1600641656
0.4023 1600641656
0.42400000000000004 1600641656
0.2249 1600641656
0.4266 1600641656
0.3879 1600641656
0.36660000000000004 1600641656
0.4024 1600641656
0.3328 1600641656
0.4082 1600641656
0.3315 1600641656
0.5279 1600641656
0.44689999999999996 1600641656
0.39780000000000004 1600641656
0.3375 1600641656
0.34299999999999997 1600641656
0.3778 1600641656
0.3944 1600641656
0.45810000000000006 1600641656
0.44799999999999995 1600641656
0.3692 1600641656
0.5062 1600641656
0.31910000000000005 1600641656
0.5124 1600641656
0.3365 1600641656
0.40370000000000006 1600641656
0.5075000000000001 1600641656
0.4234 1600641656
0.3285 1600641656
0.3066 1600641656
0.372 1600641656
0.5119 1600641656
0.4911 1600641656
0.40449999999999997 1600641656
0.4052 1600641656
0.6243 1600641656
0.4255 1600641656
0.31579999999999997 1600641656
0.3427 1600641656
0.24270000000000003 1600641656
0.5853 1600641656
0.2927 1600641656
0.39660000000000006 1600641656
0.3336 1600641656
0.3145 1600641656
0.37439999999999996 1600641656
0.4112 1600641656
0.3319 1600641656
0.33020000000000005 1600641656
0.34330000000000005 1600641656
0.45430000000000004 1600641656
0.2897 1600641656
0.38770000000000004 1600641656
0.4393 1600641656
0.5650000000000001 1600641656
0.5799 1600641656
0.5384 1600641656
0.2711 1600641656
0.4405 1600641656
0.2569 1600641656
0.4256 1600641656
0.33230000000000004 1600641656
0.5031 1600641656
0.32089999999999996 1600641656
0.4645 1600641656
0.49450000000000005 1600641656
0.2429 1600641656
0.23149999999999998 1600641656
0.44389999999999996 1600641656
0.39690000000000003 1600641656
0.41059999999999997 1600641656
0.23570000000000002 1600641656
0.4205 1600641656
0.5156000000000001 1600641656
0.5367 1600641656
0.5488 1600641656
0.5712 1600641656
0.38849999999999996 1600641656
0.3651 1600641656
0.5087 1600641656
0.3629 1600641656
0.499 1600641656
0.5029 1600641656
0.44399999999999995 1600641656
0.34040000000000004 1600641656
0.35950000000000004 1600641656
0.33740000000000003 1600641656
0.4878 1600641656
0.4042 1600641656
0.31289999999999996 1600641656
0.3811 1600641656
0.28950000000000004 1600641656
0.4716 1600641656
0.33640000000000003 1600641656
0.5028 1600641656
0.237 1600641656
0.3426 1600641656
0.5192 1600641656
0.36960000000000004 1600641656
0.4244 1600641656
0.2528 1600641656
0.35540000000000005 1600641656
0.40559999999999996 1600641656
0.5649 1600641656
0.40049999999999997 1600641656
0.3469 1600641656
0.3165 1600641656
0.3348 1600641656
0.2627 1600641656
0.4094 1600641656
0.41200000000000003 1600641656
0.36419999999999997 1600641656
0.4234 1600641656
0.524 1600641656
0.40270000000000006 1600641656
0.40570000000000006 1600641656
0.2314 1600641656
0.4123 1600641656
0.4223 1600641656
0.3569 1600641656
0.43200000000000005 1600641656
0.35819999999999996 1600641656
0.33530000000000004 1600641656
0.4467 1600641656
0.40570000000000006 1600641656
0.378 1600641656
0.4081 1600641656
0.32299999999999995 1600641656
0.26330000000000003 1600641656
0.49150000000000005 1600641656
0.49760000000000004 1600641656
0.4111 1600641656
0.3205 1600641656
0.4989 1600641656
0.271 1600641656
0.3631 1600641656
0.27640000000000003 1600641656
0.5049 1600641656
0.33330000000000004 1600641656
0.31930000000000003 1600641656
0.4665 1600641656
0.5776 1600641656
0.44610000000000005 1600641656
0.4496 1600641656
0.35109999999999997 1600641656
0.43069999999999997 1600641656
0.5772 1600641656
0.5072 1600641656
0.45430000000000004 1600641656
0.40070000000000006 1600641656
0.3627 1600641656
0.5137 1600641656
0.37140000000000006 1600641656
0.43179999999999996 1600641656
0.2552 1600641656
0.4317 1600641656
0.43810000000000004 1600641656
0.39560000000000006 1600641656
0.5666 1600641656
0.3359 1600641656
0.49729999999999996 1600641656
0.5137 1600641656
0.4041 1600641656
0.3015 1600641656
0.5768 1600641656
0.34309999999999996 1600641656
0.27140000000000003 1600641656
0.2918 1600641656
0.36950000000000005 1600641656
0.3859 1600641656
0.39949999999999997 1600641656
0.4084 1600641656
0.4262 1600641656
0.4909 1600641656
0.5272 1600641656
0.5853 1600641656
0.30810000000000004 1600641656
0.2041 1600641656
0.37739999999999996 1600641656
0.2893 1600641656
0.40680000000000005 1600641656
0.4022 1600641656
0.4596 1600641656
0.3629 1600641656
0.3134 1600641656
0.3901 1600641656
0.4526 1600641656
0.33740000000000003 1600641656
0.36660000000000004 1600641656
0.44010000000000005 1600641656
0.39580000000000004 1600641656
0.3871 1600641656
0.2474 1600641656
0.39580000000000004 1600641656
0.2772 1600641656
0.37970000000000004 1600641656
0.35540000000000005 1600641656
0.40470000000000006 1600641656
0.38670000000000004 1600641656
0.40159999999999996 1600641656
0.43820000000000003 1600641656
0.3567 1600641656
0.5101 1600641656
0.43489999999999995 1600641656
0.33630000000000004 1600641656
0.3567 1600641656
0.45389999999999997 1600641656
0.36340000000000006 1600641656
0.40369999999999995 1600641656
0.5348 1600641656
0.44000000000000006 1600641656
0.3224 1600641656
0.4879 1600641656
0.4699 1600641656
0.39460000000000006 1600641656
0.32210000000000005 1600641656
0.2938 1600641656
0.2541 1600641656
0.37 1600641656
0.32100000000000006 1600641656
0.38660000000000005 1600641656
0.3819 1600641656
0.3459 1600641656
0.34299999999999997 1600641656
0.3699 1600641656
0.33909999999999996 1600641656
0.41180000000000005 1600641656
0.4004 1600641656
0.369 1600641656
0.40480000000000005 1600641656
0.4706 1600641656
0.39049999999999996 1600641656
0.31820000000000004 1600641656
0.43200000000000005 1600641656
0.35409999999999997 1600641656
0.3648 1600641656
0.5043 1600641656
0.42290000000000005 1600641656
0.46230000000000004 1600641656
0.38870000000000005 1600641656
0.41990000000000005 1600641656
0.34109999999999996 1600641656
0.3863 1600641656
0.492 1600641656
0.42180000000000006 1600641656
0.3264 1600641656
0.33380000000000004 1600641656
0.31970000000000004 1600641656
0.4815 1600641656
0.35389999999999994 1600641656
0.3838 1600641656
0.4592 1600641656
0.37209999999999993 1600641656
0.46979999999999994 1600641656
0.29259999999999997 1600641656
0.46559999999999996 1600641656
0.34669999999999995 1600641656
0.36879999999999996 1600641656
0.4229 1600641656
0.35559999999999997 1600641656
0.40219999999999995 1600641656
0.30939999999999995 1600641656
0.45969999999999994 1600641656
0.4694 1600641656
0.4775 1600641656
0.4269 1600641656
0.4391 1600641656
0.4015 1600641656
0.5334000000000001 1600641656
0.42439999999999994 1600641656
0.42439999999999994 1600641656
0.46069999999999994 1600641656
0.39419999999999994 1600641656
0.3904 1600641656
0.3793 1600641656
0.33180000000000004 1600641656
0.42949999999999994 1600641656
0.29749999999999993 1600641656
0.5623 1600641656
0.3939 1600641656
0.2933 1600641656
0.39230000000000004 1600641656
0.42360000000000003 1600641656
0.39419999999999994 1600641656
0.46259999999999996 1600641656
0.25179999999999997 1600641656
0.47869999999999996 1600641656
0.40029999999999993 1600641656
0.4028 1600641656
0.4974 1600641656
0.3855 1600641656
0.3088 1600641656
0.4947 1600641656
0.3351 1600641656
0.4322 1600641656
0.49489999999999995 1600641656
0.35889999999999994 1600641656
0.39440000000000003 1600641656
0.33059999999999995 1600641656
0.35979999999999995 1600641656
0.40540000000000004 1600641656
0.4157 1600641656
0.36669999999999997 1600641656
0.3544 1600641656
0.325 1600641656
0.42150000000000004 1600641656
0.3999 1600641656
0.3422 1600641656
0.4297 1600641656
0.4954 1600641656
0.4892 1600641656
0.4015 1600641656
0.49610000000000004 1600641656
0.457 1600641656
0.38020000000000004 1600641656
0.3079 1600641656
0.4046 1600641656
0.3281 1600641656
0.4028 1600641656
0.22899999999999998 1600641656
0.536 1600641656
0.5647 1600641656
0.4976 1600641656
0.3997 1600641656
0.36979999999999996 1600641656
0.3322 1600641656
0.4251 1600641656
0.38230000000000003 1600641656
0.4482 1600641656
0.30360000000000004 1600641656
0.4694 1600641656
0.38619999999999993 1600641656
0.7130000000000001 1600641656
0.3037 1600641656
0.46959999999999996 1600641656
0.3703 1600641656
0.40509999999999996 1600641656
0.31249999999999994 1600641656
0.29729999999999995 1600641656
0.24069999999999997 1600641656
0.3142 1600641656
0.5470999999999999 1600641656
0.46259999999999996 1600641656
0.46569999999999995 1600641656
0.3404 1600641656
0.4047 1600641656
0.3995 1600641656
0.4059 1600641656
0.34149999999999997 1600641656
0.422 1600641656
0.3281 1600641656
0.33849999999999997 1600641656
0.40219999999999995 1600641656
0.3633 1600641656
0.3734 1600641656
0.292 1600641656
0.3314 1600641656
0.2804 1600641656
0.41919999999999996 1600641656
0.5203 1600641656
0.4247 1600641656
0.5135000000000001 1600641656
0.4228 1600641656
0.29259999999999997 1600641656
0.31 1600641656
0.3311 1600641656
0.5270999999999999 1600641656
0.3773 1600641656
0.4167 1600641656
0.21909999999999996 1600641656
0.37789999999999996 1600641656
0.4591 1600641656
0.33280000000000004 1600641656
0.3573 1600641656
0.421 1600641656
0.425 1600641656
0.36710000000000004 1600641656
0.46359999999999996 1600641656
0.5184 1600641656
0.2754 1600641656
0.5883 1600641656
0.37779999999999997 1600641656
0.30449999999999994 1600641656
0.4932 1600641656
0.4573 1600641656
0.3261 1600641656
0.43060000000000004 1600641656
0.36489999999999995 1600641656
0.2263 1600641656
0.39430000000000004 1600641656
0.3753 1600641656
0.33979999999999994 1600641656
0.6238999999999999 1600641656
0.41109999999999997 1600641656
0.4089 1600641656
0.3525 1600641656
0.4047 1600641656
0.40519999999999995 1600641656
0.3999 1600641656
0.4005 1600641656
0.46549999999999997 1600641656
0.37899999999999995 1600641656
0.3414 1600641656
0.42839999999999995 1600641656
0.5033000000000001 1600641656
0.36110000000000003 1600641656
0.42119999999999996 1600641656
0.4974 1600641656
0.4512 1600641656
0.3152 1600641656
0.4703 1600641656
0.3916 1600641656
0.4208 1600641656
0.49189999999999995 1600641656
0.5484 1600641656
0.5775999999999999 1600641656
0.38430000000000003 1600641656
0.3047 1600641656
0.408 1600641656
0.3372 1600641656
0.30839999999999995 1600641656
0.32880000000000004 1600641656
0.40229999999999994 1600641656
0.4018 1600641656
0.31529999999999997 1600641656
0.32959999999999995 1600641656
0.2882 1600641656
0.4984 1600641656
0.40199999999999997 1600641656
0.4562 1600641656
0.261 1600641656
0.4694 1600641656
0.30519999999999997 1600641656
0.4571 1600641656
0.3876 1600641656
0.322 1600641656
0.49720000000000003 1600641656
0.5043 1600641656
0.4561 1600641656
0.4399 1600641656
0.49899999999999994 1600641656
0.4008 1600641656
0.3985 1600641656
0.31270000000000003 1600641656
0.30549999999999994 1600641656
0.4137 1600641656
0.5033000000000001 1600641656
0.34169999999999995 1600641656
0.3028 1600641656
0.38599999999999995 1600641656
0.2308 1600641656
0.36689999999999995 1600641656
0.3635 1600641656
0.46279999999999993 1600641656
0.7105999999999999 1600641656
0.4019 1600641656
0.3159 1600641656
0.3545 1600641656
0.4503 1600641656
0.3594 1600641656
0.4721 1600641656
0.28359999999999996 1600641656
0.4018 1600641656
0.36669999999999997 1600641656
0.39740000000000003 1600641656
0.3999 1600641656
0.41039999999999993 1600641656
0.35069999999999996 1600641656
0.2873 1600641656
0.42719999999999997 1600641656
0.2929 1600641656
0.2555 1600641656
0.3057 1600641656
0.4208 1600641656
0.43839999999999996 1600641656
0.43139999999999995 1600641656
0.4039 1600641656
0.4584 1600641656
0.5278 1600641656
0.4431 1600641656
0.38130000000000003 1600641656
0.46559999999999996 1600641656
0.3957 1600641656
0.43829999999999997 1600641656
0.45959999999999995 1600641656
0.3503 1600641656
0.42419999999999997 1600641656
0.31129999999999997 1600641656
0.3924 1600641656
0.36379999999999996 1600641656
0.44039999999999996 1600641656
0.28609999999999997 1600641656
0.4119 1600641656
0.30329999999999996 1600641656
0.3007 1600641656
0.34179999999999994 1600641656
0.4481 1600641656
0.4009 1600641656
0.4007 1600641656
0.3584 1600641656
0.3975 1600641656
0.4251 1600641656
