116.5538 1600209561
98.6074 1600209561
100.97449999999999 1600209561
93.4301 1600209561
117.2168 1600209561
110.615 1600209561
94.9583 1600209561
117.51110000000001 1600209561
103.348 1600209561
101.26740000000001 1600209561
106.4401 1600209561
107.4184 1600209561
95.87570000000001 1600209561
107.2631 1600209561
111.4744 1600209561
117.6192 1600209561
119.5874 1600209561
96.9227 1600209561
105.8091 1600209561
107.43360000000001 1600209561
110.60430000000001 1600209561
112.61380000000001 1600209561
112.86840000000001 1600209561
114.9807 1600209561
105.58670000000001 1600209561
0.1885 1600209561
96.9276 1600209561
113.0638 1600209561
113.79390000000001 1600209561
97.90899999999999 1600209561
116.6682 1600209561
115.37530000000001 1600209561
112.19569999999999 1600209561
98.53670000000001 1600209561
115.7437 1600209561
97.90509999999999 1600209561
117.91470000000001 1600209561
119.0234 1600209561
103.5805 1600209561
106.3205 1600209561
99.8528 1600209561
22.1482 1600209561
115.6934 1600209561
119.0227 1600209561
116.36380000000001 1600209561
107.18990000000001 1600209561
108.63430000000001 1600209561
118.1907 1600209561
114.9557 1600209561
67.704 1600209561
102.0951 1600209561
82.83919999999999 1600209561
119.1815 1600209561
110.6084 1600209561
49.7079 1600209561
111.9845 1600209561
117.86949999999999 1600209561
101.3977 1600209561
98.1362 1600209561
93.4037 1600209561
97.3158 1600209561
107.89290000000001 1600209561
102.0877 1600209561
101.3969 1600209561
115.78960000000001 1600209561
114.5809 1600209561
97.9983 1600209561
102.0687 1600209561
56.699 1600209561
107.2631 1600209561
101.2681 1600209561
107.7011 1600209561
107.84150000000001 1600209561
110.2712 1600209561
103.25779999999999 1600209561
111.4739 1600209561
111.1362 1600209561
115.5824 1600209561
116.3253 1600209561
83.2424 1600209561
116.6689 1600209561
116.1421 1600209561
117.6805 1600209561
80.948 1600209561
104.13539999999999 1600209561
117.78099999999999 1600209561
106.12209999999999 1600209561
88.0983 1600209561
106.2093 1600209561
24.7814 1600209561
107.96419999999999 1600209561
24.663700000000002 1600209561
111.98400000000001 1600209561
101.4029 1600209561
112.9597 1600209561
113.3001 1600209561
32.4591 1600209561
114.9017 1600209561
105.2459 1600209561
106.7455 1600209561
108.5695 1600209561
85.48740000000001 1600209561
113.71539999999999 1600209561
108.60889999999999 1600209561
114.0575 1600209561
94.1026 1600209561
106.504 1600209561
116.66799999999999 1600209561
97.8758 1600209561
107.7166 1600209561
110.6575 1600209561
111.0015 1600209561
111.47519999999999 1600209561
111.99780000000001 1600209561
112.19420000000001 1600209561
113.1597 1600209561
113.99159999999999 1600209561
111.9966 1600209561
83.7175 1600209561
114.0756 1600209561
112.0176 1600209561
118.90379999999999 1600209561
112.21560000000001 1600209561
97.9987 1600209561
112.24510000000001 1600209561
116.58909999999999 1600209561
117.28070000000001 1600209561
99.6273 1600209561
117.6788 1600209561
119.58840000000001 1600209561
99.8849 1600209561
99.366 1600209561
105.5895 1600209561
100.2689 1600209561
117.28139999999999 1600209561
105.2459 1600209561
111.65939999999999 1600209561
112.6134 1600209561
94.3744 1600209561
112.5522 1600209561
98.9635 1600209561
113.85810000000001 1600209561
116.2282 1600209561
117.4179 1600209561
117.1614 1600209561
101.3996 1600209561
118.1271 1600209561
87.2426 1600209561
99.2053 1600209561
117.53890000000001 1600209561
100.4888 1600209561
103.34649999999999 1600209561
115.4674 1600209561
104.8094 1600209561
100.337 1600209561
104.6724 1600209561
105.8126 1600209561
112.1972 1600209561
116.1425 1600209561
116.5348 1600209561
106.11840000000001 1600209561
118.9358 1600209561
109.82249999999999 1600209561
110.7392 1600209561
111.98429999999999 1600209561
116.83529999999999 1600209561
111.66059999999999 1600209561
116.554 1600209561
88.6697 1600209561
104.91810000000001 1600209561
91.21549999999999 1600209561
112.8688 1600209561
113.0636 1600209561
119.18119999999999 1600209561
90.2017 1600209561
89.11240000000001 1600209561
111.98490000000001 1600209561
91.8481 1600209561
118.1645 1600209561
98.14970000000001 1600209561
104.9197 1600209561
107.2631 1600209561
118.04190000000001 1600209561
105.4631 1600209561
96.55810000000001 1600209561
90.90660000000001 1600209561
106.7239 1600209561
109.8773 1600209561
107.26270000000001 1600209561
113.8579 1600209561
115.0389 1600209561
93.403 1600209561
93.4031 1600209561
115.7136 1600209561
105.5914 1600209561
92.09689999999999 1600209561
115.4585 1600209561
118.3785 1600209561
101.40310000000001 1600209561
94.3823 1600209561
107.2631 1600209561
107.70179999999999 1600209561
108.5587 1600209561
116.26230000000001 1600209561
109.72279999999999 1600209561
94.37729999999999 1600209561
111.66 1600209561
111.1105 1600209561
113.0642 1600209561
98.00019999999999 1600209561
100.0779 1600209561
111.4768 1600209561
118.1357 1600209561
111.9974 1600209561
119.58630000000001 1600209561
98.18469999999999 1600209561
100.3878 1600209561
105.2599 1600209561
110.6462 1600209561
104.9152 1600209561
115.0036 1600209561
111.1092 1600209561
115.43830000000001 1600209561
118.16470000000001 1600209561
99.8836 1600209561
100.967 1600209561
114.58149999999999 1600209561
109.8215 1600209561
100.6492 1600209561
42.8587 1600209561
105.82520000000001 1600209561
115.34410000000001 1600209561
113.7432 1600209561
116.41159999999999 1600209561
103.34939999999999 1600209561
101.8592 1600209561
94.22449999999999 1600209561
117.78110000000001 1600209561
119.58879999999999 1600209561
101.4016 1600209561
105.58590000000001 1600209561
103.79860000000001 1600209561
116.4111 1600209561
109.8188 1600209561
103.7988 1600209561
108.6103 1600209561
117.32780000000001 1600209561
118.813 1600209561
111.6471 1600209561
110.2624 1600209561
112.5499 1600209561
112.194 1600209561
113.2187 1600209561
115.8171 1600209561
96.4667 1600209561
115.8112 1600209561
99.36389999999999 1600209561
103.34809999999999 1600209561
113.25989999999999 1600209561
99.8806 1600209561
116.4126 1600209561
95.95219999999999 1600209561
103.3501 1600209561
115.3755 1600209561
116.7652 1600209561
90.0457 1600209561
117.8694 1600209561
103.7983 1600209561
118.67999999999999 1600209561
103.2593 1600209561
95.9505 1600209561
104.6631 1600209561
107.4195 1600209561
111.503 1600209561
104.294 1600209561
118.2042 1600209561
118.93610000000001 1600209561
91.8509 1600209561
109.7226 1600209561
110.6052 1600209561
111.47579999999999 1600209561
111.6583 1600209561
113.2637 1600209561
115.56129999999999 1600209561
97.8735 1600209561
105.4616 1600209561
111.478 1600209561
110.6429 1600209561
112.1988 1600209561
114.0574 1600209561
117.729 1600209561
118.93610000000001 1600209561
94.22359999999999 1600209561
119.5907 1600209561
112.2594 1600209561
113.7425 1600209561
115.00349999999999 1600209561
117.003 1600209561
118.136 1600209561
97.3407 1600209561
93.4344 1600209561
98.48089999999999 1600209561
107.41850000000001 1600209561
116.4764 1600209561
100.4919 1600209561
95.2266 1600209561
101.4491 1600209561
118.1643 1600209561
104.2931 1600209561
107.7034 1600209561
111.47460000000001 1600209561
110.60629999999999 1600209561
100.96549999999999 1600209561
112.963 1600209561
111.9845 1600209561
116.8352 1600209561
118.1642 1600209561
118.936 1600209561
112.19749999999999 1600209561
110.8758 1600209561
104.1343 1600209561
118.5529 1600209561
105.2508 1600209561
111.1509 1600209561
105.24650000000001 1600209561
98.4696 1600209561
107.76719999999999 1600209561
102.0724 1600209561
115.37559999999999 1600209561
117.5368 1600209561
107.775 1600209561
117.61970000000001 1600209561
103.7858 1600209561
86.4597 1600209561
117.72890000000001 1600209561
118.0408 1600209561
119.18159999999999 1600209561
109.81930000000001 1600209561
106.5031 1600209561
110.6083 1600209561
112.8938 1600209561
111.1091 1600209561
98.12219999999999 1600209561
116.8356 1600209561
108.5599 1600209561
118.2053 1600209561
100.48819999999999 1600209561
100.3874 1600209561
107.19120000000001 1600209561
116.0714 1600209561
116.5758 1600209561
117.9705 1600209561
103.3465 1600209561
118.8031 1600209561
104.15010000000001 1600209561
91.484 1600209561
96.9225 1600209561
104.8081 1600209561
100.33609999999999 1600209561
108.2204 1600209561
109.8216 1600209561
111.99820000000001 1600209561
109.88409999999999 1600209561
115.55990000000001 1600209561
104.9138 1600209561
111.47500000000001 1600209561
100.4889 1600209561
111.1114 1600209561
104.917 1600209561
105.2479 1600209561
106.2907 1600209561
106.11659999999999 1600209561
95.9468 1600209561
107.7475 1600209561
108.60969999999999 1600209561
115.28869999999999 1600209561
115.96719999999999 1600209561
108.6106 1600209561
118.51350000000001 1600209561
108.61149999999999 1600209561
106.7277 1600209561
119.6113 1600209561
118.93589999999999 1600209561
112.55359999999999 1600209561
109.8191 1600209561
111.65870000000001 1600209561
109.70660000000001 1600209561
111.65010000000001 1600209561
112.5527 1600209561
72.19959999999999 1600209561
114.7654 1600209561
113.06349999999999 1600209561
118.3774 1600209561
95.95540000000001 1600209561
112.0175 1600209561
117.1096 1600209561
119.58840000000001 1600209561
98.18560000000001 1600209561
100.3354 1600209561
101.4033 1600209561
111.4751 1600209561
118.80359999999999 1600209561
111.4757 1600209561
104.8092 1600209561
118.90379999999999 1600209561
100.4893 1600209561
73.6091 1600209561
102.7136 1600209561
106.1318 1600209561
101.3975 1600209561
107.1916 1600209561
115.5604 1600209561
107.4208 1600209561
109.81909999999999 1600209561
110.64309999999999 1600209561
111.4753 1600209561
89.1051 1600209561
113.7431 1600209561
118.20360000000001 1600209561
35.2328 1600209561
111.4753 1600209561
93.4025 1600209561
115.5607 1600209561
94.8027 1600209561
96.9187 1600209561
100.96310000000001 1600209561
113.06360000000001 1600209561
119.18130000000001 1600209561
106.202 1600209561
102.7161 1600209561
119.5946 1600209561
102.7119 1600209561
104.9156 1600209561
42.279599999999995 1600209561
105.5859 1600209561
106.72710000000001 1600209561
110.6067 1600209561
47.659 1600209561
111.65060000000001 1600209561
96.4645 1600209561
110.61510000000001 1600209561
107.1902 1600209561
111.47420000000001 1600209561
118.1648 1600209561
80.031 1600209561
111.6595 1600209561
116.83550000000001 1600209561
118.9618 1600209561
103.8992 1600209561
119.61160000000001 1600209561
106.12190000000001 1600209561
90.89729999999999 1600209561
115.5601 1600209561
65.07180000000001 1600209561
59.4565 1600209561
116.3622 1600209561
94.1001 1600209561
117.2633 1600209561
90.90790000000001 1600209561
118.4759 1600209561
92.59939999999999 1600209561
95.4555 1600209561
104.138 1600209561
105.5887 1600209561
113.3476 1600209561
118.1362 1600209561
119.6113 1600209561
93.4019 1600209561
105.46560000000001 1600209561
112.19720000000001 1600209561
117.49839999999999 1600209561
112.07159999999999 1600209561
115.642 1600209561
117.2942 1600209561
95.9614 1600209561
113.7433 1600209561
119.1952 1600209561
96.4643 1600209561
103.2604 1600209561
96.4676 1600209561
104.1336 1600209561
103.67229999999999 1600209561
103.80000000000001 1600209561
107.84219999999999 1600209561
109.7221 1600209561
103.78559999999999 1600209561
105.24610000000001 1600209561
109.72210000000001 1600209561
111.6589 1600209561
105.8119 1600209561
112.9062 1600209561
105.81150000000001 1600209561
109.8217 1600209561
70.3153 1600209561
115.0386 1600209561
113.218 1600209561
111.11009999999999 1600209561
95.95580000000001 1600209561
113.27550000000001 1600209561
98.262 1600209561
97.9997 1600209561
107.7149 1600209561
99.88510000000001 1600209561
111.4787 1600209561
112.1965 1600209561
112.5513 1600209561
114.7637 1600209561
118.2038 1600209561
114.075 1600209561
112.54990000000001 1600209561
86.4602 1600209561
115.0575 1600209561
