24.0224 1600649893
33.654500000000006 1600649893
24.3493 1600649893
37.714 1600649893
30.6679 1600649893
28.1556 1600649893
24.7013 1600649893
27.2549 1600649893
35.915699999999994 1600649893
17.9731 1600649893
25.6498 1600649893
24.9958 1600649893
37.713499999999996 1600649893
25.0382 1600649893
37.2739 1600649893
38.7358 1600649893
40.546099999999996 1600649893
27.9849 1600649893
15.940100000000001 1600649893
30.3812 1600649893
37.3993 1600649893
38.6201 1600649893
37.3928 1600649893
16.4581 1600649893
37.793 1600649893
39.040099999999995 1600649893
22.9958 1600649893
38.601 1600649893
40.4136 1600649893
27.961199999999998 1600649893
38.1337 1600649893
23.5491 1600649893
45.949999999999996 1600649893
21.3166 1600649893
32.9893 1600649893
24.7713 1600649893
30.4751 1600649893
38.4698 1600649893
30.8448 1600649893
37.8294 1600649893
19.9247 1600649893
26.6939 1600649893
24.796300000000002 1600649893
36.2973 1600649893
33.0494 1600649893
27.4567 1600649893
19.5777 1600649893
33.2579 1600649893
29.8548 1600649893
40.6969 1600649893
37.409499999999994 1600649893
37.271300000000004 1600649893
37.3172 1600649893
30.6953 1600649893
38.2561 1600649893
30.5927 1600649893
22.9556 1600649893
30.593600000000002 1600649893
33.0622 1600649893
37.9717 1600649893
38.721599999999995 1600649893
17.6048 1600649893
37.2705 1600649893
37.4038 1600649893
30.5929 1600649893
45.5502 1600649893
24.279 1600649893
37.7093 1600649893
38.6096 1600649893
24.1235 1600649893
25.0904 1600649893
25.024 1600649893
37.6372 1600649893
27.3598 1600649893
36.532000000000004 1600649893
28.3632 1600649893
27.3836 1600649893
32.8488 1600649893
32.8098 1600649893
38.472199999999994 1600649893
28.4362 1600649893
26.2997 1600649893
38.8148 1600649893
27.6226 1600649893
25.9826 1600649893
38.672599999999996 1600649893
26.0214 1600649893
33.008199999999995 1600649893
36.231899999999996 1600649893
38.8857 1600649893
32.924699999999994 1600649893
16.5357 1600649893
37.9913 1600649893
38.9049 1600649893
19.5597 1600649893
38.8987 1600649893
36.4835 1600649893
19.5597 1600649893
41.6425 1600649893
38.6487 1600649893
30.3092 1600649893
37.8543 1600649893
27.2622 1600649893
22.5277 1600649893
33.5151 1600649893
19.4739 1600649893
25.8428 1600649893
15.4322 1600649893
25.0762 1600649893
37.3765 1600649893
30.308600000000002 1600649893
39.265 1600649893
36.31529999999999 1600649893
25.1401 1600649893
20.2245 1600649893
37.1902 1600649893
27.3194 1600649893
36.277 1600649893
25.6333 1600649893
37.8645 1600649893
36.1681 1600649893
37.6549 1600649893
25.5773 1600649893
32.8015 1600649893
23.9227 1600649893
38.381299999999996 1600649893
32.7775 1600649893
37.6317 1600649893
37.3901 1600649893
36.6009 1600649893
22.3628 1600649893
42.2219 1600649893
38.575500000000005 1600649893
32.836200000000005 1600649893
37.722 1600649893
38.6994 1600649893
33.096 1600649893
36.5422 1600649893
38.4812 1600649893
27.8291 1600649893
33.059 1600649893
37.5598 1600649893
28.043 1600649893
37.3954 1600649893
38.7014 1600649893
33.0962 1600649893
21.9061 1600649893
37.158899999999996 1600649893
41.8422 1600649893
15.2005 1600649893
38.80459999999999 1600649893
33.3065 1600649893
26.3687 1600649893
37.5932 1600649893
38.9433 1600649893
20.9072 1600649893
30.5359 1600649893
19.580199999999998 1600649893
31.473 1600649893
25.1748 1600649893
38.104899999999994 1600649893
25.7227 1600649893
36.1696 1600649893
33.0111 1600649893
45.5513 1600649893
37.542300000000004 1600649893
23.9771 1600649893
37.672 1600649893
19.961100000000002 1600649893
37.3908 1600649893
23.4951 1600649893
25.7063 1600649893
39.7978 1600649893
36.5895 1600649893
35.790800000000004 1600649893
37.390899999999995 1600649893
20.019199999999998 1600649893
30.6988 1600649893
37.5439 1600649893
24.441 1600649893
39.9658 1600649893
42.289699999999996 1600649893
25.8171 1600649893
25.0491 1600649893
37.4681 1600649893
36.2049 1600649893
38.638600000000004 1600649893
26.8123 1600649893
24.6281 1600649893
31.891199999999998 1600649893
38.289 1600649893
25.416900000000002 1600649893
28.1508 1600649893
37.815999999999995 1600649893
28.1875 1600649893
22.6439 1600649893
38.1291 1600649893
40.633 1600649893
30.2427 1600649893
38.706799999999994 1600649893
25.851200000000002 1600649893
33.265899999999995 1600649893
38.9488 1600649893
25.648400000000002 1600649893
33.116099999999996 1600649893
30.3286 1600649893
22.5562 1600649893
37.6721 1600649893
36.5483 1600649893
29.5669 1600649893
38.9407 1600649893
30.3734 1600649893
38.0156 1600649893
39.75320000000001 1600649893
42.7348 1600649893
15.503400000000001 1600649893
19.5488 1600649893
24.2429 1600649893
30.3266 1600649893
27.1718 1600649893
30.1703 1600649893
33.4782 1600649893
38.3855 1600649893
26.4266 1600649893
33.2935 1600649893
30.6237 1600649893
24.456500000000002 1600649893
27.2998 1600649893
36.3038 1600649893
33.4833 1600649893
39.394 1600649893
37.8658 1600649893
27.3869 1600649893
20.3616 1600649893
33.5746 1600649893
32.7795 1600649893
26.6465 1600649893
38.06 1600649893
32.7906 1600649893
25.7252 1600649893
38.487899999999996 1600649893
28.3001 1600649893
39.140499999999996 1600649893
25.045 1600649893
37.344 1600649893
24.168100000000003 1600649893
38.0781 1600649893
38.6962 1600649893
25.9887 1600649893
38.8619 1600649893
30.268700000000003 1600649893
30.5106 1600649893
25.4765 1600649893
36.2715 1600649893
33.1195 1600649893
37.8461 1600649893
38.7013 1600649893
33.12 1600649893
28.2302 1600649893
37.4791 1600649893
33.7796 1600649893
28.2305 1600649893
33.7773 1600649893
39.1798 1600649893
39.1851 1600649893
36.2664 1600649893
30.2479 1600649893
38.128699999999995 1600649893
38.8452 1600649893
24.0641 1600649893
33.3431 1600649893
38.9991 1600649893
30.2479 1600649893
37.593399999999995 1600649893
36.5537 1600649893
26.3691 1600649893
38.8268 1600649893
26.3694 1600649893
38.9709 1600649893
33.6912 1600649893
41.573499999999996 1600649893
37.4327 1600649893
24.5244 1600649893
31.2134 1600649893
38.0517 1600649893
35.8122 1600649893
37.6126 1600649893
23.8311 1600649893
24.038800000000002 1600649893
38.1009 1600649893
39.8819 1600649893
33.6059 1600649893
19.715 1600649893
27.7448 1600649893
36.0503 1600649893
35.857899999999994 1600649893
40.785799999999995 1600649893
40.5013 1600649893
32.9935 1600649893
26.637800000000002 1600649893
23.7017 1600649893
38.68 1600649893
32.8747 1600649893
37.663900000000005 1600649893
36.6197 1600649893
38.5616 1600649893
26.5856 1600649893
23.4447 1600649893
38.1299 1600649893
19.2732 1600649893
36.0967 1600649893
28.7874 1600649893
23.4877 1600649893
44.059599999999996 1600649893
27.3628 1600649893
30.4431 1600649893
32.7893 1600649893
27.0899 1600649893
31.367900000000002 1600649893
23.8657 1600649893
28.2728 1600649893
24.8302 1600649893
15.0296 1600649893
28.4211 1600649893
28.4212 1600649893
30.450400000000002 1600649893
38.047 1600649893
26.5122 1600649893
17.634 1600649893
39.8156 1600649893
40.4516 1600649893
38.983 1600649893
25.2266 1600649893
30.7113 1600649893
37.9679 1600649893
31.7525 1600649893
30.8952 1600649893
37.701 1600649893
22.2608 1600649893
26.436700000000002 1600649893
25.2961 1600649893
38.1526 1600649893
28.0611 1600649893
36.6403 1600649893
17.697499999999998 1600649893
23.947300000000002 1600649893
41.5788 1600649893
32.7973 1600649893
37.7081 1600649893
27.469 1600649893
36.054 1600649893
38.0468 1600649893
40.2236 1600649893
32.819599999999994 1600649893
24.2803 1600649893
36.4673 1600649893
23.9741 1600649893
37.676 1600649893
25.7661 1600649893
38.4875 1600649893
27.4746 1600649893
37.513600000000004 1600649893
39.5901 1600649893
39.4633 1600649893
16.5043 1600649893
31.1582 1600649893
21.8338 1600649893
24.2924 1600649893
36.563599999999994 1600649893
23.1076 1600649893
38.7954 1600649893
38.6554 1600649893
38.7545 1600649893
26.0913 1600649893
33.3863 1600649893
28.2474 1600649893
38.655499999999996 1600649893
30.3751 1600649893
39.3348 1600649893
44.0829 1600649893
30.1423 1600649893
38.8543 1600649893
23.5791 1600649893
26.0336 1600649893
33.5377 1600649893
37.788399999999996 1600649893
39.033100000000005 1600649893
30.9298 1600649893
21.0162 1600649893
26.5564 1600649893
30.9867 1600649893
39.0322 1600649893
36.4923 1600649893
30.9862 1600649893
27.2773 1600649893
39.921800000000005 1600649893
39.9923 1600649893
30.6987 1600649893
19.159299999999998 1600649893
25.0203 1600649893
38.219699999999996 1600649893
30.770500000000002 1600649893
24.198 1600649893
39.012100000000004 1600649893
24.2219 1600649893
26.113300000000002 1600649893
35.915299999999995 1600649893
38.1498 1600649893
26.0973 1600649893
39.1161 1600649893
30.7702 1600649893
35.9209 1600649893
38.6199 1600649893
33.069900000000004 1600649893
40.6981 1600649893
20.045 1600649893
32.7571 1600649893
38.5693 1600649893
31.305600000000002 1600649893
37.6523 1600649893
36.602199999999996 1600649893
31.4206 1600649893
19.3809 1600649893
22.7235 1600649893
38.6197 1600649893
22.7211 1600649893
27.602899999999998 1600649893
37.3265 1600649893
39.828199999999995 1600649893
38.6128 1600649893
36.487199999999994 1600649893
29.7856 1600649893
37.7673 1600649893
24.838 1600649893
37.2024 1600649893
26.1067 1600649893
15.1356 1600649893
25.2911 1600649893
38.7348 1600649893
28.3558 1600649893
38.0775 1600649893
28.3557 1600649893
30.845 1600649893
23.7961 1600649893
35.7905 1600649893
43.878 1600649893
37.314299999999996 1600649893
23.4942 1600649893
38.072399999999995 1600649893
21.1563 1600649893
36.7794 1600649893
24.0722 1600649893
24.8621 1600649893
38.7286 1600649893
19.1256 1600649893
30.5941 1600649893
37.275 1600649893
14.974 1600649893
39.0344 1600649893
33.1793 1600649893
24.9757 1600649893
40.430099999999996 1600649893
37.8058 1600649893
18.1178 1600649893
36.468799999999995 1600649893
19.910700000000002 1600649893
38.1943 1600649893
28.421 1600649893
38.129 1600649893
24.465700000000002 1600649893
39.3364 1600649893
36.307 1600649893
32.8122 1600649893
24.5153 1600649893
27.6312 1600649893
21.0384 1600649893
27.5944 1600649893
28.0371 1600649893
40.6552 1600649893
24.7041 1600649893
38.5331 1600649893
27.398500000000002 1600649893
33.245799999999996 1600649893
38.8989 1600649893
35.803799999999995 1600649893
25.5643 1600649893
34.2009 1600649893
36.292899999999996 1600649893
38.9508 1600649893
22.0313 1600649893
36.5733 1600649893
33.198100000000004 1600649893
25.4555 1600649893
30.3918 1600649893
39.3373 1600649893
41.484 1600649893
15.6991 1600649893
24.8541 1600649893
27.2176 1600649893
24.8468 1600649893
35.8176 1600649893
15.6989 1600649893
33.4784 1600649893
38.916000000000004 1600649893
23.9555 1600649893
33.4522 1600649893
36.534499999999994 1600649893
23.7845 1600649893
32.7838 1600649893
27.2624 1600649893
22.3623 1600649893
43.909299999999995 1600649893
